% f evaluations | g evaluations | best noise-free fitness - Fopt (-1.694000000000e+01) + sum g_i+ | measured fitness | best measured fitness or single-digit g-values | x1 | x2...
1 0 +2.380014646e+02 +2.210614646e+02 +2.210614646e+02 +1.5562e+00 +3.1955e+00 -3.0337e+00 +2.7020e+00 +3.1000e+00 -2.2371e+00 -4.1772e+00 -1.6399e+00 -1.3926e+00 -3.0769e-01
9 0 +1.575990691e+02 +1.406590691e+02 +1.406590691e+02 +1.9714e+00 -6.7887e-01 +5.5434e-02 -3.8512e+00 -3.7795e+00 -4.8369e+00 +2.0642e+00 -4.7496e+00 +3.2029e+00 -3.7042e+00
10 0 +1.147830556e+02 +9.784305558e+01 +9.784305558e+01 +1.4373e+00 -4.9949e-01 +1.3676e+00 -3.6993e+00 +6.3893e-01 -4.1455e+00 +4.9083e+00 +1.2456e+00 -2.4174e+00 -1.6977e+00
12 0 +1.033580999e+02 +8.641809986e+01 +8.641809986e+01 +4.9242e+00 -2.1249e+00 +1.9542e+00 +3.5652e+00 +2.3520e-01 -4.6123e-01 +4.6445e+00 -1.6625e+00 -1.2349e+00 -2.0370e+00
22 0 +5.339272430e+01 +3.645272430e+01 +3.645272430e+01 +2.6743e-01 +2.4165e+00 -2.2076e-01 +1.0897e+00 -1.8626e+00 -3.1937e+00 +2.3738e+00 -2.3637e+00 +1.0999e+00 +1.0210e+00
78 0 +5.133916373e+01 +3.439916373e+01 +3.439916373e+01 +1.5671e+00 +4.1719e+00 +1.5772e+00 +1.4558e+00 +9.2171e-02 -2.3023e+00 +2.8977e+00 +2.9577e+00 +1.3629e+00 +3.6789e+00
203 0 +3.686165952e+01 +1.992165952e+01 +1.992165952e+01 -5.7987e-03 +3.4704e+00 -7.4646e-01 +2.9110e+00 -1.8284e+00 -1.9479e+00 +2.3826e+00 -7.2669e-01 +1.6969e+00 +1.8398e+00
301 0 +3.533536196e+01 +1.839536196e+01 +1.839536196e+01 -2.4738e-02 +3.6429e+00 -6.6914e-01 +3.2290e+00 -1.9667e+00 -2.1120e+00 +2.5879e+00 -8.0036e-01 +1.7399e+00 +1.9991e+00
802 0 +2.876268257e+01 +1.182268257e+01 +1.182268257e+01 +2.9302e-01 +3.7460e+00 -5.3047e-01 +3.0442e+00 -1.6306e+00 -2.2012e+00 +2.5524e+00 -7.5372e-01 +1.8989e+00 +1.7345e+00
2507 0 +2.804716168e+01 +1.110716168e+01 +1.110716168e+01 +1.1072e+00 +4.8258e+00 -6.5105e-01 +3.3379e+00 -1.1621e+00 -2.2019e+00 +2.8250e+00 -4.3658e-01 +2.3914e+00 +1.7734e+00
2756 0 +2.630223940e+01 +9.362239402e+00 +9.362239402e+00 +9.7125e-01 +3.5917e+00 -4.6884e-01 +2.5329e+00 -9.9502e-01 -1.5601e+00 +1.9812e+00 -4.2611e-01 +1.6581e+00 +1.3006e+00
2918 0 +2.565279490e+01 +8.712794900e+00 +8.712794900e+00 +1.0301e+00 +3.5266e+00 -5.4163e-01 +2.6580e+00 -1.1413e+00 -1.4940e+00 +2.1221e+00 -3.8580e-01 +1.6088e+00 +1.4625e+00
2924 0 +2.424973090e+01 +7.309730904e+00 +7.309730904e+00 +1.2769e+00 +3.8112e+00 -2.6212e-01 +2.5333e+00 -1.0061e+00 -1.5557e+00 +1.8335e+00 -3.9136e-01 +1.3738e+00 +1.7476e+00
3036 0 +2.297764175e+01 +6.037641746e+00 +6.037641746e+00 +1.0500e+00 +3.6360e+00 -4.3293e-01 +2.4729e+00 -1.0225e+00 -1.5009e+00 +1.9164e+00 -4.0367e-01 +1.7428e+00 +1.5082e+00
3613 0 +2.100407667e+01 +4.064076667e+00 +4.064076667e+00 +1.3225e+00 +3.4559e+00 -5.6080e-01 +2.3480e+00 -8.5146e-01 -1.4982e+00 +1.6431e+00 -4.3232e-01 +1.7497e+00 +1.3372e+00
3810 0 +1.896151919e+01 +2.021519191e+00 +2.021519191e+00 +1.3509e+00 +3.5003e+00 +2.3931e-01 +3.0819e+00 -4.1193e-01 -2.4338e+00 +2.8749e+00 -2.0286e-01 +1.4452e+00 +2.2337e+00
4502 0 +1.776183565e+01 +8.218356529e-01 +8.218356529e-01 +1.3333e+00 +3.7028e+00 +1.1918e-01 +2.9120e+00 -4.5842e-01 -2.1045e+00 +2.8466e+00 -1.4664e-01 +1.4997e+00 +2.0981e+00
6008 0 +1.699544536e+01 +5.544535725e-02 +5.544535725e-02 +1.7581e+00 +3.8376e+00 -3.2483e-01 +3.4104e+00 -7.7302e-01 -2.0758e+00 +3.5914e+00 -6.2777e-01 +2.0371e+00 +2.2627e+00
7402 0 +1.408664311e+01 -2.853356894e+00 -2.853356894e+00 +1.4970e+00 +3.7077e+00 -3.2202e-01 +3.2302e+00 -3.7104e-01 -2.0953e+00 +3.1740e+00 -6.1406e-01 +1.2230e+00 +1.7697e+00
9107 0 +1.345397255e+01 -3.486027454e+00 -3.486027454e+00 +2.0128e+00 +3.3616e+00 -9.5457e-01 +2.8979e+00 +7.7496e-01 -2.3967e+00 +3.7716e+00 -9.6407e-01 +1.1815e+00 +1.1537e+00
9111 0 +1.269859504e+01 -4.241404957e+00 -4.241404957e+00 +1.1869e+00 +4.0313e+00 -1.8551e-01 +3.2752e+00 -4.5625e-02 -2.0872e+00 +3.3208e+00 -5.7545e-01 +1.1689e+00 +1.0998e+00
% f evaluations | g evaluations | best noise-free fitness - Fopt (1.881000000000e+01) + sum g_i+ | measured fitness | best measured fitness or single-digit g-values | x1 | x2...
1 0 +9.813914812e+01 +1.169491481e+02 +1.169491481e+02 -4.2407e+00 -4.4426e+00 +1.0467e-01 -1.8557e+00 -4.1739e+00 +3.7964e+00 +4.2328e+00 -4.9481e+00 -4.5921e+00 +4.8254e+00
2 0 +5.906958738e+01 +7.787958738e+01 +7.787958738e+01 +2.5720e+00 -1.6367e+00 -1.1326e-01 -1.2309e+00 +2.0526e+00 +3.0865e+00 +2.4642e+00 -2.8727e+00 +4.7236e+00 +1.0805e+00
17 0 +5.512139075e+01 +7.393139075e+01 +7.393139075e+01 -2.3345e+00 -1.0937e+00 -2.4908e+00 +1.4354e+00 +1.1984e+00 +1.3136e+00 +2.0393e+00 -6.3295e-01 -1.9097e+00 +7.3786e-01
34 0 +4.364430100e+01 +6.245430100e+01 +6.245430100e+01 +6.7919e-02 -3.9007e+00 -1.7358e+00 +7.6632e-01 +1.2273e-01 +2.3924e+00 -2.1383e+00 +2.2384e+00 +3.7083e+00 +7.9921e-01
36 0 +4.058742705e+01 +5.939742705e+01 +5.939742705e+01 +3.4958e+00 +3.3171e-01 +2.9635e+00 +1.9615e+00 -6.6828e-01 -2.5005e+00 +5.8140e-01 -1.7147e+00 -4.0984e+00 +4.9842e-01
56 0 +3.326092887e+01 +5.207092887e+01 +5.207092887e+01 +2.4486e+00 -2.2981e+00 -1.0431e+00 -1.7113e-01 -1.0803e+00 +1.4977e+00 +9.6979e-02 +2.5973e+00 +2.2614e+00 +3.0609e+00
126 0 +3.310381603e+01 +5.191381603e+01 +5.191381603e+01 +8.6396e-01 -1.0996e+00 +2.7751e-01 -6.7241e-01 +5.2939e-01 +3.9685e-01 +2.8023e-01 +1.0890e+00 +1.1408e-01 +7.2548e-01
128 0 +3.170303486e+01 +5.051303486e+01 +5.051303486e+01 +9.7101e-01 -1.1667e+00 +2.2527e-01 -7.0609e-01 +4.8742e-01 +3.3151e-01 +2.7344e-01 +8.7590e-01 +9.3406e-02 +8.1162e-01
129 0 +2.102458070e+01 +3.983458070e+01 +3.983458070e+01 +2.0234e-01 -2.1287e-01 +4.7160e-02 -2.1503e-01 +1.4344e-01 +9.2944e-02 +6.5631e-02 +1.8337e-01 +8.9923e-02 +2.5582e-01
151 0 +2.007708773e+01 +3.888708773e+01 +3.888708773e+01 +4.4944e-01 -4.1048e-01 +2.3679e-01 -2.9918e-01 +2.2665e-01 +1.0410e-01 +1.4578e-01 +4.0730e-01 +1.2550e-01 +4.5130e-01
203 0 +1.671456309e+01 +3.552456309e+01 +3.552456309e+01 +1.1539e-01 -5.0933e-02 +6.4195e-02 -1.9442e-01 +1.7231e-01 +4.5688e-02 +6.9900e-03 +6.3692e-02 +1.5485e-01 +1.9219e-01
331 0 +1.457565617e+01 +3.338565617e+01 +3.338565617e+01 +1.5128e-01 -1.4532e-01 +6.3708e-02 -1.7073e-01 +1.6907e-01 +4.4468e-02 +1.8357e-01 +1.6438e-01 +6.7619e-02 +2.1014e-01
355 0 +1.401831371e+01 +3.282831371e+01 +3.282831371e+01 +1.5437e-01 -1.4829e-01 +6.5544e-02 -1.7674e-01 +1.9433e-01 +4.5377e-02 +1.6901e-01 +1.6774e-01 +6.9001e-02 +1.6831e-01
% f evaluations | g evaluations | best noise-free fitness - Fopt (2.731500000000e+02) + sum g_i+ | measured fitness | best measured fitness or single-digit g-values | x1 | x2...
1 0 +9.665571789e+01 +3.698057179e+02 +3.698057179e+02 +1.7391e+00 +2.1408e+00 -2.8241e+00 -2.0733e+00 -1.4525e+00 -9.1801e-01 +4.6967e+00 +2.2195e+00 -1.5579e+00 +2.9553e+00
2 0 +8.159860007e+01 +3.547486001e+02 +3.547486001e+02 +1.2438e+00 +4.4208e+00 -4.2518e+00 +1.7554e+00 -2.7077e+00 -1.5469e+00 +3.0906e+00 +4.9154e+00 -7.8369e-01 -1.8185e+00
7 0 +7.301356139e+01 +3.461635614e+02 +3.461635614e+02 -9.6496e-01 +2.7305e+00 -7.5137e-01 -1.3232e+00 -1.7477e+00 -4.3930e+00 -1.3220e+00 +2.9081e-01 -2.0680e+00 +4.1736e+00
14 0 +6.895285052e+01 +3.421028505e+02 +3.421028505e+02 -1.0720e+00 +1.1285e+00 -2.6258e+00 +9.8321e-01 +3.4454e+00 -3.7601e+00 -2.3749e+00 -2.3034e+00 -3.4353e+00 -5.1096e-01
61 0 +5.651452793e+01 +3.296645279e+02 +3.296645279e+02 -6.7906e-01 +3.1783e+00 +3.7892e-01 +1.7941e+00 -1.2184e+00 +1.7488e+00 +1.6881e+00 -2.0334e+00 +2.1012e+00 +4.4559e+00
87 0 +5.262727015e+01 +3.257772702e+02 +3.257772702e+02 -1.8800e+00 +2.2052e+00 -2.0805e+00 -1.6817e+00 -1.4799e+00 -3.5693e+00 +3.6617e+00 -2.4708e+00 -1.4773e+00 -1.7063e-01
126 0 +4.303544294e+01 +3.161854429e+02 +3.161854429e+02 -5.5379e-02 +1.3544e+00 -5.6717e-01 +1.1273e-01 -1.0481e+00 -1.9481e+00 +9.3749e-01 -6.7028e-02 -4.5746e-01 -6.7148e-01
162 0 +3.316610153e+01 +3.063161015e+02 +3.063161015e+02 -6.4302e-02 +1.5726e+00 -6.8937e-01 +5.1235e-02 -1.3882e+00 -1.9060e+00 +1.0106e+00 +2.7961e-02 -4.6730e-01 -8.9477e-01
2755 0 +3.144810153e+01 +3.045981015e+02 +3.045981015e+02 +1.8530e-01 +2.0411e+00 -4.8585e-01 -4.7698e-02 -9.8798e-01 -2.3994e+00 +1.1136e+00 -4.1515e-01 -4.9896e-01 -7.2994e-01
4961 0 +2.876628353e+01 +3.019162835e+02 +3.019162835e+02 -1.0743e-01 +2.2712e+00 -7.5604e-01 +9.4073e-01 -6.0285e-01 -2.2019e+00 +1.6136e+00 -8.0573e-01 -1.1209e+00 -8.2706e-01
8502 0 +2.419626719e+01 +2.973462672e+02 +2.973462672e+02 +3.9850e-01 +3.3757e+00 -3.8443e-01 +1.5331e+00 -6.3108e-01 -4.9433e+00 +3.2665e+00 -6.5111e-01 -3.2742e+00 +3.0735e-01
8601 0 +2.382018238e+01 +2.969701824e+02 +2.969701824e+02 +4.7237e-01 +3.7305e+00 -4.0041e-01 +1.6710e+00 -4.7056e-01 -5.0000e+00 +3.6129e+00 -5.9764e-01 -3.6693e+00 +4.1109e-01
9203 0 +2.132117467e+01 +2.944711747e+02 +2.944711747e+02 -2.4749e-02 +1.9125e+00 -4.0109e-01 +1.2209e+00 -1.8759e-01 -2.7909e+00 +1.8137e+00 -6.3257e-01 -1.5282e+00 -1.4478e-01
% f evaluations | g evaluations | best noise-free fitness - Fopt (3.718000000000e+01) + sum g_i+ | measured fitness | best measured fitness or single-digit g-values | x1 | x2...
1 0 +1.006194396e+03 +1.043374396e+03 +1.043374396e+03 +1.1112e+00 +4.3168e+00 -4.9144e+00 -4.7549e+00 -1.7362e+00 -1.1306e+00 +3.1932e+00 +2.0256e+00 -2.5885e+00 +3.3442e+00
2 0 +1.467968175e+02 +1.839768175e+02 +1.839768175e+02 +1.9629e-01 +2.3070e-01 +4.9605e+00 +1.5992e+00 +2.8829e+00 -4.2447e+00 -1.8665e+00 +2.6466e+00 -3.6595e+00 +3.4943e+00
3 0 +1.153285567e+02 +1.525085567e+02 +1.525085567e+02 -2.6660e-01 -1.1472e+00 -4.0694e+00 -3.2219e+00 +9.3467e-01 +3.1958e+00 -4.6039e-02 -4.3578e+00 -3.5198e+00 -1.5063e+00
4 0 +9.361464381e+01 +1.307946438e+02 +1.307946438e+02 -2.1608e+00 +3.0076e-02 -1.0923e+00 +4.9922e+00 -4.3836e+00 -1.8623e+00 -2.4170e+00 +1.2147e+00 +2.7100e+00 +4.4145e+00
8 0 +6.255154230e+01 +9.973154230e+01 +9.973154230e+01 -4.2044e+00 -9.8932e-01 +2.0280e+00 +2.6574e+00 +1.7379e+00 -5.1008e-01 +2.1472e+00 -6.0710e-01 +3.0001e+00 -4.0809e+00
18 0 +6.116975691e+01 +9.834975691e+01 +9.834975691e+01 -3.8104e+00 -4.5617e+00 +1.0451e+00 -1.5511e+00 -1.1124e+00 -4.1845e+00 -1.2365e+00 -6.1354e-01 +3.1902e+00 +1.8885e+00
29 0 +5.767360644e+01 +9.485360644e+01 +9.485360644e+01 -4.1592e+00 +3.4711e+00 +4.8800e+00 +1.8907e+00 -2.0149e+00 +2.7911e+00 -2.8631e+00 -4.1747e+00 +3.9852e+00 -1.4437e+00
33 0 +4.175304363e+01 +7.893304363e+01 +7.893304363e+01 +3.5127e+00 +3.5992e+00 -1.5243e+00 +7.8037e-01 -4.7922e+00 -1.4910e+00 -3.9436e-01 -3.3997e+00 +2.5652e+00 -2.7484e+00
65 0 +2.892812995e+01 +6.610812995e+01 +6.610812995e+01 -3.2651e+00 +8.2454e-01 +4.4428e+00 +4.0669e+00 -1.6623e+00 -2.0046e+00 +5.9759e-01 -2.8071e+00 -1.4066e+00 +2.8348e+00
162 0 +2.791323529e+01 +6.509323529e+01 +6.509323529e+01 -8.7773e-01 -1.3241e-01 +1.3223e+00 +2.1998e+00 -4.9821e-01 -4.4615e-01 +7.7232e-01 -1.5329e+00 -7.5576e-01 -6.7883e-01
170 0 +2.586523396e+01 +6.304523396e+01 +6.304523396e+01 -7.3284e-01 -1.1936e-01 +1.0527e+00 +2.0247e+00 -4.6216e-01 -5.9643e-01 +6.2990e-01 -1.5129e+00 -7.2231e-01 -7.6434e-01
198 0 +2.490125566e+01 +6.208125566e+01 +6.208125566e+01 -9.4843e-01 -3.1311e-01 +1.1683e+00 +2.1329e+00 -6.0998e-01 -6.4129e-01 +6.7460e-01 -1.7283e+00 -6.2208e-01 -7.4762e-01
201 0 +2.188910947e+01 +5.906910947e+01 +5.906910947e+01 -1.2077e+00 -4.3564e-01 +1.3713e+00 +2.9953e+00 -8.4796e-01 -8.4715e-01 +8.7272e-01 -2.3630e+00 -8.6522e-01 -1.0127e+00
210 0 +2.065479162e+01 +5.783479162e+01 +5.783479162e+01 -1.1063e+00 -1.9032e-01 +1.3859e+00 +2.6997e+00 -8.6271e-01 -7.8792e-01 +8.6484e-01 -1.9797e+00 -9.2327e-01 -8.3902e-01
1304 0 +1.867420351e+01 +5.585420351e+01 +5.585420351e+01 -1.2826e+00 +3.2924e-02 +1.4723e+00 +2.8582e+00 -1.6278e+00 -1.5662e+00 +1.2155e+00 -1.7803e+00 -2.0310e+00 -1.1139e+00
2602 0 +1.391516796e+01 +5.109516796e+01 +5.109516796e+01 -1.4897e+00 +5.6032e-01 +2.2104e+00 +1.3272e+00 -9.4104e-01 -2.3043e-01 -1.0280e+00 -3.2205e+00 -5.9784e-01 +1.2318e+00
2901 0 +1.351218467e+01 +5.069218467e+01 +5.069218467e+01 -3.2333e+00 +3.6131e-01 +2.0670e+00 +2.8644e+00 -1.9281e+00 -3.4290e-01 -3.5854e-01 -4.4475e+00 -7.7978e-01 +2.2013e+00
3102 0 +1.273794371e+01 +4.991794371e+01 +4.991794371e+01 -2.2050e+00 +2.8960e-01 +1.6574e+00 +1.9050e+00 -1.2883e+00 -3.1077e-01 -2.0316e-01 -2.9719e+00 -5.1089e-01 +1.2127e+00
3104 0 +1.029804972e+01 +4.747804972e+01 +4.747804972e+01 -2.4470e+00 +6.3407e-01 +1.7723e+00 +2.3533e+00 -1.6369e+00 -7.5594e-01 -3.0746e-01 -3.5286e+00 -7.8202e-01 +1.5557e+00
3109 0 +9.892694131e+00 +4.707269413e+01 +4.707269413e+01 -2.4067e+00 +3.5986e-01 +2.5353e+00 +2.2142e+00 -2.0228e+00 -2.0758e-01 -2.5354e-01 -3.6472e+00 -2.0138e-01 +1.0235e+00
4117 0 +9.521525966e+00 +4.670152597e+01 +4.670152597e+01 -2.5200e+00 +5.1632e-01 +2.0462e+00 +1.7600e+00 -1.8664e+00 -3.8004e-01 -2.7697e-01 -3.2245e+00 -7.3071e-01 +1.1358e+00
4321 0 +8.175456315e+00 +4.535545632e+01 +4.535545632e+01 -2.4355e+00 +3.5750e-01 +2.0251e+00 +2.3010e+00 -1.7769e+00 +4.9771e-02 -1.9191e-01 -2.9837e+00 -5.9663e-01 +9.3319e-01
4998 0 +7.864495515e+00 +4.504449552e+01 +4.504449552e+01 -2.3218e+00 +3.6892e-01 +2.1431e+00 +1.9517e+00 -1.8158e+00 -2.0901e-02 -2.0422e-01 -2.8238e+00 -2.7168e-01 +9.2590e-01
5115 0 +6.716744658e+00 +4.389674466e+01 +4.389674466e+01 -2.6720e+00 +5.2212e-01 +1.9422e+00 +1.9006e+00 -2.2432e+00 +1.1871e-02 -2.9197e-01 -3.0507e+00 -5.6601e-01 +1.4727e+00
6912 0 +5.680383080e+00 +4.286038308e+01 +4.286038308e+01 -2.4657e+00 +8.2351e-01 +2.2425e+00 +1.9561e+00 -2.2721e+00 -8.4689e-02 +5.9813e-01 -3.3499e+00 -5.2433e-01 +1.5927e+00
7001 0 +4.829691353e+00 +4.200969135e+01 +4.200969135e+01 -2.6107e+00 +8.3245e-01 +2.2681e+00 +2.0465e+00 -2.0856e+00 -8.6902e-02 +6.1879e-01 -3.3786e+00 -5.6436e-01 +1.7764e+00
% f evaluations | g evaluations | best noise-free fitness - Fopt (-1.479000000000e+02) + sum g_i+ | measured fitness | best measured fitness or single-digit g-values | x1 | x2...
1 0 +7.985339666e+01 -6.804660334e+01 -6.804660334e+01 -1.5278e+00 +1.6991e+00 -2.9509e+00 +3.9587e+00 -3.8994e+00 +1.6389e+00 -6.5309e-01 +2.2379e+00 -1.7421e+00 +4.5740e-01
2 0 +6.772038630e+01 -8.017961370e+01 -8.017961370e+01 -2.0465e+00 -4.8827e+00 -3.6491e+00 -4.6628e+00 -4.9249e-01 -1.0769e+00 -1.2920e-01 +4.6602e+00 -2.2924e+00 +6.5761e-01
3 0 +5.911329082e+01 -8.878670918e+01 -8.878670918e+01 -1.1296e+00 +4.7203e+00 -2.9597e+00 -1.3332e-01 -9.2066e-01 +1.3230e+00 +4.2076e+00 +4.0870e+00 -3.2469e+00 +1.4901e+00
4 0 +5.701062909e+01 -9.088937091e+01 -9.088937091e+01 +4.7978e+00 +1.8938e+00 +1.4490e+00 -4.3530e+00 -1.8399e+00 -3.8006e+00 -4.5606e+00 -9.8682e-01 +4.7931e+00 -3.1848e+00
15 0 +3.869847355e+01 -1.092015264e+02 -1.092015264e+02 -7.3982e-01 -8.7988e-01 +7.9856e-01 -1.1005e+00 -5.8658e-01 +3.3650e+00 +3.9546e+00 +1.1337e+00 -2.0229e+00 +9.3327e-01
34 0 +3.710687010e+01 -1.107931299e+02 -1.107931299e+02 -1.9282e+00 +2.6357e+00 +3.0525e+00 +3.7283e+00 -4.1352e-01 +1.5400e+00 +2.6363e+00 -7.7480e-01 +2.5538e+00 +7.1323e-01
88 0 +3.629088639e+01 -1.116091136e+02 -1.116091136e+02 +3.4976e+00 -2.8203e+00 +2.0547e+00 +1.3318e+00 -1.6976e+00 -7.2723e-01 +2.4513e+00 -2.8743e+00 -1.8358e+00 +1.8442e-02
94 0 +3.483860434e+01 -1.130613957e+02 -1.130613957e+02 +6.2522e-01 -1.0363e-01 +2.7811e+00 +2.5972e+00 -1.9469e+00 +3.9069e-01 +3.8778e+00 -8.2135e-01 +1.1896e+00 +1.8849e+00
126 0 +2.304046320e+01 -1.248595368e+02 -1.248595368e+02 -2.5855e-01 +6.8644e-01 +2.6038e-01 +2.0356e-01 -3.4001e-01 -1.3119e-01 +2.6996e-01 -1.4685e-01 -3.0021e-01 +5.5117e-01
134 0 +1.961092053e+01 -1.282890795e+02 -1.282890795e+02 -5.7882e-01 +9.2132e-01 +3.9164e-01 +2.6595e-01 -5.9228e-01 -2.3205e-01 +5.6448e-01 -1.1889e-01 -5.2294e-01 +7.6051e-01
163 0 +1.618060653e+01 -1.317193935e+02 -1.317193935e+02 -4.5956e-01 +9.7497e-01 +2.0455e-01 +3.7524e-01 -8.4309e-01 -4.7648e-01 +7.9978e-01 -4.1271e-01 -4.8867e-01 +7.0780e-01
321 0 +1.320369869e+01 -1.346963013e+02 -1.346963013e+02 -9.9517e-01 +1.1421e+00 +5.0814e-01 +2.5888e-01 -6.6340e-01 -3.7836e-01 +6.5357e-01 -4.5533e-01 -5.9492e-01 +9.2959e-01
1605 0 +1.167607702e+01 -1.362239230e+02 -1.362239230e+02 -2.8751e-01 +8.4968e-01 +2.4357e-01 -1.0748e+00 -6.1233e-01 +3.7639e-01 +8.0166e-01 +2.0156e-01 -6.3427e-01 -7.0258e-01
2001 0 +1.019274693e+01 -1.377072531e+02 -1.377072531e+02 -3.6506e-01 +1.0318e+00 +3.2182e-01 -1.2046e+00 -1.0880e+00 +4.3485e-01 +9.5904e-01 +2.4456e-01 -9.5621e-01 -8.8579e-01
2203 0 +8.890474399e+00 -1.390095256e+02 -1.390095256e+02 -3.2397e-01 +3.1225e-01 +1.8985e-01 -4.8980e-01 -1.3933e+00 +1.4738e-01 +6.2924e-01 +1.0886e-02 -1.0454e+00 -7.6166e-01
2306 0 +8.675616781e+00 -1.392243832e+02 -1.392243832e+02 -3.4600e-01 +8.1529e-01 +2.8604e-01 -9.4610e-01 -6.7485e-01 +1.6457e-01 +5.7184e-01 +9.9522e-02 -5.8452e-01 -4.9949e-01
2973 0 +7.995946307e+00 -1.399040537e+02 -1.399040537e+02 -2.9403e-01 +3.6795e-01 +2.7726e-01 -4.5158e-01 -9.9417e-01 +3.2054e-01 +4.6534e-01 +5.2301e-01 -6.4365e-01 -4.8715e-01
3332 0 +7.836735731e+00 -1.400632643e+02 -1.400632643e+02 -8.6888e-02 +5.3286e-01 +3.9559e-01 -3.0928e-01 -1.0513e+00 +4.7215e-01 +4.8839e-01 +1.4928e-01 -6.4952e-01 -7.7063e-01
3606 0 +6.645974790e+00 -1.412540252e+02 -1.412540252e+02 -1.6408e-01 +9.5841e-01 +1.6206e-01 -3.9048e-01 -1.0859e+00 +7.8012e-01 +3.8285e-01 +2.8690e-01 -6.0884e-01 -7.4769e-01
4301 0 +6.279559131e+00 -1.416204409e+02 -1.416204409e+02 -3.0109e-01 +1.5041e+00 +3.0449e-01 -1.5280e-01 -1.0956e+00 +7.9004e-01 +5.1604e-01 +8.1636e-02 -4.9022e-01 -1.1797e+00
5301 0 +5.597604898e+00 -1.423023951e+02 -1.423023951e+02 -4.4293e-01 +1.1158e+00 +4.4993e-01 -2.2611e-02 -1.0734e+00 +7.5204e-01 +4.4308e-01 -6.6132e-03 -6.0228e-01 -7.7110e-01
% f evaluations | g evaluations | best noise-free fitness - Fopt (1.699300000000e+02) + sum g_i+ | measured fitness | best measured fitness or single-digit g-values | x1 | x2...
1 0 +7.375469783e+01 +2.436846978e+02 +2.436846978e+02 -2.9455e+00 +2.8483e+00 +2.5618e+00 +4.7453e+00 +2.7189e+00 +1.4285e+00 +9.0573e-01 +1.0195e+00 -3.2999e+00 +2.2973e+00
2 0 +5.983684465e+01 +2.297668446e+02 +2.297668446e+02 +9.0821e-01 +2.5403e+00 +4.8084e+00 +2.9927e-01 -1.1885e+00 +2.7183e+00 +2.3178e+00 +1.9434e+00 -7.9518e-02 +1.3566e+00
12 0 +5.734817751e+01 +2.272781775e+02 +2.272781775e+02 +2.2196e+00 -2.2830e+00 -4.5451e+00 +1.9875e+00 -2.2459e+00 +3.6568e+00 +5.9364e-01 -2.9932e+00 +5.7668e-01 -4.3112e-01
17 0 +3.010968290e+01 +2.000396829e+02 +2.000396829e+02 -2.4807e-01 +1.7471e+00 -4.4344e+00 +1.6016e+00 -1.2312e+00 -1.8770e+00 -2.8069e-01 +9.7587e-01 -3.7552e+00 -8.6409e-01
59 0 +2.949852248e+01 +1.994285225e+02 +1.994285225e+02 -2.7553e+00 +2.2996e+00 -4.2763e+00 -4.8103e-01 +4.1022e-01 -4.2613e+00 +1.0570e+00 +3.1701e+00 -4.5687e+00 -1.9746e-01
126 0 +2.648304976e+01 +1.964130498e+02 +1.964130498e+02 -2.8023e-01 +1.5111e+00 -1.0917e+00 -1.8449e+00 -1.2017e+00 -1.9008e-01 -2.7479e-01 +7.9442e-01 -2.3542e+00 -2.0602e+00
131 0 +2.622076306e+01 +1.961507631e+02 +1.961507631e+02 -2.5101e-01 +1.1824e+00 -7.6357e-01 -1.7316e+00 -1.0764e+00 -1.7026e-01 -2.9430e-01 +7.1160e-01 -2.2773e+00 -1.6908e+00
136 0 +1.942163243e+01 +1.893516324e+02 +1.893516324e+02 -2.4809e-01 +1.2912e+00 -8.3274e-01 -1.6226e+00 -1.0638e+00 -1.6828e-01 -1.9785e-01 +8.0720e-01 -2.0798e+00 -1.6711e+00
1032 0 +1.846464283e+01 +1.883946428e+02 +1.883946428e+02 -3.7103e-01 +1.2372e+00 -9.8338e-01 -1.4890e+00 -1.1109e+00 -1.6413e-01 -8.4763e-02 +6.8633e-01 -2.0836e+00 -1.4664e+00
1204 0 +1.628767702e+01 +1.862176770e+02 +1.862176770e+02 -3.3367e-01 +2.1316e+00 -1.6829e+00 -2.4244e+00 -1.7211e+00 +3.9833e-01 -1.1804e-01 +1.6290e+00 -3.1639e+00 -3.0230e+00
1301 0 +1.418116009e+01 +1.841111601e+02 +1.841111601e+02 -2.1782e-01 +2.3276e+00 -1.8062e+00 -2.5814e+00 -1.8132e+00 +4.3990e-01 -1.2320e-01 +1.9602e+00 -3.3685e+00 -3.3438e+00
1707 0 +1.370241668e+01 +1.836324167e+02 +1.836324167e+02 -3.3641e-01 +2.1887e+00 -1.7014e+00 -2.1127e+00 -1.9235e+00 +2.8647e-01 -3.1227e-01 +1.3843e+00 -3.6894e+00 -2.9064e+00
4522 0 +1.287841888e+01 +1.828084189e+02 +1.828084189e+02 -1.0025e+00 +1.8907e+00 -8.9023e-01 -1.8090e+00 -2.2613e+00 +4.0639e-02 +7.4929e-02 +2.0391e+00 -3.1464e+00 -2.1449e+00
5203 0 +1.253404404e+01 +1.824640440e+02 +1.824640440e+02 -4.3763e-01 +1.6300e+00 -1.5630e+00 -1.1548e+00 -2.9079e+00 +3.1256e-01 +1.4024e-01 +1.7178e+00 -2.7535e+00 -2.0212e+00
5322 0 +9.974009709e+00 +1.799040097e+02 +1.799040097e+02 -8.3717e-01 +1.8627e+00 -1.7425e+00 -2.0033e+00 -2.3081e+00 +6.0747e-03 -1.9885e-01 +1.8211e+00 -3.3143e+00 -2.8048e+00
6101 0 +8.937088212e+00 +1.788670882e+02 +1.788670882e+02 -1.1140e+00 +1.4548e+00 -1.9307e+00 -2.5401e+00 -2.8214e+00 -8.9243e-01 -3.4170e-01 +2.5466e+00 -3.6885e+00 -2.5897e+00
6704 0 +8.248214520e+00 +1.781782145e+02 +1.781782145e+02 -9.7604e-01 +1.2626e+00 -1.7181e+00 -2.3910e+00 -2.3373e+00 -3.5334e-01 -9.5330e-02 +2.1332e+00 -3.3453e+00 -2.4655e+00
8012 0 +7.811618124e+00 +1.777416181e+02 +1.777416181e+02 -6.6720e-01 +1.1019e+00 -1.8245e+00 -2.3859e+00 -2.9116e+00 -3.7742e-01 -2.0120e-01 +2.1820e+00 -3.0857e+00 -1.9794e+00
8483 0 +7.266605556e+00 +1.771966056e+02 +1.771966056e+02 -6.9009e-01 +7.9789e-01 -1.6995e+00 -2.2364e+00 -2.6333e+00 -2.0400e-01 +8.2536e-02 +1.8864e+00 -2.8055e+00 -2.0434e+00
9302 0 +6.215327576e+00 +1.761453276e+02 +1.761453276e+02 -6.7299e-01 +5.1216e-01 -1.5454e+00 -2.4249e+00 -2.9413e+00 -7.1332e-02 +1.9583e-01 +2.0996e+00 -2.6528e+00 -1.8843e+00
9707 0 +5.134269863e+00 +1.750642699e+02 +1.750642699e+02 -8.0394e-01 +6.6265e-01 -1.6668e+00 -2.1001e+00 -3.2148e+00 +5.7974e-02 +2.9624e-01 +2.7394e+00 -2.9673e+00 -1.7462e+00
9907 0 +3.732629915e+00 +1.736626299e+02 +1.736626299e+02 -8.8937e-01 +3.2924e-01 -2.0814e+00 -2.6479e+00 -2.9078e+00 +1.7582e-01 +1.9252e-01 +2.5078e+00 -3.1097e+00 -1.3563e+00
9908 0 +2.764964014e+00 +1.726949640e+02 +1.726949640e+02 -8.1672e-01 +4.8615e-01 -1.9256e+00 -2.4410e+00 -3.2559e+00 -2.3854e-01 +5.8370e-02 +2.6847e+00 -2.9860e+00 -1.6670e+00
% f evaluations | g evaluations | best noise-free fitness - Fopt (1.181700000000e+02) + sum g_i+ | measured fitness | best measured fitness or single-digit g-values | x1 | x2...
1 0 +7.880429630e+01 +1.969742963e+02 +1.969742963e+02 +4.2201e+00 -2.7714e+00 +2.2962e-01 +2.4337e+00 -1.0047e+00 -1.2391e+00 -1.7657e-01 +3.1624e+00 -1.1692e+00 +4.4190e+00
16 0 +3.807735826e+01 +1.562473583e+02 +1.562473583e+02 +4.3173e-01 -4.5503e+00 -3.8390e+00 +2.7534e+00 +1.6557e+00 -2.2993e+00 +3.8323e+00 -4.1437e+00 +3.1285e-01 -6.7208e-01
211 0 +3.348534231e+01 +1.516553423e+02 +1.516553423e+02 +4.8887e-01 -4.8660e+00 -4.0133e+00 +2.8848e+00 +1.7672e+00 -2.4025e+00 +4.1293e+00 -4.4515e+00 +3.7941e-01 -6.6913e-01
376 0 +3.122863449e+01 +1.493986345e+02 +1.493986345e+02 -1.3026e-01 -2.1607e+00 -2.9537e+00 +1.9981e+00 +1.2521e+00 -1.9070e+00 +1.9554e+00 -1.6442e+00 -1.4945e-01 -9.4220e-01
377 0 +2.604904536e+01 +1.442190454e+02 +1.442190454e+02 -1.2802e-01 -2.1236e+00 -2.9030e+00 +1.9626e+00 +8.6328e-01 -1.7379e+00 +1.9218e+00 -1.7473e+00 -2.1888e-01 -9.2601e-01
843 0 +2.482142145e+01 +1.429914215e+02 +1.429914215e+02 -6.6722e-04 -2.5988e+00 -2.7713e+00 +1.9812e+00 +8.2426e-01 -1.8077e+00 +2.4245e+00 -2.3362e+00 +7.7596e-02 -7.4064e-01
917 0 +1.980515309e+01 +1.379751531e+02 +1.379751531e+02 -3.6956e-02 -3.0151e+00 -3.4197e+00 +2.6536e+00 +1.3742e+00 -2.3799e+00 +2.8099e+00 -2.9631e+00 +1.9948e-01 -1.1349e+00
1903 0 +1.562596667e+01 +1.337959667e+02 +1.337959667e+02 +2.6424e-01 -3.8960e+00 -2.8292e+00 +4.2276e+00 -3.8398e-01 -1.2146e+00 +2.9061e+00 -2.8449e+00 +2.4065e-01 -4.9765e-01
2301 0 +1.548525232e+01 +1.336552523e+02 +1.336552523e+02 +6.4305e-01 -3.9043e+00 -2.2694e+00 +3.6686e+00 +6.3921e-01 -1.9490e+00 +2.6696e+00 -3.5907e+00 +6.9422e-01 +9.2353e-03
2509 0 +1.497341041e+01 +1.331434104e+02 +1.331434104e+02 -9.9129e-02 -3.0955e+00 -2.4144e+00 +2.9416e+00 +2.3423e-01 -2.0191e+00 +2.1101e+00 -3.0058e+00 +1.0128e-01 -9.7558e-01
3421 0 +1.449201150e+01 +1.326620115e+02 +1.326620115e+02 +6.2198e-01 -3.9892e+00 -2.9859e+00 +3.7574e+00 +6.0538e-01 -2.3389e+00 +2.4814e+00 -3.6568e+00 +6.0244e-02 -2.9836e-01
4017 0 +1.415043422e+01 +1.323204342e+02 +1.323204342e+02 +1.7359e-01 -3.6289e+00 -2.6494e+00 +3.1953e+00 +8.1658e-01 -1.9806e+00 +2.2886e+00 -3.4470e+00 +5.8106e-02 +3.3827e-01
4316 0 +1.374115925e+01 +1.319111593e+02 +1.319111593e+02 +9.0237e-02 -3.4464e+00 -2.1921e+00 +2.9361e+00 +2.9899e-01 -2.0604e+00 +1.6615e+00 -2.6308e+00 -1.1770e-01 -5.5697e-02
4408 0 +1.324766556e+01 +1.314176656e+02 +1.314176656e+02 +1.8263e-01 -3.4584e+00 -2.1502e+00 +3.4568e+00 +3.4576e-01 -2.0217e+00 +2.4395e+00 -3.3005e+00 +4.2068e-02 +3.1614e-01
5102 0 +1.140194784e+01 +1.295719478e+02 +1.295719478e+02 +3.6817e-01 -3.8853e+00 -2.1435e+00 +3.8503e+00 +4.1282e-01 -1.9987e+00 +2.4197e+00 -3.4206e+00 -5.1887e-02 +5.7423e-02
5717 0 +1.087703641e+01 +1.290470364e+02 +1.290470364e+02 +5.0196e-01 -3.6060e+00 -2.0134e+00 +3.5619e+00 -2.1976e-01 -1.7223e+00 +2.3437e+00 -3.3783e+00 -1.0899e-01 +1.4738e-01
6121 0 +9.565554033e+00 +1.277355540e+02 +1.277355540e+02 +3.2400e-01 -3.9896e+00 -2.6346e+00 +3.9448e+00 +1.4932e-01 -2.3115e+00 +2.3504e+00 -3.4948e+00 +1.8333e-01 +2.8260e-01
6421 0 +8.820604086e+00 +1.269906041e+02 +1.269906041e+02 +1.0598e-01 -3.3291e+00 -2.3132e+00 +3.9926e+00 -8.3617e-03 -2.1618e+00 +2.4012e+00 -3.5602e+00 +1.1530e-02 +2.0580e-01
6703 0 +7.542972979e+00 +1.257129730e+02 +1.257129730e+02 +4.0262e-01 -4.0199e+00 -2.1565e+00 +3.8860e+00 +1.9105e-01 -2.2643e+00 +2.0601e+00 -3.2600e+00 +1.4997e-01 +2.4650e-01
% f evaluations | g evaluations | best noise-free fitness - Fopt (-1.791300000000e+02) + sum g_i+ | measured fitness | best measured fitness or single-digit g-values | x1 | x2...
1 0 +1.414097111e+02 -3.772028885e+01 -3.772028885e+01 +3.8527e+00 -1.4088e+00 +3.5716e+00 -9.6400e-01 +4.6544e+00 -8.2517e-02 +4.9455e+00 -9.3356e-01 -2.6373e-01 -3.0722e+00
5 0 +5.907180411e+01 -1.200581959e+02 -1.200581959e+02 +2.9369e+00 -4.2316e+00 +4.1378e+00 +4.4888e+00 -8.4141e-01 -1.4136e+00 +2.6929e+00 +2.3903e+00 -2.7110e+00 +2.8918e+00
17 0 +3.158544500e+01 -1.475445550e+02 -1.475445550e+02 +8.6815e-01 -1.3587e+00 +1.5510e+00 -3.0915e+00 -3.6053e+00 +4.9485e+00 +1.5067e+00 -2.5696e+00 +3.1294e+00 -1.2150e+00
81 0 +2.896807379e+01 -1.501619262e+02 -1.501619262e+02 +1.1693e+00 -3.9350e+00 +2.2273e+00 -2.0980e+00 +1.9575e-01 +2.6933e+00 -3.5267e+00 +1.5747e+00 +2.6335e+00 -1.9528e+00
162 0 +2.757722368e+01 -1.515527763e+02 -1.515527763e+02 -8.5135e-01 -2.1521e+00 +7.5942e-01 -1.6017e+00 -1.4503e-01 +1.7700e+00 -1.5361e+00 +9.4786e-01 +1.1744e+00 -9.2738e-01
186 0 +2.730832071e+01 -1.518216793e+02 -1.518216793e+02 -7.0472e-01 -1.9742e+00 +6.7620e-01 -1.3452e+00 -6.4108e-02 +1.4283e+00 -1.3393e+00 +9.2986e-01 +1.0519e+00 -8.0856e-01
322 0 +2.628580407e+01 -1.528441959e+02 -1.528441959e+02 -6.2927e-01 -1.8398e+00 +7.0146e-01 -1.4592e+00 -2.9824e-02 +1.6319e+00 -1.3585e+00 +6.9215e-01 +1.2573e+00 -9.2203e-01
606 0 +2.566647904e+01 -1.534635210e+02 -1.534635210e+02 -1.6596e-01 -1.4188e+00 +3.7486e-01 -9.1432e-01 -3.2925e-02 +1.1126e+00 -6.3330e-01 +4.1665e-01 +7.2455e-01 -7.5607e-01
742 0 +2.196030049e+01 -1.571696995e+02 -1.571696995e+02 -9.9884e-02 -7.2543e-01 +5.3424e-02 -3.7201e-01 +9.6498e-03 +4.9413e-01 -3.9303e-01 +1.3347e-01 +3.7773e-01 -3.0080e-01
1308 0 +1.988980157e+01 -1.592401984e+02 -1.592401984e+02 -1.3725e+00 -2.0751e+00 +1.5257e+00 -1.7252e+00 +2.9570e-02 +1.7439e+00 -2.5291e+00 -1.5712e+00 +2.1590e+00 -9.4071e-01
1710 0 +1.862802194e+01 -1.605019781e+02 -1.605019781e+02 -6.3133e-01 -1.4404e+00 +1.1515e+00 -1.3733e+00 +8.3654e-02 +1.3289e+00 -1.5129e+00 -8.3953e-01 +1.5874e+00 -3.8427e-01
2201 0 +1.619203703e+01 -1.629379630e+02 -1.629379630e+02 -5.7499e-01 -2.1131e+00 +1.2458e+00 -1.6355e+00 -6.1078e-02 +1.7557e+00 -1.9379e+00 -9.7185e-01 +1.9740e+00 -5.7697e-01
3188 0 +1.527423024e+01 -1.638557698e+02 -1.638557698e+02 +9.0069e-02 -1.0893e+00 +5.4672e-01 -4.9514e-01 -4.0225e-01 +5.8089e-01 -9.2044e-01 -6.1418e-01 +7.0946e-01 -5.4563e-02
3652 0 +1.483319820e+01 -1.642968018e+02 -1.642968018e+02 +1.3691e-01 -7.7269e-01 +9.8802e-02 -6.2118e-01 -3.1653e-01 +3.8593e-01 -4.1929e-01 -5.6756e-01 +5.7384e-01 -1.7175e-01
4202 0 +1.438799931e+01 -1.647420007e+02 -1.647420007e+02 +6.3184e-01 -8.6426e-01 -5.4353e-02 -1.0644e+00 -5.8186e-01 -1.8447e-01 -5.9013e-01 -3.4763e-01 +7.4807e-01 -4.1507e-01
4804 0 +1.036234798e+01 -1.687676520e+02 -1.687676520e+02 +3.4399e-01 -1.5836e+00 +1.0948e-01 -9.5871e-01 -3.1271e-01 +1.4167e-01 -5.0963e-01 -8.6596e-01 +8.9422e-01 -1.0106e-01
5340 0 +1.016109791e+01 -1.689689021e+02 -1.689689021e+02 +9.2927e-01 -2.6664e+00 +5.0265e-01 -2.0412e+00 +3.5956e-01 +6.2482e-01 -1.0466e+00 -1.2228e+00 +1.0579e-01 +1.1723e-01
5402 0 +9.779108131e+00 -1.693508919e+02 -1.693508919e+02 +1.2005e+00 -3.2006e+00 +5.9775e-01 -2.5020e+00 +7.6676e-01 +7.8760e-01 -1.2596e+00 -1.4435e+00 +4.5345e-02 -1.8102e-02
5507 0 +9.693637602e+00 -1.694363624e+02 -1.694363624e+02 +7.4902e-01 -2.5706e+00 +5.7680e-01 -1.8136e+00 +2.8075e-01 +5.1267e-01 -1.0323e+00 -1.0370e+00 +3.1891e-01 -3.7022e-02
5601 0 +8.136195923e+00 -1.709938041e+02 -1.709938041e+02 +7.3231e-01 -2.7183e+00 +4.3285e-01 -1.8549e+00 +1.6299e-01 +5.0975e-01 -1.0484e+00 -1.0955e+00 +3.2701e-01 -8.6483e-02
5612 0 +7.922588701e+00 -1.712074113e+02 -1.712074113e+02 +8.3625e-01 -3.4187e+00 +7.0206e-01 -2.3785e+00 +4.7594e-01 +5.9385e-01 -1.4994e+00 -1.5362e+00 +2.4528e-01 +2.2487e-01
5801 0 +5.341530873e+00 -1.737884691e+02 -1.737884691e+02 +9.5528e-01 -4.0890e+00 +1.6887e+00 -3.4487e+00 +4.1062e-01 +8.6833e-01 -1.7991e+00 -3.3946e+00 -3.2303e-01 +5.0665e-01
6706 0 +4.962415724e+00 -1.741675843e+02 -1.741675843e+02 +7.9245e-01 -2.5021e+00 +1.0640e+00 -2.9711e+00 +2.7201e-01 +5.0402e-01 -1.3572e+00 -1.9690e+00 -4.4127e-02 +2.2313e-02
6799 0 +4.870758174e+00 -1.742592418e+02 -1.742592418e+02 +7.8784e-01 -2.3795e+00 +7.3094e-01 -2.6639e+00 +3.7773e-01 +5.7538e-01 -9.2159e-01 -1.8323e+00 -2.1419e-01 -5.6508e-02
6820 0 +4.470032111e+00 -1.746599679e+02 -1.746599679e+02 +6.9126e-01 -2.4587e+00 +6.7915e-01 -2.7594e+00 +3.4016e-01 +4.5517e-01 -1.0309e+00 -1.7420e+00 -2.6751e-01 -1.9062e-02
6904 0 +3.680687084e+00 -1.754493129e+02 -1.754493129e+02 +7.8565e-01 -2.6633e+00 +7.4332e-01 -3.0082e+00 +5.9184e-01 +5.3493e-01 -1.1856e+00 -2.0511e+00 -2.1447e-01 -8.0936e-02
8818 0 +3.139979826e+00 -1.759900202e+02 -1.759900202e+02 +1.2079e+00 -2.7220e+00 +8.5279e-01 -3.1448e+00 +6.7383e-01 +1.2027e+00 -1.3424e+00 -2.0406e+00 -4.7792e-01 -1.2652e-01
9003 0 +2.830195126e+00 -1.762998049e+02 -1.762998049e+02 +1.2840e+00 -3.0849e+00 +8.7236e-01 -3.5507e+00 +8.0722e-01 +1.5913e+00 -1.4126e+00 -2.1959e+00 -6.3407e-01 -2.4986e-01
9406 0 +2.600106877e+00 -1.765298931e+02 -1.765298931e+02 +1.3443e+00 -3.1720e+00 +9.2116e-01 -3.6767e+00 +8.3737e-01 +1.7270e+00 -1.2647e+00 -2.3384e+00 -6.6916e-01 -2.1181e-01
% f evaluations | g evaluations | best noise-free fitness - Fopt (-5.784000000000e+02) + sum g_i+ | measured fitness | best measured fitness or single-digit g-values | x1 | x2...
1 0 +1.040182503e+03 +4.617825028e+02 +4.617825028e+02 +2.5742e+00 +1.0067e+00 +2.1543e+00 +4.2877e+00 +3.8818e+00 +4.8269e+00 -2.1913e+00 -3.3290e+00 -1.9012e+00 -4.0083e+00
2 0 +8.504910722e+01 -4.933508928e+02 -4.933508928e+02 -3.2060e+00 -1.7634e+00 -2.4778e+00 -2.6870e+00 +3.6314e+00 -9.1411e-01 +1.9303e+00 +3.7031e+00 +2.1665e+00 +2.0764e+00
10 0 +8.307307504e+01 -4.953269250e+02 -4.953269250e+02 -8.5347e-01 +2.5452e+00 -4.0354e+00 -4.9820e+00 +2.8628e+00 +1.1949e-01 +5.9790e-01 -1.0191e+00 -1.0503e+00 -2.8023e+00
19 0 +7.521692869e+01 -5.031830713e+02 -5.031830713e+02 -1.1201e+00 -3.5537e+00 -4.6831e+00 -1.0708e-01 -2.6720e+00 +6.6522e-01 +3.5186e+00 -4.3312e-02 +3.7670e+00 -4.0117e+00
41 0 +6.129227667e+01 -5.171077233e+02 -5.171077233e+02 -3.8255e+00 -1.2491e+00 -2.9818e+00 -2.8908e+00 +7.9308e-01 -2.2614e+00 +2.1872e+00 +2.9955e+00 +2.7083e+00 -4.8044e+00
77 0 +3.671816004e+01 -5.416818400e+02 -5.416818400e+02 -9.5715e-01 +2.2724e+00 +1.2159e+00 +1.9588e+00 -2.4946e-01 -3.7862e+00 -2.8672e+00 -1.1685e+00 +9.3253e-01 -4.5121e+00
401 0 +3.333795992e+01 -5.450620401e+02 -5.450620401e+02 -2.3020e+00 +3.9453e+00 -3.7393e+00 -1.2325e+00 +1.1158e+00 +1.2623e-01 -3.8041e+00 +4.5002e-01 -2.3440e+00 -4.9167e+00
404 0 +3.187493515e+01 -5.465250648e+02 -5.465250648e+02 -2.7167e+00 +3.8162e+00 -3.4097e+00 -5.4793e-01 +2.7507e-01 +1.6099e-01 -3.9156e+00 +4.6788e-01 -2.1056e+00 -4.8695e+00
1110 0 +3.131791368e+01 -5.470820863e+02 -5.470820863e+02 -2.2258e+00 +3.7905e+00 -4.0594e+00 -6.4762e-01 +4.8118e-02 -2.5577e-01 -3.9174e+00 +3.4686e-01 -2.1764e+00 -3.8267e+00
1501 0 +2.745195297e+01 -5.509480470e+02 -5.509480470e+02 -2.3846e+00 +3.3600e+00 -3.1373e+00 -7.5257e-01 +6.1738e-01 +1.4877e-02 -3.1517e+00 +2.6514e-01 -1.6094e+00 -4.1936e+00
1505 0 +2.537504373e+01 -5.530249563e+02 -5.530249563e+02 -2.1065e+00 +2.8966e+00 -3.0108e+00 -6.6898e-01 +7.5139e-01 -1.3897e-02 -3.6659e+00 +1.1027e-01 -1.3218e+00 -4.4938e+00
2210 0 +2.450317730e+01 -5.538968227e+02 -5.538968227e+02 -2.8762e+00 +3.8058e+00 -3.3235e+00 -5.9759e-01 +7.5781e-01 -3.9680e-01 -4.0974e+00 +1.8968e-01 -1.9123e+00 -4.1106e+00
3242 0 +2.276722460e+01 -5.556327754e+02 -5.556327754e+02 -2.1069e+00 +2.9685e+00 -2.9891e+00 -7.1908e-01 +4.4743e-01 -4.0270e-01 -3.6289e+00 +2.4738e-01 -1.0011e+00 -3.7297e+00
3502 0 +1.471262512e+01 -5.636873749e+02 -5.636873749e+02 -2.6210e+00 +2.4539e+00 -2.7197e+00 -2.8194e-01 +4.4235e-01 -2.3284e+00 -4.0693e+00 -4.6240e-01 +7.3185e-03 -3.6275e+00
5361 0 +1.376841768e+01 -5.646315823e+02 -5.646315823e+02 -2.5545e+00 +2.5556e+00 -3.3399e+00 -4.4741e-02 +7.4504e-01 -2.5259e+00 -4.4522e+00 -6.6282e-02 -3.0108e-01 -4.1091e+00
5811 0 +1.347269183e+01 -5.649273082e+02 -5.649273082e+02 -2.7136e+00 +2.8666e+00 -3.3589e+00 -7.8240e-02 +8.5878e-01 -2.7514e+00 -3.9291e+00 +1.2049e-01 -1.6526e-01 -3.6647e+00
6216 0 +1.313236521e+01 -5.652676348e+02 -5.652676348e+02 -2.6949e+00 +3.2444e+00 -3.6094e+00 -1.4049e-01 +1.0068e+00 -3.1198e+00 -3.9224e+00 +1.8596e-01 -2.0797e-01 -3.6026e+00
7213 0 +1.273086130e+01 -5.656691387e+02 -5.656691387e+02 -2.9601e+00 +2.8373e+00 -3.5404e+00 -3.6785e-02 +4.4218e-01 -2.8415e+00 -4.3379e+00 -1.6337e-01 -1.0235e-01 -3.6465e+00
7314 0 +1.112356778e+01 -5.672764322e+02 -5.672764322e+02 -2.6392e+00 +3.7623e+00 -4.5602e+00 -2.9442e-01 +5.6234e-01 -3.3249e+00 -4.2761e+00 +1.2190e+00 +2.2017e-01 -3.2483e+00
7901 0 +9.144971426e+00 -5.692550286e+02 -5.692550286e+02 -2.5235e+00 +2.6153e+00 -3.5544e+00 -6.7677e-02 +6.3072e-01 -2.6662e+00 -3.8282e+00 +1.1436e+00 +6.7886e-01 -3.3498e+00
9303 0 +8.963651162e+00 -5.694363488e+02 -5.694363488e+02 -3.2560e+00 +3.8252e+00 -3.8618e+00 -7.2175e-01 +5.7145e-01 -3.3284e+00 -4.8206e+00 +8.5227e-01 -1.3078e-01 -3.2640e+00
% f evaluations | g evaluations | best noise-free fitness - Fopt (1.000000000000e+03) + sum g_i+ | measured fitness | best measured fitness or single-digit g-values | x1 | x2...
1 0 +2.038876788e+02 +1.203887679e+03 +1.203887679e+03 +2.9169e+00 -8.5543e-01 +3.7012e+00 -1.2111e+00 +1.7771e+00 -3.7890e+00 +2.6894e+00 +1.5013e+00 -3.8056e+00 -2.8038e+00
2 0 +5.035234509e+01 +1.050352345e+03 +1.050352345e+03 +8.7028e-01 -5.7143e-01 -1.5017e-01 +1.6358e-01 -1.6562e+00 -1.5525e+00 -3.3249e-01 +2.6340e+00 -1.3422e-01 +2.2839e+00
16 0 +3.552285978e+01 +1.035522860e+03 +1.035522860e+03 -3.5319e+00 -2.6267e+00 +1.6372e+00 -4.1539e+00 +1.5535e+00 +2.8947e+00 -3.4671e+00 +4.7224e+00 -2.5636e+00 +3.4616e+00
128 0 +2.843059630e+01 +1.028430596e+03 +1.028430596e+03 -4.9983e-01 -7.9965e-01 -2.5013e-01 -1.2031e+00 -5.0706e-01 +3.6994e-01 -1.1647e+00 +8.0636e-01 +3.2994e-02 +1.3449e+00
135 0 +2.478948281e+01 +1.024789483e+03 +1.024789483e+03 -6.2309e-01 -1.0107e+00 -2.2982e-01 -1.4998e+00 -6.2134e-01 +4.0557e-01 -1.3416e+00 +1.0052e+00 +4.1130e-02 +1.6780e+00
137 0 +2.204226983e+01 +1.022042270e+03 +1.022042270e+03 -5.4700e-01 -8.7513e-01 -1.1677e-01 -1.3167e+00 -5.8079e-01 +1.9369e-01 -1.1365e+00 +8.8247e-01 +3.6108e-02 +1.6391e+00
138 0 +1.825512656e+01 +1.018255127e+03 +1.018255127e+03 -1.0791e+00 -1.7265e+00 -1.1269e-01 -2.5976e+00 -1.0832e+00 +7.9871e-01 -2.3235e+00 +1.9011e+00 -1.7819e-01 +2.9401e+00
148 0 +1.573510902e+01 +1.015735109e+03 +1.015735109e+03 -4.8631e-01 -1.0629e+00 -1.4182e-01 -1.5992e+00 -7.0540e-01 +4.9172e-01 -1.3152e+00 +1.0718e+00 +4.3855e-02 +1.8373e+00
705 0 +1.525764614e+01 +1.015257646e+03 +1.015257646e+03 -7.5936e-01 -8.4929e-01 -3.6024e-01 -1.7425e+00 -6.4379e-01 +4.2419e-01 -1.0146e+00 +1.0650e+00 +1.5159e-01 +1.7760e+00
1503 0 +1.502705272e+01 +1.015027053e+03 +1.015027053e+03 -7.8619e-01 -1.0366e+00 +4.5498e-01 -1.8330e+00 -9.6780e-01 +5.7403e-01 -9.7338e-01 +1.0431e+00 +4.2724e-02 +2.0167e+00
1607 0 +1.321367816e+01 +1.013213678e+03 +1.013213678e+03 -7.7588e-01 -8.3268e-01 +8.6864e-02 -1.8708e+00 -1.1948e+00 +6.5465e-01 -9.5063e-01 +1.2100e+00 -1.5632e-02 +2.1089e+00
1902 0 +1.221380229e+01 +1.012213802e+03 +1.012213802e+03 -6.3701e-01 -1.1119e+00 +2.2535e-01 -1.5585e+00 -5.5438e-01 +7.0045e-01 -1.1391e+00 +1.0982e+00 +1.6397e-01 +1.6477e+00
3106 0 +1.137356815e+01 +1.011373568e+03 +1.011373568e+03 -1.0087e+00 -1.1747e+00 +4.4312e-01 -1.3708e+00 -1.0923e+00 +8.3988e-01 -1.0780e+00 +9.6996e-01 +1.3187e-01 +2.1498e+00
3704 0 +1.050228440e+01 +1.010502284e+03 +1.010502284e+03 -9.9784e-01 -1.2171e+00 +4.6952e-01 -2.0818e+00 -1.0614e+00 +8.4062e-01 -5.8276e-01 +6.6758e-01 +2.3393e-01 +2.4669e+00
4308 0 +1.044531467e+01 +1.010445315e+03 +1.010445315e+03 -7.3994e-01 -1.7908e+00 +8.0429e-01 -1.8507e+00 -9.8975e-01 +1.4436e+00 -8.8895e-01 +5.8658e-01 +1.1650e-01 +2.3902e+00
5217 0 +9.773470114e+00 +1.009773470e+03 +1.009773470e+03 -1.1379e+00 -1.5507e+00 +8.0468e-01 -1.6543e+00 -1.0563e+00 +1.0196e+00 -1.0193e+00 +8.1379e-01 +2.3441e-01 +2.2242e+00
5414 0 +9.453684204e+00 +1.009453684e+03 +1.009453684e+03 -1.0227e+00 -1.2048e+00 +7.3101e-03 -1.9960e+00 -1.0145e+00 +5.4635e-01 -5.0866e-01 +5.2899e-01 +1.2330e-01 +2.6889e+00
% f evaluations | g evaluations | best noise-free fitness - Fopt (-3.427000000000e+01) + sum g_i+ | measured fitness | best measured fitness or single-digit g-values | x1 | x2...
1 0 +1.937660474e+02 +1.594960474e+02 +1.594960474e+02 -4.7149e+00 -2.0148e+00 -1.9287e+00 +1.2107e+00 +2.5613e+00 +3.9355e+00 +4.7673e+00 +2.5331e+00 +4.6132e+00 -7.5902e-01
2 0 +4.763187824e+01 +1.336187824e+01 +1.336187824e+01 -3.5429e+00 +7.1693e-01 +8.2324e-01 -3.3808e-01 -2.4986e+00 +3.0505e+00 +3.4806e+00 -2.8896e+00 -4.6295e+00 -1.2858e+00
20 0 +3.265182432e+01 -1.618175684e+00 -1.618175684e+00 +3.7053e+00 +2.8260e-01 +2.0565e+00 +8.5555e-01 +9.5768e-01 +2.3641e+00 +4.8334e-01 -2.5688e+00 -6.8228e-01 +1.3344e+00
56 0 +3.047792933e+01 -3.792070670e+00 -3.792070670e+00 +2.9864e+00 +1.6452e+00 +4.6892e+00 -9.2434e-01 +2.2625e+00 +8.2562e-01 +1.9729e+00 +3.4788e-01 +2.0776e+00 -4.9984e+00
126 0 +2.080185070e+01 -1.346814930e+01 -1.346814930e+01 +1.4494e+00 -3.6526e-01 +1.7840e+00 -1.2660e+00 +1.7013e+00 +4.5730e-01 +1.4696e+00 +1.8936e-01 +6.2021e-01 -8.4230e-01
133 0 +1.950445451e+01 -1.476554549e+01 -1.476554549e+01 +1.5713e+00 -3.9599e-01 +2.1655e+00 -1.3031e+00 +1.6688e+00 +7.5419e-01 +1.4154e+00 +2.0529e-01 +6.5227e-01 -8.7746e-01
149 0 +1.887764702e+01 -1.539235298e+01 -1.539235298e+01 +4.2419e-03 +1.6114e-01 +5.3852e-03 -3.4731e-03 +4.5051e-03 +1.6838e-03 +1.3450e-01 -2.0211e-02 +1.7609e-03 -2.6312e-03
158 0 +1.553100580e+01 -1.873899420e+01 -1.873899420e+01 +2.4251e+00 -5.9574e-01 +2.8259e+00 -1.9355e+00 +2.5346e+00 +9.3214e-01 +2.1799e+00 +3.0998e-01 +8.3293e-01 -1.5351e+00
170 0 +1.323421832e+01 -2.103578168e+01 -2.103578168e+01 +2.2935e+00 -5.7339e-01 +2.7909e+00 -2.0423e+00 +2.3967e+00 +9.0315e-01 +2.1326e+00 +2.9726e-01 +9.4448e-01 -1.4113e+00
1901 0 +1.281956079e+01 -2.145043921e+01 -2.145043921e+01 +1.5722e+00 -1.2401e-01 +2.2487e+00 -1.7093e+00 +7.4509e-01 -1.1055e+00 +2.9866e+00 +4.6713e-01 +9.5522e-01 -2.1503e+00
2113 0 +9.965763276e+00 -2.430423672e+01 -2.430423672e+01 +1.0116e+00 -1.2185e-01 +1.4893e+00 -1.1178e+00 +7.1830e-01 -3.3389e-01 +1.9105e+00 +5.3227e-02 +1.4129e-02 -1.2899e+00
3123 0 +9.626160408e+00 -2.464383959e+01 -2.464383959e+01 +1.4125e+00 -2.3547e-01 +1.5603e+00 -1.1891e+00 +1.0273e+00 -4.7423e-01 +2.2342e+00 +3.6827e-03 +4.0369e-01 -1.6032e+00
3139 0 +8.892635776e+00 -2.537736422e+01 -2.537736422e+01 +1.5640e+00 +2.2356e-01 +1.5529e+00 -8.7436e-01 +1.1575e+00 -4.3224e-02 +1.8883e+00 +2.5462e-02 +2.7005e-01 -1.7307e+00
3301 0 +7.630467291e+00 -2.663953271e+01 -2.663953271e+01 +1.4329e+00 -1.1683e-01 +1.6469e+00 -1.2384e+00 +1.0414e+00 -6.0286e-01 +2.3992e+00 -2.8031e-02 +4.3830e-01 -1.5902e+00
3601 0 +6.621760398e+00 -2.764823960e+01 -2.764823960e+01 +2.2451e+00 +6.2532e-02 +1.8866e+00 -1.6895e+00 +9.7180e-01 -6.2833e-01 +2.5462e+00 +1.1988e-01 +9.5321e-01 -1.8722e+00
5002 0 +6.293193377e+00 -2.797680662e+01 -2.797680662e+01 +2.0860e+00 -1.0748e-01 +1.4767e+00 -1.3829e+00 +8.9116e-01 -7.1765e-01 +2.3002e+00 +1.1062e-01 +6.3374e-01 -1.6743e+00
9601 0 +6.091248504e+00 -2.817875150e+01 -2.817875150e+01 +2.9188e+00 -2.9440e-01 +6.9338e-01 -6.2868e-01 +4.0077e-01 -7.1275e-01 +2.2006e+00 +8.9535e-01 -3.2069e-01 -2.1237e+00
9902 0 +5.934971108e+00 -2.833502889e+01 -2.833502889e+01 +1.5810e+00 -1.7610e-01 +1.0870e-01 -1.3556e+00 +4.6279e-01 +5.0439e-02 +1.3848e+00 +6.2601e-01 -7.0561e-01 -2.0723e+00
% f evaluations | g evaluations | best noise-free fitness - Fopt (1.000000000000e+03) + sum g_i+ | measured fitness | best measured fitness or single-digit g-values | x1 | x2...
1 0 +7.548850410e+01 +1.075488504e+03 +1.075488504e+03 +3.8694e+00 +5.2213e-01 +1.0831e+00 -3.0823e+00 -4.5600e+00 +4.3071e+00 +3.3499e+00 +4.3158e+00 -3.6320e+00 +3.9846e+00
2 0 +5.835952847e+01 +1.058359528e+03 +1.058359528e+03 -1.9049e+00 +1.4641e+00 -1.7876e+00 +1.7537e+00 -4.2313e+00 -3.5701e+00 -3.8566e-01 +1.7401e+00 +3.4476e+00 -2.3932e+00
4 0 +5.188116219e+01 +1.051881162e+03 +1.051881162e+03 -1.8360e+00 +9.4680e-02 +1.1395e-01 -4.1099e+00 +1.1725e+00 +9.2440e-01 -2.6714e-01 +3.0044e+00 -4.8342e+00 +2.9901e+00
10 0 +4.076870569e+01 +1.040768706e+03 +1.040768706e+03 -7.2617e-01 -4.7438e-01 +1.2623e+00 -8.4572e-01 -2.9248e+00 +1.9167e+00 -7.7313e-01 +5.1118e-01 +4.1799e+00 +2.9744e+00
44 0 +3.737550001e+01 +1.037375500e+03 +1.037375500e+03 -1.4075e+00 +2.7742e+00 -1.2653e+00 -4.2478e+00 +2.8895e+00 -2.2678e+00 -1.9354e+00 +4.0839e+00 -7.4761e-02 +1.3050e+00
126 0 +3.178199586e+01 +1.031781996e+03 +1.031781996e+03 -5.1112e-01 +6.6878e-01 +2.1269e-02 -4.4220e-01 -4.4598e-01 +2.2866e-01 +4.7831e-02 +1.4742e-01 +5.2488e-01 +6.8246e-01
127 0 +2.591204691e+01 +1.025912047e+03 +1.025912047e+03 -3.2558e-02 +5.0173e-02 -1.0891e-02 +5.8627e-02 -1.5037e-01 +1.8764e-02 +3.9251e-03 +1.2097e-02 -1.2608e-02 -1.5109e-01
128 0 +2.539313231e+01 +1.025393132e+03 +1.025393132e+03 -1.3063e+00 +1.5427e+00 -3.6032e-01 -1.5549e+00 -6.5940e-01 +6.1850e-01 +2.3673e-01 +4.0023e-01 +1.3716e+00 +1.5814e+00
129 0 +2.165692890e+01 +1.021656929e+03 +1.021656929e+03 -3.2104e-01 +2.0925e-01 +1.3788e-02 -2.3790e-01 -9.4518e-02 -3.7881e-03 +1.0423e-01 +1.5399e-01 +1.7820e-01 +4.4517e-02
133 0 +1.824773996e+01 +1.018247740e+03 +1.018247740e+03 -1.2860e-01 +2.3317e-01 -5.0613e-02 -1.5582e-01 -2.2634e-01 +8.7204e-02 +1.5818e-01 +5.6220e-02 +1.7457e-01 +2.3433e-01
151 0 +1.607411040e+01 +1.016074110e+03 +1.016074110e+03 -7.5805e-01 +1.0435e+00 -2.2651e-01 -9.7750e-01 -5.3190e-01 +3.9027e-01 -4.0133e-02 +2.5161e-01 +8.9584e-01 +1.3049e+00
244 0 +1.460067211e+01 +1.014600672e+03 +1.014600672e+03 -3.8638e-01 +4.9269e-01 -1.0695e-01 -4.5861e-01 -2.3683e-01 +1.8632e-01 +6.4360e-02 +1.3963e-01 +4.1691e-01 +3.9398e-01
418 0 +1.292266238e+01 +1.012922662e+03 +1.012922662e+03 -3.0599e-01 +7.9331e-01 +1.1484e-01 -5.9287e-01 -4.0954e-01 +4.6076e-01 +1.5037e-01 +2.4288e-01 +6.2051e-01 +1.6605e+00
1103 0 +1.219025731e+01 +1.012190257e+03 +1.012190257e+03 -4.3837e-01 +1.4344e+00 -5.2863e-01 -6.8003e-01 -1.9075e-01 +3.8224e-01 -8.9171e-02 -4.7241e-01 +1.6757e-01 +9.3831e-01
1108 0 +1.044337693e+01 +1.010443377e+03 +1.010443377e+03 +8.0866e-02 +1.2054e+00 +2.7203e-01 -5.7051e-01 -3.8182e-01 +8.5289e-01 +1.1489e-01 -8.2669e-01 +6.2121e-02 +5.7955e-01
2376 0 +1.002943134e+01 +1.010029431e+03 +1.010029431e+03 -1.4563e-03 +5.6438e-01 -1.5511e-02 -2.1597e-01 -2.2266e-01 +3.3711e-01 -7.2510e-02 -4.3277e-01 -7.5003e-02 +3.1110e-01
3403 0 +7.656865404e+00 +1.007656865e+03 +1.007656865e+03 +3.6261e-01 +8.8568e-01 -2.4647e-01 -6.0792e-01 -4.9682e-01 +9.3188e-01 -8.9853e-02 -1.1721e+00 +1.4793e-01 +4.2094e-01
3604 0 +7.498849810e+00 +1.007498850e+03 +1.007498850e+03 +2.1494e-01 +7.7597e-01 +7.4799e-02 -4.7788e-01 -2.2684e-01 +7.9035e-01 -2.7948e-01 -7.5363e-01 +3.3222e-02 +4.2423e-01
4101 0 +6.808900344e+00 +1.006808900e+03 +1.006808900e+03 +4.0017e-02 +1.0379e+00 +4.1553e-01 -8.2017e-01 -5.9847e-01 +1.0555e+00 -6.4000e-02 -1.0214e+00 +2.0644e-01 +7.0896e-01
4302 0 +6.036736934e+00 +1.006036737e+03 +1.006036737e+03 +9.5963e-03 +1.2618e+00 +6.8264e-01 -5.8742e-01 -2.5694e-01 +7.8454e-01 -1.7007e-01 -1.1396e+00 -7.0006e-02 -1.3621e-01
4907 0 +4.937778585e+00 +1.004937779e+03 +1.004937779e+03 +2.8954e-01 +1.3042e+00 +5.1104e-01 -6.9118e-01 -4.3938e-01 +1.3882e+00 -1.4419e-01 -7.1916e-01 +4.1850e-01 +3.1553e-01
5302 0 +4.281656637e+00 +1.004281657e+03 +1.004281657e+03 +4.0617e-01 +1.3886e+00 +7.2362e-01 -1.5525e+00 -6.4531e-01 +1.3542e+00 -9.6415e-02 -1.0270e+00 +6.9186e-01 +2.1015e-01
5407 0 +3.353949409e+00 +1.003353949e+03 +1.003353949e+03 +2.3915e-01 +1.2111e+00 +8.6438e-01 -9.3631e-01 -5.6990e-01 +1.9611e+00 +4.5312e-03 -1.1422e+00 +5.5138e-01 +4.3399e-01
9313 0 +3.132695684e+00 +1.003132696e+03 +1.003132696e+03 +6.2163e-02 +1.0130e+00 +6.1060e-01 -6.2959e-01 -7.7172e-01 +2.2278e+00 -2.1531e-01 -9.9472e-01 +6.3114e-01 +8.2855e-01
% f evaluations | g evaluations | best noise-free fitness - Fopt (-1.700300000000e+02) + sum g_i+ | measured fitness | best measured fitness or single-digit g-values | x1 | x2...
1 0 +9.881218076e+01 -7.121781924e+01 -7.121781924e+01 -1.4117e+00 -1.9133e+00 -1.4033e+00 -3.3087e+00 +2.6855e+00 +3.3114e+00 +1.9468e+00 -3.7278e+00 +3.5900e-01 +2.5113e+00
2 0 +9.451427047e+01 -7.551572953e+01 -7.551572953e+01 -4.0045e+00 -7.1777e-02 +4.8866e+00 +4.1593e+00 -4.9193e+00 -4.9875e+00 +3.8871e+00 -9.7940e-01 -1.1825e+00 -3.0423e+00
3 0 +5.725664249e+01 -1.127733575e+02 -1.127733575e+02 -9.8952e-01 -4.4224e+00 +4.5182e+00 -9.7583e-01 -1.9716e+00 -1.7835e+00 +1.8121e+00 +3.8799e-01 -4.6124e+00 +2.1014e+00
18 0 +5.621568733e+01 -1.138143127e+02 -1.138143127e+02 -4.7078e+00 +6.0970e-01 -3.2323e+00 +2.8061e+00 -4.4143e+00 +1.8509e+00 +4.2106e+00 -4.2191e+00 -3.9445e+00 -3.2796e+00
19 0 +4.599347358e+01 -1.240365264e+02 -1.240365264e+02 -1.9439e+00 +1.9983e+00 -1.2603e+00 +3.4084e-01 +2.6688e+00 -3.0481e+00 +1.7387e+00 +1.2739e+00 -4.8684e+00 -1.5236e+00
35 0 +4.222839892e+01 -1.278016011e+02 -1.278016011e+02 -8.4282e-01 +1.9616e+00 -2.2829e+00 +3.4743e+00 -7.7278e-01 +9.6562e-01 -2.8967e+00 -3.4226e+00 -1.2324e+00 +3.0028e+00
46 0 +3.214952661e+01 -1.378804734e+02 -1.378804734e+02 +7.6365e-01 +1.5250e+00 -3.3324e+00 +4.1707e+00 -3.9034e+00 +1.2643e+00 -1.0626e+00 -2.8238e+00 -8.6439e-02 +1.8130e+00
136 0 +2.878315842e+01 -1.412468416e+02 -1.412468416e+02 -1.1265e+00 +4.6654e-01 -2.0473e+00 +2.0202e+00 -4.5478e-01 -1.0703e-01 -1.1416e+00 -2.4778e+00 -8.6047e-01 -7.6444e-01
146 0 +2.209156451e+01 -1.479384355e+02 -1.479384355e+02 -1.3259e+00 +6.2620e-01 -2.0364e+00 +1.9789e+00 -4.5234e-01 +6.4523e-02 -1.1123e+00 -2.4646e+00 -7.6628e-01 -6.6874e-01
151 0 +1.987379241e+01 -1.501562076e+02 -1.501562076e+02 -1.0210e+00 +4.7425e-01 -1.8355e+00 +1.8776e+00 -3.5171e-01 -2.6887e-02 -1.0235e+00 -2.1227e+00 -7.6394e-01 -6.0278e-01
185 0 +1.917842454e+01 -1.508515755e+02 -1.508515755e+02 -9.9402e-01 +4.4057e-01 -1.8066e+00 +1.8776e+00 -4.0131e-01 -7.8859e-02 -9.2618e-01 -2.1865e+00 -6.7982e-01 -5.9329e-01
511 0 +1.842427166e+01 -1.516057283e+02 -1.516057283e+02 -1.3142e+00 +5.8132e-01 -2.3801e+00 +2.1874e+00 -3.9996e-01 -2.5880e-01 -9.9426e-01 -2.8797e+00 -7.7308e-01 -1.1419e+00
1912 0 +1.784878299e+01 -1.521812170e+02 -1.521812170e+02 -1.0721e+00 +2.1665e-01 -2.5584e+00 +1.8865e+00 +9.4541e-03 -2.8130e-01 -9.7945e-01 -2.4557e+00 -6.0265e-01 -7.8789e-01
2402 0 +1.757847440e+01 -1.524515256e+02 -1.524515256e+02 -1.2996e+00 +5.2080e-01 -2.6532e+00 +2.4970e+00 -2.3261e-01 +1.3252e-01 -3.9463e-01 -2.6039e+00 -6.1790e-01 -6.9944e-01
2502 0 +1.608588614e+01 -1.539441139e+02 -1.539441139e+02 -1.0226e+00 +5.1252e-01 -2.0726e+00 +2.5670e+00 -5.1133e-01 +1.5926e-01 -7.0173e-01 -2.2295e+00 -5.5199e-01 -4.7256e-01
2801 0 +1.467268039e+01 -1.553573196e+02 -1.553573196e+02 -9.9693e-01 +4.3705e-01 -2.4807e+00 +2.2309e+00 -4.1915e-02 +1.5789e-01 -5.4491e-01 -2.3667e+00 -3.0336e-01 -4.6389e-01
4801 0 +1.355703167e+01 -1.564729683e+02 -1.564729683e+02 -5.5140e-01 +3.1333e-01 -2.9428e+00 +2.7569e+00 -2.2055e-01 +1.4602e-01 -6.4255e-01 -2.3785e+00 -4.7240e-01 -6.9961e-01
5204 0 +1.270676224e+01 -1.573232378e+02 -1.573232378e+02 -1.3758e-01 +2.5561e-01 -3.0369e+00 +2.6637e+00 +2.0130e-02 -9.7283e-02 -7.9996e-01 -1.8026e+00 -1.0064e+00 -4.0856e-01
5603 0 +1.248618890e+01 -1.575438111e+02 -1.575438111e+02 -3.7591e-01 +3.2477e-01 -2.8235e+00 +2.6734e+00 -3.9267e-01 +6.7712e-01 -6.3578e-01 -2.1629e+00 -6.2624e-01 -9.1950e-01
5701 0 +1.194286821e+01 -1.580871318e+02 -1.580871318e+02 -3.9635e-01 +3.1528e-01 -3.1806e+00 +2.8820e+00 -4.1684e-01 +8.7211e-01 -6.3482e-01 -2.4127e+00 -5.8050e-01 -1.0546e+00
5702 0 +1.058412114e+01 -1.594458789e+02 -1.594458789e+02 -3.8722e-01 +4.4216e-01 -2.6860e+00 +2.5995e+00 +6.0902e-02 -1.8815e-02 -4.6632e-01 -1.8711e+00 -6.5344e-01 -6.3196e-01
9402 0 +9.121870400e+00 -1.609081296e+02 -1.609081296e+02 +3.4134e-01 +7.8456e-01 -2.6886e+00 +3.0811e+00 -5.6969e-01 -2.2085e-01 -2.8381e-01 -1.8246e+00 -1.2688e+00 -9.4097e-01
% f evaluations | g evaluations | best noise-free fitness - Fopt (2.567000000000e+01) + sum g_i+ | measured fitness | best measured fitness or single-digit g-values | x1 | x2...
1 0 +2.271096884e+02 +2.527796884e+02 +2.527796884e+02 -3.1355e+00 +2.4317e+00 +1.0425e+00 -4.0540e+00 +4.7072e+00 -4.7965e+00 +4.9696e+00 +2.3362e+00 -2.6698e-01 -2.3539e+00
2 0 +1.231512579e+02 +1.488212579e+02 +1.488212579e+02 +1.6637e+00 +1.6550e+00 -2.3475e+00 -2.6065e+00 -2.4422e+00 -2.4582e+00 -1.1377e+00 -4.5349e+00 +3.9810e+00 -3.7022e-01
3 0 +8.438571633e+01 +1.100557163e+02 +1.100557163e+02 +6.5011e-01 -4.4348e+00 +4.4989e+00 +6.9954e-01 +1.9068e+00 +2.0782e+00 -4.7197e+00 -4.9755e+00 +1.3123e+00 +2.1475e+00
4 0 +6.853814489e+01 +9.420814489e+01 +9.420814489e+01 +7.5730e-01 +3.3092e+00 +3.6543e+00 +1.2102e+00 -3.9288e+00 +3.2213e+00 -2.2579e+00 -3.7034e+00 -2.1781e+00 -2.1176e+00
8 0 +4.518137578e+01 +7.085137578e+01 +7.085137578e+01 -2.9765e+00 -2.1212e+00 +1.8276e-01 +4.5476e+00 -4.4339e+00 +4.4604e+00 +1.0023e+00 -1.9630e+00 -3.3856e+00 -2.1154e+00
29 0 +3.918376587e+01 +6.485376587e+01 +6.485376587e+01 +2.9047e+00 +2.6293e-02 +2.4745e+00 -4.8391e+00 -4.3875e+00 +6.4244e-01 -1.7033e+00 -4.2352e+00 -7.3255e-01 -4.9719e+00
73 0 +3.832292071e+01 +6.399292071e+01 +6.399292071e+01 -2.6621e+00 -2.3429e+00 +2.8504e+00 +4.3360e+00 -2.2031e+00 -1.0016e-01 -1.3440e+00 -1.4596e+00 -2.1872e+00 -4.7617e+00
126 0 +3.635326756e+01 +6.202326756e+01 +6.202326756e+01 -2.1364e+00 -1.1143e+00 +2.9460e+00 -6.0129e-02 -2.3832e+00 +2.1036e+00 -2.3125e+00 -2.2448e+00 +4.1033e-02 -1.7678e+00
127 0 +2.909346947e+01 +5.476346947e+01 +5.476346947e+01 -6.7943e-01 -4.2564e-01 +1.2186e+00 -1.2899e-02 -9.8458e-01 +8.4979e-01 -9.9964e-01 -8.2330e-01 +1.5816e-02 -7.3101e-01
129 0 +2.786245460e+01 +5.353245460e+01 +5.353245460e+01 -1.4568e+00 -7.2354e-01 +1.7700e+00 -6.5414e-04 -1.3401e+00 +1.2618e+00 -1.2672e+00 -1.2972e+00 +2.3405e-02 -9.6025e-01
130 0 +2.668708137e+01 +5.235708137e+01 +5.235708137e+01 -2.1722e+00 -1.2575e+00 +2.7014e+00 -2.8594e-02 -2.2347e+00 +1.8838e+00 -2.2160e+00 -2.2095e+00 +3.7627e-02 -1.6205e+00
137 0 +2.321537746e+01 +4.888537746e+01 +4.888537746e+01 -1.8576e+00 -9.1338e-01 +2.1811e+00 -2.4817e-02 -1.8943e+00 +1.7165e+00 -1.8623e+00 -1.8101e+00 +1.2898e-01 -1.4065e+00
184 0 +2.177466554e+01 +4.744466554e+01 +4.744466554e+01 -1.7415e+00 -8.5632e-01 +2.0526e+00 -1.0224e-01 -1.7263e+00 +1.5402e+00 -1.8032e+00 -1.7209e+00 +5.8289e-02 -1.3186e+00
239 0 +1.889478185e+01 +4.456478185e+01 +4.456478185e+01 -1.2109e+00 -6.0613e-01 +1.5152e+00 -1.0893e-01 -1.2427e+00 +1.0809e+00 -1.1654e+00 -1.0798e+00 +1.1527e-01 -9.3099e-01
5403 0 +1.764429879e+01 +4.331429879e+01 +4.331429879e+01 +3.5516e-01 -1.7552e+00 +2.4446e+00 -2.0033e+00 -2.3854e-01 +7.1818e-01 -1.4759e+00 -6.8369e-01 -6.2666e-01 -2.4889e-01
5915 0 +1.297273649e+01 +3.864273649e+01 +3.864273649e+01 +2.2732e-01 -1.4678e+00 +1.8687e+00 -1.7057e+00 -1.8872e-01 +1.0900e+00 -6.4534e-01 -1.4621e-01 -4.0858e-01 -2.4879e-01
7407 0 +8.918476843e+00 +3.458847684e+01 +3.458847684e+01 +3.5290e-01 -1.6248e+00 +1.6612e+00 -2.0162e+00 -2.6861e-01 +1.0011e+00 -1.0154e+00 +1.9348e-01 -4.5622e-01 -1.1273e+00
8067 0 +8.646432494e+00 +3.431643249e+01 +3.431643249e+01 +3.4369e-01 -1.6618e+00 +1.5680e+00 -1.9398e+00 -7.3061e-02 +8.4696e-01 -1.1231e+00 +1.3205e-01 -4.3152e-01 -1.0474e+00
8202 0 +5.331592472e+00 +3.100159247e+01 +3.100159247e+01 +8.4288e-01 -1.5557e+00 +1.6975e+00 -2.5947e+00 -4.0110e-02 +7.6444e-01 -1.7934e+00 +2.5233e-01 -4.5975e-01 -1.9664e+00
9304 0 +5.083620163e+00 +3.075362016e+01 +3.075362016e+01 +8.5116e-01 -1.8292e+00 +1.9429e+00 -2.7643e+00 -3.0029e-01 +9.5462e-01 -1.5491e+00 +5.8082e-01 -6.3605e-01 -1.5772e+00
9903 0 +3.880383724e+00 +2.955038372e+01 +2.955038372e+01 +8.9377e-01 -2.0751e+00 +2.0687e+00 -3.0947e+00 -2.4031e-01 +1.2799e+00 -1.6976e+00 +1.1730e+00 -4.9464e-01 -1.7043e+00
% f evaluations | g evaluations | best noise-free fitness - Fopt (2.081800000000e+02) + sum g_i+ | measured fitness | best measured fitness or single-digit g-values | x1 | x2...
1 0 +4.495198271e+02 +6.576998271e+02 +6.576998271e+02 +4.5487e+00 -3.5328e+00 -1.6537e+00 -1.7793e-01 -3.5329e+00 +1.7969e+00 +2.1735e+00 -7.8782e-01 +2.9706e+00 -2.0190e+00
2 0 +2.292198476e+02 +4.373998476e+02 +4.373998476e+02 -2.1463e+00 +4.4872e+00 -3.6813e+00 +4.3148e+00 +6.8418e-01 -1.9562e+00 +4.3133e+00 +2.2302e-01 +1.3522e+00 -4.8585e+00
3 0 +8.984228342e+01 +2.980222834e+02 +2.980222834e+02 +3.2565e+00 +3.9908e+00 -3.0062e+00 -2.9256e+00 -1.2956e-01 -1.6408e+00 +4.1772e+00 +2.2802e+00 +2.8590e+00 +1.3590e+00
4 0 +7.724672398e+01 +2.854267240e+02 +2.854267240e+02 -3.8189e+00 -4.4099e-01 +1.5501e+00 -4.9140e-01 -1.0973e+00 -2.2341e+00 +3.6527e+00 +3.6781e+00 -1.5314e+00 -3.5867e+00
7 0 +6.962026175e+01 +2.778002617e+02 +2.778002617e+02 +3.3204e+00 +1.6413e+00 -2.2673e+00 +1.3477e+00 +1.3309e+00 -1.4492e+00 -1.9059e+00 -1.9388e-01 +2.8071e+00 -2.6633e+00
9 0 +3.972536966e+01 +2.479053697e+02 +2.479053697e+02 -2.9580e+00 +9.2476e-01 -3.4260e+00 -4.6532e+00 -3.1138e+00 +1.8231e-01 -9.0501e-01 +2.7470e+00 -1.0109e+00 +1.5077e+00
12 0 +2.912769809e+01 +2.373076981e+02 +2.373076981e+02 -3.9197e-01 +1.7239e+00 -2.5167e+00 -2.3101e+00 -4.7310e+00 +1.3100e+00 +4.8379e-02 -1.1318e+00 -3.9524e+00 -3.8216e-01
128 0 +2.663646878e+01 +2.348164688e+02 +2.348164688e+02 -9.8133e-01 +1.1199e+00 -7.7165e-01 -1.2069e+00 -1.6504e+00 -8.0298e-01 -6.2506e-01 -1.2920e-01 -1.1986e+00 -7.2648e-01
144 0 +2.559857747e+01 +2.337785775e+02 +2.337785775e+02 -6.4072e-01 +7.3190e-01 -5.9735e-01 -7.0836e-01 -1.1599e+00 -5.8019e-01 -4.1990e-01 -5.3954e-02 -8.0520e-01 -6.0222e-01
192 0 +2.392376814e+01 +2.321037681e+02 +2.321037681e+02 -2.0126e-01 +4.6805e-01 -1.6496e-01 -4.8598e-01 -3.8986e-01 -5.4838e-03 -1.3649e-01 -6.1270e-02 -2.5624e-01 -1.7036e-01
248 0 +2.147699993e+01 +2.296569999e+02 +2.296569999e+02 -3.2204e-01 +6.0784e-01 -2.4177e-01 -3.8128e-01 -6.4714e-01 -2.1801e-01 -2.1047e-01 -8.1114e-03 -3.9912e-01 -2.9077e-01
315 0 +2.056651727e+01 +2.287465173e+02 +2.287465173e+02 +7.9906e-02 -1.2413e-01 +2.9098e-01 +1.0208e-01 +1.7626e-01 +3.2261e-01 -4.5941e-02 -9.4039e-02 +8.1221e-02 +2.2034e-01
415 0 +1.950828790e+01 +2.276882879e+02 +2.276882879e+02 +2.8270e-01 +2.0004e-01 +1.1561e-01 -2.6579e-01 +2.2605e-01 +5.8531e-01 -9.9734e-02 +5.7607e-02 +4.8448e-01 +5.1127e-01
618 0 +1.732955771e+01 +2.255095577e+02 +2.255095577e+02 -1.5483e-01 -2.2803e-03 -6.6107e-02 -1.4905e-01 -2.9432e-02 +1.6383e-01 -9.6202e-02 -5.2656e-03 -1.4553e-02 +1.1926e-01
902 0 +1.673754525e+01 +2.249175453e+02 +2.249175453e+02 -1.9263e-01 +3.9055e-02 -1.3305e-01 -1.5759e-02 -2.3106e-01 +1.0197e-01 -1.4768e-01 -7.9752e-02 -9.8566e-02 +1.4591e-01
1408 0 +1.515533090e+01 +2.233353309e+02 +2.233353309e+02 -1.3201e+00 +2.7756e-01 +3.5888e-02 -1.0965e+00 -1.1768e-01 +1.1760e-01 -1.3281e-02 -3.3114e-01 +1.4552e-01 +1.8252e+00
1501 0 +1.416399661e+01 +2.223439966e+02 +2.223439966e+02 -2.1581e+00 +3.9941e-01 +1.7070e-01 -1.8410e+00 -2.4536e-01 +5.6787e-02 -1.6153e-02 -5.1344e-01 +3.1883e-01 +3.1922e+00
1806 0 +1.328348016e+01 +2.214634802e+02 +2.214634802e+02 -1.4282e+00 +2.7095e-02 -1.7158e-01 -6.8678e-01 -1.3839e-01 +1.6279e-01 -3.6856e-01 -3.2582e-01 +2.8328e-01 +1.9989e+00
1822 0 +1.278101980e+01 +2.209610198e+02 +2.209610198e+02 -1.8668e+00 +2.6726e-01 -4.8780e-01 -5.9826e-01 -6.5005e-01 -1.2704e-02 -2.2678e-01 -4.8295e-01 -3.1219e-01 +1.9906e+00
2001 0 +1.015715979e+01 +2.183371598e+02 +2.183371598e+02 -2.6338e+00 +3.7072e-01 -7.6392e-01 -6.4734e-01 -1.0402e+00 -1.7364e-01 -3.4976e-01 -5.8074e-01 -5.1202e-01 +2.7519e+00
2301 0 +8.201637095e+00 +2.163816371e+02 +2.163816371e+02 -1.9725e+00 +2.0261e-01 -6.2403e-01 -8.4891e-01 -5.5994e-01 -3.3864e-01 -3.0783e-01 -1.6826e-01 -3.4731e-01 +2.4884e+00
3620 0 +8.014874503e+00 +2.161948745e+02 +2.161948745e+02 -1.4866e+00 +9.6681e-02 -2.1039e-01 -1.1286e+00 -6.1118e-01 +2.0585e-01 +2.0556e-02 -6.5738e-01 -5.7080e-01 +1.7787e+00
3801 0 +7.328081660e+00 +2.155080817e+02 +2.155080817e+02 -2.4235e+00 +2.1095e-01 -2.1480e-01 -1.2628e+00 -1.0475e+00 +3.0252e-01 -3.6987e-01 -5.0159e-01 -6.8282e-01 +2.4050e+00
3802 0 +6.571950677e+00 +2.147519507e+02 +2.147519507e+02 -1.9263e+00 +3.6843e-01 -3.6934e-01 -1.6424e+00 -8.1959e-01 -3.2510e-01 -1.1386e-01 -7.4144e-01 -9.0775e-01 +2.4956e+00
3889 0 +5.119592220e+00 +2.132995922e+02 +2.132995922e+02 -1.8602e+00 -1.4724e-01 -6.2599e-01 -1.0168e+00 -6.6677e-01 +3.0162e-01 -2.0074e-01 -3.3016e-01 -7.1520e-01 +2.0461e+00
4901 0 +4.299599531e+00 +2.124795995e+02 +2.124795995e+02 -2.3783e+00 -4.2179e-01 -6.6788e-02 -1.0130e+00 -8.0641e-01 +5.8263e-01 -2.5210e-01 -1.5605e-01 -7.6546e-01 +2.3487e+00
5921 0 +4.230210054e+00 +2.124102101e+02 +2.124102101e+02 -2.0965e+00 -4.0784e-01 +6.2828e-02 -1.1338e+00 -6.0255e-01 +8.9501e-01 -4.2914e-01 -6.5272e-01 -2.1983e-01 +2.3822e+00
6907 0 +3.574200156e+00 +2.117542002e+02 +2.117542002e+02 -2.4085e+00 -1.0919e+00 +1.5585e-01 -1.4724e+00 -1.0669e+00 +1.0198e+00 -4.1936e-01 -3.2677e-01 -4.5532e-01 +2.1577e+00
7107 0 +3.443892674e+00 +2.116238927e+02 +2.116238927e+02 -2.7292e+00 -3.5263e-01 +1.2207e-01 -1.0437e+00 -7.3732e-01 +1.2645e+00 -1.6957e-01 -2.3127e-01 -4.9721e-01 +2.0823e+00
7306 0 +3.049575768e+00 +2.112295758e+02 +2.112295758e+02 -2.7026e+00 -3.4414e-01 +1.1956e-01 -1.0466e+00 -7.6826e-01 +1.2780e+00 -1.6511e-01 -1.9363e-01 -5.0280e-01 +2.0587e+00
8903 0 +2.941591641e+00 +2.111215916e+02 +2.111215916e+02 -2.8863e+00 -8.5037e-01 +2.3438e-02 -1.2670e+00 -1.2468e+00 +1.0980e+00 -4.6114e-01 -8.0275e-02 -4.0254e-01 +1.9450e+00
10002 0 +2.148515923e+00 +2.103285159e+02 +2.103285159e+02 -2.5721e+00 -7.2422e-01 +1.3968e-01 -1.0755e+00 -1.0951e+00 +1.2753e+00 -1.4351e-01 -3.4478e-01 -7.8423e-01 +1.8224e+00
