% f evaluations | g evaluations | best noise-free fitness - Fopt (7.135000000000e+01) + sum g_i+ | measured fitness | best measured fitness or single-digit g-values | x1 | x2...
1 0 +7.426478064e+01 +1.456147806e+02 +1.456147806e+02
7 0 +6.804039377e+01 +1.393903938e+02 +1.393903938e+02
8 0 +5.793566697e+01 +1.292856670e+02 +1.292856670e+02
29 0 +5.567802598e+01 +1.270280260e+02 +1.270280260e+02
68 0 +5.022099743e+01 +1.215709974e+02 +1.215709974e+02
144 0 +4.973958703e+01 +1.210895870e+02 +1.210895870e+02
200 0 +4.828505562e+01 +1.196350556e+02 +1.196350556e+02
207 0 +4.688848912e+01 +1.182384891e+02 +1.182384891e+02
393 0 +4.559249150e+01 +1.169424915e+02 +1.169424915e+02
1185 0 +4.464421766e+01 +1.159942177e+02 +1.159942177e+02
1342 0 +4.204177043e+01 +1.133917704e+02 +1.133917704e+02
1619 0 +4.066859083e+01 +1.120185908e+02 +1.120185908e+02
1807 0 +3.976033649e+01 +1.111103365e+02 +1.111103365e+02
1971 0 +3.840525210e+01 +1.097552521e+02 +1.097552521e+02
2116 0 +3.713231885e+01 +1.084823189e+02 +1.084823189e+02
2301 0 +3.396833020e+01 +1.053183302e+02 +1.053183302e+02
3329 0 +3.056906188e+01 +1.019190619e+02 +1.019190619e+02
3703 0 +2.882365076e+01 +1.001736508e+02 +1.001736508e+02
5601 0 +2.657356267e+01 +9.792356267e+01 +9.792356267e+01
6301 0 +2.580486948e+01 +9.715486948e+01 +9.715486948e+01
13331 0 +2.545812827e+01 +9.680812827e+01 +9.680812827e+01
15702 0 +2.438445741e+01 +9.573445741e+01 +9.573445741e+01
17101 0 +2.326134022e+01 +9.461134022e+01 +9.461134022e+01
19915 0 +2.234777123e+01 +9.369777123e+01 +9.369777123e+01
23501 0 +2.170319759e+01 +9.305319759e+01 +9.305319759e+01
28672 0 +1.977011518e+01 +9.112011518e+01 +9.112011518e+01
% f evaluations | g evaluations | best noise-free fitness - Fopt (-3.552200000000e+02) + sum g_i+ | measured fitness | best measured fitness or single-digit g-values | x1 | x2...
1 0 +7.331104455e+01 -2.819089555e+02 -2.819089555e+02
2 0 +6.783277702e+01 -2.873872230e+02 -2.873872230e+02
7 0 +6.704995370e+01 -2.881700463e+02 -2.881700463e+02
17 0 +6.213190164e+01 -2.930880984e+02 -2.930880984e+02
24 0 +6.048608722e+01 -2.947339128e+02 -2.947339128e+02
82 0 +5.754165164e+01 -2.976783484e+02 -2.976783484e+02
83 0 +4.798980224e+01 -3.072301978e+02 -3.072301978e+02
503 0 +4.547428456e+01 -3.097457154e+02 -3.097457154e+02
708 0 +4.348845707e+01 -3.117315429e+02 -3.117315429e+02
1405 0 +4.034441401e+01 -3.148755860e+02 -3.148755860e+02
1408 0 +3.897269668e+01 -3.162473033e+02 -3.162473033e+02
1602 0 +3.696745611e+01 -3.182525439e+02 -3.182525439e+02
2611 0 +3.529341992e+01 -3.199265801e+02 -3.199265801e+02
3203 0 +3.075619684e+01 -3.244638032e+02 -3.244638032e+02
3702 0 +2.804547885e+01 -3.271745211e+02 -3.271745211e+02
4839 0 +2.652152944e+01 -3.286984706e+02 -3.286984706e+02
6101 0 +2.623562359e+01 -3.289843764e+02 -3.289843764e+02
7702 0 +2.559966188e+01 -3.296203381e+02 -3.296203381e+02
8067 0 +2.504630837e+01 -3.301736916e+02 -3.301736916e+02
8306 0 +2.224866258e+01 -3.329713374e+02 -3.329713374e+02
8707 0 +1.860941310e+01 -3.366105869e+02 -3.366105869e+02
12402 0 +1.753384772e+01 -3.376861523e+02 -3.376861523e+02
12605 0 +1.685288172e+01 -3.383671183e+02 -3.383671183e+02
13263 0 +1.607709458e+01 -3.391429054e+02 -3.391429054e+02
26989 0 +1.430528542e+01 -3.409147146e+02 -3.409147146e+02
% f evaluations | g evaluations | best noise-free fitness - Fopt (9.917000000000e+01) + sum g_i+ | measured fitness | best measured fitness or single-digit g-values | x1 | x2...
1 0 +9.020380255e+01 +1.893738025e+02 +1.893738025e+02
3 0 +5.614426702e+01 +1.553142670e+02 +1.553142670e+02
33 0 +5.301898255e+01 +1.521889826e+02 +1.521889826e+02
63 0 +5.132143357e+01 +1.504914336e+02 +1.504914336e+02
303 0 +4.903233954e+01 +1.482023395e+02 +1.482023395e+02
475 0 +4.871508302e+01 +1.478850830e+02 +1.478850830e+02
507 0 +4.548438004e+01 +1.446543800e+02 +1.446543800e+02
712 0 +4.444804917e+01 +1.436180492e+02 +1.436180492e+02
802 0 +4.334553858e+01 +1.425155386e+02 +1.425155386e+02
902 0 +4.191002757e+01 +1.410800276e+02 +1.410800276e+02
1202 0 +4.141616535e+01 +1.405861653e+02 +1.405861653e+02
1506 0 +3.951399429e+01 +1.386839943e+02 +1.386839943e+02
1604 0 +3.747357563e+01 +1.366435756e+02 +1.366435756e+02
2001 0 +3.592962466e+01 +1.350996247e+02 +1.350996247e+02
2696 0 +3.419716621e+01 +1.333671662e+02 +1.333671662e+02
2701 0 +3.338774681e+01 +1.325577468e+02 +1.325577468e+02
3759 0 +3.026576838e+01 +1.294357684e+02 +1.294357684e+02
4218 0 +3.015426050e+01 +1.293242605e+02 +1.293242605e+02
4633 0 +2.617737730e+01 +1.253473773e+02 +1.253473773e+02
5458 0 +2.474835805e+01 +1.239183581e+02 +1.239183581e+02
13192 0 +2.447502109e+01 +1.236450211e+02 +1.236450211e+02
13311 0 +2.197432763e+01 +1.211443276e+02 +1.211443276e+02
13401 0 +1.895168401e+01 +1.181216840e+02 +1.181216840e+02
15708 0 +1.724704835e+01 +1.164170484e+02 +1.164170484e+02
26503 0 +1.674318777e+01 +1.159131878e+02 +1.159131878e+02
% f evaluations | g evaluations | best noise-free fitness - Fopt (-5.179100000000e+02) + sum g_i+ | measured fitness | best measured fitness or single-digit g-values | x1 | x2...
1 0 +8.424553663e+01 -4.336644634e+02 -4.336644634e+02
3 0 +7.529885630e+01 -4.426111437e+02 -4.426111437e+02
9 0 +6.575217671e+01 -4.521578233e+02 -4.521578233e+02
16 0 +5.994469000e+01 -4.579653100e+02 -4.579653100e+02
28 0 +5.612406953e+01 -4.617859305e+02 -4.617859305e+02
55 0 +4.698696721e+01 -4.709230328e+02 -4.709230328e+02
128 0 +4.235325833e+01 -4.755567417e+02 -4.755567417e+02
175 0 +4.091366483e+01 -4.769963352e+02 -4.769963352e+02
217 0 +3.759700508e+01 -4.803129949e+02 -4.803129949e+02
815 0 +3.598997647e+01 -4.819200235e+02 -4.819200235e+02
1001 0 +3.105547622e+01 -4.868545238e+02 -4.868545238e+02
1218 0 +3.000921966e+01 -4.879007803e+02 -4.879007803e+02
1308 0 +2.853396530e+01 -4.893760347e+02 -4.893760347e+02
1727 0 +2.778814302e+01 -4.901218570e+02 -4.901218570e+02
2277 0 +2.647902654e+01 -4.914309735e+02 -4.914309735e+02
2301 0 +2.628711770e+01 -4.916228823e+02 -4.916228823e+02
3603 0 +2.553198629e+01 -4.923780137e+02 -4.923780137e+02
3788 0 +2.470811907e+01 -4.932018809e+02 -4.932018809e+02
4811 0 +2.436073325e+01 -4.935492667e+02 -4.935492667e+02
4820 0 +2.381844954e+01 -4.940915505e+02 -4.940915505e+02
6214 0 +2.339999049e+01 -4.945100095e+02 -4.945100095e+02
30385 0 +2.242079748e+01 -4.954892025e+02 -4.954892025e+02
36101 0 +2.002451699e+01 -4.978854830e+02 -4.978854830e+02
% f evaluations | g evaluations | best noise-free fitness - Fopt (-5.721000000000e+01) + sum g_i+ | measured fitness | best measured fitness or single-digit g-values | x1 | x2...
1 0 +7.194126455e+01 +1.473126455e+01 +1.473126455e+01
5 0 +6.543256798e+01 +8.222567975e+00 +8.222567975e+00
6 0 +5.954073931e+01 +2.330739305e+00 +2.330739305e+00
36 0 +4.877752171e+01 -8.432478293e+00 -8.432478293e+00
508 0 +4.388791043e+01 -1.332208957e+01 -1.332208957e+01
601 0 +4.070325654e+01 -1.650674346e+01 -1.650674346e+01
2603 0 +3.897002079e+01 -1.823997921e+01 -1.823997921e+01
2792 0 +3.825734817e+01 -1.895265183e+01 -1.895265183e+01
3012 0 +3.396131854e+01 -2.324868146e+01 -2.324868146e+01
3201 0 +3.374664481e+01 -2.346335519e+01 -2.346335519e+01
3301 0 +3.139439516e+01 -2.581560484e+01 -2.581560484e+01
3782 0 +2.924260175e+01 -2.796739825e+01 -2.796739825e+01
4643 0 +2.592198820e+01 -3.128801180e+01 -3.128801180e+01
5401 0 +2.085940120e+01 -3.635059880e+01 -3.635059880e+01
5710 0 +1.904773620e+01 -3.816226380e+01 -3.816226380e+01
10920 0 +1.621786752e+01 -4.099213248e+01 -4.099213248e+01
12168 0 +1.556195592e+01 -4.164804408e+01 -4.164804408e+01
13213 0 +1.515778429e+01 -4.205221571e+01 -4.205221571e+01
13601 0 +1.384192507e+01 -4.336807493e+01 -4.336807493e+01
13701 0 +1.372200737e+01 -4.348799263e+01 -4.348799263e+01
13801 0 +1.160534273e+01 -4.560465727e+01 -4.560465727e+01
% f evaluations | g evaluations | best noise-free fitness - Fopt (-9.250000000000e+00) + sum g_i+ | measured fitness | best measured fitness or single-digit g-values | x1 | x2...
1 0 +7.003956098e+01 +6.078956098e+01 +6.078956098e+01
11 0 +4.839037835e+01 +3.914037835e+01 +3.914037835e+01
208 0 +4.371727867e+01 +3.446727867e+01 +3.446727867e+01
601 0 +4.299936660e+01 +3.374936660e+01 +3.374936660e+01
1301 0 +4.036002353e+01 +3.111002353e+01 +3.111002353e+01
1501 0 +3.947917899e+01 +3.022917899e+01 +3.022917899e+01
2701 0 +3.673058274e+01 +2.748058274e+01 +2.748058274e+01
2802 0 +3.501996893e+01 +2.576996893e+01 +2.576996893e+01
2903 0 +2.809226915e+01 +1.884226915e+01 +1.884226915e+01
4457 0 +2.515252890e+01 +1.590252890e+01 +1.590252890e+01
4609 0 +2.480541488e+01 +1.555541488e+01 +1.555541488e+01
4902 0 +2.302145666e+01 +1.377145666e+01 +1.377145666e+01
6701 0 +2.244510344e+01 +1.319510344e+01 +1.319510344e+01
7901 0 +2.085693952e+01 +1.160693952e+01 +1.160693952e+01
13910 0 +1.929980191e+01 +1.004980191e+01 +1.004980191e+01
14112 0 +1.859443717e+01 +9.344437168e+00 +9.344437168e+00
32801 0 +1.815574882e+01 +8.905748818e+00 +8.905748818e+00
36997 0 +1.664893633e+01 +7.398936327e+00 +7.398936327e+00
38101 0 +1.638869537e+01 +7.138695368e+00 +7.138695368e+00
% f evaluations | g evaluations | best noise-free fitness - Fopt (4.206100000000e+02) + sum g_i+ | measured fitness | best measured fitness or single-digit g-values | x1 | x2...
1 0 +9.064575650e+01 +5.112557565e+02 +5.112557565e+02
2 0 +5.888246986e+01 +4.794924699e+02 +4.794924699e+02
20 0 +5.617946243e+01 +4.767894624e+02 +4.767894624e+02
27 0 +5.372043027e+01 +4.743304303e+02 +4.743304303e+02
30 0 +4.632220838e+01 +4.669322084e+02 +4.669322084e+02
46 0 +4.368932962e+01 +4.642993296e+02 +4.642993296e+02
326 0 +2.880641568e+01 +4.494164157e+02 +4.494164157e+02
352 0 +2.809792323e+01 +4.487079232e+02 +4.487079232e+02
549 0 +2.750489710e+01 +4.481148971e+02 +4.481148971e+02
579 0 +2.669510434e+01 +4.473051043e+02 +4.473051043e+02
723 0 +2.556528726e+01 +4.461752873e+02 +4.461752873e+02
1032 0 +2.220244752e+01 +4.428124475e+02 +4.428124475e+02
1057 0 +2.182431087e+01 +4.424343109e+02 +4.424343109e+02
1401 0 +2.101957009e+01 +4.416295701e+02 +4.416295701e+02
1506 0 +1.988282855e+01 +4.404928285e+02 +4.404928285e+02
25133 0 +1.889215904e+01 +4.395021590e+02 +4.395021590e+02
% f evaluations | g evaluations | best noise-free fitness - Fopt (2.088100000000e+02) + sum g_i+ | measured fitness | best measured fitness or single-digit g-values | x1 | x2...
1 0 +5.855834862e+01 +2.673683486e+02 +2.673683486e+02
36 0 +5.610251530e+01 +2.649125153e+02 +2.649125153e+02
201 0 +5.318623275e+01 +2.619962327e+02 +2.619962327e+02
302 0 +5.114800507e+01 +2.599580051e+02 +2.599580051e+02
413 0 +4.224651791e+01 +2.510565179e+02 +2.510565179e+02
701 0 +3.823375560e+01 +2.470437556e+02 +2.470437556e+02
2319 0 +3.381991339e+01 +2.426299134e+02 +2.426299134e+02
3712 0 +3.101730256e+01 +2.398273026e+02 +2.398273026e+02
3802 0 +2.915968823e+01 +2.379696882e+02 +2.379696882e+02
4804 0 +2.819117167e+01 +2.370011717e+02 +2.370011717e+02
5602 0 +2.465263159e+01 +2.334626316e+02 +2.334626316e+02
6301 0 +2.379598290e+01 +2.326059829e+02 +2.326059829e+02
11206 0 +2.290431127e+01 +2.317143113e+02 +2.317143113e+02
14301 0 +2.200572579e+01 +2.308157258e+02 +2.308157258e+02
19301 0 +2.136828953e+01 +2.301782895e+02 +2.301782895e+02
20721 0 +1.889464130e+01 +2.277046413e+02 +2.277046413e+02
39102 0 +1.823218108e+01 +2.270421811e+02 +2.270421811e+02
39296 0 +1.590566564e+01 +2.247156656e+02 +2.247156656e+02
% f evaluations | g evaluations | best noise-free fitness - Fopt (-1.310000000000e+01) + sum g_i+ | measured fitness | best measured fitness or single-digit g-values | x1 | x2...
1 0 +1.049614425e+02 +9.186144249e+01 +9.186144249e+01
2 0 +8.118598123e+01 +6.808598123e+01 +6.808598123e+01
5 0 +6.848506147e+01 +5.538506147e+01 +5.538506147e+01
8 0 +6.671287996e+01 +5.361287996e+01 +5.361287996e+01
13 0 +5.890990325e+01 +4.580990325e+01 +4.580990325e+01
21 0 +5.138222967e+01 +3.828222967e+01 +3.828222967e+01
22 0 +4.794783790e+01 +3.484783790e+01 +3.484783790e+01
87 0 +4.650685739e+01 +3.340685739e+01 +3.340685739e+01
901 0 +4.500839913e+01 +3.190839913e+01 +3.190839913e+01
1204 0 +4.315154655e+01 +3.005154655e+01 +3.005154655e+01
1301 0 +4.124863191e+01 +2.814863191e+01 +2.814863191e+01
1401 0 +3.484300612e+01 +2.174300612e+01 +2.174300612e+01
3901 0 +2.989206987e+01 +1.679206987e+01 +1.679206987e+01
4312 0 +2.886017878e+01 +1.576017878e+01 +1.576017878e+01
5867 0 +2.841377221e+01 +1.531377221e+01 +1.531377221e+01
6103 0 +2.786269497e+01 +1.476269497e+01 +1.476269497e+01
30223 0 +2.703074742e+01 +1.393074742e+01 +1.393074742e+01
31905 0 +2.446820527e+01 +1.136820527e+01 +1.136820527e+01
% f evaluations | g evaluations | best noise-free fitness - Fopt (1.311800000000e+02) + sum g_i+ | measured fitness | best measured fitness or single-digit g-values | x1 | x2...
1 0 +8.201454058e+01 +2.131945406e+02 +2.131945406e+02
2 0 +6.687922967e+01 +1.980592297e+02 +1.980592297e+02
24 0 +5.886571967e+01 +1.900457197e+02 +1.900457197e+02
26 0 +4.148039639e+01 +1.726603964e+02 +1.726603964e+02
5608 0 +3.988278530e+01 +1.710627853e+02 +1.710627853e+02
5821 0 +3.875710016e+01 +1.699371002e+02 +1.699371002e+02
6673 0 +3.502860438e+01 +1.662086044e+02 +1.662086044e+02
7611 0 +3.080041825e+01 +1.619804182e+02 +1.619804182e+02
14603 0 +2.981262505e+01 +1.609926251e+02 +1.609926251e+02
14627 0 +2.794657318e+01 +1.591265732e+02 +1.591265732e+02
14823 0 +2.740373787e+01 +1.585837379e+02 +1.585837379e+02
14903 0 +2.480169533e+01 +1.559816953e+02 +1.559816953e+02
15103 0 +2.244019021e+01 +1.536201902e+02 +1.536201902e+02
15585 0 +2.085251808e+01 +1.520325181e+02 +1.520325181e+02
16355 0 +1.977466379e+01 +1.509546638e+02 +1.509546638e+02
16606 0 +1.838724418e+01 +1.495672442e+02 +1.495672442e+02
17026 0 +1.698775513e+01 +1.481677551e+02 +1.481677551e+02
34701 0 +1.665948689e+01 +1.478394869e+02 +1.478394869e+02
35501 0 +1.548810762e+01 +1.466681076e+02 +1.466681076e+02
% f evaluations | g evaluations | best noise-free fitness - Fopt (-2.984000000000e+01) + sum g_i+ | measured fitness | best measured fitness or single-digit g-values | x1 | x2...
1 0 +6.022568652e+01 +3.038568652e+01 +3.038568652e+01
15 0 +4.186774529e+01 +1.202774529e+01 +1.202774529e+01
1601 0 +4.136749352e+01 +1.152749352e+01 +1.152749352e+01
1736 0 +3.922304590e+01 +9.383045896e+00 +9.383045896e+00
2304 0 +3.886061229e+01 +9.020612290e+00 +9.020612290e+00
2305 0 +3.505329910e+01 +5.213299102e+00 +5.213299102e+00
2402 0 +3.155368436e+01 +1.713684364e+00 +1.713684364e+00
3306 0 +2.960943020e+01 -2.305698011e-01 -2.305698011e-01
3615 0 +2.900224414e+01 -8.377558612e-01 -8.377558612e-01
3801 0 +2.723198055e+01 -2.608019454e+00 -2.608019454e+00
4604 0 +2.559055214e+01 -4.249447859e+00 -4.249447859e+00
5001 0 +2.405955994e+01 -5.780440064e+00 -5.780440064e+00
6702 0 +2.211363427e+01 -7.726365728e+00 -7.726365728e+00
8438 0 +1.964333759e+01 -1.019666241e+01 -1.019666241e+01
15503 0 +1.934942991e+01 -1.049057009e+01 -1.049057009e+01
18652 0 +1.716383830e+01 -1.267616170e+01 -1.267616170e+01
19068 0 +1.555393673e+01 -1.428606327e+01 -1.428606327e+01
39388 0 +1.498220201e+01 -1.485779799e+01 -1.485779799e+01
% f evaluations | g evaluations | best noise-free fitness - Fopt (-2.972800000000e+02) + sum g_i+ | measured fitness | best measured fitness or single-digit g-values | x1 | x2...
1 0 +7.798151753e+01 -2.192984825e+02 -2.192984825e+02
5 0 +6.559200870e+01 -2.316879913e+02 -2.316879913e+02
15 0 +5.896704264e+01 -2.383129574e+02 -2.383129574e+02
20 0 +5.801280412e+01 -2.392671959e+02 -2.392671959e+02
41 0 +5.649220257e+01 -2.407877974e+02 -2.407877974e+02
83 0 +5.042230771e+01 -2.468576923e+02 -2.468576923e+02
808 0 +4.955490092e+01 -2.477250991e+02 -2.477250991e+02
1101 0 +4.801654136e+01 -2.492634586e+02 -2.492634586e+02
1103 0 +4.487494197e+01 -2.524050580e+02 -2.524050580e+02
1118 0 +4.333895098e+01 -2.539410490e+02 -2.539410490e+02
1206 0 +4.133905414e+01 -2.559409459e+02 -2.559409459e+02
1303 0 +3.815960636e+01 -2.591203936e+02 -2.591203936e+02
1809 0 +3.779902422e+01 -2.594809758e+02 -2.594809758e+02
1893 0 +3.676378635e+01 -2.605162137e+02 -2.605162137e+02
1910 0 +3.578470682e+01 -2.614952932e+02 -2.614952932e+02
2002 0 +3.369566603e+01 -2.635843340e+02 -2.635843340e+02
2301 0 +3.123522819e+01 -2.660447718e+02 -2.660447718e+02
3874 0 +2.947319800e+01 -2.678068020e+02 -2.678068020e+02
5516 0 +2.828514719e+01 -2.689948528e+02 -2.689948528e+02
7902 0 +2.814568236e+01 -2.691343176e+02 -2.691343176e+02
8340 0 +2.687010714e+01 -2.704098929e+02 -2.704098929e+02
8509 0 +2.559576039e+01 -2.716842396e+02 -2.716842396e+02
9047 0 +2.450565034e+01 -2.727743497e+02 -2.727743497e+02
11208 0 +2.305678480e+01 -2.742232152e+02 -2.742232152e+02
17334 0 +2.290234599e+01 -2.743776540e+02 -2.743776540e+02
% f evaluations | g evaluations | best noise-free fitness - Fopt (6.878000000000e+01) + sum g_i+ | measured fitness | best measured fitness or single-digit g-values | x1 | x2...
1 0 +6.665771985e+01 +1.354377199e+02 +1.354377199e+02
8 0 +5.775538189e+01 +1.265353819e+02 +1.265353819e+02
33 0 +5.058784384e+01 +1.193678438e+02 +1.193678438e+02
42 0 +5.010771760e+01 +1.188877176e+02 +1.188877176e+02
502 0 +4.190743319e+01 +1.106874332e+02 +1.106874332e+02
4221 0 +3.902137094e+01 +1.078013709e+02 +1.078013709e+02
4702 0 +3.618427780e+01 +1.049642778e+02 +1.049642778e+02
5301 0 +3.469997394e+01 +1.034799739e+02 +1.034799739e+02
5408 0 +3.108437062e+01 +9.986437062e+01 +9.986437062e+01
8021 0 +3.067804128e+01 +9.945804128e+01 +9.945804128e+01
8107 0 +2.878703606e+01 +9.756703606e+01 +9.756703606e+01
8207 0 +2.332121467e+01 +9.210121467e+01 +9.210121467e+01
9630 0 +2.247270662e+01 +9.125270662e+01 +9.125270662e+01
12501 0 +1.903096155e+01 +8.781096155e+01 +8.781096155e+01
13703 0 +1.859119853e+01 +8.737119853e+01 +8.737119853e+01
15302 0 +1.709260710e+01 +8.587260710e+01 +8.587260710e+01
19815 0 +1.586464071e+01 +8.464464071e+01 +8.464464071e+01
% f evaluations | g evaluations | best noise-free fitness - Fopt (-8.021800000000e+02) + sum g_i+ | measured fitness | best measured fitness or single-digit g-values | x1 | x2...
1 0 +1.005556332e+02 -7.016243668e+02 -7.016243668e+02
2 0 +9.193935969e+01 -7.102406403e+02 -7.102406403e+02
3 0 +6.883419224e+01 -7.333458078e+02 -7.333458078e+02
6 0 +6.632917885e+01 -7.358508212e+02 -7.358508212e+02
13 0 +5.721301646e+01 -7.449669835e+02 -7.449669835e+02
60 0 +5.458277859e+01 -7.475972214e+02 -7.475972214e+02
74 0 +5.297292200e+01 -7.492070780e+02 -7.492070780e+02
119 0 +5.215447212e+01 -7.500255279e+02 -7.500255279e+02
157 0 +4.995989783e+01 -7.522201022e+02 -7.522201022e+02
511 0 +4.629399767e+01 -7.558860023e+02 -7.558860023e+02
701 0 +4.539792761e+01 -7.567820724e+02 -7.567820724e+02
709 0 +4.363553979e+01 -7.585444602e+02 -7.585444602e+02
721 0 +4.116452384e+01 -7.610154762e+02 -7.610154762e+02
1901 0 +4.038232556e+01 -7.617976744e+02 -7.617976744e+02
2001 0 +2.994743825e+01 -7.722325618e+02 -7.722325618e+02
2101 0 +2.787280706e+01 -7.743071929e+02 -7.743071929e+02
24391 0 +2.723631037e+01 -7.749436896e+02 -7.749436896e+02
25406 0 +2.614834604e+01 -7.760316540e+02 -7.760316540e+02
31601 0 +2.568178174e+01 -7.764982183e+02 -7.764982183e+02
31611 0 +2.334433778e+01 -7.788356622e+02 -7.788356622e+02
% f evaluations | g evaluations | best noise-free fitness - Fopt (1.611200000000e+02) + sum g_i+ | measured fitness | best measured fitness or single-digit g-values | x1 | x2...
1 0 +7.050408842e+01 +2.316240884e+02 +2.316240884e+02
5 0 +5.924805702e+01 +2.203680570e+02 +2.203680570e+02
10 0 +5.825144127e+01 +2.193714413e+02 +2.193714413e+02
29 0 +5.305004843e+01 +2.141700484e+02 +2.141700484e+02
37 0 +5.088593832e+01 +2.120059383e+02 +2.120059383e+02
61 0 +4.732723786e+01 +2.084472379e+02 +2.084472379e+02
522 0 +4.659388202e+01 +2.077138820e+02 +2.077138820e+02
1006 0 +4.375969826e+01 +2.048796983e+02 +2.048796983e+02
1103 0 +4.092954032e+01 +2.020495403e+02 +2.020495403e+02
1203 0 +3.910100985e+01 +2.002210099e+02 +2.002210099e+02
1501 0 +3.334133648e+01 +1.944613365e+02 +1.944613365e+02
2302 0 +3.100883656e+01 +1.921288366e+02 +1.921288366e+02
2801 0 +2.560791232e+01 +1.867279123e+02 +1.867279123e+02
3821 0 +2.472740651e+01 +1.858474065e+02 +1.858474065e+02
10401 0 +2.424012573e+01 +1.853601257e+02 +1.853601257e+02
10639 0 +2.342273519e+01 +1.845427352e+02 +1.845427352e+02
10993 0 +2.242540215e+01 +1.835454021e+02 +1.835454021e+02
11078 0 +2.080057246e+01 +1.819205725e+02 +1.819205725e+02
14501 0 +1.790142316e+01 +1.790214232e+02 +1.790214232e+02
14602 0 +1.651042725e+01 +1.776304272e+02 +1.776304272e+02
25402 0 +1.577711075e+01 +1.768971108e+02 +1.768971108e+02
