% f evaluations | g evaluations | best noise-free fitness - Fopt (-1.694000000000e+01) + sum g_i+ | measured fitness | best measured fitness or single-digit g-values | x1 | x2...
1 0 +7.978275473e+01 +6.284275473e+01 +6.284275473e+01 -2.8329e+00 +4.1221e+00 +3.2740e+00 -1.8021e+00 -6.0122e-01
3 0 +1.458632901e+01 -2.353670994e+00 -2.353670994e+00 +4.0292e+00 -3.4609e+00 +4.0799e+00 -3.0643e+00 +3.0620e+00
4 0 +1.031312877e+01 -6.626871233e+00 -6.626871233e+00 +4.5134e+00 +4.3868e+00 +3.1234e+00 -2.1715e+00 +1.3181e+00
41 0 +9.184448804e+00 -7.755551196e+00 -7.755551196e+00 +2.4528e-01 -6.8034e-01 -4.7871e+00 +2.4894e+00 +3.0307e-01
48 0 +5.411186698e+00 -1.152881330e+01 -1.152881330e+01 +4.1735e+00 +1.4964e+00 +8.1657e-01 +9.5432e-02 +1.2978e+00
163 0 +4.822395615e+00 -1.211760438e+01 -1.211760438e+01 +1.9366e+00 +1.2336e+00 -8.9952e-01 +5.1187e-01 +2.2422e+00
179 0 +4.210265074e+00 -1.272973493e+01 -1.272973493e+01 +2.9513e+00 +1.8356e+00 -2.1642e+00 -4.0773e-02 +2.0193e+00
198 0 +3.930857450e+00 -1.300914255e+01 -1.300914255e+01 +4.7276e+00 +3.1207e+00 -3.0135e+00 +1.6818e+00 -5.0240e-01
226 0 +3.136939468e+00 -1.380306053e+01 -1.380306053e+01 +3.3133e+00 +1.2556e+00 -1.9010e+00 +3.2944e+00 +7.4957e-01
280 0 +1.931833083e+00 -1.500816692e+01 -1.500816692e+01 +3.2010e+00 +2.7042e+00 -1.1718e+00 +2.3686e+00 +7.4995e-01
329 0 +1.776377832e+00 -1.516362217e+01 -1.516362217e+01 +2.4907e+00 +1.6082e+00 -1.7365e+00 +1.5952e+00 +7.8927e-01
351 0 +1.670907796e+00 -1.526909220e+01 -1.526909220e+01 +2.7038e+00 +2.1408e+00 -2.0845e+00 +1.6172e+00 +9.3590e-01
415 0 +1.527068862e+00 -1.541293114e+01 -1.541293114e+01 +3.4303e+00 +2.2168e+00 -1.0233e+00 +1.8677e+00 +4.9963e-01
422 0 +1.138508505e+00 -1.580149150e+01 -1.580149150e+01 +3.5680e+00 +2.3270e+00 -1.7413e+00 +1.8358e+00 +1.0796e+00
440 0 +1.100003244e+00 -1.583999676e+01 -1.583999676e+01 +3.6018e+00 +2.4166e+00 -1.1420e+00 +1.2927e+00 +5.1457e-01
539 0 +8.219855262e-01 -1.611801447e+01 -1.611801447e+01 +3.5492e+00 +2.4637e+00 -1.3745e+00 +1.8425e+00 +1.1359e+00
609 0 +5.891814582e-01 -1.635081854e+01 -1.635081854e+01 +3.1625e+00 +2.4284e+00 -1.6628e+00 +1.7010e+00 +1.0621e+00
726 0 +4.675098902e-01 -1.647249011e+01 -1.647249011e+01 +3.4842e+00 +2.3167e+00 -1.5939e+00 +1.6631e+00 +1.1323e+00
818 0 +2.370732497e-01 -1.670292675e+01 -1.670292675e+01 +3.3799e+00 +2.3622e+00 -1.6627e+00 +1.7126e+00 +1.2808e+00
1000 0 +2.196189816e-01 -1.672038102e+01 -1.672038102e+01 +3.3288e+00 +2.3622e+00 -1.6627e+00 +1.6137e+00 +1.2923e+00
1113 0 +1.715819518e-01 -1.676841805e+01 -1.676841805e+01 +3.4288e+00 +2.3652e+00 -1.6987e+00 +1.6464e+00 +1.3464e+00
1331 0 +1.556358221e-01 -1.678436418e+01 -1.678436418e+01 +3.4876e+00 +2.3846e+00 -1.6538e+00 +1.6202e+00 +1.3700e+00
1501 0 +1.471817903e-01 -1.679281821e+01 -1.679281821e+01 +3.4288e+00 +2.3210e+00 -1.6987e+00 +1.6464e+00 +1.3464e+00
1581 0 +1.344593902e-01 -1.680554061e+01 -1.680554061e+01 +3.3832e+00 +2.3869e+00 -1.6648e+00 +1.6639e+00 +1.3042e+00
1762 0 +1.311431591e-01 -1.680885684e+01 -1.680885684e+01 +3.3377e+00 +2.3773e+00 -1.7023e+00 +1.6238e+00 +1.3605e+00
1892 0 +1.232667202e-01 -1.681673328e+01 -1.681673328e+01 +3.4418e+00 +2.4206e+00 -1.6639e+00 +1.5960e+00 +1.3547e+00
2275 0 +8.390345066e-02 -1.685609655e+01 -1.685609655e+01 +3.6739e+00 +2.5221e+00 -1.5701e+00 +1.4547e+00 +1.4246e+00
2385 0 +7.333881661e-02 -1.686666118e+01 -1.686666118e+01 +3.6739e+00 +2.5436e+00 -1.5701e+00 +1.4547e+00 +1.4268e+00
3313 0 +4.975205468e-02 -1.689024795e+01 -1.689024795e+01 +3.6739e+00 +2.5562e+00 -1.5489e+00 +1.4547e+00 +1.4268e+00
4597 0 +4.819877404e-02 -1.689180123e+01 -1.689180123e+01 +3.6737e+00 +2.5668e+00 -1.5388e+00 +1.4865e+00 +1.4260e+00
4940 0 +4.580815197e-02 -1.689419185e+01 -1.689419185e+01 +3.6608e+00 +2.5629e+00 -1.5604e+00 +1.4715e+00 +1.4002e+00
% f evaluations | g evaluations | best noise-free fitness - Fopt (1.881000000000e+01) + sum g_i+ | measured fitness | best measured fitness or single-digit g-values | x1 | x2...
1 0 +2.624423824e+01 +4.505423824e+01 +4.505423824e+01 +4.3727e+00 -2.0023e+00 -2.0318e+00 +3.4288e+00 -3.2002e-01
2 0 +1.995394792e+01 +3.876394792e+01 +3.876394792e+01 +4.5901e+00 +2.3470e+00 -7.4259e-01 +1.6963e-01 -3.8603e+00
3 0 +1.419638206e+01 +3.300638206e+01 +3.300638206e+01 +2.0858e+00 -2.6066e+00 +4.8439e+00 -2.8409e+00 +1.4302e+00
8 0 +1.119013187e+01 +3.000013187e+01 +3.000013187e+01 -1.1735e+00 +1.4122e+00 +2.5395e+00 +4.3160e+00 +6.8009e-01
27 0 +8.296643981e+00 +2.710664398e+01 +2.710664398e+01 +3.3600e+00 +3.5792e+00 -7.5765e-01 -1.1320e-01 +2.6400e+00
40 0 +8.043978518e+00 +2.685397852e+01 +2.685397852e+01 +2.2709e+00 -7.2359e-01 +1.0492e+00 -9.9297e-02 +4.6637e+00
42 0 +6.410079910e+00 +2.522007991e+01 +2.522007991e+01 -4.1695e-01 +3.4769e+00 +6.2465e-01 -1.2964e-01 +2.9350e+00
99 0 +3.794960724e+00 +2.260496072e+01 +2.260496072e+01 +2.2780e+00 -9.4201e-01 +4.3405e-01 -4.4096e+00 +4.7589e+00
176 0 +3.579457124e+00 +2.238945712e+01 +2.238945712e+01 +2.3888e+00 -9.5242e-01 +2.9065e-01 -4.4349e+00 +4.7433e+00
207 0 +1.411663947e+00 +2.022166395e+01 +2.022166395e+01 +1.2616e-01 +1.5587e+00 -2.7948e-01 -6.9541e-01 +2.2344e+00
305 0 +1.079167087e+00 +1.988916709e+01 +1.988916709e+01 +1.1920e-01 +1.5587e+00 -2.7948e-01 -6.9541e-01 +2.2577e+00
439 0 +1.071112271e+00 +1.988111227e+01 +1.988111227e+01 +4.7950e-02 +1.5587e+00 -2.7948e-01 -6.5231e-01 +2.2577e+00
553 0 +9.039622503e-01 +1.971396225e+01 +1.971396225e+01 +2.0895e-02 +1.2332e+00 -3.9059e-01 -2.5747e-01 +2.1906e+00
556 0 +7.830211299e-01 +1.959302113e+01 +1.959302113e+01 +1.0239e-01 +1.2931e+00 -7.1885e-01 -8.4834e-03 +1.5785e+00
562 0 +7.377826312e-01 +1.954778263e+01 +1.954778263e+01 -6.9903e-03 +1.1097e+00 -6.3143e-01 -2.4807e-01 +1.5920e+00
619 0 +6.943991593e-01 +1.950439916e+01 +1.950439916e+01 -1.8631e-01 +1.4441e+00 -4.7216e-01 -2.1306e-01 +1.9741e+00
664 0 +6.649879704e-01 +1.947498797e+01 +1.947498797e+01 +1.0911e-01 +1.3405e+00 -6.0104e-01 -4.1186e-01 +1.5877e+00
696 0 +5.054946941e-01 +1.931549469e+01 +1.931549469e+01 +8.0138e-03 +1.6723e+00 -7.9931e-01 -3.9726e-02 +2.0703e+00
813 0 +4.019077356e-01 +1.921190774e+01 +1.921190774e+01 +1.1620e-02 +1.8287e+00 -7.2900e-01 -9.5617e-02 +1.7732e+00
1044 0 +3.692071258e-01 +1.917920713e+01 +1.917920713e+01 -5.0831e-02 +1.4876e+00 -8.4421e-01 -2.3623e-01 +1.7409e+00
1159 0 +3.248687144e-01 +1.913486871e+01 +1.913486871e+01 -1.0368e-01 +1.5202e+00 -7.0964e-01 -2.2017e-01 +1.8729e+00
1212 0 +2.901447144e-01 +1.910014471e+01 +1.910014471e+01 -2.4926e-01 +1.9358e+00 -9.5635e-01 -1.0894e-01 +1.6610e+00
1241 0 +2.707437858e-01 +1.908074379e+01 +1.908074379e+01 -8.8524e-02 +1.7087e+00 -8.5818e-01 -1.6600e-01 +1.7127e+00
1271 0 +2.309608185e-01 +1.904096082e+01 +1.904096082e+01 -1.1887e-01 +1.7091e+00 -7.9765e-01 -2.1508e-01 +1.7996e+00
1291 0 +1.871611673e-01 +1.899716117e+01 +1.899716117e+01 -1.0258e-01 +1.7718e+00 -8.0175e-01 -1.7555e-01 +1.7119e+00
1301 0 +1.596921890e-01 +1.896969219e+01 +1.896969219e+01 -1.6735e-01 +1.7087e+00 -7.8818e-01 -1.6600e-01 +1.7127e+00
1421 0 +1.540367067e-01 +1.896403671e+01 +1.896403671e+01 -1.1887e-01 +1.7091e+00 -7.5518e-01 -2.1508e-01 +1.7996e+00
1491 0 +1.376206593e-01 +1.894762066e+01 +1.894762066e+01 -1.6727e-01 +1.8027e+00 -7.8818e-01 -9.9921e-02 +1.7105e+00
1574 0 +1.113233989e-01 +1.892132340e+01 +1.892132340e+01 -1.7695e-01 +1.7263e+00 -8.4793e-01 -1.2845e-01 +1.7238e+00
1932 0 +9.903101980e-02 +1.890903102e+01 +1.890903102e+01 -2.0576e-01 +1.7498e+00 -7.7186e-01 -1.0847e-01 +1.6917e+00
1983 0 +9.701230091e-02 +1.890701230e+01 +1.890701230e+01 -2.0322e-01 +1.7422e+00 -8.2479e-01 -1.0964e-01 +1.7514e+00
1994 0 +9.026417960e-02 +1.890026418e+01 +1.890026418e+01 -1.6132e-01 +1.7237e+00 -8.3412e-01 -9.8708e-02 +1.7391e+00
2073 0 +5.349467441e-02 +1.886349467e+01 +1.886349467e+01 -1.7928e-01 +1.7469e+00 -8.2609e-01 -7.3158e-02 +1.6981e+00
3015 0 +4.920087066e-02 +1.885920087e+01 +1.885920087e+01 -1.7928e-01 +1.7469e+00 -8.2609e-01 -5.9896e-02 +1.6981e+00
3574 0 +4.092043937e-02 +1.885092044e+01 +1.885092044e+01 -1.9011e-01 +1.7735e+00 -8.1628e-01 -5.8256e-02 +1.6656e+00
4454 0 +3.680994823e-02 +1.884680995e+01 +1.884680995e+01 -1.9011e-01 +1.7735e+00 -8.1628e-01 -5.3195e-02 +1.6972e+00
% f evaluations | g evaluations | best noise-free fitness - Fopt (2.731500000000e+02) + sum g_i+ | measured fitness | best measured fitness or single-digit g-values | x1 | x2...
1 0 +2.308169429e+01 +2.962316943e+02 +2.962316943e+02 -1.9558e+00 -4.8836e+00 +1.9621e+00 +1.4658e+00 -3.1868e+00
3 0 +1.440508468e+01 +2.875550847e+02 +2.875550847e+02 +3.5009e+00 -1.2699e+00 -8.5975e-01 -4.3543e-02 -8.6694e-01
5 0 +1.247001979e+01 +2.856200198e+02 +2.856200198e+02 -2.4856e+00 +1.8935e+00 -4.9598e+00 -2.4611e+00 -5.6933e-01
11 0 +8.038169203e+00 +2.811881692e+02 +2.811881692e+02 +4.5287e+00 +1.9018e+00 -3.2011e+00 +3.5592e+00 +1.7853e+00
12 0 +6.555777083e+00 +2.797057771e+02 +2.797057771e+02 -1.7994e+00 +1.0161e+00 -1.9636e-01 +3.1560e+00 +8.9967e-01
204 0 +5.103240485e+00 +2.782532405e+02 +2.782532405e+02 -1.9229e+00 +2.4097e+00 -1.6443e+00 +1.3530e+00 +1.4132e+00
249 0 +4.951094403e+00 +2.781010944e+02 +2.781010944e+02 -2.9740e+00 +1.9566e+00 -2.0753e+00 +1.2510e+00 +3.4104e-01
291 0 +3.284727598e+00 +2.764347276e+02 +2.764347276e+02 -2.6340e+00 +3.6808e+00 -1.8198e-01 +1.1191e+00 +1.1988e+00
302 0 +2.957055359e+00 +2.761070554e+02 +2.761070554e+02 -2.7071e+00 +3.6029e+00 -2.7280e-01 +1.2181e+00 +1.1988e+00
336 0 +2.857700023e+00 +2.760077000e+02 +2.760077000e+02 -1.9579e+00 +3.5191e+00 -1.7265e+00 +1.6640e+00 +2.0462e+00
448 0 +2.064324661e+00 +2.752143247e+02 +2.752143247e+02 -1.3252e+00 +3.5404e+00 -1.0161e+00 +2.0373e+00 +1.4845e+00
608 0 +1.573067370e+00 +2.747230674e+02 +2.747230674e+02 -1.1674e+00 +3.4785e+00 -4.4243e-01 +2.4161e+00 +1.1674e+00
799 0 +1.500312964e+00 +2.746503130e+02 +2.746503130e+02 -1.2394e+00 +3.4785e+00 -4.8283e-01 +2.4161e+00 +1.1674e+00
917 0 +1.449354402e+00 +2.745993544e+02 +2.745993544e+02 -1.2244e+00 +3.5790e+00 -4.2006e-01 +1.9841e+00 +1.1825e+00
968 0 +1.369261101e+00 +2.745192611e+02 +2.745192611e+02 -1.2544e+00 +3.4785e+00 -3.8047e-01 +2.4876e+00 +1.1790e+00
1023 0 +1.332902702e+00 +2.744829027e+02 +2.744829027e+02 -1.8121e+00 +3.6238e+00 -3.3864e-01 +1.8136e+00 +1.6153e+00
1125 0 +1.071226993e+00 +2.742212270e+02 +2.742212270e+02 -1.2824e+00 +3.7755e+00 -7.1759e-01 +1.9631e+00 +1.3354e+00
1231 0 +9.401396417e-01 +2.740901396e+02 +2.740901396e+02 -1.3549e+00 +3.6709e+00 -2.7792e-01 +2.1448e+00 +1.1501e+00
1299 0 +8.130937403e-01 +2.739630937e+02 +2.739630937e+02 -1.3416e+00 +3.6512e+00 -1.3929e-01 +2.3120e+00 +1.4743e+00
1589 0 +7.756410670e-01 +2.739256411e+02 +2.739256411e+02 -1.3376e+00 +3.7279e+00 -1.6947e-02 +2.2090e+00 +1.3625e+00
1679 0 +6.556311773e-01 +2.738056312e+02 +2.738056312e+02 -1.2734e+00 +3.7578e+00 -2.7693e-01 +2.1692e+00 +1.4220e+00
1729 0 +6.286406518e-01 +2.737786407e+02 +2.737786407e+02 -1.2512e+00 +3.7961e+00 -2.1722e-01 +2.2261e+00 +1.3936e+00
1846 0 +5.093047295e-01 +2.736593047e+02 +2.736593047e+02 -1.2834e+00 +3.7780e+00 -2.1642e-01 +2.1801e+00 +1.4625e+00
2129 0 +4.576300443e-01 +2.736076300e+02 +2.736076300e+02 -1.2963e+00 +3.7771e+00 -2.1987e-01 +2.2025e+00 +1.5445e+00
2210 0 +4.231698185e-01 +2.735731698e+02 +2.735731698e+02 -1.2601e+00 +3.8550e+00 -2.9384e-01 +2.1615e+00 +1.5151e+00
2261 0 +3.847374630e-01 +2.735347375e+02 +2.735347375e+02 -1.2518e+00 +3.8041e+00 -1.8631e-01 +2.2202e+00 +1.5501e+00
2562 0 +3.774102696e-01 +2.735274103e+02 +2.735274103e+02 -1.2574e+00 +3.8563e+00 -2.1218e-01 +2.2095e+00 +1.6430e+00
2633 0 +3.667992791e-01 +2.735167993e+02 +2.735167993e+02 -1.2451e+00 +3.8340e+00 -2.6831e-01 +2.1573e+00 +1.5608e+00
2853 0 +3.261942553e-01 +2.734761943e+02 +2.734761943e+02 -1.2936e+00 +3.8191e+00 -1.8877e-01 +2.2359e+00 +1.5810e+00
4027 0 +2.397157653e-01 +2.733897158e+02 +2.733897158e+02 -1.2145e+00 +3.8278e+00 -2.0808e-01 +2.1983e+00 +1.5645e+00
5003 0 +2.300148833e-01 +2.733800149e+02 +2.733800149e+02 -1.2145e+00 +3.8278e+00 -2.0808e-01 +2.1945e+00 +1.5645e+00
% f evaluations | g evaluations | best noise-free fitness - Fopt (3.718000000000e+01) + sum g_i+ | measured fitness | best measured fitness or single-digit g-values | x1 | x2...
1 0 +1.490599462e+01 +5.208599462e+01 +5.208599462e+01 +2.3255e+00 +5.8531e-01 +1.2737e+00 -2.5090e+00 -4.7578e+00
11 0 +8.313377639e+00 +4.549337764e+01 +4.549337764e+01 -1.5754e-01 -1.7830e+00 +4.7708e+00 +1.9166e+00 -4.5752e+00
22 0 +5.913756647e+00 +4.309375665e+01 +4.309375665e+01 -1.7676e+00 -7.1879e-01 +4.1069e+00 +2.8954e+00 -1.2871e+00
85 0 +5.357720045e+00 +4.253772005e+01 +4.253772005e+01 -4.3481e+00 +1.9987e+00 +8.1843e-01 +2.3481e+00 -2.2747e+00
106 0 +3.925628872e+00 +4.110562887e+01 +4.110562887e+01 -4.5404e+00 +2.0322e+00 +8.1843e-01 +2.1791e+00 -2.2754e+00
283 0 +3.781299358e+00 +4.096129936e+01 +4.096129936e+01 -1.0619e+00 -6.8366e-01 +3.1471e+00 +1.2258e+00 -2.8214e+00
311 0 +3.005912817e+00 +4.018591282e+01 +4.018591282e+01 -3.8227e+00 +2.1706e+00 +1.2361e+00 +2.2340e+00 -1.9045e+00
398 0 +2.697488652e+00 +3.987748865e+01 +3.987748865e+01 -2.7127e+00 +1.6157e+00 +2.7224e+00 +1.4185e+00 -2.3203e+00
416 0 +2.264370556e+00 +3.944437056e+01 +3.944437056e+01 -2.0931e+00 +1.1515e+00 +2.5202e+00 +1.7574e+00 -2.6418e+00
476 0 +2.148681206e+00 +3.932868121e+01 +3.932868121e+01 -1.8589e+00 +5.1174e-01 +2.8842e+00 +1.3221e+00 -2.5790e+00
518 0 +1.954212324e+00 +3.913421232e+01 +3.913421232e+01 -1.8589e+00 +5.1174e-01 +2.9757e+00 +1.1676e+00 -2.5790e+00
700 0 +1.638810697e+00 +3.881881070e+01 +3.881881070e+01 -1.9460e+00 +4.7516e-01 +2.7756e+00 +1.2609e+00 -2.7129e+00
843 0 +1.582819786e+00 +3.876281979e+01 +3.876281979e+01 -2.6040e+00 +8.3879e-01 +2.6274e+00 +1.3641e+00 -2.5021e+00
871 0 +1.541934549e+00 +3.872193455e+01 +3.872193455e+01 -2.7127e+00 +1.4957e+00 +2.8978e+00 +1.3948e+00 -2.7274e+00
932 0 +1.368841049e+00 +3.854884105e+01 +3.854884105e+01 -2.6040e+00 +8.3879e-01 +2.6738e+00 +1.3193e+00 -2.4961e+00
1006 0 +1.260121523e+00 +3.844012152e+01 +3.844012152e+01 -2.5922e+00 +8.3879e-01 +2.7360e+00 +1.2892e+00 -2.4861e+00
1073 0 +1.196870573e+00 +3.837687057e+01 +3.837687057e+01 -2.7127e+00 +1.6523e+00 +3.1224e+00 +1.4185e+00 -2.6943e+00
1260 0 +1.044752713e+00 +3.822475271e+01 +3.822475271e+01 -2.5602e+00 +8.3822e-01 +2.6512e+00 +1.3326e+00 -2.6150e+00
1468 0 +9.636361249e-01 +3.814363612e+01 +3.814363612e+01 -2.5379e+00 +8.2849e-01 +2.7206e+00 +1.3189e+00 -2.6900e+00
1480 0 +7.828895640e-01 +3.796288956e+01 +3.796288956e+01 -2.5503e+00 +7.9004e-01 +2.6605e+00 +1.4089e+00 -2.8775e+00
2048 0 +7.111563443e-01 +3.789115634e+01 +3.789115634e+01 -2.5503e+00 +7.9004e-01 +2.6444e+00 +1.4089e+00 -2.8775e+00
3208 0 +6.774542614e-01 +3.785745426e+01 +3.785745426e+01 -2.5503e+00 +7.6852e-01 +2.6444e+00 +1.4115e+00 -2.9080e+00
% f evaluations | g evaluations | best noise-free fitness - Fopt (-1.479000000000e+02) + sum g_i+ | measured fitness | best measured fitness or single-digit g-values | x1 | x2...
1 0 +1.003700617e+01 -1.378629938e+02 -1.378629938e+02 +2.1071e+00 +4.4824e+00 -2.5500e+00 -2.0785e+00 -3.3167e+00
5 0 +9.892842448e+00 -1.380071576e+02 -1.380071576e+02 +2.9204e+00 +2.8050e+00 -5.5820e-01 -2.6331e+00 -4.1567e-02
12 0 +6.277555562e+00 -1.416224444e+02 -1.416224444e+02 +2.8199e+00 -1.4979e+00 +2.1830e+00 -4.8087e+00 -3.5634e+00
32 0 +5.291102950e+00 -1.426088971e+02 -1.426088971e+02 -8.7326e-01 -8.5138e-01 +6.9992e-01 -1.0289e-01 -3.6278e+00
112 0 +4.201758463e+00 -1.436982415e+02 -1.436982415e+02 -9.9079e-01 -5.5372e-01 +6.8934e-01 -2.3190e+00 -1.7592e+00
125 0 +3.587117307e+00 -1.443128827e+02 -1.443128827e+02 -1.3339e-01 -1.9490e-01 +1.0476e+00 -2.6015e-01 -2.7761e+00
219 0 +3.261845977e+00 -1.446381540e+02 -1.446381540e+02 -7.1553e-01 -7.9657e-01 +2.0196e+00 -1.6656e+00 -1.6536e+00
227 0 +2.694999897e+00 -1.452050001e+02 -1.452050001e+02 -1.1639e+00 +9.3143e-01 +1.4352e+00 -3.0515e+00 -1.6286e+00
335 0 +2.652057396e+00 -1.452479426e+02 -1.452479426e+02 -1.4191e+00 +7.0251e-01 +1.0894e+00 -2.0981e+00 -1.7681e+00
352 0 +2.231246538e+00 -1.456687535e+02 -1.456687535e+02 -2.1114e+00 +4.1030e-01 +1.2271e+00 -1.7452e+00 -2.0775e+00
357 0 +1.940702911e+00 -1.459592971e+02 -1.459592971e+02 -4.8094e-01 -3.7431e-01 +7.3476e-01 -1.3159e+00 -2.2677e+00
426 0 +1.607238807e+00 -1.462927612e+02 -1.462927612e+02 -7.5400e-01 -4.9437e-01 +1.3672e+00 -1.0638e+00 -2.3156e+00
447 0 +1.490800744e+00 -1.464091993e+02 -1.464091993e+02 -9.1432e-01 -3.7507e-01 +1.1517e+00 -1.7600e+00 -2.3299e+00
544 0 +1.316873192e+00 -1.465831268e+02 -1.465831268e+02 -1.8202e+00 +4.5987e-01 +9.6918e-01 -1.7986e+00 -2.2270e+00
695 0 +1.192846941e+00 -1.467071531e+02 -1.467071531e+02 -1.8202e+00 +4.3962e-01 +9.3468e-01 -1.7782e+00 -2.2270e+00
993 0 +1.138486912e+00 -1.467615131e+02 -1.467615131e+02 -1.7110e+00 +1.4118e-02 +1.0060e+00 -1.6879e+00 -2.4461e+00
1025 0 +9.810488892e-01 -1.469189511e+02 -1.469189511e+02 -1.2957e+00 +2.2038e-01 +1.2854e+00 -1.6724e+00 -2.4083e+00
1460 0 +9.183552323e-01 -1.469816448e+02 -1.469816448e+02 -1.3423e+00 +3.7200e-02 +1.0893e+00 -1.5641e+00 -2.6957e+00
1550 0 +8.301283504e-01 -1.470698716e+02 -1.470698716e+02 -1.3576e+00 -1.7966e-01 +1.1172e+00 -1.5696e+00 -2.7639e+00
1854 0 +7.206375149e-01 -1.471793625e+02 -1.471793625e+02 -1.3746e+00 +3.2809e-02 +1.1986e+00 -1.7988e+00 -2.7537e+00
2107 0 +6.924165722e-01 -1.472075834e+02 -1.472075834e+02 -1.3997e+00 -1.2541e-01 +1.1483e+00 -1.9708e+00 -2.7086e+00
2189 0 +5.907587907e-01 -1.473092412e+02 -1.473092412e+02 -1.2326e+00 -7.3900e-02 +1.1227e+00 -1.7403e+00 -2.7820e+00
2395 0 +5.764873387e-01 -1.473235127e+02 -1.473235127e+02 -1.5479e+00 +5.2922e-02 +1.3711e+00 -1.8644e+00 -2.9386e+00
2518 0 +5.447961798e-01 -1.473552038e+02 -1.473552038e+02 -1.4565e+00 -1.2665e-02 +1.1461e+00 -1.9317e+00 -2.8226e+00
2521 0 +3.732731916e-01 -1.475267268e+02 -1.475267268e+02 -1.6720e+00 -7.5458e-03 +1.2223e+00 -1.8012e+00 -2.9693e+00
2711 0 +3.150094197e-01 -1.475849906e+02 -1.475849906e+02 -1.5315e+00 -6.4679e-02 +1.2475e+00 -1.8380e+00 -2.9260e+00
2721 0 +3.077519665e-01 -1.475922480e+02 -1.475922480e+02 -1.6142e+00 +6.7518e-02 +1.2675e+00 -1.9066e+00 -3.0881e+00
2798 0 +2.809690428e-01 -1.476190310e+02 -1.476190310e+02 -1.6142e+00 +3.7097e-02 +1.2675e+00 -1.9315e+00 -3.0881e+00
2827 0 +2.221454268e-01 -1.476778546e+02 -1.476778546e+02 -1.7305e+00 -1.2573e-02 +1.3890e+00 -1.8070e+00 -2.8949e+00
2836 0 +2.082631748e-01 -1.476917368e+02 -1.476917368e+02 -1.6142e+00 +6.7518e-02 +1.2675e+00 -1.9584e+00 -3.0971e+00
2902 0 +2.020997293e-01 -1.476979003e+02 -1.476979003e+02 -1.6142e+00 +1.0077e-02 +1.2081e+00 -1.9627e+00 -3.0881e+00
2946 0 +1.929346837e-01 -1.477070653e+02 -1.477070653e+02 -1.6142e+00 +6.7518e-02 +1.2675e+00 -1.9584e+00 -3.1199e+00
2982 0 +1.875185705e-01 -1.477124814e+02 -1.477124814e+02 -1.7085e+00 +3.9206e-02 +1.2243e+00 -1.9045e+00 -2.9063e+00
3073 0 +1.648953042e-01 -1.477351047e+02 -1.477351047e+02 -1.6659e+00 +3.5814e-02 +1.2419e+00 -1.9707e+00 -3.0081e+00
3154 0 +1.459872384e-01 -1.477540128e+02 -1.477540128e+02 -1.6515e+00 +1.1560e-01 +1.2212e+00 -1.9902e+00 -3.0959e+00
3206 0 +1.367282899e-01 -1.477632717e+02 -1.477632717e+02 -1.6756e+00 +3.5168e-02 +1.3396e+00 -1.9569e+00 -3.0222e+00
3491 0 +1.003325811e-01 -1.477996674e+02 -1.477996674e+02 -1.6779e+00 +7.1640e-02 +1.2747e+00 -1.9569e+00 -3.0222e+00
3567 0 +9.752960857e-02 -1.478024704e+02 -1.478024704e+02 -1.6651e+00 +8.9773e-02 +1.3009e+00 -1.9582e+00 -3.0433e+00
3692 0 +8.993537178e-02 -1.478100646e+02 -1.478100646e+02 -1.6590e+00 +3.2294e-02 +1.2833e+00 -1.9650e+00 -3.0721e+00
4437 0 +6.198191442e-02 -1.478380181e+02 -1.478380181e+02 -1.7075e+00 +1.6327e-01 +1.1571e+00 -2.0457e+00 -3.0972e+00
4758 0 +3.506789780e-02 -1.478649321e+02 -1.478649321e+02 -1.6794e+00 +1.3173e-01 +1.1246e+00 -2.0035e+00 -3.1089e+00
% f evaluations | g evaluations | best noise-free fitness - Fopt (1.699300000000e+02) + sum g_i+ | measured fitness | best measured fitness or single-digit g-values | x1 | x2...
1 0 +2.754773079e+01 +1.974777308e+02 +1.974777308e+02 +1.7839e+00 +3.6736e+00 -3.5314e+00 -1.5129e+00 +2.1165e+00
2 0 +1.980334225e+01 +1.897333423e+02 +1.897333423e+02 -1.9083e+00 +1.4213e-01 +4.2717e+00 -7.9812e-01 -1.9341e+00
5 0 +9.286804910e+00 +1.792168049e+02 +1.792168049e+02 +3.3639e+00 -3.2696e-01 -2.4022e+00 -3.7263e-01 -2.4167e+00
8 0 +6.983577744e+00 +1.769135777e+02 +1.769135777e+02 +5.1604e-01 +9.2371e-01 -3.4872e+00 -2.6943e+00 -1.5267e+00
55 0 +6.384369620e+00 +1.763143696e+02 +1.763143696e+02 -2.2904e+00 -6.4473e-03 +3.7697e-01 -4.2724e+00 -3.3739e+00
59 0 +4.451180509e+00 +1.743811805e+02 +1.743811805e+02 -3.6230e+00 -4.3583e-01 -1.3183e+00 -2.1784e+00 -4.3278e+00
103 0 +4.038770651e+00 +1.739687707e+02 +1.739687707e+02 -1.3124e+00 +6.2400e-02 -1.0011e+00 -1.1661e+00 -1.9077e+00
211 0 +2.756047887e+00 +1.726860479e+02 +1.726860479e+02 -3.5730e+00 -5.8695e-01 -1.4956e+00 -2.0541e+00 -4.3278e+00
214 0 +2.537298472e+00 +1.724672985e+02 +1.724672985e+02 -3.6230e+00 -2.8568e-01 -1.1487e+00 -2.1784e+00 -4.3278e+00
306 0 +1.741724396e+00 +1.716717244e+02 +1.716717244e+02 -1.3747e+00 -9.7415e-01 -2.1045e+00 -2.8920e+00 -3.7073e+00
389 0 +1.431059794e+00 +1.713610598e+02 +1.713610598e+02 -2.0638e+00 -3.9408e-01 -2.5364e+00 -1.6755e+00 -3.8299e+00
413 0 +1.011621975e+00 +1.709416220e+02 +1.709416220e+02 -2.1865e+00 -9.2539e-01 -1.9712e+00 -2.5419e+00 -3.8305e+00
501 0 +9.975315211e-01 +1.709275315e+02 +1.709275315e+02 -1.6508e+00 -7.6900e-01 -2.2770e+00 -2.3651e+00 -3.7686e+00
513 0 +9.592023015e-01 +1.708892023e+02 +1.708892023e+02 -1.2930e+00 -8.9598e-01 -2.0870e+00 -2.8920e+00 -3.5991e+00
532 0 +7.169789425e-01 +1.706469789e+02 +1.706469789e+02 -1.8400e+00 -4.0623e-01 -1.8376e+00 -2.3776e+00 -3.8102e+00
598 0 +5.642681612e-01 +1.704942682e+02 +1.704942682e+02 -1.5539e+00 -1.3229e-01 -1.8320e+00 -2.4935e+00 -3.8880e+00
716 0 +5.283063978e-01 +1.704583064e+02 +1.704583064e+02 -1.5466e+00 -4.8239e-01 -2.1021e+00 -2.5412e+00 -3.8133e+00
740 0 +4.440113917e-01 +1.703740114e+02 +1.703740114e+02 -1.4046e+00 -1.2312e-01 -1.8320e+00 -2.4935e+00 -3.8880e+00
808 0 +4.182894009e-01 +1.703482894e+02 +1.703482894e+02 -1.7209e+00 -1.6212e-01 -1.8884e+00 -2.3071e+00 -3.8610e+00
815 0 +3.494496068e-01 +1.702794496e+02 +1.702794496e+02 -1.5771e+00 -2.1193e-01 -1.9810e+00 -2.5057e+00 -3.7344e+00
864 0 +3.160782269e-01 +1.702460782e+02 +1.702460782e+02 -2.0457e+00 -2.8058e-01 -2.0965e+00 -2.3953e+00 -3.7554e+00
993 0 +3.045160558e-01 +1.702345161e+02 +1.702345161e+02 -1.4633e+00 -7.6204e-02 -1.9970e+00 -2.6256e+00 -3.9378e+00
1047 0 +2.575692181e-01 +1.701875692e+02 +1.701875692e+02 -1.7324e+00 -2.7808e-01 -2.0102e+00 -2.4541e+00 -3.7317e+00
1071 0 +1.990276341e-01 +1.701290276e+02 +1.701290276e+02 -1.5128e+00 -2.0117e-01 -1.9689e+00 -2.4467e+00 -3.7775e+00
1111 0 +1.677345336e-01 +1.700977345e+02 +1.700977345e+02 -1.5128e+00 -2.1510e-01 -1.9746e+00 -2.4467e+00 -3.7775e+00
1298 0 +1.642982754e-01 +1.700942983e+02 +1.700942983e+02 -1.5128e+00 -1.4816e-01 -2.0249e+00 -2.4211e+00 -3.7407e+00
1533 0 +1.567236168e-01 +1.700867236e+02 +1.700867236e+02 -1.2693e+00 -1.5412e-01 -2.0305e+00 -2.5295e+00 -3.7694e+00
1722 0 +1.532259884e-01 +1.700832260e+02 +1.700832260e+02 -1.5337e+00 -1.1963e-01 -1.9886e+00 -2.4140e+00 -3.7187e+00
1843 0 +1.486016233e-01 +1.700786016e+02 +1.700786016e+02 -1.3591e+00 -1.5869e-01 -1.9656e+00 -2.4701e+00 -3.7040e+00
2063 0 +1.321646129e-01 +1.700621646e+02 +1.700621646e+02 -1.1403e+00 -1.6644e-01 -2.0180e+00 -2.6102e+00 -3.8061e+00
2482 0 +1.262527829e-01 +1.700562528e+02 +1.700562528e+02 -1.1551e+00 -1.6644e-01 -2.0180e+00 -2.6102e+00 -3.7853e+00
2515 0 +7.697994052e-02 +1.700069799e+02 +1.700069799e+02 -1.1023e+00 -1.2562e-01 -1.9729e+00 -2.5860e+00 -3.7542e+00
2778 0 +6.846140933e-02 +1.699984614e+02 +1.699984614e+02 -1.1061e+00 -1.2562e-01 -1.9729e+00 -2.5711e+00 -3.7542e+00
4010 0 +4.481518370e-02 +1.699748152e+02 +1.699748152e+02 -9.7625e-01 -7.6840e-02 -1.9555e+00 -2.6224e+00 -3.7807e+00
4165 0 +4.150935203e-02 +1.699715094e+02 +1.699715094e+02 -1.0356e+00 -1.1739e-01 -1.9609e+00 -2.6198e+00 -3.7935e+00
4793 0 +3.890033518e-02 +1.699689003e+02 +1.699689003e+02 -1.0758e+00 -1.0695e-01 -1.9516e+00 -2.5972e+00 -3.7711e+00
4810 0 +3.608201146e-02 +1.699660820e+02 +1.699660820e+02 -1.0356e+00 -9.9251e-02 -1.9609e+00 -2.6198e+00 -3.7935e+00
% f evaluations | g evaluations | best noise-free fitness - Fopt (1.181700000000e+02) + sum g_i+ | measured fitness | best measured fitness or single-digit g-values | x1 | x2...
1 0 +2.009868130e+01 +1.382686813e+02 +1.382686813e+02 +2.9735e+00 -4.6847e+00 +4.9099e+00 +3.0065e+00 -1.3261e+00
4 0 +8.399281549e+00 +1.265692815e+02 +1.265692815e+02 +3.0810e+00 -2.9088e+00 -4.1011e+00 +2.3034e+00 -1.1837e+00
5 0 +7.460431204e+00 +1.256304312e+02 +1.256304312e+02 +1.0748e-01 -4.2661e+00 +1.4382e+00 +1.2256e+00 -1.9851e+00
29 0 +6.588334725e+00 +1.247583347e+02 +1.247583347e+02 -1.7981e+00 -4.0829e+00 -2.9945e+00 +4.2531e+00 +1.7571e-01
104 0 +6.032305558e+00 +1.242023056e+02 +1.242023056e+02 -1.7981e+00 -4.0829e+00 -2.9945e+00 +4.1556e+00 +1.7571e-01
112 0 +5.486939202e+00 +1.236569392e+02 +1.236569392e+02 +5.8389e-01 -4.3838e+00 +9.5770e-01 +3.6298e+00 -5.4613e-01
128 0 +5.256294525e+00 +1.234262945e+02 +1.234262945e+02 +1.4613e+00 -2.6561e+00 +1.9846e-01 +2.0663e+00 -1.1063e+00
148 0 +4.847815755e+00 +1.230178158e+02 +1.230178158e+02 -3.1825e-02 -7.3125e-01 -3.4596e+00 +3.0998e+00 +7.3079e-01
211 0 +4.008685334e+00 +1.221786853e+02 +1.221786853e+02 +1.5240e+00 -2.6536e+00 +1.9846e-01 +2.1435e+00 -1.1063e+00
331 0 +3.976631128e+00 +1.221466311e+02 +1.221466311e+02 -6.1810e-01 -1.6401e+00 -2.9550e+00 +2.9181e+00 +1.4987e-01
344 0 +3.656595079e+00 +1.218265951e+02 +1.218265951e+02 +1.0790e+00 -9.0460e-01 -2.0434e+00 +2.5824e+00 -1.1852e+00
347 0 +2.475524110e+00 +1.206455241e+02 +1.206455241e+02 -2.4188e-01 -1.9855e+00 -5.2960e-01 +4.0649e+00 -7.9647e-01
420 0 +2.430694177e+00 +1.206006942e+02 +1.206006942e+02 -2.0998e-01 -3.1401e+00 -1.7333e+00 +3.1467e+00 -5.5747e-01
465 0 +1.800073880e+00 +1.199700739e+02 +1.199700739e+02 +1.2024e+00 -1.3901e+00 -2.8749e+00 +2.6601e+00 -5.7217e-01
565 0 +1.701319950e+00 +1.198713199e+02 +1.198713199e+02 +1.2024e+00 -1.3901e+00 -2.8674e+00 +2.6601e+00 -5.7217e-01
628 0 +1.691348887e+00 +1.198613489e+02 +1.198613489e+02 -2.1402e-01 -2.0148e+00 -6.1069e-01 +4.3289e+00 -7.8839e-01
634 0 +1.452091929e+00 +1.196220919e+02 +1.196220919e+02 +1.4727e+00 -2.8509e+00 -2.2565e+00 +2.9239e+00 -1.4232e+00
741 0 +1.287068184e+00 +1.194570682e+02 +1.194570682e+02 +4.6675e-01 -1.7868e+00 -2.1134e+00 +3.4192e+00 -5.0233e-01
892 0 +1.258656722e+00 +1.194286567e+02 +1.194286567e+02 +2.6569e-01 -2.0638e+00 -1.7713e+00 +3.3736e+00 -9.9227e-01
937 0 +1.215174572e+00 +1.193851746e+02 +1.193851746e+02 +5.3362e-01 -1.7473e+00 -2.1462e+00 +3.4192e+00 -4.6506e-01
985 0 +1.159766422e+00 +1.193297664e+02 +1.193297664e+02 +7.1992e-01 -2.4146e+00 -1.9570e+00 +3.4185e+00 -1.1118e+00
1028 0 +1.087528285e+00 +1.192575283e+02 +1.192575283e+02 +8.1072e-01 -2.4215e+00 -2.2347e+00 +3.1234e+00 -1.2422e+00
1173 0 +1.068086437e+00 +1.192380864e+02 +1.192380864e+02 +3.3413e-01 -2.1399e+00 -1.8563e+00 +3.4327e+00 -8.7178e-01
1220 0 +5.798496985e-01 +1.187498497e+02 +1.187498497e+02 +6.9989e-01 -2.0834e+00 -2.3519e+00 +3.1492e+00 -1.0669e+00
1481 0 +5.554130029e-01 +1.187254130e+02 +1.187254130e+02 +6.7728e-01 -2.1034e+00 -2.3150e+00 +3.1763e+00 -1.0690e+00
1578 0 +4.901883267e-01 +1.186601883e+02 +1.186601883e+02 +6.1819e-01 -2.3812e+00 -2.1650e+00 +3.2998e+00 -1.4327e+00
1634 0 +4.796759633e-01 +1.186496760e+02 +1.186496760e+02 +6.7728e-01 -2.2294e+00 -2.3999e+00 +3.1763e+00 -1.2909e+00
1772 0 +4.676183770e-01 +1.186376184e+02 +1.186376184e+02 +6.0549e-01 -2.0975e+00 -2.2484e+00 +3.2647e+00 -1.0370e+00
1897 0 +3.062783876e-01 +1.184762784e+02 +1.184762784e+02 +7.6448e-01 -2.2444e+00 -2.4509e+00 +3.0451e+00 -1.5055e+00
2995 0 +1.539823793e-01 +1.183239824e+02 +1.183239824e+02 +8.3890e-01 -2.4423e+00 -2.6168e+00 +2.9105e+00 -1.9234e+00
3398 0 +1.446324885e-01 +1.183146325e+02 +1.183146325e+02 +8.3890e-01 -2.4447e+00 -2.7427e+00 +2.9764e+00 -2.0283e+00
3504 0 +1.334493469e-01 +1.183034493e+02 +1.183034493e+02 +7.9463e-01 -2.4096e+00 -2.5518e+00 +2.9761e+00 -1.8058e+00
3940 0 +1.239748984e-01 +1.182939749e+02 +1.182939749e+02 +7.9946e-01 -2.4611e+00 -2.5877e+00 +2.9346e+00 -1.9835e+00
4159 0 +1.018267501e-01 +1.182718268e+02 +1.182718268e+02 +8.0002e-01 -2.4452e+00 -2.5402e+00 +3.0123e+00 -1.8945e+00
4315 0 +9.584119418e-02 +1.182658412e+02 +1.182658412e+02 +9.1669e-01 -2.4509e+00 -2.7308e+00 +2.7845e+00 -1.9911e+00
4589 0 +3.914508499e-02 +1.182091451e+02 +1.182091451e+02 +9.1669e-01 -2.4509e+00 -2.7308e+00 +2.7845e+00 -2.0251e+00
% f evaluations | g evaluations | best noise-free fitness - Fopt (-1.791300000000e+02) + sum g_i+ | measured fitness | best measured fitness or single-digit g-values | x1 | x2...
1 0 +3.794264740e+01 -1.411873526e+02 -1.411873526e+02 +1.9271e+00 +2.1708e+00 +2.9912e+00 -3.1940e+00 -3.3132e+00
2 0 +2.331357760e+01 -1.558164224e+02 -1.558164224e+02 -3.4610e+00 +2.1229e+00 +3.8202e+00 -1.4608e-01 -1.8076e+00
7 0 +8.605007074e+00 -1.705249929e+02 -1.705249929e+02 +3.4121e+00 -2.3353e-01 +4.3737e+00 -3.5675e+00 +1.6665e+00
23 0 +4.826835217e+00 -1.743031648e+02 -1.743031648e+02 +2.7106e+00 -2.1635e+00 +3.0407e+00 -1.1356e+00 +1.5469e+00
165 0 +3.971472103e+00 -1.751585279e+02 -1.751585279e+02 +1.4302e+00 -2.0038e+00 +9.1237e-01 -4.0817e+00 -3.4933e-02
200 0 +3.798593121e+00 -1.753314069e+02 -1.753314069e+02 +1.3946e+00 -2.0038e+00 +9.6029e-01 -4.0057e+00 -3.4933e-02
220 0 +3.259288953e+00 -1.758707110e+02 -1.758707110e+02 +3.4795e-01 -2.4055e+00 +3.1366e+00 -2.6912e+00 +1.7855e+00
264 0 +2.493493874e+00 -1.766365061e+02 -1.766365061e+02 +1.2514e+00 -2.4870e+00 +1.8480e-01 -2.7848e+00 +1.2128e+00
310 0 +1.841699448e+00 -1.772883006e+02 -1.772883006e+02 +1.1655e+00 -2.5762e+00 +1.8480e-01 -2.8510e+00 +1.2339e+00
328 0 +1.341932323e+00 -1.777880677e+02 -1.777880677e+02 +8.9768e-01 -2.2222e+00 +1.3353e+00 -2.6817e+00 +1.2721e+00
417 0 +1.086078162e+00 -1.780439218e+02 -1.780439218e+02 +8.9768e-01 -2.1838e+00 +1.3353e+00 -2.6817e+00 +1.2721e+00
714 0 +8.773566848e-01 -1.782526433e+02 -1.782526433e+02 +1.0001e+00 -2.7576e+00 +1.4673e+00 -3.1077e+00 +8.0816e-01
838 0 +7.350292721e-01 -1.783949707e+02 -1.783949707e+02 +1.0277e+00 -2.7576e+00 +1.5686e+00 -2.9670e+00 +8.4711e-01
931 0 +5.640353260e-01 -1.785659647e+02 -1.785659647e+02 +1.0006e+00 -2.8994e+00 +1.5036e+00 -3.0112e+00 +7.8243e-01
1216 0 +4.387587518e-01 -1.786912412e+02 -1.786912412e+02 +1.0504e+00 -2.8667e+00 +1.6089e+00 -2.9871e+00 +8.9053e-01
1403 0 +4.012003412e-01 -1.787287997e+02 -1.787287997e+02 +1.0433e+00 -2.9134e+00 +1.5598e+00 -2.9326e+00 +9.6276e-01
1586 0 +3.218970072e-01 -1.788081030e+02 -1.788081030e+02 +1.0805e+00 -2.8544e+00 +1.5665e+00 -2.9453e+00 +9.5342e-01
1671 0 +1.840794962e-01 -1.789459205e+02 -1.789459205e+02 +1.0839e+00 -2.9645e+00 +1.5962e+00 -2.9637e+00 +9.3815e-01
1940 0 +1.701278428e-01 -1.789598722e+02 -1.789598722e+02 +1.0839e+00 -2.9624e+00 +1.5962e+00 -2.9753e+00 +9.3815e-01
2799 0 +1.606602110e-01 -1.789693398e+02 -1.789693398e+02 +1.1159e+00 -2.9841e+00 +1.5726e+00 -2.9942e+00 +9.1872e-01
2991 0 +1.481952420e-01 -1.789818048e+02 -1.789818048e+02 +1.0618e+00 -2.9913e+00 +1.6007e+00 -2.9745e+00 +9.9056e-01
4963 0 +1.416462637e-01 -1.789883537e+02 -1.789883537e+02 +1.0880e+00 -2.9742e+00 +1.5966e+00 -2.9724e+00 +9.3184e-01
% f evaluations | g evaluations | best noise-free fitness - Fopt (-5.784000000000e+02) + sum g_i+ | measured fitness | best measured fitness or single-digit g-values | x1 | x2...
1 0 +4.183684111e+01 -5.365631589e+02 -5.365631589e+02 +7.6722e-01 -3.0846e+00 -2.0352e-01 +3.4429e+00 -5.3864e-01
5 0 +1.852002264e+01 -5.598799774e+02 -5.598799774e+02 -2.4426e+00 +4.6713e+00 +1.5055e+00 +1.1312e+00 +1.9573e+00
6 0 +6.472792962e+00 -5.719272070e+02 -5.719272070e+02 -3.6064e+00 +1.6070e+00 +3.1908e-01 +1.8108e+00 -5.6289e-01
137 0 +6.368342092e+00 -5.720316579e+02 -5.720316579e+02 -2.7382e+00 +4.1849e+00 -5.2295e-01 +1.0402e+00 -3.9532e-01
144 0 +3.783500647e+00 -5.746164994e+02 -5.746164994e+02 -3.7404e+00 +2.9933e+00 -2.2810e+00 -1.7016e+00 -1.2339e+00
276 0 +3.634407967e+00 -5.747655920e+02 -5.747655920e+02 -2.5547e+00 +2.1363e+00 -1.5833e+00 +5.3379e-01 -2.7698e+00
302 0 +1.295710161e+00 -5.771042898e+02 -5.771042898e+02 -2.9023e+00 +3.3924e+00 -2.2088e+00 +5.8351e-02 -2.1466e+00
638 0 +1.187345408e+00 -5.772126546e+02 -5.772126546e+02 -3.0597e+00 +3.2844e+00 -2.0681e+00 -1.3656e-01 -2.3735e+00
743 0 +1.054125283e+00 -5.773458747e+02 -5.773458747e+02 -3.1920e+00 +3.1975e+00 -1.9903e+00 -1.7665e-01 -2.1917e+00
745 0 +8.740717944e-01 -5.775259282e+02 -5.775259282e+02 -2.9989e+00 +3.5449e+00 -2.0206e+00 -2.0836e-02 -2.0377e+00
994 0 +8.396464585e-01 -5.775603535e+02 -5.775603535e+02 -2.9989e+00 +3.5449e+00 -2.0206e+00 -6.8993e-02 -2.0377e+00
1020 0 +7.133481297e-01 -5.776866519e+02 -5.776866519e+02 -3.1884e+00 +3.4246e+00 -2.2532e+00 -1.4768e-01 -2.1324e+00
1172 0 +6.371403664e-01 -5.777628596e+02 -5.777628596e+02 -3.2574e+00 +3.7235e+00 -2.2203e+00 -6.7095e-02 -2.0465e+00
1303 0 +5.223813898e-01 -5.778776186e+02 -5.778776186e+02 -3.4417e+00 +3.7525e+00 -2.3557e+00 -1.7776e-01 -2.1681e+00
1401 0 +4.100560186e-01 -5.779899440e+02 -5.779899440e+02 -3.2267e+00 +3.8759e+00 -2.2557e+00 -4.1876e-02 -2.0465e+00
1504 0 +3.200711949e-01 -5.780799288e+02 -5.780799288e+02 -3.3503e+00 +3.8361e+00 -2.2532e+00 +1.1256e-01 -2.0440e+00
1865 0 +2.939173156e-01 -5.781060827e+02 -5.781060827e+02 -3.3662e+00 +3.8829e+00 -2.1534e+00 +3.9809e-02 -2.0673e+00
1983 0 +2.815691293e-01 -5.781184309e+02 -5.781184309e+02 -3.5224e+00 +3.8910e+00 -2.6061e+00 -2.1074e-01 -1.9260e+00
2059 0 +2.133072545e-01 -5.781866927e+02 -5.781866927e+02 -3.6151e+00 +3.8660e+00 -2.6054e+00 -1.5392e-01 -2.0357e+00
2119 0 +1.837377413e-01 -5.782162623e+02 -5.782162623e+02 -3.5401e+00 +3.9968e+00 -2.5613e+00 -2.4482e-01 -1.9543e+00
2154 0 +1.678440189e-01 -5.782321560e+02 -5.782321560e+02 -3.4994e+00 +3.9376e+00 -2.6165e+00 -1.4122e-01 -1.9528e+00
2164 0 +1.144768247e-01 -5.782855232e+02 -5.782855232e+02 -3.5313e+00 +3.9754e+00 -2.6825e+00 -1.2263e-01 -1.8650e+00
2491 0 +1.011940257e-01 -5.782988060e+02 -5.782988060e+02 -3.5134e+00 +3.9118e+00 -2.6733e+00 -6.6037e-02 -1.8779e+00
2638 0 +8.883751963e-02 -5.783111625e+02 -5.783111625e+02 -3.5427e+00 +3.8887e+00 -2.5897e+00 -1.1291e-01 -1.9107e+00
2655 0 +6.904649383e-02 -5.783309535e+02 -5.783309535e+02 -3.5720e+00 +3.9017e+00 -2.5839e+00 -8.1658e-02 -1.9064e+00
3524 0 +5.517999189e-02 -5.783448200e+02 -5.783448200e+02 -3.5356e+00 +3.8919e+00 -2.6861e+00 -1.2166e-01 -1.9060e+00
4125 0 +4.838594873e-02 -5.783516141e+02 -5.783516141e+02 -3.5321e+00 +3.8986e+00 -2.6525e+00 -1.3540e-01 -1.8999e+00
4424 0 +4.333899830e-02 -5.783566610e+02 -5.783566610e+02 -3.5510e+00 +3.9072e+00 -2.6632e+00 -1.3325e-01 -1.8743e+00
% f evaluations | g evaluations | best noise-free fitness - Fopt (1.000000000000e+03) + sum g_i+ | measured fitness | best measured fitness or single-digit g-values | x1 | x2...
1 0 +5.599080231e+01 +1.055990802e+03 +1.055990802e+03 +2.3615e+00 -3.4642e+00 -2.8898e+00 +3.9202e+00 -1.4047e+00
2 0 +2.559941254e+00 +1.002559941e+03 +1.002559941e+03 -2.4631e+00 -2.1876e+00 -1.9259e+00 -3.3329e+00 -6.8857e-01
331 0 +6.859487680e-01 +1.000685949e+03 +1.000685949e+03 -2.6788e+00 -2.5698e+00 -7.3428e-01 -3.1129e+00 -9.2106e-01
732 0 +6.607413966e-01 +1.000660741e+03 +1.000660741e+03 -2.6788e+00 -2.5710e+00 -7.6503e-01 -3.2095e+00 -8.9255e-01
1061 0 +6.324151759e-01 +1.000632415e+03 +1.000632415e+03 -2.4711e+00 -2.6231e+00 -6.5257e-01 -3.1747e+00 -8.3851e-01
1123 0 +5.911771714e-01 +1.000591177e+03 +1.000591177e+03 -2.5993e+00 -2.4479e+00 -8.5792e-01 -3.2923e+00 -7.1705e-01
1189 0 +5.102426486e-01 +1.000510243e+03 +1.000510243e+03 -2.5750e+00 -2.5600e+00 -7.1780e-01 -3.1736e+00 -8.6196e-01
1359 0 +4.861772857e-01 +1.000486177e+03 +1.000486177e+03 -2.6038e+00 -2.5483e+00 -8.0258e-01 -3.2926e+00 -8.3354e-01
1427 0 +4.680958162e-01 +1.000468096e+03 +1.000468096e+03 -2.5815e+00 -2.5494e+00 -7.7627e-01 -3.2704e+00 -8.0725e-01
1524 0 +4.187130535e-01 +1.000418713e+03 +1.000418713e+03 -2.5815e+00 -2.5494e+00 -7.8652e-01 -3.2704e+00 -8.0725e-01
1603 0 +4.046780494e-01 +1.000404678e+03 +1.000404678e+03 -2.6087e+00 -2.5335e+00 -8.0299e-01 -3.3252e+00 -7.7653e-01
1684 0 +3.763296540e-01 +1.000376330e+03 +1.000376330e+03 -2.6460e+00 -2.6857e+00 -8.5022e-01 -3.2506e+00 -6.4678e-01
3094 0 +3.457523230e-01 +1.000345752e+03 +1.000345752e+03 -2.6059e+00 -2.5185e+00 -8.2247e-01 -3.3368e+00 -7.8101e-01
3900 0 +3.178487972e-01 +1.000317849e+03 +1.000317849e+03 -2.6153e+00 -2.5471e+00 -8.2132e-01 -3.3095e+00 -7.7720e-01
4942 0 +2.889789797e-01 +1.000288979e+03 +1.000288979e+03 -2.6637e+00 -2.6653e+00 -8.3474e-01 -3.2281e+00 -6.4397e-01
% f evaluations | g evaluations | best noise-free fitness - Fopt (-3.427000000000e+01) + sum g_i+ | measured fitness | best measured fitness or single-digit g-values | x1 | x2...
1 0 +1.260383888e+01 -2.166616112e+01 -2.166616112e+01 +2.6626e+00 +4.5262e+00 -2.3605e-01 +2.3514e+00 +2.2118e+00
31 0 +6.939887744e+00 -2.733011226e+01 -2.733011226e+01 +2.4153e+00 +6.6894e-01 +1.1945e-01 +1.5266e+00 +2.0783e+00
60 0 +4.579340103e+00 -2.969065990e+01 -2.969065990e+01 +3.3120e+00 +1.1428e+00 +1.4391e+00 +9.6853e-01 -1.6122e+00
108 0 +2.884886442e+00 -3.138511356e+01 -3.138511356e+01 +3.3562e+00 +2.0788e+00 +2.6600e-01 -4.7698e-01 +1.4447e+00
238 0 +2.753182651e+00 -3.151681735e+01 -3.151681735e+01 +2.7482e+00 +4.8566e-01 +5.1649e-01 -2.4172e-01 +1.9044e+00
310 0 +1.263574260e+00 -3.300642574e+01 -3.300642574e+01 +2.3292e+00 +5.7434e-01 +1.2285e+00 +1.7960e-01 +9.5356e-01
424 0 +1.230828675e+00 -3.303917132e+01 -3.303917132e+01 +2.5315e+00 -2.6793e-02 +1.0111e+00 -4.3482e-01 +8.5576e-01
484 0 +1.038524382e+00 -3.323147562e+01 -3.323147562e+01 +2.5061e+00 +4.6238e-01 +4.1959e-01 -9.5878e-02 +5.3274e-01
491 0 +1.010637962e+00 -3.325936204e+01 -3.325936204e+01 +2.5461e+00 +4.2025e-01 +7.3461e-01 +6.2047e-02 +1.0005e+00
501 0 +8.088322479e-01 -3.346116775e+01 -3.346116775e+01 +2.5315e+00 +7.2985e-02 +8.2293e-01 -4.3482e-01 +8.0581e-01
609 0 +3.583523341e-01 -3.391164767e+01 -3.391164767e+01 +2.7121e+00 +2.6244e-01 +9.5464e-01 -2.2860e-01 +9.1721e-01
809 0 +3.017518219e-01 -3.396824818e+01 -3.396824818e+01 +3.0146e+00 +3.3221e-01 +6.7282e-01 -1.8558e-01 +7.4816e-01
980 0 +2.716153858e-01 -3.399838461e+01 -3.399838461e+01 +2.9313e+00 +3.5328e-01 +7.1908e-01 -8.9343e-02 +7.4600e-01
1001 0 +2.004521432e-01 -3.406954786e+01 -3.406954786e+01 +2.9479e+00 +3.1757e-01 +7.6336e-01 -2.7559e-01 +8.2315e-01
1008 0 +1.722355261e-01 -3.409776447e+01 -3.409776447e+01 +3.0973e+00 +4.2745e-01 +7.3482e-01 -1.6132e-01 +7.9178e-01
1216 0 +1.673573837e-01 -3.410264262e+01 -3.410264262e+01 +3.0096e+00 +3.0802e-01 +7.9681e-01 -1.8630e-01 +8.3263e-01
1275 0 +5.142262257e-02 -3.421857738e+01 -3.421857738e+01 +3.0788e+00 +3.7831e-01 +7.4423e-01 -1.8537e-01 +8.2335e-01
2563 0 +3.046370678e-02 -3.423953629e+01 -3.423953629e+01 +3.1125e+00 +3.5584e-01 +7.2703e-01 -1.6891e-01 +7.9940e-01
3947 0 +2.850905648e-02 -3.424149094e+01 -3.424149094e+01 +3.1198e+00 +3.9574e-01 +7.2161e-01 -1.5696e-01 +8.0977e-01
% f evaluations | g evaluations | best noise-free fitness - Fopt (1.000000000000e+03) + sum g_i+ | measured fitness | best measured fitness or single-digit g-values | x1 | x2...
1 0 +1.128823502e+01 +1.011288235e+03 +1.011288235e+03 -4.6121e+00 +1.5892e+00 +4.8848e+00 -3.2259e+00 -6.9041e-01
2 0 +9.557414101e+00 +1.009557414e+03 +1.009557414e+03 +1.8352e+00 -2.5992e+00 +2.1966e+00 +1.8094e+00 -2.5884e+00
4 0 +7.802406254e+00 +1.007802406e+03 +1.007802406e+03 -3.3232e+00 +3.1581e+00 +2.6803e+00 -7.1084e-01 -1.5369e+00
11 0 +6.520735357e+00 +1.006520735e+03 +1.006520735e+03 -1.6959e+00 +3.9429e+00 +1.8116e+00 -1.9463e+00 -3.1889e+00
63 0 +5.966280278e+00 +1.005966280e+03 +1.005966280e+03 -3.6855e+00 +4.3902e+00 +1.7368e+00 -2.7452e+00 +1.6119e+00
73 0 +5.803910069e+00 +1.005803910e+03 +1.005803910e+03 +1.8365e+00 +2.9914e-02 +3.6392e+00 +2.3468e-01 -1.5362e-01
107 0 +5.316726431e+00 +1.005316726e+03 +1.005316726e+03 -2.5916e+00 +4.1666e+00 +1.7972e+00 -2.3458e+00 -9.7672e-01
121 0 +3.841031633e+00 +1.003841032e+03 +1.003841032e+03 -1.1037e+00 +1.3043e+00 +3.9968e-01 -1.9356e+00 +1.0669e+00
124 0 +2.709348791e+00 +1.002709349e+03 +1.002709349e+03 +1.9669e-01 +1.7674e+00 +3.8120e-01 -6.3932e-01 -8.6327e-01
271 0 +1.691939145e+00 +1.001691939e+03 +1.001691939e+03 -7.6897e-01 +9.8447e-01 +1.3504e+00 -5.4492e-01 -9.1806e-01
305 0 +1.523903415e+00 +1.001523903e+03 +1.001523903e+03 -1.4093e+00 +1.5307e+00 +1.3834e+00 -1.5786e+00 -4.7892e-01
380 0 +1.440640640e+00 +1.001440641e+03 +1.001440641e+03 -8.2355e-01 +2.7224e-01 +5.8528e-01 -5.3087e-01 -1.1784e+00
399 0 +1.149969499e+00 +1.001149969e+03 +1.001149969e+03 -1.0891e+00 +1.2576e+00 +1.5172e+00 -1.0532e+00 -6.7469e-01
449 0 +6.844595692e-01 +1.000684460e+03 +1.000684460e+03 -1.4093e+00 +1.5307e+00 +1.3834e+00 -1.4594e+00 -4.7892e-01
621 0 +4.029390288e-01 +1.000402939e+03 +1.000402939e+03 -1.1863e+00 +1.0287e+00 +1.2756e+00 -8.9951e-01 -8.7332e-01
808 0 +3.153000624e-01 +1.000315300e+03 +1.000315300e+03 -1.3772e+00 +1.2408e+00 +1.3476e+00 -8.3770e-01 -7.5251e-01
986 0 +1.661920446e-01 +1.000166192e+03 +1.000166192e+03 -1.1863e+00 +9.6650e-01 +1.4090e+00 -7.6495e-01 -8.6725e-01
1616 0 +1.585079902e-01 +1.000158508e+03 +1.000158508e+03 -1.3814e+00 +1.2827e+00 +1.4849e+00 -9.6757e-01 -5.2969e-01
1689 0 +1.354462300e-01 +1.000135446e+03 +1.000135446e+03 -1.3607e+00 +1.2535e+00 +1.4776e+00 -8.9593e-01 -6.2318e-01
2128 0 +1.172352720e-01 +1.000117235e+03 +1.000117235e+03 -1.3659e+00 +1.2481e+00 +1.4553e+00 -9.5957e-01 -6.4708e-01
2544 0 +1.131475651e-01 +1.000113148e+03 +1.000113148e+03 -1.3659e+00 +1.2481e+00 +1.4618e+00 -9.5957e-01 -6.4708e-01
2930 0 +8.192739094e-02 +1.000081927e+03 +1.000081927e+03 -1.4281e+00 +1.2809e+00 +1.5343e+00 -9.4146e-01 -5.4968e-01
3884 0 +7.784059781e-02 +1.000077841e+03 +1.000077841e+03 -1.4568e+00 +1.3761e+00 +1.5714e+00 -9.8396e-01 -4.7654e-01
4176 0 +6.056562675e-02 +1.000060566e+03 +1.000060566e+03 -1.4362e+00 +1.3448e+00 +1.5473e+00 -9.6440e-01 -5.1406e-01
% f evaluations | g evaluations | best noise-free fitness - Fopt (-1.700300000000e+02) + sum g_i+ | measured fitness | best measured fitness or single-digit g-values | x1 | x2...
1 0 +2.406931306e+01 -1.459606869e+02 -1.459606869e+02 -2.8131e+00 +4.1807e+00 -3.6163e+00 -4.8448e+00 +2.2110e+00
3 0 +1.987605129e+01 -1.501539487e+02 -1.501539487e+02 -2.0804e+00 -1.9440e+00 -4.9773e+00 +1.1698e+00 -8.8355e-02
4 0 +1.035962749e+01 -1.596703725e+02 -1.596703725e+02 -1.9927e+00 -3.2147e+00 +7.6937e-01 +2.3043e+00 +1.7615e+00
7 0 +4.887762043e+00 -1.651422380e+02 -1.651422380e+02 +2.6787e+00 -1.6960e+00 -1.4312e+00 +1.4188e-01 +2.2309e+00
117 0 +3.129651964e+00 -1.669003480e+02 -1.669003480e+02 +2.5078e-01 -2.3884e+00 -1.4298e+00 +2.5187e+00 +1.9016e+00
350 0 +2.855370465e+00 -1.671746295e+02 -1.671746295e+02 -1.5804e+00 +2.2913e-01 -2.4035e+00 +1.4082e+00 +5.2170e-01
377 0 +2.771391668e+00 -1.672586083e+02 -1.672586083e+02 -1.4189e+00 -8.5358e-01 -1.3289e+00 +1.2796e+00 +1.5458e+00
398 0 +2.712604699e+00 -1.673173953e+02 -1.673173953e+02 -1.0146e+00 -9.4595e-02 -2.1642e+00 +2.0509e+00 +4.7387e-01
409 0 +2.552613094e+00 -1.674773869e+02 -1.674773869e+02 -1.1446e+00 -2.3216e-01 -1.5818e+00 +1.2874e+00 +9.4166e-01
454 0 +2.491650254e+00 -1.675383497e+02 -1.675383497e+02 -1.0153e+00 -4.8585e-01 -1.4807e+00 +1.5232e+00 +7.4413e-01
491 0 +1.508923371e+00 -1.685210766e+02 -1.685210766e+02 +2.5078e-01 -2.1898e+00 -1.4298e+00 +2.4174e+00 +1.8903e+00
632 0 +1.358351034e+00 -1.686716490e+02 -1.686716490e+02 -6.9456e-01 -9.9442e-01 -1.9672e+00 +2.0842e+00 +1.0973e+00
702 0 +9.817627942e-01 -1.690482372e+02 -1.690482372e+02 -1.0706e+00 -1.1984e+00 -1.5599e+00 +1.9504e+00 +1.3064e+00
889 0 +7.061762436e-01 -1.693238238e+02 -1.693238238e+02 -7.3208e-01 -1.7466e+00 -1.4003e+00 +2.0548e+00 +1.8771e+00
1386 0 +6.656713080e-01 -1.693643287e+02 -1.693643287e+02 -6.7094e-01 -1.6609e+00 -1.5025e+00 +2.2265e+00 +1.7230e+00
1672 0 +6.080208983e-01 -1.694219791e+02 -1.694219791e+02 -6.9175e-01 -1.6301e+00 -1.5105e+00 +2.2265e+00 +1.7230e+00
2421 0 +5.286266154e-01 -1.695013734e+02 -1.695013734e+02 -7.1276e-01 -1.6301e+00 -1.5105e+00 +2.2265e+00 +1.7230e+00
3304 0 +5.119494519e-01 -1.695180505e+02 -1.695180505e+02 -7.1261e-01 -1.6178e+00 -1.5101e+00 +2.2380e+00 +1.7135e+00
4077 0 +5.003427972e-01 -1.695296572e+02 -1.695296572e+02 -6.4533e-01 -1.5771e+00 -1.5596e+00 +2.3554e+00 +1.6668e+00
4914 0 +4.490506693e-01 -1.695809493e+02 -1.695809493e+02 -6.6199e-01 -1.5712e+00 -1.5651e+00 +2.3436e+00 +1.6435e+00
% f evaluations | g evaluations | best noise-free fitness - Fopt (2.567000000000e+01) + sum g_i+ | measured fitness | best measured fitness or single-digit g-values | x1 | x2...
1 0 +6.767467476e+01 +9.334467476e+01 +9.334467476e+01 -4.2952e+00 +3.1775e+00 -5.3553e-01 +2.2272e+00 -3.8197e+00
2 0 +2.499161862e+01 +5.066161862e+01 +5.066161862e+01 -2.9857e+00 +4.5143e+00 +1.6016e+00 -2.9850e+00 -3.2780e+00
3 0 +1.251708222e+01 +3.818708222e+01 +3.818708222e+01 +4.3909e+00 -2.2119e+00 +3.7939e+00 +1.7872e+00 +2.1507e+00
6 0 +1.073644832e+01 +3.640644832e+01 +3.640644832e+01 -2.6434e+00 -1.1685e+00 +2.2579e+00 -3.3554e+00 -2.9246e-01
18 0 +9.101355101e+00 +3.477135510e+01 +3.477135510e+01 +9.8862e-01 -1.3422e+00 +3.8045e-01 -2.6566e+00 -3.0675e+00
36 0 +7.550176891e+00 +3.322017689e+01 +3.322017689e+01 +1.8803e-01 +1.0194e+00 +2.5068e+00 -4.9582e+00 -1.0345e+00
73 0 +7.076335765e+00 +3.274633577e+01 +3.274633577e+01 +6.8359e-01 -2.6423e+00 +4.0164e+00 -2.5945e+00 -3.0178e+00
98 0 +6.435471506e+00 +3.210547151e+01 +3.210547151e+01 +1.5674e+00 -2.2998e-01 +4.2170e+00 -4.3403e+00 +2.0087e+00
217 0 +4.848925498e+00 +3.051892550e+01 +3.051892550e+01 +1.4891e+00 -1.3448e+00 +3.9080e-01 -2.4375e+00 +8.3727e-02
271 0 +4.625417378e+00 +3.029541738e+01 +3.029541738e+01 +7.2897e-01 -2.1495e+00 -3.8651e-01 -1.9048e+00 +4.6969e-01
303 0 +4.303534851e+00 +2.997353485e+01 +2.997353485e+01 +1.4346e+00 -1.3448e+00 +3.8784e-01 -2.4219e+00 +1.0546e-01
307 0 +3.547455200e+00 +2.921745520e+01 +2.921745520e+01 +1.7846e-01 -2.3578e+00 +2.7683e+00 -2.5018e+00 -5.5592e-01
381 0 +3.230164712e+00 +2.890016471e+01 +2.890016471e+01 +1.9877e-01 -8.3404e-02 +1.7869e+00 -3.2405e+00 +3.5277e-01
394 0 +1.971038636e+00 +2.764103864e+01 +2.764103864e+01 +1.2965e+00 -1.7322e+00 +1.5413e+00 -3.2764e+00 +1.5477e-02
546 0 +1.770291403e+00 +2.744029140e+01 +2.744029140e+01 -6.1144e-02 -1.5883e+00 +1.5536e+00 -2.8457e+00 -2.6400e-02
549 0 +1.651828369e+00 +2.732182837e+01 +2.732182837e+01 +6.8815e-02 -9.0652e-01 +1.6206e+00 -3.0431e+00 +2.0010e-01
600 0 +1.421878885e+00 +2.709187889e+01 +2.709187889e+01 +1.2965e+00 -1.7322e+00 +1.5832e+00 -3.2468e+00 +1.3032e-02
721 0 +1.035196184e+00 +2.670519618e+01 +2.670519618e+01 +5.0755e-01 -1.8714e+00 +1.4638e+00 -3.1411e+00 -8.8698e-02
1070 0 +9.641636694e-01 +2.663416367e+01 +2.663416367e+01 +2.3671e-01 -1.5887e+00 +1.3921e+00 -3.0836e+00 -1.1429e-01
1163 0 +9.211337156e-01 +2.659113372e+01 +2.659113372e+01 +3.5664e-01 -1.5612e+00 +1.4965e+00 -3.1553e+00 -1.2539e-01
1297 0 +8.915924592e-01 +2.656159246e+01 +2.656159246e+01 +4.1177e-01 -1.6536e+00 +1.4838e+00 -3.0657e+00 +1.2193e-02
1360 0 +8.005149361e-01 +2.647051494e+01 +2.647051494e+01 +6.7735e-01 -1.6366e+00 +1.6394e+00 -3.5211e+00 -1.2812e-02
1408 0 +6.188188373e-01 +2.628881884e+01 +2.628881884e+01 +3.7924e-01 -1.7104e+00 +1.5239e+00 -3.4746e+00 -1.2464e-02
1665 0 +5.130697874e-01 +2.618306979e+01 +2.618306979e+01 +6.7735e-01 -1.6366e+00 +1.7183e+00 -3.6804e+00 -4.1555e-02
1892 0 +4.868418941e-01 +2.615684189e+01 +2.615684189e+01 +4.8481e-01 -1.6594e+00 +1.5269e+00 -3.4345e+00 -2.1176e-02
2002 0 +4.576131649e-01 +2.612761316e+01 +2.612761316e+01 +4.7767e-01 -1.6276e+00 +1.5288e+00 -3.5455e+00 -3.4725e-02
2306 0 +4.489473321e-01 +2.611894733e+01 +2.611894733e+01 +6.3127e-01 -1.7895e+00 +1.5890e+00 -3.7493e+00 -5.6781e-02
2370 0 +3.727063627e-01 +2.604270636e+01 +2.604270636e+01 +6.6769e-01 -1.9433e+00 +1.4802e+00 -3.7277e+00 -1.0648e-01
2593 0 +3.692449067e-01 +2.603924491e+01 +2.603924491e+01 +6.6769e-01 -1.9566e+00 +1.5165e+00 -3.7945e+00 +3.6024e-02
2674 0 +2.955910264e-01 +2.596559103e+01 +2.596559103e+01 +6.6769e-01 -1.9433e+00 +1.4571e+00 -3.7277e+00 -3.9741e-02
3233 0 +2.876022022e-01 +2.595760220e+01 +2.595760220e+01 +7.6717e-01 -2.1216e+00 +1.4246e+00 -3.8257e+00 -1.3759e-01
3369 0 +1.872313612e-01 +2.585723136e+01 +2.585723136e+01 +7.4648e-01 -2.2215e+00 +1.4318e+00 -3.8099e+00 -5.8897e-02
3425 0 +1.730230151e-01 +2.584302302e+01 +2.584302302e+01 +7.5413e-01 -2.2176e+00 +1.3141e+00 -3.7946e+00 -3.9571e-02
3529 0 +1.591159745e-01 +2.582911597e+01 +2.582911597e+01 +8.1833e-01 -2.3134e+00 +1.3658e+00 -3.8105e+00 -8.7270e-02
3777 0 +9.057555724e-02 +2.576057556e+01 +2.576057556e+01 +8.0169e-01 -2.3822e+00 +1.2867e+00 -3.8547e+00 -8.7270e-02
4037 0 +7.451993418e-02 +2.574451993e+01 +2.574451993e+01 +7.7094e-01 -2.2944e+00 +1.3435e+00 -3.8392e+00 -7.6178e-02
4261 0 +5.809534831e-02 +2.572809535e+01 +2.572809535e+01 +7.8813e-01 -2.3212e+00 +1.3082e+00 -3.8661e+00 -6.2553e-02
% f evaluations | g evaluations | best noise-free fitness - Fopt (2.081800000000e+02) + sum g_i+ | measured fitness | best measured fitness or single-digit g-values | x1 | x2...
1 0 +1.389730015e+01 +2.220773001e+02 +2.220773001e+02 -9.3628e-02 +1.0608e-01 -1.7166e+00 +1.9395e+00 -1.7771e+00
24 0 +1.084283882e+01 +2.190228388e+02 +2.190228388e+02 +1.5173e+00 -1.9427e+00 +2.6170e+00 -3.4482e-02 +4.7621e-01
37 0 +7.679941279e+00 +2.158599413e+02 +2.158599413e+02 +1.4127e+00 -3.9935e+00 -1.4965e+00 -2.4644e-01 -4.4392e-01
51 0 +7.202198970e+00 +2.153821990e+02 +2.153821990e+02 -1.5381e+00 -2.8031e+00 +2.0731e+00 +2.3167e+00 -4.9255e-01
114 0 +6.010715954e+00 +2.141907160e+02 +2.141907160e+02 -6.6412e-01 -2.7238e+00 +8.3658e-01 +9.1776e-01 +1.0469e+00
129 0 +4.916343231e+00 +2.130963432e+02 +2.130963432e+02 -9.2296e-01 -2.3792e+00 +2.9069e+00 +1.5088e+00 +6.8802e-01
286 0 +4.567961683e+00 +2.127479617e+02 +2.127479617e+02 -8.1124e-01 -2.3176e+00 +2.9102e+00 +1.5336e+00 +7.8463e-01
381 0 +4.397706845e+00 +2.125777068e+02 +2.125777068e+02 -2.0895e+00 +2.5424e-01 +5.5781e-01 +2.3192e-01 +1.0618e+00
388 0 +4.310720232e+00 +2.124907202e+02 +2.124907202e+02 -8.6710e-01 -2.3484e+00 +2.9086e+00 +1.4371e+00 +6.9149e-01
452 0 +3.854343502e+00 +2.120343435e+02 +2.120343435e+02 -1.3608e+00 -7.5888e-01 +1.0220e+00 +6.8550e-01 -1.4253e-01
491 0 +3.433051559e+00 +2.116130516e+02 +2.116130516e+02 -2.6506e+00 -2.2585e-01 +1.6291e+00 +4.3477e-01 +1.1021e-01
650 0 +2.766809211e+00 +2.109468092e+02 +2.109468092e+02 -7.3567e-01 -2.0420e+00 +2.0998e+00 +4.2802e-01 +4.9138e-01
1153 0 +2.731391155e+00 +2.109113912e+02 +2.109113912e+02 -1.1902e+00 -2.4364e+00 +2.1124e+00 +4.4087e-01 +6.4749e-01
1469 0 +2.675159354e+00 +2.108551594e+02 +2.108551594e+02 -1.1750e+00 -2.5554e+00 +2.1942e+00 +3.4361e-01 +5.4993e-01
1496 0 +2.557993385e+00 +2.107379934e+02 +2.107379934e+02 -1.1391e+00 -2.3237e+00 +2.3186e+00 +3.4361e-01 +5.4993e-01
1886 0 +2.432774003e+00 +2.106127740e+02 +2.106127740e+02 -1.1965e+00 -2.3825e+00 +2.1929e+00 +1.6339e-01 +7.4613e-01
2020 0 +2.356754451e+00 +2.105367545e+02 +2.105367545e+02 -1.3451e+00 -2.2685e+00 +2.3714e+00 +4.7072e-01 +6.3433e-01
2108 0 +2.327803784e+00 +2.105078038e+02 +2.105078038e+02 -1.0741e+00 -2.1294e+00 +2.2162e+00 +1.0440e-01 +7.9360e-01
2233 0 +2.281674852e+00 +2.104616749e+02 +2.104616749e+02 -9.0575e-01 -2.1294e+00 +2.1678e+00 -1.0508e-02 +7.9360e-01
2265 0 +2.163676518e+00 +2.103436765e+02 +2.103436765e+02 -1.1965e+00 -2.2296e+00 +2.3175e+00 +2.3903e-01 +7.4613e-01
2277 0 +1.880227181e+00 +2.100602272e+02 +2.100602272e+02 -1.2500e+00 -2.3249e+00 +2.1929e+00 +5.7237e-02 +8.6751e-01
2342 0 +1.743714944e+00 +2.099237149e+02 +2.099237149e+02 -1.1910e+00 -2.3249e+00 +2.2117e+00 +5.7237e-02 +9.0807e-01
2697 0 +1.734149044e+00 +2.099141490e+02 +2.099141490e+02 -1.1716e+00 -2.2659e+00 +2.1997e+00 +7.6882e-02 +8.6232e-01
2795 0 +1.504776031e+00 +2.096847760e+02 +2.096847760e+02 -1.1528e+00 -2.2705e+00 +2.1831e+00 +6.2436e-02 +8.6859e-01
