% f evaluations | g evaluations | best noise-free fitness - Fopt (-1.694000000000e+01) + sum g_i+ | measured fitness | best measured fitness or single-digit g-values | x1 | x2...
1 0 +9.239083524e+01 +7.545083524e+01 +7.545083524e+01
2 0 +2.599590657e+01 +9.055906572e+00 +9.055906572e+00
3 0 +1.972270970e+01 +2.782709698e+00 +2.782709698e+00
71 0 +1.632997522e+01 -6.100247790e-01 -6.100247790e-01
106 0 +1.491999739e+01 -2.020002613e+00 -2.020002613e+00
111 0 +1.349465482e+01 -3.445345176e+00 -3.445345176e+00
186 0 +1.236650029e+01 -4.573499710e+00 -4.573499710e+00
247 0 +9.928606248e+00 -7.011393752e+00 -7.011393752e+00
339 0 +9.765620180e+00 -7.174379820e+00 -7.174379820e+00
403 0 +9.115063574e+00 -7.824936426e+00 -7.824936426e+00
431 0 +8.758813724e+00 -8.181186276e+00 -8.181186276e+00
642 0 +8.686982729e+00 -8.253017271e+00 -8.253017271e+00
862 0 +8.273163829e+00 -8.666836171e+00 -8.666836171e+00
880 0 +7.715813400e+00 -9.224186600e+00 -9.224186600e+00
1139 0 +7.137343261e+00 -9.802656739e+00 -9.802656739e+00
1450 0 +7.012089258e+00 -9.927910742e+00 -9.927910742e+00
1758 0 +6.886405931e+00 -1.005359407e+01 -1.005359407e+01
2350 0 +6.711232534e+00 -1.022876747e+01 -1.022876747e+01
3113 0 +6.518603395e+00 -1.042139661e+01 -1.042139661e+01
3279 0 +6.396280609e+00 -1.054371939e+01 -1.054371939e+01
3605 0 +6.109141022e+00 -1.083085898e+01 -1.083085898e+01
3868 0 +5.971885261e+00 -1.096811474e+01 -1.096811474e+01
4576 0 +5.785439051e+00 -1.115456095e+01 -1.115456095e+01
5425 0 +5.732844258e+00 -1.120715574e+01 -1.120715574e+01
5744 0 +5.556988015e+00 -1.138301198e+01 -1.138301198e+01
6505 0 +5.487901143e+00 -1.145209886e+01 -1.145209886e+01
6759 0 +5.363537235e+00 -1.157646276e+01 -1.157646276e+01
8624 0 +5.221523756e+00 -1.171847624e+01 -1.171847624e+01
8806 0 +4.900799130e+00 -1.203920087e+01 -1.203920087e+01
10355 0 +4.884757515e+00 -1.205524248e+01 -1.205524248e+01
13323 0 +4.714242397e+00 -1.222575760e+01 -1.222575760e+01
16607 0 +4.467960268e+00 -1.247203973e+01 -1.247203973e+01
17642 0 +4.415872264e+00 -1.252412774e+01 -1.252412774e+01
20503 0 +4.310381432e+00 -1.262961857e+01 -1.262961857e+01
20607 0 +4.230545438e+00 -1.270945456e+01 -1.270945456e+01
21987 0 +3.977691698e+00 -1.296230830e+01 -1.296230830e+01
33769 0 +3.803737423e+00 -1.313626258e+01 -1.313626258e+01
% f evaluations | g evaluations | best noise-free fitness - Fopt (1.881000000000e+01) + sum g_i+ | measured fitness | best measured fitness or single-digit g-values | x1 | x2...
1 0 +2.860632368e+01 +4.741632368e+01 +4.741632368e+01
2 0 +2.696213626e+01 +4.577213626e+01 +4.577213626e+01
10 0 +2.002101660e+01 +3.883101660e+01 +3.883101660e+01
120 0 +1.942200081e+01 +3.823200081e+01 +3.823200081e+01
162 0 +1.780301441e+01 +3.661301441e+01 +3.661301441e+01
183 0 +1.774760497e+01 +3.655760497e+01 +3.655760497e+01
208 0 +1.590592370e+01 +3.471592370e+01 +3.471592370e+01
218 0 +1.515798900e+01 +3.396798900e+01 +3.396798900e+01
225 0 +1.413665696e+01 +3.294665696e+01 +3.294665696e+01
303 0 +9.850468709e+00 +2.866046871e+01 +2.866046871e+01
525 0 +9.243973957e+00 +2.805397396e+01 +2.805397396e+01
661 0 +8.897690779e+00 +2.770769078e+01 +2.770769078e+01
771 0 +8.585711164e+00 +2.739571116e+01 +2.739571116e+01
810 0 +8.216641945e+00 +2.702664195e+01 +2.702664195e+01
897 0 +7.787934433e+00 +2.659793443e+01 +2.659793443e+01
1424 0 +7.589364515e+00 +2.639936451e+01 +2.639936451e+01
1668 0 +7.557836897e+00 +2.636783690e+01 +2.636783690e+01
1783 0 +7.352735062e+00 +2.616273506e+01 +2.616273506e+01
1991 0 +7.237817432e+00 +2.604781743e+01 +2.604781743e+01
2015 0 +7.039414375e+00 +2.584941438e+01 +2.584941438e+01
3295 0 +6.873296471e+00 +2.568329647e+01 +2.568329647e+01
3710 0 +6.667743970e+00 +2.547774397e+01 +2.547774397e+01
3867 0 +5.987622926e+00 +2.479762293e+01 +2.479762293e+01
7635 0 +5.855549052e+00 +2.466554905e+01 +2.466554905e+01
8767 0 +5.693297406e+00 +2.450329741e+01 +2.450329741e+01
9688 0 +5.440836082e+00 +2.425083608e+01 +2.425083608e+01
15474 0 +5.230313936e+00 +2.404031394e+01 +2.404031394e+01
18800 0 +5.087551404e+00 +2.389755140e+01 +2.389755140e+01
20271 0 +5.008522840e+00 +2.381852284e+01 +2.381852284e+01
22928 0 +4.800522912e+00 +2.361052291e+01 +2.361052291e+01
24752 0 +4.566820336e+00 +2.337682034e+01 +2.337682034e+01
32322 0 +4.352990706e+00 +2.316299071e+01 +2.316299071e+01
35572 0 +4.235030361e+00 +2.304503036e+01 +2.304503036e+01
37095 0 +4.112662806e+00 +2.292266281e+01 +2.292266281e+01
% f evaluations | g evaluations | best noise-free fitness - Fopt (2.731500000000e+02) + sum g_i+ | measured fitness | best measured fitness or single-digit g-values | x1 | x2...
1 0 +2.363142260e+01 +2.967814226e+02 +2.967814226e+02
10 0 +2.218537988e+01 +2.953353799e+02 +2.953353799e+02
14 0 +1.743070658e+01 +2.905807066e+02 +2.905807066e+02
89 0 +1.608938871e+01 +2.892393887e+02 +2.892393887e+02
133 0 +1.358382594e+01 +2.867338259e+02 +2.867338259e+02
225 0 +1.314706791e+01 +2.862970679e+02 +2.862970679e+02
312 0 +1.223568040e+01 +2.853856804e+02 +2.853856804e+02
418 0 +1.090591467e+01 +2.840559147e+02 +2.840559147e+02
478 0 +9.964697914e+00 +2.831146979e+02 +2.831146979e+02
754 0 +9.638883107e+00 +2.827888831e+02 +2.827888831e+02
972 0 +9.514683250e+00 +2.826646833e+02 +2.826646833e+02
977 0 +9.309141745e+00 +2.824591417e+02 +2.824591417e+02
997 0 +8.622669423e+00 +2.817726694e+02 +2.817726694e+02
2037 0 +8.295808080e+00 +2.814458081e+02 +2.814458081e+02
2692 0 +8.103676664e+00 +2.812536767e+02 +2.812536767e+02
2808 0 +7.655254048e+00 +2.808052540e+02 +2.808052540e+02
2987 0 +7.500515190e+00 +2.806505152e+02 +2.806505152e+02
4313 0 +7.405125764e+00 +2.805551258e+02 +2.805551258e+02
4641 0 +7.194559193e+00 +2.803445592e+02 +2.803445592e+02
5400 0 +7.039278255e+00 +2.801892783e+02 +2.801892783e+02
6595 0 +6.774545731e+00 +2.799245457e+02 +2.799245457e+02
7384 0 +6.634500414e+00 +2.797845004e+02 +2.797845004e+02
7456 0 +6.522934602e+00 +2.796729346e+02 +2.796729346e+02
8686 0 +6.430301546e+00 +2.795803015e+02 +2.795803015e+02
18659 0 +6.243044800e+00 +2.793930448e+02 +2.793930448e+02
% f evaluations | g evaluations | best noise-free fitness - Fopt (3.718000000000e+01) + sum g_i+ | measured fitness | best measured fitness or single-digit g-values | x1 | x2...
1 0 +4.631796538e+01 +8.349796538e+01 +8.349796538e+01
3 0 +2.892843496e+01 +6.610843496e+01 +6.610843496e+01
4 0 +2.087371166e+01 +5.805371166e+01 +5.805371166e+01
48 0 +1.883967379e+01 +5.601967379e+01 +5.601967379e+01
123 0 +1.794587423e+01 +5.512587423e+01 +5.512587423e+01
132 0 +1.752453048e+01 +5.470453048e+01 +5.470453048e+01
135 0 +1.570475332e+01 +5.288475332e+01 +5.288475332e+01
160 0 +1.292019514e+01 +5.010019514e+01 +5.010019514e+01
213 0 +1.263579754e+01 +4.981579754e+01 +4.981579754e+01
214 0 +1.241567799e+01 +4.959567799e+01 +4.959567799e+01
229 0 +1.163583899e+01 +4.881583899e+01 +4.881583899e+01
299 0 +1.079848305e+01 +4.797848305e+01 +4.797848305e+01
338 0 +1.011288277e+01 +4.729288277e+01 +4.729288277e+01
404 0 +9.937560643e+00 +4.711756064e+01 +4.711756064e+01
409 0 +9.036754075e+00 +4.621675407e+01 +4.621675407e+01
607 0 +8.766841366e+00 +4.594684137e+01 +4.594684137e+01
638 0 +8.450257737e+00 +4.563025774e+01 +4.563025774e+01
696 0 +8.170114619e+00 +4.535011462e+01 +4.535011462e+01
734 0 +7.814856945e+00 +4.499485695e+01 +4.499485695e+01
878 0 +7.613359637e+00 +4.479335964e+01 +4.479335964e+01
1006 0 +7.356361422e+00 +4.453636142e+01 +4.453636142e+01
1464 0 +7.175823909e+00 +4.435582391e+01 +4.435582391e+01
2499 0 +7.017304310e+00 +4.419730431e+01 +4.419730431e+01
2680 0 +6.811224099e+00 +4.399122410e+01 +4.399122410e+01
3035 0 +6.755875160e+00 +4.393587516e+01 +4.393587516e+01
3074 0 +6.524898464e+00 +4.370489846e+01 +4.370489846e+01
3543 0 +6.381157299e+00 +4.356115730e+01 +4.356115730e+01
3663 0 +6.181070073e+00 +4.336107007e+01 +4.336107007e+01
3782 0 +6.044570965e+00 +4.322457097e+01 +4.322457097e+01
4224 0 +6.023733931e+00 +4.320373393e+01 +4.320373393e+01
4962 0 +5.782543433e+00 +4.296254343e+01 +4.296254343e+01
6317 0 +5.703551463e+00 +4.288355146e+01 +4.288355146e+01
7521 0 +5.397501777e+00 +4.257750178e+01 +4.257750178e+01
10322 0 +5.370197585e+00 +4.255019758e+01 +4.255019758e+01
13665 0 +5.227020903e+00 +4.240702090e+01 +4.240702090e+01
14355 0 +5.128295035e+00 +4.230829503e+01 +4.230829503e+01
17072 0 +4.970621546e+00 +4.215062155e+01 +4.215062155e+01
18015 0 +4.722450853e+00 +4.190245085e+01 +4.190245085e+01
19407 0 +4.655444360e+00 +4.183544436e+01 +4.183544436e+01
34285 0 +4.474030640e+00 +4.165403064e+01 +4.165403064e+01
% f evaluations | g evaluations | best noise-free fitness - Fopt (-1.479000000000e+02) + sum g_i+ | measured fitness | best measured fitness or single-digit g-values | x1 | x2...
1 0 +2.860875860e+01 -1.192912414e+02 -1.192912414e+02
2 0 +2.525847948e+01 -1.226415205e+02 -1.226415205e+02
28 0 +1.852795597e+01 -1.293720440e+02 -1.293720440e+02
106 0 +1.777207580e+01 -1.301279242e+02 -1.301279242e+02
109 0 +1.724966696e+01 -1.306503330e+02 -1.306503330e+02
149 0 +1.696123341e+01 -1.309387666e+02 -1.309387666e+02
173 0 +1.297722357e+01 -1.349227764e+02 -1.349227764e+02
223 0 +1.274860568e+01 -1.351513943e+02 -1.351513943e+02
237 0 +1.129971305e+01 -1.366002870e+02 -1.366002870e+02
321 0 +1.117056895e+01 -1.367294311e+02 -1.367294311e+02
370 0 +1.093123550e+01 -1.369687645e+02 -1.369687645e+02
398 0 +1.023124737e+01 -1.376687526e+02 -1.376687526e+02
517 0 +9.496035310e+00 -1.384039647e+02 -1.384039647e+02
518 0 +8.561322783e+00 -1.393386772e+02 -1.393386772e+02
750 0 +8.384711280e+00 -1.395152887e+02 -1.395152887e+02
848 0 +8.150841162e+00 -1.397491588e+02 -1.397491588e+02
1123 0 +7.788278783e+00 -1.401117212e+02 -1.401117212e+02
1225 0 +7.605108106e+00 -1.402948919e+02 -1.402948919e+02
1433 0 +7.459643028e+00 -1.404403570e+02 -1.404403570e+02
1690 0 +7.227845552e+00 -1.406721544e+02 -1.406721544e+02
2068 0 +6.987876641e+00 -1.409121234e+02 -1.409121234e+02
2376 0 +6.870165262e+00 -1.410298347e+02 -1.410298347e+02
2385 0 +6.669552742e+00 -1.412304473e+02 -1.412304473e+02
3197 0 +6.512330574e+00 -1.413876694e+02 -1.413876694e+02
3327 0 +6.445235169e+00 -1.414547648e+02 -1.414547648e+02
4795 0 +6.306482317e+00 -1.415935177e+02 -1.415935177e+02
6040 0 +6.150116422e+00 -1.417498836e+02 -1.417498836e+02
8347 0 +5.946875900e+00 -1.419531241e+02 -1.419531241e+02
11148 0 +5.822205341e+00 -1.420777947e+02 -1.420777947e+02
14003 0 +5.739643806e+00 -1.421603562e+02 -1.421603562e+02
23939 0 +5.593044207e+00 -1.423069558e+02 -1.423069558e+02
% f evaluations | g evaluations | best noise-free fitness - Fopt (1.699300000000e+02) + sum g_i+ | measured fitness | best measured fitness or single-digit g-values | x1 | x2...
1 0 +4.715108343e+01 +2.170810834e+02 +2.170810834e+02
2 0 +3.435566644e+01 +2.042856664e+02 +2.042856664e+02
3 0 +1.972798615e+01 +1.896579862e+02 +1.896579862e+02
16 0 +1.596926386e+01 +1.858992639e+02 +1.858992639e+02
101 0 +1.133136189e+01 +1.812613619e+02 +1.812613619e+02
202 0 +1.117485352e+01 +1.811048535e+02 +1.811048535e+02
206 0 +1.072502261e+01 +1.806550226e+02 +1.806550226e+02
211 0 +9.044701983e+00 +1.789747020e+02 +1.789747020e+02
302 0 +8.869689408e+00 +1.787996894e+02 +1.787996894e+02
314 0 +8.539096524e+00 +1.784690965e+02 +1.784690965e+02
319 0 +8.361876075e+00 +1.782918761e+02 +1.782918761e+02
350 0 +7.255129374e+00 +1.771851294e+02 +1.771851294e+02
516 0 +6.927768824e+00 +1.768577688e+02 +1.768577688e+02
689 0 +6.708220170e+00 +1.766382202e+02 +1.766382202e+02
1139 0 +6.590355588e+00 +1.765203556e+02 +1.765203556e+02
1172 0 +6.334009404e+00 +1.762640094e+02 +1.762640094e+02
1433 0 +6.307791386e+00 +1.762377914e+02 +1.762377914e+02
1593 0 +5.999383987e+00 +1.759293840e+02 +1.759293840e+02
2322 0 +5.672175418e+00 +1.756021754e+02 +1.756021754e+02
2677 0 +5.502755674e+00 +1.754327557e+02 +1.754327557e+02
2771 0 +5.377721710e+00 +1.753077217e+02 +1.753077217e+02
3724 0 +5.169906453e+00 +1.750999065e+02 +1.750999065e+02
6175 0 +5.096646391e+00 +1.750266464e+02 +1.750266464e+02
7534 0 +4.887776493e+00 +1.748177765e+02 +1.748177765e+02
9048 0 +4.634768612e+00 +1.745647686e+02 +1.745647686e+02
9841 0 +4.551056822e+00 +1.744810568e+02 +1.744810568e+02
12885 0 +4.418784401e+00 +1.743487844e+02 +1.743487844e+02
13985 0 +4.282570831e+00 +1.742125708e+02 +1.742125708e+02
15763 0 +4.234008790e+00 +1.741640088e+02 +1.741640088e+02
16184 0 +4.102083063e+00 +1.740320831e+02 +1.740320831e+02
17263 0 +3.960495965e+00 +1.738904960e+02 +1.738904960e+02
22093 0 +3.597974367e+00 +1.735279744e+02 +1.735279744e+02
% f evaluations | g evaluations | best noise-free fitness - Fopt (1.181700000000e+02) + sum g_i+ | measured fitness | best measured fitness or single-digit g-values | x1 | x2...
1 0 +5.323956019e+01 +1.714095602e+02 +1.714095602e+02
2 0 +5.315827942e+01 +1.713282794e+02 +1.713282794e+02
6 0 +4.751007714e+01 +1.656800771e+02 +1.656800771e+02
7 0 +2.630053328e+01 +1.444705333e+02 +1.444705333e+02
107 0 +2.547960221e+01 +1.436496022e+02 +1.436496022e+02
108 0 +2.458831571e+01 +1.427583157e+02 +1.427583157e+02
112 0 +2.326483668e+01 +1.414348367e+02 +1.414348367e+02
126 0 +2.086349794e+01 +1.390334979e+02 +1.390334979e+02
135 0 +1.670083916e+01 +1.348708392e+02 +1.348708392e+02
289 0 +1.658915358e+01 +1.347591536e+02 +1.347591536e+02
296 0 +1.497748935e+01 +1.331474894e+02 +1.331474894e+02
341 0 +1.435335714e+01 +1.325233571e+02 +1.325233571e+02
400 0 +1.254670864e+01 +1.307167086e+02 +1.307167086e+02
463 0 +1.221470355e+01 +1.303847035e+02 +1.303847035e+02
571 0 +1.137274802e+01 +1.295427480e+02 +1.295427480e+02
1057 0 +1.091349663e+01 +1.290834966e+02 +1.290834966e+02
1665 0 +1.052909261e+01 +1.286990926e+02 +1.286990926e+02
1815 0 +1.040442366e+01 +1.285744237e+02 +1.285744237e+02
1906 0 +1.008625529e+01 +1.282562553e+02 +1.282562553e+02
2161 0 +9.754027429e+00 +1.279240274e+02 +1.279240274e+02
3132 0 +9.525899548e+00 +1.276958995e+02 +1.276958995e+02
3286 0 +9.189121275e+00 +1.273591213e+02 +1.273591213e+02
3776 0 +8.993274843e+00 +1.271632748e+02 +1.271632748e+02
3849 0 +8.759780678e+00 +1.269297807e+02 +1.269297807e+02
4796 0 +8.699700617e+00 +1.268697006e+02 +1.268697006e+02
5364 0 +8.046405615e+00 +1.262164056e+02 +1.262164056e+02
6102 0 +7.920261629e+00 +1.260902616e+02 +1.260902616e+02
12438 0 +7.599625827e+00 +1.257696258e+02 +1.257696258e+02
% f evaluations | g evaluations | best noise-free fitness - Fopt (-1.791300000000e+02) + sum g_i+ | measured fitness | best measured fitness or single-digit g-values | x1 | x2...
1 0 +4.201803378e+01 -1.371119662e+02 -1.371119662e+02
2 0 +3.300725661e+01 -1.461227434e+02 -1.461227434e+02
33 0 +3.190612338e+01 -1.472238766e+02 -1.472238766e+02
37 0 +2.718064296e+01 -1.519493570e+02 -1.519493570e+02
46 0 +2.613855709e+01 -1.529914429e+02 -1.529914429e+02
89 0 +2.524466121e+01 -1.538853388e+02 -1.538853388e+02
92 0 +2.346338296e+01 -1.556666170e+02 -1.556666170e+02
100 0 +2.204026139e+01 -1.570897386e+02 -1.570897386e+02
108 0 +1.703728410e+01 -1.620927159e+02 -1.620927159e+02
189 0 +1.569512642e+01 -1.634348736e+02 -1.634348736e+02
209 0 +1.456819210e+01 -1.645618079e+02 -1.645618079e+02
251 0 +1.124821406e+01 -1.678817859e+02 -1.678817859e+02
426 0 +1.046183297e+01 -1.686681670e+02 -1.686681670e+02
548 0 +9.997565881e+00 -1.691324341e+02 -1.691324341e+02
652 0 +9.479600129e+00 -1.696503999e+02 -1.696503999e+02
668 0 +9.152555073e+00 -1.699774449e+02 -1.699774449e+02
784 0 +8.460346336e+00 -1.706696537e+02 -1.706696537e+02
903 0 +7.982897118e+00 -1.711471029e+02 -1.711471029e+02
1281 0 +7.447631153e+00 -1.716823688e+02 -1.716823688e+02
1536 0 +7.271233697e+00 -1.718587663e+02 -1.718587663e+02
1708 0 +6.992553268e+00 -1.721374467e+02 -1.721374467e+02
1739 0 +6.598796925e+00 -1.725312031e+02 -1.725312031e+02
3839 0 +6.398466463e+00 -1.727315335e+02 -1.727315335e+02
4292 0 +6.296131761e+00 -1.728338682e+02 -1.728338682e+02
4972 0 +6.068487736e+00 -1.730615123e+02 -1.730615123e+02
5674 0 +5.730700289e+00 -1.733992997e+02 -1.733992997e+02
8580 0 +5.503694543e+00 -1.736263055e+02 -1.736263055e+02
27241 0 +5.484015720e+00 -1.736459843e+02 -1.736459843e+02
27354 0 +5.351275954e+00 -1.737787240e+02 -1.737787240e+02
28242 0 +5.155419626e+00 -1.739745804e+02 -1.739745804e+02
% f evaluations | g evaluations | best noise-free fitness - Fopt (-5.784000000000e+02) + sum g_i+ | measured fitness | best measured fitness or single-digit g-values | x1 | x2...
1 0 +2.260174165e+01 -5.557982584e+02 -5.557982584e+02
113 0 +1.812975563e+01 -5.602702444e+02 -5.602702444e+02
158 0 +1.459952756e+01 -5.638004724e+02 -5.638004724e+02
221 0 +1.211477534e+01 -5.662852247e+02 -5.662852247e+02
318 0 +1.141958076e+01 -5.669804192e+02 -5.669804192e+02
399 0 +1.088062880e+01 -5.675193712e+02 -5.675193712e+02
437 0 +1.048762957e+01 -5.679123704e+02 -5.679123704e+02
523 0 +9.917615834e+00 -5.684823842e+02 -5.684823842e+02
623 0 +9.526137243e+00 -5.688738628e+02 -5.688738628e+02
712 0 +8.938975358e+00 -5.694610246e+02 -5.694610246e+02
1005 0 +8.737849415e+00 -5.696621506e+02 -5.696621506e+02
1250 0 +8.687263558e+00 -5.697127364e+02 -5.697127364e+02
1404 0 +8.321282445e+00 -5.700787176e+02 -5.700787176e+02
1465 0 +8.238994349e+00 -5.701610057e+02 -5.701610057e+02
1911 0 +8.034174931e+00 -5.703658251e+02 -5.703658251e+02
2127 0 +7.890454347e+00 -5.705095457e+02 -5.705095457e+02
2206 0 +7.650181099e+00 -5.707498189e+02 -5.707498189e+02
2684 0 +7.380620220e+00 -5.710193798e+02 -5.710193798e+02
2930 0 +7.197385123e+00 -5.712026149e+02 -5.712026149e+02
3008 0 +7.071418103e+00 -5.713285819e+02 -5.713285819e+02
3409 0 +6.673627396e+00 -5.717263726e+02 -5.717263726e+02
4254 0 +6.441897500e+00 -5.719581025e+02 -5.719581025e+02
4555 0 +6.222708472e+00 -5.721772915e+02 -5.721772915e+02
4967 0 +6.117756637e+00 -5.722822434e+02 -5.722822434e+02
5695 0 +5.857496329e+00 -5.725425037e+02 -5.725425037e+02
6004 0 +5.740612145e+00 -5.726593879e+02 -5.726593879e+02
6444 0 +5.518685684e+00 -5.728813143e+02 -5.728813143e+02
9306 0 +5.491656695e+00 -5.729083433e+02 -5.729083433e+02
9665 0 +5.366012702e+00 -5.730339873e+02 -5.730339873e+02
10597 0 +5.242592224e+00 -5.731574078e+02 -5.731574078e+02
11623 0 +5.080783146e+00 -5.733192169e+02 -5.733192169e+02
12545 0 +4.979566142e+00 -5.734204339e+02 -5.734204339e+02
12984 0 +4.753051960e+00 -5.736469480e+02 -5.736469480e+02
14419 0 +4.659310511e+00 -5.737406895e+02 -5.737406895e+02
25929 0 +4.522648814e+00 -5.738773512e+02 -5.738773512e+02
% f evaluations | g evaluations | best noise-free fitness - Fopt (1.000000000000e+03) + sum g_i+ | measured fitness | best measured fitness or single-digit g-values | x1 | x2...
1 0 +4.243410449e+01 +1.042434104e+03 +1.042434104e+03
6 0 +4.219468830e+01 +1.042194688e+03 +1.042194688e+03
7 0 +3.654116177e+01 +1.036541162e+03 +1.036541162e+03
9 0 +2.577829162e+01 +1.025778292e+03 +1.025778292e+03
15 0 +2.292213203e+01 +1.022922132e+03 +1.022922132e+03
34 0 +1.739337188e+01 +1.017393372e+03 +1.017393372e+03
57 0 +1.699830810e+01 +1.016998308e+03 +1.016998308e+03
131 0 +1.503298293e+01 +1.015032983e+03 +1.015032983e+03
154 0 +1.431599890e+01 +1.014315999e+03 +1.014315999e+03
255 0 +1.145757201e+01 +1.011457572e+03 +1.011457572e+03
293 0 +1.074930910e+01 +1.010749309e+03 +1.010749309e+03
387 0 +1.011677453e+01 +1.010116775e+03 +1.010116775e+03
418 0 +9.860718673e+00 +1.009860719e+03 +1.009860719e+03
421 0 +8.409887652e+00 +1.008409888e+03 +1.008409888e+03
803 0 +8.225423052e+00 +1.008225423e+03 +1.008225423e+03
827 0 +7.841702559e+00 +1.007841703e+03 +1.007841703e+03
958 0 +7.614487102e+00 +1.007614487e+03 +1.007614487e+03
1300 0 +7.543828471e+00 +1.007543828e+03 +1.007543828e+03
1393 0 +7.402145073e+00 +1.007402145e+03 +1.007402145e+03
1410 0 +7.211479346e+00 +1.007211479e+03 +1.007211479e+03
1748 0 +6.845854139e+00 +1.006845854e+03 +1.006845854e+03
1964 0 +6.396764018e+00 +1.006396764e+03 +1.006396764e+03
2839 0 +6.166332004e+00 +1.006166332e+03 +1.006166332e+03
2930 0 +6.043160405e+00 +1.006043160e+03 +1.006043160e+03
3158 0 +5.904358162e+00 +1.005904358e+03 +1.005904358e+03
3185 0 +5.855201013e+00 +1.005855201e+03 +1.005855201e+03
3270 0 +5.647848789e+00 +1.005647849e+03 +1.005647849e+03
3919 0 +5.495293398e+00 +1.005495293e+03 +1.005495293e+03
4047 0 +5.333072956e+00 +1.005333073e+03 +1.005333073e+03
6162 0 +5.223348549e+00 +1.005223349e+03 +1.005223349e+03
6883 0 +5.059550102e+00 +1.005059550e+03 +1.005059550e+03
8443 0 +4.778475416e+00 +1.004778475e+03 +1.004778475e+03
10057 0 +4.626366365e+00 +1.004626366e+03 +1.004626366e+03
13199 0 +4.558818893e+00 +1.004558819e+03 +1.004558819e+03
15064 0 +4.461175281e+00 +1.004461175e+03 +1.004461175e+03
17271 0 +4.156082207e+00 +1.004156082e+03 +1.004156082e+03
26227 0 +3.999238063e+00 +1.003999238e+03 +1.003999238e+03
26939 0 +3.964556614e+00 +1.003964557e+03 +1.003964557e+03
29097 0 +3.736255998e+00 +1.003736256e+03 +1.003736256e+03
% f evaluations | g evaluations | best noise-free fitness - Fopt (-3.427000000000e+01) + sum g_i+ | measured fitness | best measured fitness or single-digit g-values | x1 | x2...
1 0 +2.250932193e+01 -1.176067807e+01 -1.176067807e+01
21 0 +1.805111108e+01 -1.621888892e+01 -1.621888892e+01
42 0 +1.672421684e+01 -1.754578316e+01 -1.754578316e+01
68 0 +1.653839814e+01 -1.773160186e+01 -1.773160186e+01
103 0 +1.551638468e+01 -1.875361532e+01 -1.875361532e+01
109 0 +1.348857894e+01 -2.078142106e+01 -2.078142106e+01
202 0 +1.300376390e+01 -2.126623610e+01 -2.126623610e+01
211 0 +1.212103962e+01 -2.214896038e+01 -2.214896038e+01
220 0 +1.160159794e+01 -2.266840206e+01 -2.266840206e+01
250 0 +1.143654590e+01 -2.283345410e+01 -2.283345410e+01
306 0 +1.047882952e+01 -2.379117048e+01 -2.379117048e+01
349 0 +9.267962876e+00 -2.500203712e+01 -2.500203712e+01
631 0 +9.002614811e+00 -2.526738519e+01 -2.526738519e+01
746 0 +8.521188074e+00 -2.574881193e+01 -2.574881193e+01
1093 0 +8.141149902e+00 -2.612885010e+01 -2.612885010e+01
1296 0 +8.089103841e+00 -2.618089616e+01 -2.618089616e+01
1505 0 +7.916625136e+00 -2.635337486e+01 -2.635337486e+01
1579 0 +7.751830095e+00 -2.651816991e+01 -2.651816991e+01
1812 0 +7.481348321e+00 -2.678865168e+01 -2.678865168e+01
2472 0 +7.305902845e+00 -2.696409715e+01 -2.696409715e+01
2786 0 +7.085164183e+00 -2.718483582e+01 -2.718483582e+01
3831 0 +7.053304882e+00 -2.721669512e+01 -2.721669512e+01
4334 0 +6.390579772e+00 -2.787942023e+01 -2.787942023e+01
6416 0 +5.870510999e+00 -2.839948900e+01 -2.839948900e+01
% f evaluations | g evaluations | best noise-free fitness - Fopt (1.000000000000e+03) + sum g_i+ | measured fitness | best measured fitness or single-digit g-values | x1 | x2...
1 0 +2.509496366e+01 +1.025094964e+03 +1.025094964e+03
3 0 +1.677891341e+01 +1.016778913e+03 +1.016778913e+03
101 0 +1.277879503e+01 +1.012778795e+03 +1.012778795e+03
215 0 +1.201220289e+01 +1.012012203e+03 +1.012012203e+03
294 0 +1.173956913e+01 +1.011739569e+03 +1.011739569e+03
302 0 +1.035904703e+01 +1.010359047e+03 +1.010359047e+03
414 0 +9.973746886e+00 +1.009973747e+03 +1.009973747e+03
460 0 +9.178228936e+00 +1.009178229e+03 +1.009178229e+03
575 0 +9.071776478e+00 +1.009071776e+03 +1.009071776e+03
664 0 +8.668856909e+00 +1.008668857e+03 +1.008668857e+03
736 0 +8.416912440e+00 +1.008416912e+03 +1.008416912e+03
1416 0 +8.271757617e+00 +1.008271758e+03 +1.008271758e+03
1519 0 +8.100733201e+00 +1.008100733e+03 +1.008100733e+03
1548 0 +7.656757911e+00 +1.007656758e+03 +1.007656758e+03
1763 0 +7.573009327e+00 +1.007573009e+03 +1.007573009e+03
1982 0 +7.305571252e+00 +1.007305571e+03 +1.007305571e+03
2584 0 +7.243314178e+00 +1.007243314e+03 +1.007243314e+03
3423 0 +6.708992031e+00 +1.006708992e+03 +1.006708992e+03
4914 0 +6.436473696e+00 +1.006436474e+03 +1.006436474e+03
11099 0 +6.263872765e+00 +1.006263873e+03 +1.006263873e+03
11437 0 +6.157070940e+00 +1.006157071e+03 +1.006157071e+03
12158 0 +5.821488743e+00 +1.005821489e+03 +1.005821489e+03
12796 0 +5.627612674e+00 +1.005627613e+03 +1.005627613e+03
% f evaluations | g evaluations | best noise-free fitness - Fopt (-1.700300000000e+02) + sum g_i+ | measured fitness | best measured fitness or single-digit g-values | x1 | x2...
1 0 +3.914152755e+01 -1.308884724e+02 -1.308884724e+02
2 0 +2.136649340e+01 -1.486635066e+02 -1.486635066e+02
108 0 +1.584062163e+01 -1.541893784e+02 -1.541893784e+02
187 0 +1.536391510e+01 -1.546660849e+02 -1.546660849e+02
204 0 +1.083082511e+01 -1.591991749e+02 -1.591991749e+02
399 0 +1.007785024e+01 -1.599521498e+02 -1.599521498e+02
462 0 +9.877367719e+00 -1.601526323e+02 -1.601526323e+02
519 0 +9.514126240e+00 -1.605158738e+02 -1.605158738e+02
704 0 +8.790884459e+00 -1.612391155e+02 -1.612391155e+02
852 0 +8.590897015e+00 -1.614391030e+02 -1.614391030e+02
947 0 +8.493660618e+00 -1.615363394e+02 -1.615363394e+02
969 0 +7.812712538e+00 -1.622172875e+02 -1.622172875e+02
1059 0 +7.605160398e+00 -1.624248396e+02 -1.624248396e+02
1208 0 +7.537781855e+00 -1.624922181e+02 -1.624922181e+02
1485 0 +7.370124174e+00 -1.626598758e+02 -1.626598758e+02
1732 0 +6.700717030e+00 -1.633292830e+02 -1.633292830e+02
3326 0 +6.322700048e+00 -1.637073000e+02 -1.637073000e+02
19009 0 +6.285695684e+00 -1.637443043e+02 -1.637443043e+02
20523 0 +6.125360489e+00 -1.639046395e+02 -1.639046395e+02
21983 0 +5.863228776e+00 -1.641667712e+02 -1.641667712e+02
24899 0 +5.688448244e+00 -1.643415518e+02 -1.643415518e+02
27855 0 +5.585732977e+00 -1.644442670e+02 -1.644442670e+02
% f evaluations | g evaluations | best noise-free fitness - Fopt (2.567000000000e+01) + sum g_i+ | measured fitness | best measured fitness or single-digit g-values | x1 | x2...
1 0 +8.464994562e+01 +1.103199456e+02 +1.103199456e+02
2 0 +8.253249784e+01 +1.082024978e+02 +1.082024978e+02
4 0 +4.785994856e+01 +7.352994856e+01 +7.352994856e+01
7 0 +3.275702275e+01 +5.842702275e+01 +5.842702275e+01
9 0 +2.772195874e+01 +5.339195874e+01 +5.339195874e+01
73 0 +2.677724630e+01 +5.244724630e+01 +5.244724630e+01
100 0 +2.402914173e+01 +4.969914173e+01 +4.969914173e+01
101 0 +2.039151417e+01 +4.606151417e+01 +4.606151417e+01
130 0 +1.791699150e+01 +4.358699150e+01 +4.358699150e+01
140 0 +1.678973022e+01 +4.245973022e+01 +4.245973022e+01
145 0 +1.512826035e+01 +4.079826035e+01 +4.079826035e+01
200 0 +1.249164278e+01 +3.816164278e+01 +3.816164278e+01
235 0 +1.158218799e+01 +3.725218799e+01 +3.725218799e+01
441 0 +1.112635393e+01 +3.679635393e+01 +3.679635393e+01
527 0 +9.879884640e+00 +3.554988464e+01 +3.554988464e+01
961 0 +9.753752578e+00 +3.542375258e+01 +3.542375258e+01
1017 0 +9.462020171e+00 +3.513202017e+01 +3.513202017e+01
1095 0 +9.294819665e+00 +3.496481967e+01 +3.496481967e+01
1227 0 +8.603065759e+00 +3.427306576e+01 +3.427306576e+01
1667 0 +8.476693533e+00 +3.414669353e+01 +3.414669353e+01
1856 0 +8.125722329e+00 +3.379572233e+01 +3.379572233e+01
2241 0 +7.867496518e+00 +3.353749652e+01 +3.353749652e+01
2878 0 +7.637224600e+00 +3.330722460e+01 +3.330722460e+01
3145 0 +7.471853575e+00 +3.314185357e+01 +3.314185357e+01
3488 0 +7.372897372e+00 +3.304289737e+01 +3.304289737e+01
4391 0 +7.175796698e+00 +3.284579670e+01 +3.284579670e+01
4756 0 +6.806841299e+00 +3.247684130e+01 +3.247684130e+01
5654 0 +6.702305192e+00 +3.237230519e+01 +3.237230519e+01
6383 0 +6.531645546e+00 +3.220164555e+01 +3.220164555e+01
8385 0 +6.337716405e+00 +3.200771641e+01 +3.200771641e+01
13300 0 +6.245060653e+00 +3.191506065e+01 +3.191506065e+01
16218 0 +6.001160044e+00 +3.167116004e+01 +3.167116004e+01
23313 0 +5.609888491e+00 +3.127988849e+01 +3.127988849e+01
% f evaluations | g evaluations | best noise-free fitness - Fopt (2.081800000000e+02) + sum g_i+ | measured fitness | best measured fitness or single-digit g-values | x1 | x2...
1 0 +4.615494155e+01 +2.543349415e+02 +2.543349415e+02
4 0 +4.518444177e+01 +2.533644418e+02 +2.533644418e+02
5 0 +3.001822535e+01 +2.381982254e+02 +2.381982254e+02
12 0 +2.945140017e+01 +2.376314002e+02 +2.376314002e+02
18 0 +2.751487242e+01 +2.356948724e+02 +2.356948724e+02
26 0 +2.642655105e+01 +2.346065511e+02 +2.346065511e+02
45 0 +2.504067806e+01 +2.332206781e+02 +2.332206781e+02
66 0 +2.124416991e+01 +2.294241699e+02 +2.294241699e+02
78 0 +1.164154308e+01 +2.198215431e+02 +2.198215431e+02
238 0 +1.136984652e+01 +2.195498465e+02 +2.195498465e+02
276 0 +1.049710146e+01 +2.186771015e+02 +2.186771015e+02
329 0 +9.465159849e+00 +2.176451598e+02 +2.176451598e+02
438 0 +9.173075055e+00 +2.173530751e+02 +2.173530751e+02
520 0 +9.099204397e+00 +2.172792044e+02 +2.172792044e+02
548 0 +8.526854903e+00 +2.167068549e+02 +2.167068549e+02
583 0 +8.388373739e+00 +2.165683737e+02 +2.165683737e+02
635 0 +8.126079338e+00 +2.163060793e+02 +2.163060793e+02
664 0 +7.488100600e+00 +2.156681006e+02 +2.156681006e+02
899 0 +7.279776794e+00 +2.154597768e+02 +2.154597768e+02
957 0 +6.895654582e+00 +2.150756546e+02 +2.150756546e+02
988 0 +6.428844451e+00 +2.146088445e+02 +2.146088445e+02
1255 0 +6.291616508e+00 +2.144716165e+02 +2.144716165e+02
1533 0 +6.165472097e+00 +2.143454721e+02 +2.143454721e+02
1881 0 +5.500471877e+00 +2.136804719e+02 +2.136804719e+02
3877 0 +5.469448782e+00 +2.136494488e+02 +2.136494488e+02
4255 0 +5.341336659e+00 +2.135213367e+02 +2.135213367e+02
4558 0 +5.199538774e+00 +2.133795388e+02 +2.133795388e+02
4875 0 +5.111194551e+00 +2.132911946e+02 +2.132911946e+02
6311 0 +4.966504202e+00 +2.131465042e+02 +2.131465042e+02
6996 0 +4.894630122e+00 +2.130746301e+02 +2.130746301e+02
8266 0 +4.723526749e+00 +2.129035267e+02 +2.129035267e+02
8615 0 +4.662200268e+00 +2.128422003e+02 +2.128422003e+02
8756 0 +4.300203423e+00 +2.124802034e+02 +2.124802034e+02
10808 0 +4.225005939e+00 +2.124050059e+02 +2.124050059e+02
11131 0 +4.108312000e+00 +2.122883120e+02 +2.122883120e+02
11749 0 +4.008745843e+00 +2.121887458e+02 +2.121887458e+02
13299 0 +3.917159753e+00 +2.120971598e+02 +2.120971598e+02
14561 0 +3.884387389e+00 +2.120643874e+02 +2.120643874e+02
15578 0 +3.664557175e+00 +2.118445572e+02 +2.118445572e+02
15893 0 +3.622023216e+00 +2.118020232e+02 +2.118020232e+02
17299 0 +3.535413177e+00 +2.117154132e+02 +2.117154132e+02
23143 0 +3.455766300e+00 +2.116357663e+02 +2.116357663e+02
30128 0 +3.351149039e+00 +2.115311490e+02 +2.115311490e+02
32028 0 +3.292896164e+00 +2.114728962e+02 +2.114728962e+02
35449 0 +3.087136459e+00 +2.112671365e+02 +2.112671365e+02
