% f evaluations | g evaluations | best noise-free fitness - Fopt (-5.465000000000e+02) + sum g_i+ | measured fitness | best measured fitness or single-digit g-values | x1 | x2...
1 0 +1.171688653e+05 +1.166223653e+05 +1.166223653e+05 -2.6802e+00 -1.5372e+00 -1.7126e+00 -1.7335e+00 -5.3014e-01 -3.2002e+00 +3.5184e+00 -4.5576e+00 -8.1814e-01 +1.6399e+00
2 0 +1.108565931e+05 +1.103100931e+05 +1.103100931e+05 -2.6352e+00 +4.7819e+00 -3.5181e+00 -2.6424e+00 +2.1247e+00 -1.5288e+00 -1.6904e+00 -4.9785e+00 +1.3241e+00 +2.1063e+00
3 0 +9.886401617e+04 +9.831751617e+04 +9.831751617e+04 +1.3949e-02 -3.0837e+00 +1.8689e+00 +4.1718e+00 -1.7205e+00 -5.4628e-01 +3.0736e+00 -1.2917e+00 -2.5678e+00 -2.6328e+00
6 0 +1.501298923e+04 +1.446648923e+04 +1.446648923e+04 +3.7324e+00 +5.4493e-02 +7.0957e-01 +4.5524e-01 -1.2360e-01 -2.9142e+00 -2.8803e+00 -2.2979e+00 -1.2879e+00 +2.1667e+00
34 0 +5.011457843e+03 +4.464957843e+03 +4.464957843e+03 +1.5124e+00 +2.1278e+00 -1.3751e+00 -1.4167e+00 -1.5156e+00 -2.4152e+00 -3.4473e+00 +9.1328e-01 -3.1084e+00 +1.7082e+00
126 0 +3.909764553e+03 +3.363264553e+03 +3.363264553e+03 +5.4320e-01 +1.8028e-01 +1.0795e-01 -2.4774e-01 -1.6514e-01 -5.2758e-01 -2.2768e-01 -6.5441e-05 -5.3819e-01 +3.1136e-01
127 0 +9.807798601e+02 +4.342798601e+02 +4.342798601e+02 +1.5478e+00 +5.1377e-01 +3.0266e-01 -4.3857e-01 -4.7061e-01 -1.7888e+00 -6.3371e-01 -2.6799e-02 -9.8266e-01 +1.3422e+00
129 0 +8.779252029e+02 +3.314252029e+02 +3.314252029e+02 +1.4363e+00 +3.6911e-01 +2.7836e-01 -6.7611e-01 -3.1913e-01 -1.6185e+00 -5.8709e-01 -1.6874e-04 -9.8785e-01 +1.1420e+00
132 0 +6.116935419e+02 +6.519354192e+01 +6.519354192e+01 +1.7371e+00 +5.7653e-01 +3.4522e-01 -9.0710e-01 -5.2810e-01 -2.0073e+00 -7.2810e-01 +7.8862e-02 -1.2065e+00 +1.6511e+00
201 0 +5.306497642e+02 -1.585023585e+01 -1.585023585e+01 +1.7029e+00 +5.7986e-01 +3.2758e-01 -9.2565e-01 -5.3115e-01 -2.0207e+00 -8.6208e-01 +8.0636e-02 -1.3017e+00 +1.6630e+00
205 0 +2.433423766e+02 -3.031576234e+02 -3.031576234e+02 +2.0265e+00 +6.7478e-01 +4.1799e-01 -8.3329e-01 -4.5482e-01 -2.3566e+00 -8.6812e-01 +2.2782e-01 -1.1905e+00 +1.7221e+00
212 0 +3.101607970e+01 -5.154839203e+02 -5.154839203e+02 +1.3612e+00 +4.8411e-01 +1.9310e-01 -1.0034e+00 -3.5679e-01 -1.8451e+00 -8.8045e-01 +4.2390e-01 -1.0025e+00 +1.3828e+00
301 0 +4.653455247e+00 -5.418465448e+02 -5.418465448e+02 +1.2757e+00 +3.9626e-01 +1.3696e-01 -1.0669e+00 -2.3382e-01 -1.7522e+00 -1.1434e+00 +5.6504e-01 -8.6095e-01 +1.3177e+00
601 0 +3.851819632e+00 -5.426481804e+02 -5.426481804e+02 +1.7426e+00 +5.5277e-01 +1.1249e-01 -1.5176e+00 +5.7270e-02 -2.8339e+00 -1.9591e+00 +1.0047e+00 -1.1189e+00 +2.2046e+00
1004 0 +3.683963118e+00 -5.428160369e+02 -5.428160369e+02 +1.5267e+00 +7.1966e-01 +1.4474e-01 -9.2264e-01 -3.4811e-01 -2.0748e+00 -1.4001e+00 +4.4826e-01 -8.6449e-01 +1.5189e+00
1204 0 +3.488694003e+00 -5.430113060e+02 -5.430113060e+02 +1.2231e+00 +8.5413e-01 -4.1138e-01 -1.4109e+00 -3.3718e-01 -2.6281e+00 -1.9318e+00 +7.3304e-01 -8.2764e-01 +1.9979e+00
1501 0 +3.243951647e+00 -5.432560484e+02 -5.432560484e+02 +1.7699e+00 -9.2121e-01 -9.3568e-02 -7.9807e-01 +1.8009e-01 -9.4034e-01 -1.4249e+00 +7.5612e-01 -1.1420e+00 +1.4604e+00
1602 0 +3.215610839e+00 -5.432843892e+02 -5.432843892e+02 +1.5735e+00 +5.2769e-01 -1.9524e-01 -1.7367e+00 +1.0218e-03 -1.6818e+00 -2.0106e+00 +6.6878e-01 -1.5497e+00 +1.4274e+00
1697 0 +3.158188616e+00 -5.433418114e+02 -5.433418114e+02 +1.4256e+00 -3.8499e-02 -1.7410e-01 -9.5338e-01 +5.6210e-02 -1.4084e+00 -1.4605e+00 +6.9654e-01 -1.1116e+00 +1.4381e+00
1905 0 +2.774049821e+00 -5.437259502e+02 -5.437259502e+02 +1.4996e+00 -1.0706e-01 -9.1054e-02 -1.3471e+00 +1.1416e-01 -1.5392e+00 -1.6964e+00 +7.6740e-01 -1.3048e+00 +1.4738e+00
2721 0 +2.644280368e+00 -5.438557196e+02 -5.438557196e+02 +1.2434e+00 -1.2461e-01 -7.2491e-02 -1.0362e+00 +2.0367e-01 -1.0486e+00 -1.3787e+00 +8.2794e-01 -1.1014e+00 +1.2484e+00
4089 0 +2.470556240e+00 -5.440294438e+02 -5.440294438e+02 +1.2923e+00 -1.3969e-01 -6.0383e-02 -8.1559e-01 +2.1904e-01 -1.3572e+00 -1.4811e+00 +7.6357e-01 -8.0060e-01 +1.2814e+00
4702 0 +2.385572199e+00 -5.441144278e+02 -5.441144278e+02 +1.3595e+00 -1.2021e-01 -5.5216e-02 -8.0086e-01 +2.6058e-01 -1.1837e+00 -1.3513e+00 +7.3991e-01 -1.1744e+00 +1.2326e+00
6923 0 +2.339928167e+00 -5.441600718e+02 -5.441600718e+02 +1.4262e+00 -3.2414e-01 -1.7906e-01 -8.1350e-01 +3.5436e-01 -1.3172e+00 -1.0409e+00 +8.2505e-01 -1.1199e+00 +1.2301e+00
% f evaluations | g evaluations | best noise-free fitness - Fopt (1.000000000000e+03) + sum g_i+ | measured fitness | best measured fitness or single-digit g-values | x1 | x2...
1 0 +4.325045515e+04 +4.425045515e+04 +4.425045515e+04 +4.0828e+00 -4.1976e+00 +3.1913e+00 -1.0390e+00 +1.9471e+00 +1.7133e+00 -4.6629e+00 +3.3330e+00 +4.7992e-01 +2.7570e-02
10 0 +3.143369221e+04 +3.243369221e+04 +3.243369221e+04 +2.4303e+00 -3.3486e+00 +7.8815e-01 -2.7285e+00 +3.1102e+00 +7.2578e-01 -2.4047e-02 +5.1461e-01 -1.5134e+00 -4.6981e+00
13 0 +2.853319491e+04 +2.953319491e+04 +2.953319491e+04 +3.9211e+00 -3.0999e-01 -9.6430e-01 -2.9253e-01 +1.4237e+00 +2.9385e+00 +3.3900e-03 -3.2663e-01 +1.5986e+00 -3.7513e+00
60 0 +2.473839337e+04 +2.573839337e+04 +2.573839337e+04 -4.6352e+00 -3.4107e+00 +2.3719e-01 +1.1244e+00 +2.5744e+00 -3.9925e-01 -3.0408e+00 +4.2250e+00 -5.3297e-01 -8.9663e-01
94 0 +2.144906754e+04 +2.244906754e+04 +2.244906754e+04 -1.8213e+00 +1.6312e-01 -2.4299e+00 -4.9536e+00 +4.5500e+00 +4.2430e+00 -1.2589e+00 +4.0261e-01 +8.8553e-02 -6.7552e-01
97 0 +1.438543188e+04 +1.538543188e+04 +1.538543188e+04 -6.5102e-01 +4.8552e-01 -1.4071e+00 +1.8329e+00 -1.5209e-01 +8.0291e-01 -2.4738e+00 +3.0526e+00 +6.9286e-01 +1.6302e-01
126 0 +6.965100468e+02 +1.696510047e+03 +1.696510047e+03 -7.9141e-02 +1.4601e-01 -6.6676e-01 -4.4630e-01 +4.9251e-01 -7.3706e-02 -8.9372e-01 +6.1718e-01 -5.3351e-01 -8.5733e-01
129 0 +4.524442307e+02 +1.452444231e+03 +1.452444231e+03 -1.6438e-01 +2.1359e-01 -9.7541e-01 -8.7041e-01 +4.3305e-01 -1.0783e-01 -1.4518e+00 +1.0347e+00 -4.7070e-01 -1.2542e+00
143 0 +4.348391693e+02 +1.434839169e+03 +1.434839169e+03 -3.1313e-02 +2.0449e-01 -1.0868e+00 -8.8102e-01 +5.7402e-01 +3.9581e-02 -1.3487e+00 +1.0102e+00 -4.4502e-01 -1.2575e+00
201 0 +1.361419806e+02 +1.136141981e+03 +1.136141981e+03 +6.2743e-02 +2.1721e-01 -1.3236e+00 -9.8347e-01 +5.8836e-01 +1.1759e-01 -1.4833e+00 +1.2381e+00 -6.2316e-01 -1.2598e+00
301 0 +1.297829522e+02 +1.129782952e+03 +1.129782952e+03 +1.7121e-01 +2.3309e-01 -1.5951e+00 -1.0811e+00 +6.9285e-01 +2.2887e-01 -1.6731e+00 +1.4726e+00 -7.4679e-01 -1.2234e+00
401 0 +8.702307712e+01 +1.087023077e+03 +1.087023077e+03 +2.4424e-01 +2.2140e-01 -1.7079e+00 -1.1007e+00 +6.7499e-01 +3.3149e-01 -1.6999e+00 +1.5074e+00 -6.9910e-01 -9.9237e-01
502 0 +7.767545859e+01 +1.077675459e+03 +1.077675459e+03 +3.1702e-01 -2.6047e-02 -1.1179e+00 -1.2225e+00 +6.9013e-01 +6.5121e-01 -1.3027e+00 +1.0217e+00 -8.5317e-01 -1.1390e+00
503 0 +6.148691996e+01 +1.061486920e+03 +1.061486920e+03 +4.2877e-02 +2.3077e-01 -1.3596e+00 -9.1205e-01 +5.4925e-01 +2.2950e-01 -1.5065e+00 +1.4632e+00 -5.9827e-01 -1.5925e+00
702 0 +3.447783556e+01 +1.034477836e+03 +1.034477836e+03 -3.0057e-02 +2.0296e-01 -1.2993e+00 -9.5044e-01 +5.0507e-01 +2.4388e-01 -1.4513e+00 +1.5216e+00 -6.0800e-01 -1.5508e+00
801 0 +5.189113068e+00 +1.005189113e+03 +1.005189113e+03 -5.2785e-02 +4.3233e-01 -1.2880e+00 -1.2090e+00 +4.6073e-01 +3.4398e-01 -1.4237e+00 +1.6872e+00 -6.1763e-01 -1.6248e+00
1002 0 +4.486130791e+00 +1.004486131e+03 +1.004486131e+03 -2.3947e-02 +2.3681e-01 -6.6705e-01 -1.0022e+00 +2.5153e-01 +3.9561e-01 -9.6135e-01 +1.0689e+00 -7.0821e-01 -1.3787e+00
1102 0 +3.941885985e+00 +1.003941886e+03 +1.003941886e+03 +7.0891e-02 +2.6202e-01 -1.0469e+00 -9.1571e-01 +3.3042e-01 +7.1124e-01 -8.2705e-01 +1.2057e+00 -7.1852e-01 -1.0393e+00
1752 0 +3.766075840e+00 +1.003766076e+03 +1.003766076e+03 +2.3431e-01 +2.1010e-01 -7.8695e-01 -6.6251e-01 +1.7696e-01 +2.9373e-01 -9.1311e-01 +9.2303e-01 -7.3824e-01 -1.0257e+00
1812 0 +3.582928788e+00 +1.003582929e+03 +1.003582929e+03 -3.2699e-01 +7.4648e-01 +2.8727e-01 -2.0845e+00 -2.5588e-01 +9.0637e-01 -7.6007e-01 +1.3350e+00 -9.6266e-01 -1.9684e+00
2127 0 +3.493297546e+00 +1.003493298e+03 +1.003493298e+03 -3.4837e-02 +4.2928e-01 -2.7068e-01 -1.3986e+00 -2.3499e-02 +5.8117e-01 -7.4873e-01 +9.0389e-01 -7.9407e-01 -1.2403e+00
2508 0 +3.215931379e+00 +1.003215931e+03 +1.003215931e+03 -8.3150e-01 +2.3015e+00 -7.1946e-01 -2.5508e+00 +6.4195e-02 +8.3957e-01 -1.3428e+00 +2.3741e+00 -4.6209e-01 -1.7821e+00
2864 0 +2.910363970e+00 +1.002910364e+03 +1.002910364e+03 -2.6327e-01 +7.0208e-01 -3.1700e-01 -1.6654e+00 +2.3326e-02 +7.2288e-01 -7.2805e-01 +1.5028e+00 -1.0471e+00 -1.2438e+00
3197 0 +2.849591442e+00 +1.002849591e+03 +1.002849591e+03 -2.9199e-01 +6.8243e-01 -2.6017e-01 -1.6471e+00 +6.8925e-02 +7.3175e-01 -7.7546e-01 +1.4213e+00 -9.7516e-01 -1.2483e+00
3409 0 +2.770015773e+00 +1.002770016e+03 +1.002770016e+03 -1.9159e-01 +6.7172e-01 -2.1205e-01 -1.8026e+00 -7.2755e-02 +7.3708e-01 -7.6768e-01 +1.3357e+00 -9.6721e-01 -1.1665e+00
5008 0 +2.684001736e+00 +1.002684002e+03 +1.002684002e+03 +3.1313e-01 +5.1553e-01 -3.6531e-01 -1.1732e+00 -1.2064e-01 +6.4732e-01 -7.2123e-01 +1.0055e+00 -1.0998e+00 -1.1756e+00
7610 0 +2.363629359e+00 +1.002363629e+03 +1.002363629e+03 +5.7689e-01 +6.0648e-01 +2.1786e-01 -8.1995e-01 -2.4509e-01 +6.6131e-01 -3.3296e-01 +1.0345e+00 -1.0660e+00 -1.2857e+00
% f evaluations | g evaluations | best noise-free fitness - Fopt (2.083800000000e+02) + sum g_i+ | measured fitness | best measured fitness or single-digit g-values | x1 | x2...
1 0 +1.422830460e+05 +1.424914260e+05 +1.424914260e+05 +3.9193e+00 -8.1109e-01 +3.5988e+00 -2.3750e+00 +4.3159e+00 -2.3450e+00 -2.1876e+00 -2.9505e+00 -1.4696e+00 -3.4723e+00
2 0 +1.483662135e+04 +1.504500135e+04 +1.504500135e+04 -3.0850e+00 +2.9934e+00 -1.6360e-01 -3.5723e+00 +2.7665e+00 +7.4053e-01 +9.0064e-02 +2.3559e+00 -2.4885e+00 -6.3928e-01
16 0 +1.262574851e+04 +1.283412851e+04 +1.283412851e+04 -3.6961e+00 +5.1608e-02 +2.0255e-01 +4.9818e+00 +7.0901e-01 +2.4856e-01 +4.5757e+00 -1.0083e+00 -2.1274e+00 +1.2993e-01
35 0 +1.134987405e+04 +1.155825405e+04 +1.155825405e+04 +2.3581e+00 -1.8930e+00 -4.1918e-01 +4.6174e+00 +2.4438e+00 -1.5667e+00 +1.4580e+00 +2.9399e+00 -3.2146e+00 +2.4740e+00
59 0 +4.761034671e+03 +4.969414671e+03 +4.969414671e+03 -8.6417e-01 +2.5256e+00 +2.0934e+00 -4.8620e-02 +1.4967e+00 -1.6691e+00 +4.0208e+00 +4.7642e-01 -3.0039e+00 +1.3973e+00
126 0 +6.832089227e+00 +2.152120892e+02 +2.152120892e+02 -1.0119e+00 -3.6666e-01 -9.1521e-01 +1.2360e+00 +1.6233e+00 +2.3412e-01 +2.5622e+00 +1.6947e+00 -9.1413e-01 +1.1229e+00
129 0 +3.492622778e+00 +2.118726228e+02 +2.118726228e+02 -1.0256e+00 -3.9929e-01 -7.2379e-01 +1.2682e+00 +1.5542e+00 +2.6138e-01 +2.6053e+00 +1.6613e+00 -9.3795e-01 +1.3377e+00
605 0 +3.415460861e+00 +2.117954609e+02 +2.117954609e+02 -6.6427e-01 -5.5899e-01 -3.2135e-01 +1.5048e+00 +1.8772e+00 +2.7529e-01 +2.5346e+00 +1.9146e+00 -9.5130e-01 +1.2834e+00
1006 0 +3.234134399e+00 +2.116141344e+02 +2.116141344e+02 -1.0553e+00 +3.4708e-02 -4.0404e-01 +9.7041e-01 +1.0631e+00 +4.6855e-01 +1.9825e+00 +1.4282e+00 -9.3574e-01 +1.4521e+00
1104 0 +2.974559310e+00 +2.113545593e+02 +2.113545593e+02 -8.3548e-01 -1.8163e-02 -4.1375e-02 +1.3538e+00 +1.7229e+00 +3.2836e-01 +2.3540e+00 +1.5926e+00 -8.6232e-01 +1.2799e+00
1821 0 +2.808798642e+00 +2.111887986e+02 +2.111887986e+02 -1.1188e+00 +4.9032e-01 -1.3765e-01 +7.3950e-01 +1.7812e+00 +3.5254e-01 +1.7095e+00 +1.7961e+00 -8.2983e-01 +1.3254e+00
2101 0 +2.515821352e+00 +2.108958214e+02 +2.108958214e+02 -1.0303e+00 +2.3306e-02 -2.1929e-01 +1.2768e+00 +1.6858e+00 +3.9409e-01 +2.5663e+00 +1.5548e+00 -8.8579e-01 +1.6582e+00
9109 0 +2.450251026e+00 +2.108302510e+02 +2.108302510e+02 -2.9395e-01 +5.2618e-02 +1.1240e-02 +2.3418e-01 +4.8505e-01 +6.4264e-01 +8.4235e-01 +1.0027e+00 -1.1141e+00 +1.1519e+00
9486 0 +2.321241096e+00 +2.107012411e+02 +2.107012411e+02 -3.1348e-01 +8.8703e-02 -3.2012e-02 +2.1948e-01 +4.6356e-01 +5.5140e-01 +7.4042e-01 +9.0651e-01 -1.0715e+00 +1.2692e+00
% f evaluations | g evaluations | best noise-free fitness - Fopt (-1.449600000000e+02) + sum g_i+ | measured fitness | best measured fitness or single-digit g-values | x1 | x2...
1 0 +1.472173673e+05 +1.470724073e+05 +1.470724073e+05 -2.1867e+00 +1.0419e+00 -8.4578e-01 +4.4797e+00 +2.8783e+00 -2.6230e+00 -4.9864e+00 -4.6433e-01 +4.4763e+00 +3.1589e+00
4 0 +1.013805416e+05 +1.012355816e+05 +1.012355816e+05 +3.2179e+00 -2.7408e+00 -3.5490e+00 +2.7013e+00 -4.9822e-01 +5.8182e-01 +5.9742e-01 -9.1287e-01 +1.7293e+00 -2.3419e+00
6 0 +9.235944894e+04 +9.221448894e+04 +9.221448894e+04 -1.0121e-01 -2.9308e+00 +4.5929e+00 +4.1717e+00 -3.4343e+00 +4.5605e+00 -1.3999e+00 +3.6498e+00 -9.2445e-01 -2.7174e+00
10 0 +2.637188716e+04 +2.622692716e+04 +2.622692716e+04 -9.5126e-01 -2.6973e+00 +3.3770e+00 -2.7684e+00 -2.3735e+00 -1.7484e+00 +2.2233e+00 +3.6142e-01 -1.1978e+00 +3.7991e-01
11 0 +2.197905631e+04 +2.183409631e+04 +2.183409631e+04 +4.5088e+00 +1.8492e+00 -1.0613e+00 -1.8590e+00 +1.7556e+00 +9.2454e-01 -5.8101e-01 -1.7174e+00 -3.7362e+00 +2.7960e+00
14 0 +1.134419822e+04 +1.119923822e+04 +1.119923822e+04 +4.4231e+00 +6.0461e-01 -1.0316e+00 -3.0894e+00 -4.9711e+00 -1.5884e+00 -8.0829e-01 +1.6439e+00 -1.9308e+00 +1.6073e+00
20 0 +7.711226261e+03 +7.566266261e+03 +7.566266261e+03 -4.7159e+00 +6.8004e-01 -4.5201e+00 -2.5462e+00 +2.1699e+00 +2.9443e-01 -1.2945e+00 +2.2398e+00 +1.4492e-01 +3.1210e+00
21 0 +5.136676960e+03 +4.991716960e+03 +4.991716960e+03 -2.3453e+00 +3.5670e+00 -4.1884e+00 +2.6593e+00 -5.7241e-01 -1.4345e-01 -1.8505e+00 +3.3809e+00 -4.0441e-01 +9.8769e-01
126 0 +4.892455712e+03 +4.747495712e+03 +4.747495712e+03 -7.9653e-01 +1.5708e+00 -1.4652e+00 -4.7255e-01 -8.3367e-01 +1.1967e-01 -1.4686e+00 +6.7891e-01 -2.1368e-01 +1.4686e-01
127 0 +3.723479229e+03 +3.578519229e+03 +3.578519229e+03 -1.2333e+00 +2.4784e+00 -1.9728e+00 -7.3226e-01 -1.2649e+00 +3.9803e-02 -2.1261e+00 +9.3030e-01 -3.7840e-01 +2.1222e-01
128 0 +3.517651792e+03 +3.372691792e+03 +3.372691792e+03 -1.2138e+00 +2.3758e+00 -2.1565e+00 -6.7700e-01 -1.3428e+00 +2.0863e-01 -2.1586e+00 +9.3035e-01 -3.9530e-01 +2.2211e-01
129 0 +2.254183597e+03 +2.109223597e+03 +2.109223597e+03 -1.6147e+00 +2.9538e+00 -2.6813e+00 -8.8857e-01 -1.6429e+00 +1.5093e-01 -2.8219e+00 +1.1567e+00 -4.8330e-01 +4.5015e-01
155 0 +2.130559362e+03 +1.985599362e+03 +1.985599362e+03 -1.5394e+00 +2.8161e+00 -2.5377e+00 -8.4714e-01 -1.5663e+00 -8.3334e-02 -2.6852e+00 +1.1028e+00 -5.2282e-01 +4.3143e-01
204 0 +1.728731668e+03 +1.583771668e+03 +1.583771668e+03 -1.5626e+00 +2.7301e+00 -2.6022e+00 -8.0451e-01 -1.4918e+00 +1.8113e-01 -2.4333e+00 +1.1068e+00 -4.7944e-01 +5.2157e-01
402 0 +1.373689037e+03 +1.228729037e+03 +1.228729037e+03 -1.5405e+00 +2.3096e+00 -2.1717e+00 -7.1313e-01 -1.2556e+00 +5.4867e-02 -2.2577e+00 +1.0731e+00 -1.7997e-01 +8.2416e-01
502 0 +1.141575862e+03 +9.966158623e+02 +9.966158623e+02 -1.1917e+00 +2.9741e+00 -2.6741e+00 -9.9448e-01 -1.6554e+00 -1.0740e-01 -2.8811e+00 +1.2956e+00 -4.7548e-01 +8.1990e-01
505 0 +8.397003314e+02 +6.947403314e+02 +6.947403314e+02 -1.3013e+00 +2.4066e+00 -2.2317e+00 -8.9124e-01 -1.3055e+00 -2.1809e-01 -2.2727e+00 +1.0526e+00 -4.5044e-01 +7.5265e-01
601 0 +1.509178351e+02 +5.957835108e+00 +5.957835108e+00 -1.7815e+00 +1.9668e+00 -2.1166e+00 -5.3664e-01 -1.4496e+00 +2.0234e-01 -2.7591e+00 +1.0126e+00 -1.0052e+00 +7.3512e-01
801 0 +1.311635046e+02 -1.379649540e+01 -1.379649540e+01 -1.8435e+00 +1.9713e+00 -2.1605e+00 -5.4884e-01 -1.4977e+00 +1.9550e-01 -2.8774e+00 +1.0366e+00 -1.0493e+00 +7.5420e-01
1004 0 +1.234933369e+02 -2.146666312e+01 -2.146666312e+01 -1.5892e+00 +1.8379e+00 -1.8370e+00 -6.5609e-01 -1.4445e+00 +3.4434e-01 -2.5771e+00 +7.6995e-01 -7.0256e-01 +8.4098e-01
1103 0 +6.111100068e+00 -1.388488999e+02 -1.388488999e+02 -1.7836e+00 +1.5296e+00 -1.8973e+00 -6.5727e-01 -1.3312e+00 +1.0148e-01 -2.2905e+00 +6.8842e-01 -9.0980e-01 +1.0612e+00
1201 0 +3.593308898e+00 -1.413666911e+02 -1.413666911e+02 -2.2575e+00 +1.6577e+00 -2.1170e+00 -6.4586e-01 -1.4862e+00 +1.9050e-01 -2.6432e+00 +7.3045e-01 -1.1088e+00 +1.2408e+00
2001 0 +3.524155561e+00 -1.414358444e+02 -1.414358444e+02 -8.5761e-01 +9.8859e-01 -1.4882e+00 -4.9629e-01 -1.1399e+00 +3.8113e-01 -1.7616e+00 +8.0831e-01 -8.0821e-01 +9.6913e-01
2025 0 +3.451965297e+00 -1.415080347e+02 -1.415080347e+02 -6.4305e-01 +5.2660e-01 -1.3489e+00 -4.5280e-01 -9.7850e-01 +3.9967e-01 -1.5906e+00 +7.2128e-01 -8.3303e-01 +9.6356e-01
2102 0 +3.327872578e+00 -1.416321274e+02 -1.416321274e+02 -8.6826e-01 +9.6089e-01 -1.5168e+00 -4.1981e-01 -1.0784e+00 +3.9268e-01 -1.7427e+00 +7.2568e-01 -8.3509e-01 +9.8312e-01
2203 0 +2.980697560e+00 -1.419793024e+02 -1.419793024e+02 -2.1238e+00 +2.2305e-01 -2.0389e+00 -5.4914e-01 -1.4246e+00 +3.9084e-01 -2.4772e+00 +9.0936e-01 -9.7220e-01 +1.1848e+00
3006 0 +2.690018840e+00 -1.422699812e+02 -1.422699812e+02 -9.8424e-01 +9.4175e-01 -1.3953e+00 -4.5307e-01 -8.2736e-01 +5.8757e-01 -1.4841e+00 +8.0746e-01 -7.7428e-01 +1.2635e+00
4413 0 +2.605644994e+00 -1.423543550e+02 -1.423543550e+02 -1.0219e+00 +7.2287e-01 -1.4269e+00 -4.6797e-01 -8.9109e-01 +4.1230e-01 -1.2670e+00 +8.3708e-01 -1.0191e+00 +1.2357e+00
5102 0 +2.430456843e+00 -1.425295432e+02 -1.425295432e+02 -9.2317e-01 +8.2046e-01 -1.5094e+00 -4.0016e-01 -9.9613e-01 +4.9370e-01 -1.2880e+00 +7.6785e-01 -1.1347e+00 +1.2222e+00
5818 0 +2.306138920e+00 -1.426538611e+02 -1.426538611e+02 -9.6356e-01 +7.6931e-01 -1.4749e+00 +1.2811e-01 -6.6458e-01 +5.4779e-01 -1.6468e+00 +7.3050e-01 -1.1543e+00 +1.2540e+00
% f evaluations | g evaluations | best noise-free fitness - Fopt (-6.300000000000e+00) + sum g_i+ | measured fitness | best measured fitness or single-digit g-values | x1 | x2...
1 0 +1.896973510e+05 +1.896910510e+05 +1.896910510e+05 -1.9266e+00 -3.5148e+00 +2.6442e-01 -4.6118e+00 +1.2069e+00 +4.9227e+00 -3.0749e-01 +4.7927e+00 -5.6006e-01 -9.3616e-01
3 0 +7.484498776e+04 +7.483868776e+04 +7.483868776e+04 -3.4886e+00 +3.4488e+00 +2.2997e+00 +2.3032e+00 +2.3969e-01 -4.3237e+00 +4.9900e+00 +4.7877e+00 +2.0560e+00 +1.2835e+00
7 0 +4.590625407e+04 +4.589995407e+04 +4.589995407e+04 -4.9661e+00 +6.2263e-01 +2.5575e+00 -1.1045e+00 -8.6589e-02 +1.2262e+00 +2.6139e+00 -4.0115e+00 +4.7324e+00 +2.1866e+00
14 0 +2.670328427e+04 +2.669698427e+04 +2.669698427e+04 +4.0254e+00 +2.3760e+00 +3.2469e-01 +1.0589e+00 -6.9117e-01 +2.2037e+00 +4.0534e+00 +8.8714e-01 -7.0632e-01 +4.1112e+00
22 0 +2.392918693e+04 +2.392288693e+04 +2.392288693e+04 -3.1774e-02 -3.4957e+00 -1.4452e+00 +2.0885e+00 -2.4637e+00 +1.9865e+00 -2.1486e-01 -3.1053e+00 +4.3452e+00 -1.7478e-01
27 0 +2.232022107e+04 +2.231392107e+04 +2.231392107e+04 +4.2982e+00 -4.7079e+00 -3.4194e+00 +3.8697e+00 -4.6392e+00 -1.9234e+00 +2.1704e+00 +3.6118e-01 +3.8553e+00 +7.6285e-01
38 0 +1.379690946e+04 +1.379060946e+04 +1.379060946e+04 +2.8398e+00 -2.5487e+00 -3.5882e-01 +3.4040e+00 +2.1659e+00 -1.6391e+00 +5.9715e-01 +9.0529e-01 +3.8641e+00 -8.0137e-01
76 0 +5.075454616e+03 +5.069154616e+03 +5.069154616e+03 +1.6998e+00 -2.0498e+00 +9.5110e-01 +1.4516e+00 -3.7244e+00 +6.5076e-01 +1.7325e+00 -2.5386e+00 +3.0911e+00 +2.3467e+00
126 0 +4.599057859e+02 +4.536057859e+02 +4.536057859e+02 -4.9084e-01 -3.4098e-01 +3.5316e-01 +1.3937e-01 -5.0506e-01 +3.7263e-01 +6.3742e-01 -9.0727e-01 +1.2103e+00 +6.6792e-01
129 0 +3.428165251e+02 +3.365165251e+02 +3.365165251e+02 -7.1189e-01 -6.9605e-01 +6.0959e-01 +2.8924e-01 -7.3742e-01 +4.6738e-01 +1.1003e+00 -1.5423e+00 +2.1280e+00 +1.1529e+00
132 0 +3.277417464e+02 +3.214417464e+02 +3.214417464e+02 -6.8217e-01 -7.1768e-01 +6.3133e-01 +2.8544e-01 -8.0246e-01 +4.7301e-01 +1.0392e+00 -1.4634e+00 +1.7863e+00 +1.1048e+00
138 0 +1.871849522e+02 +1.808849522e+02 +1.808849522e+02 -3.9485e-01 -3.2087e-01 +4.3583e-01 +1.6239e-01 -4.7527e-01 +1.6888e-01 +5.3633e-01 -8.2951e-01 +1.0322e+00 +7.6446e-01
156 0 +1.594457657e+02 +1.531457657e+02 +1.531457657e+02 -5.4892e-01 -4.5383e-01 +4.7004e-01 +2.6500e-01 -6.7222e-01 +2.9435e-01 +8.4839e-01 -1.1893e+00 +1.5433e+00 +8.8898e-01
177 0 +1.060345640e+02 +9.973456397e+01 +9.973456397e+01 -6.0337e-01 -5.2935e-01 +5.4826e-01 +2.6791e-01 -7.4544e-01 +2.5179e-01 +9.8956e-01 -1.3872e+00 +1.6952e+00 +1.0369e+00
254 0 +9.498122508e+01 +8.868122508e+01 +8.868122508e+01 -4.9438e-01 -4.8374e-01 +4.5687e-01 +1.4600e-01 -6.7641e-01 +2.1448e-01 +7.8560e-01 -1.0307e+00 +1.3327e+00 +8.1207e-01
301 0 +9.258515411e+01 +8.628515411e+01 +8.628515411e+01 -5.6320e-01 -5.4187e-01 +5.5534e-01 +2.5963e-01 -7.2191e-01 +2.2595e-01 +8.1578e-01 -1.0944e+00 +1.4662e+00 +9.1340e-01
302 0 +5.720322261e+01 +5.090322261e+01 +5.090322261e+01 -7.4780e-01 -6.1548e-01 +8.2360e-01 +4.6156e-01 -9.3016e-01 +2.2264e-01 +1.1897e+00 -1.7038e+00 +2.0265e+00 +1.2852e+00
317 0 +5.281867835e+01 +4.651867835e+01 +4.651867835e+01 -6.2887e-01 -6.0226e-01 +3.6122e-01 +3.2603e-01 -7.9639e-01 +1.8408e-01 +9.4264e-01 -1.2675e+00 +1.5738e+00 +1.0414e+00
401 0 +3.211517369e+00 -3.088482631e+00 -3.088482631e+00 -6.0545e-01 -7.2748e-01 +2.4501e-01 +4.0383e-01 -8.6524e-01 -8.2683e-02 +9.6955e-01 -1.2899e+00 +1.3695e+00 +1.1302e+00
666 0 +2.990763244e+00 -3.309236756e+00 -3.309236756e+00 -3.9843e-01 -4.0188e-01 +3.0028e-01 +2.4637e-01 -4.7561e-01 -1.8605e-01 +8.0357e-01 -8.9829e-01 +1.1620e+00 +8.7827e-01
1351 0 +2.717311539e+00 -3.582688461e+00 -3.582688461e+00 -5.5720e-01 -5.1413e-01 +3.5998e-01 +2.5612e-01 -5.0832e-01 -7.3708e-02 +4.7799e-01 -1.0279e+00 +1.2386e+00 +8.6468e-01
1803 0 +2.647062196e+00 -3.652937804e+00 -3.652937804e+00 -3.0254e-01 -2.9557e-01 +2.7064e-01 +1.3845e-01 -4.1844e-01 -5.6988e-01 +7.6254e-01 -8.6355e-01 +1.0280e+00 +9.3002e-01
4151 0 +2.344110927e+00 -3.955889073e+00 -3.955889073e+00 -2.5494e-01 -2.9268e-01 +2.1578e-01 +1.4090e-01 -4.8387e-01 -5.5818e-01 +7.6632e-01 -9.5095e-01 +1.4749e+00 +8.0968e-01
4409 0 +2.248053044e+00 -4.051946956e+00 -4.051946956e+00 -5.0430e-01 -2.9074e-01 +1.6294e-01 +1.6529e-01 -4.3076e-01 -5.9181e-01 +8.9540e-01 -9.3736e-01 +1.5491e+00 +1.1215e+00
8205 0 +2.195890373e+00 -4.104109627e+00 -4.104109627e+00 -2.3953e-01 -7.8258e-01 +3.4172e-01 +2.2175e-01 -3.5019e-01 -6.1084e-01 +8.0615e-01 -5.4351e-01 +1.2588e+00 +1.1896e+00
% f evaluations | g evaluations | best noise-free fitness - Fopt (9.479000000000e+01) + sum g_i+ | measured fitness | best measured fitness or single-digit g-values | x1 | x2...
1 0 +9.685939649e+04 +9.695418649e+04 +9.695418649e+04 -8.9555e-01 +4.8298e+00 -4.7636e+00 +4.7052e+00 -3.1790e+00 -3.6344e+00 +7.4873e-01 +2.7019e+00 -2.4769e+00 -3.0174e+00
2 0 +1.598956141e+04 +1.608435141e+04 +1.608435141e+04 -3.9009e+00 +2.7892e-01 +2.6858e+00 -4.2482e+00 +1.9414e-01 -1.9941e+00 +3.8203e+00 -2.7812e-01 +4.0555e+00 -2.5685e+00
8 0 +1.084062553e+03 +1.178852553e+03 +1.178852553e+03 -2.2899e+00 -3.0169e+00 -1.3159e+00 -2.9442e+00 -2.4072e+00 +6.4409e-01 +2.1912e+00 -7.8512e-01 +1.5003e+00 -3.5568e-01
402 0 +7.639866407e+02 +8.587766407e+02 +8.587766407e+02 -1.2504e+00 -8.7414e-01 -8.0851e-01 -1.0801e+00 -4.6038e-01 -1.5602e+00 +1.1631e+00 -1.2298e+00 +7.2201e-01 -5.5869e-01
501 0 +5.310071485e+02 +6.257971485e+02 +6.257971485e+02 -1.3065e+00 -7.1513e-01 -7.1668e-01 -1.1931e+00 -4.2865e-01 -1.4547e+00 +1.0226e+00 -1.2865e+00 +8.4463e-01 -6.0109e-01
603 0 +4.992720579e+02 +5.940620579e+02 +5.940620579e+02 -1.6241e+00 -1.9157e+00 -3.3436e-01 -1.4188e+00 -6.7909e-01 -9.5453e-01 +4.4103e-01 -1.0380e+00 +7.2869e-01 -6.4101e-01
701 0 +3.079958003e+02 +4.027858003e+02 +4.027858003e+02 -1.6158e+00 -2.0312e+00 -2.8743e-01 -1.4639e+00 -7.0912e-01 -9.4793e-01 +3.8197e-01 -9.6159e-01 +8.7668e-01 -6.8046e-01
702 0 +8.797071417e+01 +1.827607142e+02 +1.827607142e+02 -1.3177e+00 -6.0303e-01 -7.7103e-01 -1.3616e+00 -3.7428e-01 -1.7127e+00 +1.0055e+00 -1.4935e+00 +1.0491e+00 -7.6750e-01
801 0 +2.131655595e+01 +1.161065559e+02 +1.161065559e+02 -1.2797e+00 -2.6787e-01 -7.9089e-01 -1.4398e+00 -4.3470e-01 -1.7618e+00 +1.0820e+00 -1.6953e+00 +1.0917e+00 -8.3705e-01
901 0 +3.931388549e+00 +9.872138855e+01 +9.872138855e+01 -1.2690e+00 +5.1669e-02 -8.6872e-01 -1.6996e+00 -2.2593e-01 -1.9985e+00 +9.0582e-01 -2.0085e+00 +1.2493e+00 -9.8165e-01
1002 0 +3.638763424e+00 +9.842876342e+01 +9.842876342e+01 -1.5589e+00 -1.4447e+00 -3.6044e-01 -6.1411e-01 -4.3611e-01 -1.1113e+00 +9.7854e-01 -8.1172e-01 +1.2562e+00 -1.2378e+00
1102 0 +3.394859878e+00 +9.818485988e+01 +9.818485988e+01 -1.1455e+00 +2.5425e-01 -9.1746e-01 -1.7548e+00 -2.1112e-01 -2.2201e+00 +1.0465e+00 -2.3032e+00 +1.6718e+00 -1.0664e+00
1403 0 +3.208129031e+00 +9.799812903e+01 +9.799812903e+01 -6.5157e-01 -1.5848e+00 -3.8360e-02 -8.6327e-02 -3.3823e-01 -1.0216e+00 +7.2876e-01 -9.5553e-01 +8.7552e-01 -1.2710e+00
2116 0 +3.155474193e+00 +9.794547419e+01 +9.794547419e+01 -1.4961e+00 -7.1718e-01 -4.4781e-01 -1.9086e+00 -6.0183e-01 -1.8001e+00 +1.2696e+00 -9.2498e-01 +1.1601e+00 -1.1834e+00
2501 0 +2.749532138e+00 +9.753953214e+01 +9.753953214e+01 -6.9503e-01 -2.5636e+00 -2.8037e-01 -1.1585e+00 -1.8805e-01 -1.9837e+00 +8.3328e-01 -2.3482e+00 +6.6747e-01 -1.3397e+00
5707 0 +2.350274711e+00 +9.714027471e+01 +9.714027471e+01 -1.7367e+00 -2.9535e+00 -1.0877e+00 -1.1527e+00 -2.4532e+00 -2.0655e+00 +1.2585e+00 -2.3076e+00 +1.7222e+00 -1.4721e+00
% f evaluations | g evaluations | best noise-free fitness - Fopt (2.636400000000e+02) + sum g_i+ | measured fitness | best measured fitness or single-digit g-values | x1 | x2...
1 0 +7.147325691e+04 +7.173689691e+04 +7.173689691e+04 -1.8869e+00 +3.8962e-01 -2.4469e+00 -3.5999e-01 +3.9477e+00 -4.3563e+00 -2.6460e+00 +3.6040e+00 +3.2081e+00 +2.7402e+00
5 0 +5.715053715e+04 +5.741417715e+04 +5.741417715e+04 -2.4115e+00 +2.1290e+00 +1.2637e+00 -1.4734e+00 -3.0377e+00 +3.5735e+00 +1.0526e+00 +1.5559e+00 +2.3271e-01 +2.1658e+00
7 0 +3.024622455e+04 +3.050986455e+04 +3.050986455e+04 +3.8030e+00 +3.9422e+00 +4.4140e+00 +1.2064e+00 +4.2018e-03 -2.7522e+00 -3.7043e+00 +4.0722e+00 +1.5842e+00 -2.3614e+00
47 0 +2.355331416e+04 +2.381695416e+04 +2.381695416e+04 +4.9690e+00 +8.6644e-01 -3.2056e+00 -7.9989e-01 -1.7644e+00 +4.8428e-02 +4.5670e-01 +1.9516e+00 +3.7549e+00 +1.2643e+00
54 0 +2.288417192e+04 +2.314781192e+04 +2.314781192e+04 +2.4054e+00 -2.9016e+00 +6.8285e-01 +1.5504e+00 +2.0356e+00 -1.4899e-01 +1.4378e-01 +1.3487e-01 +1.6288e+00 -4.5208e+00
93 0 +1.746871325e+04 +1.773235325e+04 +1.773235325e+04 +3.8926e+00 +4.9419e+00 +3.3116e+00 -3.2420e+00 +9.4330e-01 -1.4032e+00 +2.0781e+00 +2.4435e+00 +1.1378e+00 -7.2714e-01
126 0 +4.253632416e+03 +4.517272416e+03 +4.517272416e+03 +1.7192e+00 +2.2457e+00 +5.0604e-01 -9.2259e-01 -9.2900e-01 -9.1203e-01 +1.6670e+00 +8.5063e-01 +3.0667e-01 -2.7407e-01
137 0 +3.829173385e+03 +4.092813385e+03 +4.092813385e+03 +1.9374e+00 +2.6375e+00 +5.7166e-01 -1.0934e+00 -9.0620e-01 -1.0288e+00 +1.9966e+00 +1.0103e+00 +3.9549e-01 -4.0003e-01
152 0 +3.694326931e+03 +3.957966931e+03 +3.957966931e+03 +2.1182e+00 +2.7321e+00 +5.8200e-01 -1.1212e+00 -9.7474e-01 -8.9259e-01 +2.0613e+00 +9.7285e-01 +3.6045e-01 -5.1024e-01
153 0 +3.361900992e+03 +3.625540992e+03 +3.625540992e+03 +1.4888e+00 +1.8916e+00 +3.9803e-01 -7.5241e-01 -8.3311e-01 -7.2575e-01 +1.5398e+00 +7.0848e-01 +2.6678e-01 -3.8439e-01
201 0 +2.507835569e+03 +2.771475569e+03 +2.771475569e+03 +1.6715e+00 +2.0525e+00 +3.1228e-01 -8.6639e-01 -1.0120e+00 -8.5917e-01 +1.9817e+00 +1.0012e+00 +2.8415e-01 -5.4211e-01
301 0 +2.041311430e+03 +2.304951430e+03 +2.304951430e+03 +2.1234e+00 +2.5285e+00 +2.7935e-01 -9.9372e-01 -1.1373e+00 -1.0752e+00 +2.6243e+00 +1.3801e+00 +3.4374e-01 -8.4818e-01
402 0 +1.630914279e+03 +1.894554279e+03 +1.894554279e+03 +1.3536e+00 +2.0081e+00 +3.0869e-01 -6.7212e-01 -8.5507e-01 -6.2922e-01 +1.3345e+00 +7.6466e-01 +5.3024e-01 -5.4819e-01
435 0 +1.356623856e+03 +1.620263856e+03 +1.620263856e+03 +1.2860e+00 +1.5850e+00 +1.3176e-01 -6.1630e-01 -6.2391e-01 -6.4356e-01 +1.4665e+00 +9.7255e-01 +4.1967e-01 -5.8980e-01
501 0 +1.246240309e+03 +1.509880309e+03 +1.509880309e+03 +1.2856e+00 +1.5999e+00 +1.3151e-01 -4.6212e-01 -4.4800e-01 -6.4585e-01 +1.4685e+00 +1.1511e+00 +3.8254e-01 -6.2557e-01
504 0 +8.935492021e+02 +1.157189202e+03 +1.157189202e+03 +1.5807e+00 +1.9882e+00 +5.4231e-01 -6.3778e-01 -8.2107e-01 -1.0057e+00 +1.8776e+00 +4.6407e-01 +6.1733e-01 -7.8207e-01
602 0 +5.397587106e+02 +8.033987106e+02 +8.033987106e+02 +1.2914e+00 +1.7036e+00 +1.1452e-01 -3.4336e-01 -3.3201e-01 -7.1166e-01 +1.4425e+00 +1.3922e+00 +4.2087e-01 -8.3893e-01
802 0 +4.017756371e+02 +6.654156371e+02 +6.654156371e+02 +1.3730e+00 +1.6515e+00 +8.6310e-02 -2.7876e-01 -3.1039e-01 -8.4174e-01 +1.4905e+00 +1.6151e+00 +4.1526e-01 -8.7673e-01
847 0 +2.798392201e+02 +5.434792201e+02 +5.434792201e+02 +1.4274e+00 +1.7432e+00 +1.9864e-01 -6.3570e-01 -6.6589e-01 -7.5612e-01 +1.5903e+00 +9.2655e-01 +6.8470e-01 -9.2887e-01
1003 0 +1.680948131e+02 +4.317348131e+02 +4.317348131e+02 +1.2336e+00 +1.6451e+00 +1.9008e-01 -6.9627e-01 -1.6466e-01 -3.8167e-01 +1.3176e+00 +1.1444e+00 +8.3896e-01 -9.6862e-01
1101 0 +1.000833878e+02 +3.637233878e+02 +3.637233878e+02 +1.0380e+00 +1.5596e+00 +1.8874e-01 -6.8245e-01 -1.5153e-01 -4.2270e-01 +1.2785e+00 +1.0814e+00 +9.9491e-01 -9.7821e-01
1305 0 +9.918514238e+01 +3.628251424e+02 +3.628251424e+02 +8.9419e-01 +1.0837e+00 +5.5404e-03 -7.0470e-01 -5.7236e-01 -5.2736e-01 +1.0585e+00 +1.0999e+00 +5.5879e-01 -1.0405e+00
1402 0 +6.280386582e+01 +3.264438658e+02 +3.264438658e+02 +9.3098e-01 +1.0330e+00 +1.1533e-02 -5.5204e-01 -5.3223e-01 -7.0684e-02 +1.0784e+00 +1.1206e+00 +6.9142e-01 -8.8152e-01
1406 0 +4.484701883e+01 +3.084870188e+02 +3.084870188e+02 -1.7776e-01 +1.6098e+00 +6.5269e-01 -8.3128e-01 -4.3827e-01 -9.3067e-01 +1.8733e+00 +1.8756e+00 +5.9598e-01 -9.8174e-01
1601 0 +2.731528136e+01 +2.909552814e+02 +2.909552814e+02 +6.6813e-01 +9.8267e-01 -2.1835e-02 -6.7543e-02 +7.1503e-02 -9.8257e-01 +8.4953e-01 +2.3662e+00 +2.9723e-01 -1.1181e+00
1901 0 +8.427041348e+00 +2.720670413e+02 +2.720670413e+02 +7.8694e-01 +1.2979e+00 -5.8977e-02 -3.8957e-01 -5.5680e-02 -6.5843e-01 +1.3698e+00 +1.6561e+00 +6.4378e-01 -9.9382e-01
2002 0 +6.419115593e+00 +2.700591156e+02 +2.700591156e+02 +5.9348e-01 +9.8763e-01 +4.2312e-01 -5.0236e-01 -1.3610e-01 -3.9360e-01 +1.3055e+00 +1.6738e+00 +5.3705e-01 -1.0367e+00
2098 0 +5.104523829e+00 +2.687445238e+02 +2.687445238e+02 +7.0795e-01 +1.2098e+00 +9.6386e-02 -4.5090e-01 -7.8193e-02 -5.3288e-01 +1.1589e+00 +1.2917e+00 +6.3154e-01 -1.0313e+00
2101 0 +4.281971044e+00 +2.679219710e+02 +2.679219710e+02 +7.1557e-01 +1.2224e+00 +5.4132e-02 -4.1317e-01 -1.8802e-01 -6.5425e-01 +1.1110e+00 +1.1992e+00 +6.9359e-01 -1.1025e+00
2536 0 +3.999886433e+00 +2.676398864e+02 +2.676398864e+02 +6.6987e-01 +1.2322e+00 +1.0269e-01 -5.4601e-01 -2.6490e-01 -6.5540e-01 +1.0898e+00 +1.0376e+00 +7.5863e-01 -1.0069e+00
2544 0 +3.842833432e+00 +2.674828334e+02 +2.674828334e+02 +6.8734e-01 +1.2029e+00 +1.0537e-01 -1.9027e-01 -3.5766e-01 -5.9080e-01 +1.0428e+00 +1.3954e+00 +6.2218e-01 -1.0332e+00
2601 0 +2.846410670e+00 +2.664864107e+02 +2.664864107e+02 +7.4553e-01 +1.2424e+00 +1.2366e-01 +1.5711e-01 -4.4221e-01 -6.2012e-01 +8.2513e-01 +1.4898e+00 +6.2898e-01 -1.1707e+00
4701 0 +2.448329223e+00 +2.660883292e+02 +2.660883292e+02 +5.8370e-01 +5.9525e-01 +1.0890e-01 +1.1389e-01 -3.4598e-01 -7.1738e-01 +8.6471e-01 +1.2444e+00 +1.0484e+00 -1.2558e+00
5890 0 +2.356331350e+00 +2.659963314e+02 +2.659963314e+02 +1.6858e-01 +4.3741e-01 +6.4587e-02 +2.4764e-02 -2.9829e-01 -7.0469e-01 +8.3887e-01 +9.4812e-01 +1.0349e+00 -1.2251e+00
7228 0 +2.291244894e+00 +2.659312449e+02 +2.659312449e+02 +1.2528e-01 +3.4301e-01 -3.6731e-02 +7.9956e-02 -4.1933e-01 -5.8320e-01 +8.1977e-01 +9.5862e-01 +1.2771e+00 -1.1698e+00
7616 0 +2.286488736e+00 +2.659264887e+02 +2.659264887e+02 +8.5664e-02 +3.5493e-01 -7.3978e-02 +8.0293e-02 -3.9586e-01 -5.3580e-01 +8.9020e-01 +9.7838e-01 +1.1538e+00 -1.1748e+00
7751 0 +2.198385101e+00 +2.658383851e+02 +2.658383851e+02 +8.8544e-02 +4.2928e-01 -9.2283e-02 +9.8038e-02 -3.5967e-01 -5.1626e-01 +8.5416e-01 +8.6173e-01 +1.0750e+00 -1.2300e+00
7859 0 +2.012046641e+00 +2.656520466e+02 +2.656520466e+02 +1.0411e-01 +3.6218e-01 +5.3046e-02 +1.9255e-01 -3.7587e-01 -6.6853e-01 +8.2087e-01 +1.0187e+00 +1.1031e+00 -1.2055e+00
8299 0 +1.985463398e+00 +2.656254634e+02 +2.656254634e+02 +1.9770e-01 +5.0110e-01 +5.6992e-02 +1.6263e-01 -3.7269e-01 -5.7089e-01 +7.5782e-01 +9.0183e-01 +1.0705e+00 -1.1738e+00
8504 0 +1.876662682e+00 +2.655166627e+02 +2.655166627e+02 +1.8062e-02 +4.9069e-01 -3.8560e-02 +2.1943e-01 -4.6080e-01 -5.5448e-01 +8.4691e-01 +9.5039e-01 +1.0763e+00 -9.1994e-01
% f evaluations | g evaluations | best noise-free fitness - Fopt (-7.366000000000e+01) + sum g_i+ | measured fitness | best measured fitness or single-digit g-values | x1 | x2...
1 0 +2.050354055e+05 +2.049617455e+05 +2.049617455e+05 +4.7474e-01 +2.0221e+00 -4.3136e+00 +1.9799e-01 -4.9104e+00 +7.1202e-02 +2.6426e+00 -4.8323e+00 +1.5624e+00 +4.7714e+00
2 0 +5.303158664e+04 +5.295792664e+04 +5.295792664e+04 -3.8011e+00 -4.1372e+00 -3.0907e+00 -9.4553e-01 -2.9998e+00 +1.7990e+00 +2.9210e+00 -1.2571e+00 -4.6121e+00 +4.5913e-01
3 0 +4.123492379e+04 +4.116126379e+04 +4.116126379e+04 -3.3500e-01 -1.2929e+00 +4.2112e+00 -3.3515e+00 +3.6055e+00 -3.5321e+00 -1.8896e-01 -2.2321e+00 -2.9447e+00 +8.2663e-01
10 0 +1.669567522e+04 +1.662201522e+04 +1.662201522e+04 -4.6685e+00 -1.3122e+00 -4.2735e+00 -3.7438e+00 -2.0177e-01 -2.2718e-01 -4.5131e+00 -4.6751e-01 -3.5202e+00 -4.4272e-01
32 0 +1.058738555e+04 +1.051372555e+04 +1.051372555e+04 +4.9206e+00 +3.6727e+00 +2.3495e+00 -2.0181e+00 -6.0766e-01 -5.4163e-01 -6.4948e-01 +2.6860e+00 +2.0896e-01 +2.1870e+00
126 0 +1.147148591e+03 +1.073488591e+03 +1.073488591e+03 +1.1462e+00 -3.5180e-01 +4.9030e-01 -1.3028e+00 +8.5729e-01 +5.2708e-01 +4.2282e-01 +1.7601e+00 -7.1534e-01 +1.7632e+00
127 0 +1.116990954e+03 +1.043330954e+03 +1.043330954e+03 +1.1049e+00 -2.2190e-01 +5.4586e-01 -1.1304e+00 +8.2639e-01 +5.0808e-01 +4.0758e-01 +1.6028e+00 -6.8955e-01 +1.6996e+00
129 0 +6.975115892e+02 +6.238515892e+02 +6.238515892e+02 +9.1830e-01 -1.8443e-01 +5.0135e-01 -1.1221e+00 +8.0158e-01 +4.2228e-01 +2.1933e-01 +1.4101e+00 -5.7311e-01 +1.4464e+00
201 0 +6.625195622e+02 +5.888595622e+02 +5.888595622e+02 +8.8835e-01 -1.7800e-01 +6.2067e-01 -1.0691e+00 +8.4440e-01 +4.0919e-01 +2.0125e-01 +1.3664e+00 -5.9016e-01 +1.3473e+00
270 0 +5.965672774e+02 +5.229072774e+02 +5.229072774e+02 +9.6196e-01 -2.2140e-01 +4.4342e-01 -7.9572e-01 +6.9497e-01 +4.4563e-01 +1.6450e-01 +1.3659e+00 -5.2506e-01 +1.3770e+00
301 0 +5.813217591e+02 +5.076617591e+02 +5.076617591e+02 +1.0811e+00 -2.0699e-01 +4.3566e-01 -8.4032e-01 +6.8223e-01 +4.3618e-01 +1.4869e-01 +1.3409e+00 -5.1543e-01 +1.3245e+00
305 0 +4.727489391e+02 +3.990889391e+02 +3.990889391e+02 +7.4257e-01 -1.1296e-01 +4.9877e-01 -1.5263e+00 +3.6744e-01 +6.1152e-01 +1.2823e-01 +1.4970e+00 -4.6254e-01 +1.4244e+00
350 0 +4.498017701e+02 +3.761417701e+02 +3.761417701e+02 +7.2716e-01 -1.9059e-02 +3.7556e-01 -8.2107e-01 +6.3919e-01 +4.4068e-01 +9.5766e-02 +1.4999e+00 -5.2261e-01 +1.3699e+00
389 0 +4.122080207e+02 +3.385480207e+02 +3.385480207e+02 +9.3147e-01 -1.9607e-01 +3.8238e-01 -9.1732e-01 +7.4185e-01 +4.4868e-01 +8.3390e-02 +1.3425e+00 -5.9441e-01 +1.3348e+00
401 0 +3.383516473e+02 +2.646916473e+02 +2.646916473e+02 +1.0978e+00 -2.5318e-01 +2.5464e-01 -9.9776e-01 +7.9727e-01 +5.4962e-01 +2.2282e-02 +1.4418e+00 -4.6738e-01 +1.2925e+00
445 0 +1.788898633e+02 +1.052298633e+02 +1.052298633e+02 +7.5326e-01 -1.2503e-01 +3.2662e-01 -1.0303e+00 +5.9042e-01 +5.9518e-01 -1.4567e-01 +1.0950e+00 -5.2115e-01 +1.1480e+00
507 0 +1.773788782e+02 +1.037188782e+02 +1.037188782e+02 +7.3671e-01 -4.2053e-01 +1.9327e-01 -8.9044e-01 +6.6011e-01 +4.1047e-01 -1.4854e-01 +1.1840e+00 -5.3583e-01 +1.1470e+00
601 0 +1.519625745e+02 +7.830257451e+01 +7.830257451e+01 +7.8178e-01 -7.3366e-01 +4.1491e-02 -9.8315e-01 +7.0909e-01 +3.3654e-01 -1.2784e-01 +1.3973e+00 -7.2846e-01 +1.2956e+00
710 0 +1.458580796e+02 +7.219807964e+01 +7.219807964e+01 +6.9390e-01 -4.3323e-01 +4.1084e-01 -8.3782e-01 +8.8773e-01 +3.3807e-01 -1.3374e-01 +1.3019e+00 -6.3181e-01 +1.4779e+00
803 0 +7.444181189e+01 +7.818118926e-01 +7.818118926e-01 +7.8375e-01 -1.2500e+00 -3.9889e-01 -1.0150e+00 +8.3388e-01 +1.2364e-01 -2.6996e-01 +1.6271e+00 -7.0628e-01 +9.7820e-01
807 0 +4.329608673e+01 -3.036391327e+01 -3.036391327e+01 +1.5807e+00 +2.0682e-01 +7.4714e-01 -1.2397e+00 +1.1438e+00 +8.4254e-01 -1.3572e-01 +2.0138e+00 -8.5123e-01 +1.4630e+00
901 0 +4.883898256e+00 -6.877610174e+01 -6.877610174e+01 +1.7778e+00 +4.7301e-01 +1.0279e+00 -1.4139e+00 +1.3680e+00 +9.1270e-01 -2.8840e-01 +2.3454e+00 -8.4963e-01 +1.6452e+00
1003 0 +4.388576142e+00 -6.927142386e+01 -6.927142386e+01 +8.9566e-01 +1.3473e-02 +3.9123e-01 -9.3164e-01 +9.7714e-01 +4.7145e-01 -3.6379e-01 +1.3776e+00 -6.3732e-01 +1.1798e+00
1042 0 +4.108388172e+00 -6.955161183e+01 -6.955161183e+01 +1.0714e+00 +2.3909e-02 +6.5891e-01 -1.0097e+00 +8.4391e-01 +5.9977e-01 -3.7378e-01 +1.5180e+00 -6.1035e-01 +1.2540e+00
1114 0 +3.807693627e+00 -6.985230637e+01 -6.985230637e+01 +1.1316e+00 +2.4300e-01 +5.6659e-01 -1.0392e+00 +9.2554e-01 +3.7831e-01 -3.9260e-01 +1.2214e+00 -6.7511e-01 +1.7132e+00
1115 0 +3.306019011e+00 -7.035398099e+01 -7.035398099e+01 +1.1650e+00 +3.3170e-01 +4.8879e-01 -1.0318e+00 +9.2792e-01 +4.9788e-01 -3.6017e-01 +1.5980e+00 -5.8631e-01 +1.3117e+00
1901 0 +3.181760039e+00 -7.047823996e+01 -7.047823996e+01 +1.7074e+00 +1.6298e-01 +8.1002e-01 -1.5593e+00 +8.8931e-01 +4.9213e-01 -1.1448e+00 +2.2213e+00 -8.1857e-01 +1.8774e+00
2201 0 +3.024359292e+00 -7.063564071e+01 -7.063564071e+01 +1.3249e+00 +3.5534e-01 +6.9613e-01 -1.3839e+00 +6.0474e-01 +5.5329e-01 -9.2280e-01 +2.0276e+00 -7.9362e-01 +1.6049e+00
2311 0 +2.936573302e+00 -7.072342670e+01 -7.072342670e+01 +1.3875e+00 +9.8231e-02 +4.6826e-01 -1.4748e+00 +7.4889e-01 +5.3212e-01 -7.6543e-01 +1.9183e+00 -9.1680e-01 +1.5477e+00
2701 0 +2.834735770e+00 -7.082526423e+01 -7.082526423e+01 +8.1513e-01 +4.0941e-01 +6.6662e-01 -1.2242e+00 +6.8262e-01 +5.1133e-01 -9.3246e-01 +1.4780e+00 -9.0779e-01 +1.2841e+00
3001 0 +2.603120199e+00 -7.105687980e+01 -7.105687980e+01 +1.4561e+00 +2.2995e-01 +3.4025e-02 -1.1790e+00 +2.8121e-01 +7.4745e-01 -7.3942e-01 +1.5161e+00 -1.0151e+00 +1.2975e+00
8204 0 +2.312084367e+00 -7.134791563e+01 -7.134791563e+01 +5.1890e-01 +2.3315e-01 +5.5877e-01 -5.5463e-01 +8.0801e-01 +5.4211e-01 -7.8123e-01 +9.2780e-01 -1.1002e+00 +1.2041e+00
% f evaluations | g evaluations | best noise-free fitness - Fopt (-6.786600000000e+02) + sum g_i+ | measured fitness | best measured fitness or single-digit g-values | x1 | x2...
1 0 +2.718797176e+05 +2.712010576e+05 +2.712010576e+05 +1.9116e+00 +3.8751e+00 -1.1421e+00 -3.7464e+00 +4.9102e+00 -8.5406e-01 +4.3558e+00 +1.5499e+00 +3.0070e+00 -4.6284e+00
2 0 +1.111898585e+05 +1.105111985e+05 +1.105111985e+05 +4.2322e+00 -4.6349e+00 -3.1774e+00 -4.5447e+00 -3.0870e+00 +3.6184e+00 +2.2711e+00 -3.1387e+00 -3.4824e+00 +8.8236e-01
3 0 +7.775976735e+04 +7.708110735e+04 +7.708110735e+04 -3.4989e+00 +2.9333e+00 +2.0461e+00 +9.3152e-01 +4.5007e+00 -3.6321e+00 -2.2930e+00 +4.1792e+00 +3.5345e+00 +4.7911e-02
7 0 +5.728029103e+04 +5.660163103e+04 +5.660163103e+04 +4.3826e+00 +2.5729e+00 +4.5535e-01 +2.4460e+00 -3.8222e+00 -1.9188e-02 +1.8607e+00 -1.8201e+00 -3.9542e+00 -1.3330e+00
13 0 +5.600646398e+04 +5.532780398e+04 +5.532780398e+04 +1.5036e+00 +1.9622e-01 -1.5795e+00 +4.7782e+00 +4.0502e+00 +4.9921e+00 +1.2945e+00 +1.3284e+00 +2.6022e+00 +2.4105e+00
15 0 +3.745009782e+04 +3.677143782e+04 +3.677143782e+04 -4.9579e-01 -3.4050e+00 +4.9374e+00 -8.6954e-01 +2.6723e+00 -3.0306e+00 +8.4720e-01 +4.7415e+00 -3.1352e+00 -3.9798e-01
23 0 +2.030629489e+04 +1.962763489e+04 +1.962763489e+04 -3.2272e+00 -1.9464e+00 +2.3455e+00 -7.5201e-01 -2.1064e+00 +2.1593e+00 +5.4564e-01 +3.9580e+00 +1.6205e+00 +5.9627e-01
126 0 +5.753883146e+03 +5.075223146e+03 +5.075223146e+03 +2.7196e-01 +1.4125e-01 +9.1279e-01 +4.8576e-01 -1.4246e+00 +8.4689e-01 +3.7476e-01 +8.4181e-01 -8.5119e-01 +3.8110e-02
132 0 +5.354463256e+03 +4.675803256e+03 +4.675803256e+03 +2.3402e-01 +8.5501e-03 +8.9291e-01 +4.9335e-01 -1.3992e+00 +8.6013e-01 +4.0979e-01 +8.5496e-01 -9.7966e-01 +6.2891e-02
137 0 +5.067264134e+03 +4.388604134e+03 +4.388604134e+03 +2.4539e-01 +2.4800e-01 +9.3631e-01 +4.4566e-01 -1.5172e+00 +9.8166e-01 +3.5949e-01 +8.9652e-01 -9.5990e-01 +1.3428e-01
178 0 +4.142025966e+03 +3.463365966e+03 +3.463365966e+03 +2.0767e-01 +1.2516e-01 +7.2770e-01 +4.0207e-01 -1.0971e+00 +7.0809e-01 +3.8069e-01 +8.2136e-01 -7.4603e-01 +2.1462e-01
201 0 +3.634628365e+03 +2.955968365e+03 +2.955968365e+03 +2.0864e-01 +1.1121e-01 +7.5829e-01 +5.3802e-01 -1.0818e+00 +7.4260e-01 +3.6419e-01 +9.2470e-01 -8.0128e-01 +2.5931e-01
301 0 +2.924337666e+03 +2.245677666e+03 +2.245677666e+03 +2.3756e-01 +8.1671e-02 +8.7059e-01 +6.4643e-01 -1.2751e+00 +8.9378e-01 +4.3129e-01 +1.1610e+00 -1.0478e+00 +4.3091e-01
426 0 +2.656288896e+03 +1.977628896e+03 +1.977628896e+03 +3.1260e-01 +2.3980e-03 +1.0652e+00 +5.9283e-01 -1.2439e+00 +8.0358e-01 +3.0101e-01 +9.5312e-01 -9.9004e-01 +4.3814e-01
501 0 +2.260595726e+03 +1.581935726e+03 +1.581935726e+03 +5.4763e-01 -1.0921e-01 +1.4069e+00 +8.5426e-01 -1.5188e+00 +8.0189e-01 +3.2057e-01 +1.2701e+00 -1.3041e+00 +7.7944e-01
502 0 +2.149634989e+03 +1.470974989e+03 +1.470974989e+03 +2.6396e-01 -1.3253e-01 +1.0856e+00 +1.4959e-01 -1.2422e+00 +9.5554e-01 +8.2405e-02 +8.3711e-01 -6.7319e-01 +6.1279e-01
701 0 +2.000313080e+03 +1.321653080e+03 +1.321653080e+03 +2.4341e-01 -3.9748e-02 +6.7507e-01 +2.2772e-01 -8.3412e-01 +5.6346e-01 +9.4138e-02 +7.9650e-01 -7.0138e-01 +4.6577e-01
738 0 +1.638132081e+03 +9.594720810e+02 +9.594720810e+02 +1.8726e-01 -1.1212e-01 +6.8565e-01 +3.1131e-01 -7.8453e-01 +4.9275e-01 +6.7125e-02 +7.4679e-01 -6.8024e-01 +5.3884e-01
801 0 +1.056227733e+03 +3.775677326e+02 +3.775677326e+02 +3.4594e-01 -1.4452e-01 +4.7095e-01 +3.8374e-01 -6.4662e-01 +1.6348e-01 -1.9635e-01 +7.2294e-01 -6.6299e-01 +6.1515e-01
901 0 +7.600827726e+02 +8.142277258e+01 +8.142277258e+01 +4.2581e-01 -3.7846e-01 +2.8078e-01 +4.8814e-01 -6.3214e-01 -2.5328e-01 -5.0490e-01 +7.5438e-01 -7.1321e-01 +9.0700e-01
1002 0 +6.094598797e+02 -6.920012033e+01 -6.920012033e+01 +3.2143e-01 -1.0498e-02 +5.9087e-01 +3.8545e-01 -8.9140e-01 +4.0953e-01 -3.5011e-01 +6.1692e-01 -8.0741e-01 +8.1211e-01
1202 0 +5.035206193e+02 -1.751393807e+02 -1.751393807e+02 +1.3412e-01 +1.5397e-01 +7.9140e-01 +3.7399e-01 -8.8511e-01 +4.9829e-01 -5.7286e-01 +6.0453e-01 -8.1856e-01 +9.1840e-01
1204 0 +4.117762757e+02 -2.668837243e+02 -2.668837243e+02 +2.3834e-01 -2.0896e-01 +3.5021e-01 +4.8627e-01 -4.9400e-01 +5.3581e-01 -1.2186e-01 +5.8724e-01 -7.1343e-01 +8.0013e-01
1402 0 +2.324212949e+02 -4.462387051e+02 -4.462387051e+02 +5.4112e-01 -2.9222e-01 +1.1219e+00 +1.9567e-01 -5.4329e-01 +9.4471e-01 -2.4075e-01 +9.8368e-01 -1.1438e+00 +7.4683e-01
1501 0 +1.487063535e+02 -5.299536465e+02 -5.299536465e+02 +6.0971e-01 -2.0874e-01 +1.1212e+00 +1.9045e-01 -5.3807e-01 +1.0090e+00 -2.4550e-01 +1.1338e+00 -1.1736e+00 +8.9676e-01
1502 0 +1.084845749e+02 -5.701754251e+02 -5.701754251e+02 +1.7326e-01 +3.8503e-01 +8.2040e-01 +4.3163e-01 -5.1795e-01 +6.5081e-01 -3.9755e-01 +7.0428e-01 -7.2532e-01 +1.0032e+00
1801 0 +7.830931791e+01 -6.003506821e+02 -6.003506821e+02 +1.1139e-01 -4.9230e-01 +1.4112e+00 +2.5802e-01 -2.7428e-01 +6.8256e-01 -3.1592e-01 +5.0273e-01 -1.8226e+00 +1.1971e+00
2007 0 +2.552137836e+01 -6.531386216e+02 -6.531386216e+02 +5.3203e-02 -2.9662e-01 +7.4066e-01 +1.2935e-01 -1.6431e-01 +5.0339e-01 -3.0169e-01 +5.9949e-01 -9.9853e-01 +9.5628e-01
2024 0 +5.964343808e+00 -6.726956562e+02 -6.726956562e+02 +3.1565e-02 -6.9889e-01 +1.7575e+00 +2.7771e-01 -2.3846e-01 +8.4462e-01 -4.6154e-01 +7.0512e-01 -2.3058e+00 +1.4378e+00
2243 0 +3.626091139e+00 -6.750339089e+02 -6.750339089e+02 +9.0223e-02 -6.6246e-01 +1.3383e+00 +2.0796e-01 -1.4931e-01 +7.5317e-01 -3.0056e-01 +6.6104e-01 -1.5939e+00 +1.0997e+00
2295 0 +3.414749077e+00 -6.752452509e+02 -6.752452509e+02 +4.7851e-02 -6.6249e-01 +1.3424e+00 +8.4539e-02 -1.5476e-01 +7.8566e-01 -3.2544e-01 +7.1717e-01 -1.7277e+00 +1.0269e+00
2962 0 +3.274312588e+00 -6.753856874e+02 -6.753856874e+02 +2.4361e-01 -5.5573e-01 +1.0040e+00 -4.1627e-02 -3.0447e-02 +6.6942e-01 -3.8615e-01 +6.8255e-01 -1.4421e+00 +1.1138e+00
4315 0 +3.184269379e+00 -6.754757306e+02 -6.754757306e+02 +1.1361e-01 -3.1268e-01 +1.5795e+00 +4.9120e-01 +2.4355e-01 +1.3962e+00 -6.1712e-01 +9.4475e-01 -1.5816e+00 +1.0953e+00
4505 0 +3.066971810e+00 -6.755930282e+02 -6.755930282e+02 +1.0956e-01 -3.6561e-01 +1.4488e+00 +3.9639e-01 +2.4238e-01 +1.4018e+00 -6.8633e-01 +1.0265e+00 -1.5877e+00 +1.0914e+00
4613 0 +2.903212755e+00 -6.757567872e+02 -6.757567872e+02 +3.3654e-01 -4.2915e-01 +1.5102e+00 +3.2370e-01 +3.1187e-01 +1.0586e+00 -6.3559e-01 +6.1042e-01 -1.2378e+00 +1.1509e+00
4706 0 +2.766537694e+00 -6.758934623e+02 -6.758934623e+02 +2.9980e-02 -4.2856e-01 +1.3683e+00 +3.5648e-01 +3.3696e-01 +1.0845e+00 -6.7461e-01 +9.4439e-01 -1.3761e+00 +1.2182e+00
5701 0 +2.604427384e+00 -6.760555726e+02 -6.760555726e+02 +5.7453e-01 -5.2621e-01 +1.1318e+00 -8.5131e-03 +4.4105e-01 +1.0798e+00 -7.6612e-01 +9.9207e-01 -1.3723e+00 +1.2024e+00
6111 0 +2.567603271e+00 -6.760923967e+02 -6.760923967e+02 +3.0926e-01 -4.9567e-01 +1.2305e+00 +4.6506e-01 +4.0484e-01 +1.0684e+00 -7.1382e-01 +1.0037e+00 -1.1273e+00 +1.2646e+00
6422 0 +2.393867599e+00 -6.762661324e+02 -6.762661324e+02 +4.0181e-01 -5.0720e-01 +1.2548e+00 +4.5106e-01 +4.2016e-01 +1.0562e+00 -7.2920e-01 +9.7307e-01 -1.0624e+00 +1.1962e+00
% f evaluations | g evaluations | best noise-free fitness - Fopt (-1.195300000000e+02) + sum g_i+ | measured fitness | best measured fitness or single-digit g-values | x1 | x2...
1 0 +7.720825705e+04 +7.708872705e+04 +7.708872705e+04 -4.9656e+00 +3.6000e+00 +1.0783e+00 -4.8265e+00 +7.7494e-01 +4.1620e+00 +8.2247e-01 -4.1844e-01 -6.8920e-01 -4.4189e+00
3 0 +5.173047105e+04 +5.161094105e+04 +5.161094105e+04 +3.6332e+00 -1.4415e+00 -2.9974e+00 +3.4855e+00 +3.9889e-01 +4.1513e+00 -1.0788e+00 -6.0261e-01 +3.5570e+00 -2.3266e+00
4 0 +2.911053993e+04 +2.899100993e+04 +2.899100993e+04 -1.1030e+00 +5.9205e-01 +2.5550e+00 +4.4240e+00 -1.5856e+00 -1.0591e+00 -2.4423e+00 +1.9764e+00 +1.0261e+00 -4.3091e+00
47 0 +2.148212682e+04 +2.136259682e+04 +2.136259682e+04 -1.5528e+00 +1.5642e+00 -2.6096e+00 +2.8842e+00 -3.5201e+00 -1.2864e+00 +4.2020e+00 -3.9854e-01 -9.9007e-01 -1.1207e+00
59 0 +1.801433037e+04 +1.789480037e+04 +1.789480037e+04 +3.6880e+00 +4.2511e+00 +1.4025e+00 +2.2892e+00 -2.2233e+00 -3.1555e+00 -1.7724e+00 +1.7166e+00 +1.1655e+00 -3.3954e+00
126 0 +3.107616490e+03 +2.988086490e+03 +2.988086490e+03 -2.8779e-01 +8.3280e-01 -2.4510e-01 -1.3519e+00 +1.7087e-01 -1.3192e+00 -4.9886e-01 +1.7357e+00 +1.6943e+00 -1.1931e-01
139 0 +2.679077689e+03 +2.559547689e+03 +2.559547689e+03 -2.3364e-01 +2.2671e-01 -1.8201e-01 -4.5657e-01 +1.4981e-01 -6.9531e-01 -2.9665e-01 +8.9165e-01 +8.4673e-01 -2.6514e-01
198 0 +2.489406026e+03 +2.369876026e+03 +2.369876026e+03 -2.1989e-01 +6.7391e-01 -3.3396e-01 -1.1114e+00 +3.5349e-01 -1.0618e+00 -2.0789e-01 +1.4897e+00 +1.4348e+00 -1.8045e-01
201 0 +1.778585903e+03 +1.659055903e+03 +1.659055903e+03 -2.9740e-01 +6.6884e-01 -3.7510e-01 -1.1628e+00 +1.0932e-01 -1.0797e+00 -1.0183e-01 +1.6413e+00 +1.5251e+00 -2.4050e-01
301 0 +1.592485568e+03 +1.472955568e+03 +1.472955568e+03 -2.9832e-01 +6.1533e-01 -3.8403e-01 -1.1062e+00 +9.1033e-02 -1.0058e+00 -1.4263e-01 +1.6161e+00 +1.6857e+00 -2.4568e-01
488 0 +1.477782212e+03 +1.358252212e+03 +1.358252212e+03 -2.3294e-01 +5.5114e-01 -2.9756e-01 -9.5233e-01 +1.2974e-01 -9.4584e-01 -3.8463e-01 +1.3941e+00 +1.3048e+00 -4.8598e-01
501 0 +9.973696020e+02 +8.778396020e+02 +8.778396020e+02 -2.3963e-01 +5.0355e-01 -3.8441e-01 -9.8227e-01 +1.3618e-01 -1.0434e+00 -3.7049e-01 +1.4561e+00 +1.3529e+00 -6.6184e-01
601 0 +9.672636141e+02 +8.477336141e+02 +8.477336141e+02 -5.7901e-02 +5.4777e-01 -5.6953e-01 -1.0448e+00 +9.0832e-02 -1.1238e+00 -4.3257e-01 +1.6032e+00 +1.4574e+00 -9.2155e-01
702 0 +6.609177431e+02 +5.413877431e+02 +5.413877431e+02 +6.7985e-01 +3.2814e-01 -2.1357e-01 -6.2498e-01 -6.2756e-02 -6.3597e-01 -1.6638e-01 +7.9740e-01 +8.1204e-01 -7.5559e-01
705 0 +5.199310871e+02 +4.004010871e+02 +4.004010871e+02 +1.7123e-01 +7.9487e-01 -1.0906e-01 -9.2088e-01 +4.1942e-03 -9.3735e-01 -8.2842e-02 +1.0342e+00 +9.9117e-01 -7.2882e-01
801 0 +5.060110039e+02 +3.864810039e+02 +3.864810039e+02 +1.2791e-01 +8.4490e-01 -6.5455e-02 -1.1182e+00 -9.9493e-02 -1.0023e+00 -7.5737e-02 +1.0903e+00 +1.0662e+00 -8.7283e-01
802 0 +4.957123055e+02 +3.761823055e+02 +3.761823055e+02 +1.0833e+00 +1.4608e-01 -2.1879e-01 -4.4273e-01 -1.7250e-01 -6.5519e-01 -1.5264e-01 +7.0637e-01 +7.1061e-01 -9.2834e-01
803 0 +2.444610670e+02 +1.249310670e+02 +1.249310670e+02 -4.8194e-01 +1.6677e-01 -4.8961e-01 -5.2489e-01 +4.8653e-02 -9.5920e-01 -8.7829e-02 +1.1965e+00 +1.3051e+00 -7.7574e-01
901 0 +1.175959758e+02 -1.934024227e+00 -1.934024227e+00 -4.5376e-01 +8.9662e-02 -6.3690e-01 -5.5383e-01 +4.5942e-02 -8.2582e-01 +4.3462e-02 +1.3869e+00 +1.2764e+00 -9.3052e-01
902 0 +3.265619523e+01 -8.687380477e+01 -8.687380477e+01 -5.1234e-01 +4.3649e-01 +3.1891e-01 -2.1579e-01 +2.3433e-01 -6.9487e-01 +3.0137e-01 +1.5817e+00 +8.3681e-01 -1.0055e+00
1001 0 +7.301700397e+00 -1.122282996e+02 -1.122282996e+02 -8.2955e-01 +4.0732e-01 +8.7246e-01 +3.4353e-01 +2.6130e-01 -5.4246e-01 +6.0233e-01 +1.7487e+00 +5.5100e-01 -1.4349e+00
1401 0 +4.495062067e+00 -1.150349379e+02 -1.150349379e+02 -4.5682e-01 +5.3553e-01 +1.6917e-01 -1.2903e-01 -1.0117e-01 -1.5189e+00 +1.0770e-01 +1.3713e+00 +9.5524e-01 -1.3652e+00
1504 0 +4.366347781e+00 -1.151636522e+02 -1.151636522e+02 -1.1768e+00 +3.5580e-01 -5.3028e-02 +3.9066e-02 -1.4823e-01 -8.0906e-01 +4.6329e-01 +1.1171e+00 +1.4089e+00 -1.0713e+00
1601 0 +3.323873723e+00 -1.162061263e+02 -1.162061263e+02 -1.8984e+00 +5.5617e-01 +5.9094e-03 +1.8580e-01 -3.9272e-01 -8.1490e-01 +7.0257e-01 +1.1428e+00 +1.9233e+00 -1.1779e+00
1701 0 +3.169766978e+00 -1.163602330e+02 -1.163602330e+02 -2.0209e+00 +6.6581e-01 +1.0851e-02 +2.0262e-01 -4.1031e-01 -8.3510e-01 +8.0975e-01 +1.1256e+00 +1.9760e+00 -1.1929e+00
2310 0 +2.829956009e+00 -1.167000440e+02 -1.167000440e+02 -1.4241e+00 +6.5879e-01 -1.3681e-01 +8.0766e-02 -4.3238e-01 -6.4444e-01 +7.0958e-01 +1.3491e+00 +1.6505e+00 -1.0915e+00
2603 0 +2.699330169e+00 -1.168306698e+02 -1.168306698e+02 -8.5961e-01 +7.5978e-01 -1.1750e-01 +1.7897e-01 -5.1939e-01 -5.7170e-01 +5.1726e-01 +1.0011e+00 +1.3975e+00 -8.3164e-01
3602 0 +2.450970421e+00 -1.170790296e+02 -1.170790296e+02 -3.2708e-01 +5.1648e-01 +1.3329e-01 +2.5297e-01 -3.1690e-01 -5.1890e-01 +6.7441e-01 +1.0160e+00 +1.1193e+00 -1.2163e+00
4004 0 +2.331520675e+00 -1.171984793e+02 -1.171984793e+02 -4.9876e-01 +5.2274e-01 +1.4432e-01 +3.0426e-01 -2.8463e-01 -7.7068e-01 +7.3381e-01 +1.0027e+00 +1.0713e+00 -1.1853e+00
6367 0 +1.829405145e+00 -1.177005949e+02 -1.177005949e+02 -3.9492e-01 +5.4872e-01 +6.7480e-02 +9.9421e-02 -3.4557e-01 -5.9359e-01 +7.4989e-01 +9.8102e-01 +1.0675e+00 -1.2132e+00
% f evaluations | g evaluations | best noise-free fitness - Fopt (-1.493100000000e+02) + sum g_i+ | measured fitness | best measured fitness or single-digit g-values | x1 | x2...
1 0 +1.408367655e+04 +1.393436655e+04 +1.393436655e+04 +4.1362e+00 -1.4971e+00 -2.1132e+00 +3.5316e+00 -1.6703e+00 -2.9259e+00 -6.7932e-01 -3.2996e+00 -7.7704e-01 +1.0817e+00
24 0 +1.155990287e+04 +1.141059287e+04 +1.141059287e+04 -1.2421e+00 +3.2712e+00 -1.5354e-02 -1.4012e+00 +7.9604e-01 -6.6786e-01 -3.2336e+00 -8.2051e-01 -4.3349e+00 +1.7517e+00
71 0 +8.356012439e+03 +8.206702439e+03 +8.206702439e+03 -3.0247e-02 -1.5812e+00 -3.0497e+00 +3.9086e+00 +3.1988e+00 -2.2766e+00 -8.7135e-01 -1.6671e-01 -3.4876e+00 +4.3471e-01
126 0 +1.921572886e+03 +1.772262886e+03 +1.772262886e+03 -1.3013e+00 -5.2453e-01 -4.5505e-01 +2.0298e+00 +1.9392e+00 -1.6486e+00 -1.4636e+00 -3.2600e-01 -8.4437e-01 +7.4573e-01
127 0 +1.199943283e+03 +1.050633283e+03 +1.050633283e+03 -1.1285e+00 -4.5522e-01 -5.2034e-01 +1.7725e+00 +1.5126e+00 -1.4081e+00 -1.2788e+00 -3.2425e-01 -7.8391e-01 +9.0794e-01
232 0 +1.101172797e+03 +9.518627972e+02 +9.518627972e+02 -9.2943e-01 -5.6513e-01 -4.8573e-01 +1.3296e+00 +1.1699e+00 -1.2460e+00 -1.1422e+00 -2.9276e-01 -6.7470e-01 +6.7485e-01
284 0 +1.068760401e+03 +9.194504009e+02 +9.194504009e+02 -9.5840e-01 -4.1717e-01 -5.0087e-01 +1.5448e+00 +1.3466e+00 -1.2848e+00 -1.0654e+00 -3.0189e-01 -6.9574e-01 +8.1587e-01
301 0 +1.028316223e+03 +8.790062226e+02 +8.790062226e+02 -9.1061e-01 -4.8950e-01 -5.0281e-01 +1.5126e+00 +1.3388e+00 -1.1138e+00 -9.0636e-01 -2.8904e-01 -7.0508e-01 +8.3920e-01
306 0 +9.075169202e+02 +7.582069202e+02 +7.582069202e+02 -7.6615e-01 -3.1865e-01 -6.5202e-01 +1.3132e+00 +1.0383e+00 -1.4873e+00 -8.3206e-01 -2.7790e-01 -7.2025e-01 +7.3526e-01
401 0 +6.995815858e+02 +5.502715858e+02 +5.502715858e+02 -8.3027e-01 -3.3378e-01 -7.1474e-01 +1.4632e+00 +1.1886e+00 -2.0140e+00 -9.5272e-01 -2.5845e-01 -8.4865e-01 +9.2224e-01
502 0 +5.722500396e+02 +4.229400396e+02 +4.229400396e+02 -8.2624e-01 -5.2895e-01 -1.8758e-02 +1.1382e+00 +1.5665e+00 -9.7566e-01 -1.2713e+00 -5.6336e-01 -6.8327e-01 +8.0611e-01
601 0 +3.048884981e+02 +1.555784981e+02 +1.555784981e+02 -8.6243e-01 -6.3649e-01 +1.0601e-01 +9.5715e-01 +1.8473e+00 -1.0634e+00 -1.4923e+00 -6.3685e-01 -8.7577e-01 +7.9449e-01
801 0 +7.316665586e+01 -7.614334414e+01 -7.614334414e+01 -9.6409e-01 -7.7186e-01 +3.0619e-01 +7.1379e-01 +2.2791e+00 -1.1094e+00 -1.7694e+00 -9.3218e-01 -9.3110e-01 +9.3432e-01
901 0 +1.332288491e+01 -1.359871151e+02 -1.359871151e+02 -1.0212e+00 -9.1071e-01 +9.4771e-01 +3.6637e-01 +2.9752e+00 -1.0209e+00 -2.1809e+00 -1.7619e+00 -1.0776e+00 +1.0805e+00
1007 0 +1.295152515e+01 -1.363584749e+02 -1.363584749e+02 -6.4541e-01 -8.0432e-01 +1.4613e-01 +5.6482e-01 +1.2892e+00 -1.0392e+00 -1.3373e+00 -8.7819e-01 -9.5609e-01 +9.1724e-01
1101 0 +6.055936115e+00 -1.432540639e+02 -1.432540639e+02 -4.2087e-01 -8.3719e-01 +9.0742e-02 +5.2800e-01 +1.0997e+00 -1.0759e+00 -1.5414e+00 -8.6724e-01 -9.5052e-01 +9.9364e-01
1201 0 +3.535978489e+00 -1.457740215e+02 -1.457740215e+02 -2.4478e-01 -1.1334e+00 -8.2926e-02 +5.2888e-01 +8.4596e-01 -1.2926e+00 -1.8104e+00 -1.0133e+00 -1.1250e+00 +1.1639e+00
2001 0 +3.254338238e+00 -1.460556618e+02 -1.460556618e+02 -3.0976e-01 -2.8383e-01 +3.2669e-01 +2.1844e-01 +4.8312e-01 -5.1273e-01 -1.2401e+00 -8.2593e-01 -9.9886e-01 +1.2575e+00
2102 0 +3.073457267e+00 -1.462365427e+02 -1.462365427e+02 +1.3555e+00 -2.6461e+00 -4.6493e-01 -3.9443e-01 +1.9813e+00 -2.0173e+00 -3.7053e-01 -1.0965e+00 -1.0997e+00 +1.1989e+00
3302 0 +2.943313160e+00 -1.463666868e+02 -1.463666868e+02 +6.1712e-01 -9.4617e-01 -3.7751e-01 -7.7103e-02 +1.3387e+00 -1.1264e+00 -2.3366e+00 -6.4851e-01 -1.6318e+00 +1.1214e+00
4255 0 +2.685775648e+00 -1.466242244e+02 -1.466242244e+02 +1.4240e-01 -4.0115e-01 -4.3115e-01 -8.3062e-02 +1.1816e+00 -4.9049e-01 -1.1634e+00 -8.7078e-01 -1.1176e+00 +1.2343e+00
6301 0 +2.604322339e+00 -1.467056777e+02 -1.467056777e+02 -1.0063e+00 -1.5112e+00 -2.4033e-01 -1.9419e-01 +1.9510e+00 -3.0697e-01 -1.3499e+00 -1.5238e+00 -9.6252e-01 +1.2002e+00
7466 0 +2.294658905e+00 -1.470153411e+02 -1.470153411e+02 -2.7326e-01 -2.6600e-01 -3.2571e-01 -1.0455e-01 +9.8867e-01 -4.9803e-01 -7.7403e-01 -9.6345e-01 -1.0797e+00 +1.2506e+00
% f evaluations | g evaluations | best noise-free fitness - Fopt (-2.813900000000e+02) + sum g_i+ | measured fitness | best measured fitness or single-digit g-values | x1 | x2...
1 0 +3.118363545e+04 +3.090224545e+04 +3.090224545e+04 -2.1169e+00 -3.2430e+00 -3.3872e+00 -4.5589e+00 +7.0422e-01 +5.3449e-01 +8.9037e-01 -1.6610e-01 -4.6228e-01 -4.9615e-01
30 0 +1.557684273e+04 +1.529545273e+04 +1.529545273e+04 -4.7247e+00 -5.2978e-01 -5.0978e-01 -1.9864e+00 -2.5370e+00 -2.5690e+00 +1.8590e-02 +1.5166e+00 +3.2522e+00 +2.2378e+00
41 0 +1.051856662e+04 +1.023717662e+04 +1.023717662e+04 +4.3933e+00 -2.3152e-01 -4.3929e+00 +4.2623e+00 +1.4868e+00 -1.8154e+00 +2.9089e+00 +2.7707e+00 +2.0120e+00 +2.6347e+00
93 0 +7.234785877e+03 +6.953395877e+03 +6.953395877e+03 +4.6254e+00 +3.4065e+00 -1.4687e+00 +4.4704e+00 -2.0156e+00 -7.8175e-01 +2.5214e-01 +1.1097e+00 +8.3407e-02 +1.3875e+00
126 0 +5.524580116e+02 +2.710680116e+02 +2.710680116e+02 +1.9317e+00 +3.2914e-01 -1.9652e+00 +3.1857e+00 -7.7515e-01 -2.5314e-01 +6.3308e-01 +6.3068e-01 +1.7188e+00 +2.3248e+00
128 0 +3.060647533e+02 +2.467475328e+01 +2.467475328e+01 +1.4121e+00 +2.4068e-01 -1.3891e+00 +2.1176e+00 -5.4792e-01 -1.1647e-01 +4.4750e-01 +3.2876e-01 +1.0341e+00 +1.7716e+00
129 0 +2.008687384e+02 -8.052126163e+01 -8.052126163e+01 +1.4141e+00 +2.6713e-01 -1.5410e+00 +2.3651e+00 -7.3052e-01 -1.1898e-01 +4.0480e-01 +4.5542e-01 +1.5122e+00 +1.4992e+00
135 0 +7.840947571e+01 -2.029805243e+02 -2.029805243e+02 +1.7069e+00 +4.0734e-01 -1.7129e+00 +2.7172e+00 -4.8818e-01 -2.0891e-01 +6.5899e-01 +5.4971e-01 +1.5037e+00 +1.9161e+00
203 0 +6.957203400e+01 -2.118179660e+02 -2.118179660e+02 +1.4473e+00 +4.4868e-01 -1.5919e+00 +2.5407e+00 -5.6212e-01 -1.6592e-01 +5.9199e-01 +5.1365e-01 +1.2600e+00 +1.7904e+00
211 0 +3.640226598e+01 -2.449877340e+02 -2.449877340e+02 +1.0557e+00 +5.0579e-01 -8.5138e-01 +2.0269e+00 -4.1711e-01 -2.2362e-01 +5.5370e-01 +5.1619e-01 +9.9113e-01 +1.3289e+00
339 0 +1.865183485e+01 -2.627381652e+02 -2.627381652e+02 +1.1333e+00 +2.8366e-01 -9.5661e-01 +1.9091e+00 -3.8668e-01 -2.3247e-01 +4.4848e-01 +5.8072e-01 +9.7931e-01 +1.3831e+00
402 0 +5.913361038e+00 -2.754766390e+02 -2.754766390e+02 +8.8644e-01 +4.0956e-01 -1.0857e+00 +1.6835e+00 -3.7332e-01 -4.9417e-01 +7.2751e-01 +5.5268e-01 +1.0146e+00 +1.0452e+00
504 0 +3.540285889e+00 -2.778497141e+02 -2.778497141e+02 +9.6551e-01 +6.8024e-01 -1.2010e+00 +2.5046e+00 -5.7427e-01 -8.9999e-01 +5.9657e-01 +6.0858e-01 +1.5452e+00 +1.4217e+00
1402 0 +3.426100896e+00 -2.779638991e+02 -2.779638991e+02 +8.4812e-01 +4.4961e-01 -9.9115e-01 +2.4912e+00 -1.1181e-01 -6.5285e-01 +1.1443e+00 +1.0776e+00 +1.3592e+00 +1.4265e+00
1503 0 +3.150895413e+00 -2.782391046e+02 -2.782391046e+02 +7.6248e-01 +7.6596e-01 -1.6206e+00 +2.2718e+00 -1.2870e-01 -5.5428e-01 +7.7138e-01 +1.0559e+00 +1.0750e+00 +9.6807e-01
1606 0 +2.672720900e+00 -2.787172791e+02 -2.787172791e+02 +7.6591e-01 +4.8346e-01 -5.6498e-01 +1.8511e+00 -1.6918e-02 -7.0787e-01 +7.4116e-01 +1.0374e+00 +1.0866e+00 +1.1443e+00
2170 0 +2.570926487e+00 -2.788190735e+02 -2.788190735e+02 +7.4064e-01 +8.2021e-01 -6.6756e-01 +1.9184e+00 -7.8630e-02 -7.5387e-01 +7.4168e-01 +8.9770e-01 +1.0595e+00 +1.1825e+00
2408 0 +2.264498195e+00 -2.791255018e+02 -2.791255018e+02 +6.8852e-01 +5.5601e-01 -7.4203e-01 +1.7654e+00 +7.6707e-02 -7.2246e-01 +7.3756e-01 +9.5458e-01 +1.0716e+00 +1.1886e+00
% f evaluations | g evaluations | best noise-free fitness - Fopt (-2.724800000000e+02) + sum g_i+ | measured fitness | best measured fitness or single-digit g-values | x1 | x2...
1 0 +6.074062653e+04 +6.046814653e+04 +6.046814653e+04 -1.4225e+00 -2.1147e+00 +1.9885e-01 +3.3401e+00 +2.8244e+00 -4.3570e+00 -4.0413e+00 +1.5224e+00 +4.6462e-01 -4.6924e+00
2 0 +2.629576592e+04 +2.602328592e+04 +2.602328592e+04 -1.2150e+00 -2.7851e+00 +4.2143e+00 +4.1397e+00 -2.5190e+00 +2.2868e+00 -3.9900e+00 +2.4621e+00 +1.4298e+00 -5.6339e-01
4 0 +1.876027850e+04 +1.848779850e+04 +1.848779850e+04 +1.7476e+00 +5.0247e-02 +3.1035e+00 -4.9241e-01 -8.5916e-01 +2.8822e-01 -1.7882e+00 -1.4105e+00 -3.3128e+00 -3.6297e+00
47 0 +1.007825037e+04 +9.805770372e+03 +9.805770372e+03 -3.8574e+00 +4.6222e+00 +1.4201e+00 +1.2568e+00 -3.3711e+00 -1.0525e+00 -1.2515e+00 +3.9000e+00 -1.8027e+00 -1.7720e+00
126 0 +2.092792207e+02 -6.320077925e+01 -6.320077925e+01 -1.5834e-01 +1.0878e+00 -7.9956e-01 -7.9317e-01 -1.9596e+00 +1.0395e+00 -1.1784e+00 +1.0481e+00 -1.3232e+00 -1.8735e+00
127 0 +7.468976547e+01 -1.977902345e+02 -1.977902345e+02 -1.8593e-01 +9.4996e-01 -6.2084e-01 -6.3904e-01 -1.4763e+00 +8.6441e-01 -9.7067e-01 +9.4175e-01 -1.1201e+00 -1.5218e+00
128 0 +2.272518180e+01 -2.497548182e+02 -2.497548182e+02 -1.7846e-01 +6.3675e-01 -4.1234e-01 -3.2135e-01 -1.1041e+00 +6.3124e-01 -6.5684e-01 +5.8421e-01 -7.5081e-01 -9.8192e-01
147 0 +2.065785868e+01 -2.518221413e+02 -2.518221413e+02 -1.1658e-01 +7.5412e-01 -4.8306e-01 -5.2359e-01 -1.1533e+00 +7.0392e-01 -7.7791e-01 +6.7173e-01 -9.3857e-01 -1.1480e+00
158 0 +1.761056352e+01 -2.548694365e+02 -2.548694365e+02 -1.0209e-01 +7.2970e-01 -4.7182e-01 -5.1140e-01 -1.1447e+00 +6.7024e-01 -9.2324e-01 +6.7580e-01 -8.6851e-01 -1.1340e+00
161 0 +4.100322314e+00 -2.683796777e+02 -2.683796777e+02 -1.1671e-01 +7.3949e-01 -5.3939e-01 -3.5370e-01 -1.2309e+00 +7.9494e-01 -9.4401e-01 +9.5131e-01 -9.9290e-01 -1.3424e+00
441 0 +3.587425344e+00 -2.688925747e+02 -2.688925747e+02 -3.1059e-02 +7.0864e-01 -5.6882e-01 -3.7676e-01 -1.3433e+00 +4.2630e-01 -9.2325e-01 +6.0332e-01 -8.4282e-01 -1.2949e+00
705 0 +3.277412795e+00 -2.692025872e+02 -2.692025872e+02 -8.8658e-02 +5.8919e-01 -4.4757e-01 -2.3605e-01 -1.0342e+00 +9.0596e-01 -8.4503e-01 +8.9634e-01 -1.1188e+00 -1.2378e+00
2097 0 +3.138945455e+00 -2.693410545e+02 -2.693410545e+02 -4.2221e-02 +3.0656e-01 -2.7526e-01 +9.6004e-02 -8.7308e-01 +4.8072e-01 -5.2798e-01 +6.1808e-01 -1.2271e+00 -1.1652e+00
2576 0 +3.030693019e+00 -2.694493070e+02 -2.694493070e+02 -1.4594e-01 +3.3616e-01 -9.3779e-02 +1.8810e-01 -9.7821e-01 +4.6326e-01 -7.1122e-01 +1.0102e+00 -1.2843e+00 -1.1371e+00
2604 0 +2.785189067e+00 -2.696948109e+02 -2.696948109e+02 -1.1895e-01 +2.5941e-01 -2.0426e-01 +1.1788e-01 -4.9385e-01 +5.8520e-01 -6.7341e-01 +9.5766e-01 -1.3060e+00 -1.1162e+00
2801 0 +2.400817519e+00 -2.700791825e+02 -2.700791825e+02 -1.7283e-01 -1.1407e-02 -2.3340e-01 +2.6091e-01 -3.6225e-01 +6.9995e-01 -7.0336e-01 +1.0042e+00 -1.3596e+00 -1.1490e+00
6005 0 +2.149919422e+00 -2.703300806e+02 -2.703300806e+02 -3.0885e-02 +2.2144e-01 -2.0939e-01 +1.3368e-01 -3.9188e-01 +6.6790e-01 -7.9449e-01 +8.7882e-01 -1.4490e+00 -1.1163e+00
% f evaluations | g evaluations | best noise-free fitness - Fopt (-4.172000000000e+01) + sum g_i+ | measured fitness | best measured fitness or single-digit g-values | x1 | x2...
1 0 +1.777866084e+05 +1.777448884e+05 +1.777448884e+05 +3.1893e+00 +5.5707e-01 -4.7955e+00 +4.8185e+00 -1.4460e+00 +3.4271e+00 +1.7510e+00 +5.7888e-01 -8.3269e-01 -3.5425e+00
2 0 +2.131582526e+04 +2.127410526e+04 +2.127410526e+04 +3.7206e+00 -3.0869e+00 -3.9238e+00 +9.0071e-01 +2.2049e+00 +2.9408e+00 +1.7571e+00 -3.7352e+00 +2.4110e+00 +1.1246e+00
3 0 +1.422634827e+04 +1.418462827e+04 +1.418462827e+04 -2.0096e+00 +1.1795e+00 -3.6461e+00 -3.1679e-01 -3.0021e-01 -3.1648e+00 -1.0604e+00 -2.0995e+00 +3.3079e+00 -5.8656e-01
24 0 +8.518835039e+03 +8.477115039e+03 +8.477115039e+03 -3.3336e+00 -4.3107e+00 -1.9307e+00 -1.4212e+00 +3.3301e+00 -3.3193e+00 +2.4397e+00 -9.3549e-01 +8.1607e-01 +3.6133e+00
34 0 +6.761311088e+03 +6.719591088e+03 +6.719591088e+03 +3.9200e+00 +1.0279e+00 +1.0344e+00 -2.2512e+00 -1.0485e+00 +4.4252e-01 -2.8885e-01 -3.8799e+00 +2.2709e+00 +2.1328e+00
98 0 +2.969616895e+03 +2.927896895e+03 +2.927896895e+03 -5.3574e-01 -2.5389e-01 -2.1839e+00 -3.1868e+00 +1.6906e-01 -3.5095e+00 +2.1741e+00 -1.1586e+00 +7.4078e-01 +3.1170e+00
126 0 +1.323373440e+02 +9.061734402e+01 +9.061734402e+01 -1.9565e-01 +8.4167e-02 +3.1097e-01 -2.4016e+00 -1.0475e+00 -2.6504e+00 +2.1423e+00 -2.3357e+00 +2.1619e+00 +1.9411e+00
128 0 +5.586352910e+01 +1.414352910e+01 +1.414352910e+01 -1.7870e-01 +1.8308e-01 +2.8402e-01 -2.3204e+00 -9.2747e-01 -2.3535e+00 +1.9566e+00 -2.1447e+00 +2.0489e+00 +1.8765e+00
129 0 +5.143149934e+01 +9.711499339e+00 +9.711499339e+00 -1.6232e-01 +1.0080e-01 +4.5904e-01 -1.9021e+00 -8.1131e-01 -2.1674e+00 +1.7773e+00 -1.9377e+00 +1.7935e+00 +1.5818e+00
130 0 +4.022556413e+00 -3.769744359e+01 -3.769744359e+01 -8.2356e-02 +5.1146e-02 +1.3090e-01 -1.0525e+00 -3.7878e-01 -1.1156e+00 +8.0545e-01 -9.8314e-01 +1.1235e+00 +9.2091e-01
304 0 +3.920168276e+00 -3.779983172e+01 -3.779983172e+01 +1.0172e-01 +1.8115e-01 +2.3018e-01 -1.3994e+00 -4.7166e-01 -1.2573e+00 +1.0653e+00 -9.4572e-01 +1.0610e+00 +9.6237e-01
404 0 +3.884557243e+00 -3.783544276e+01 -3.783544276e+01 -2.0162e-01 -7.4522e-02 +2.8059e-01 -1.4249e+00 -4.4419e-01 -1.2486e+00 +9.5897e-01 -9.2693e-01 +1.1284e+00 +9.3135e-01
506 0 +3.645077771e+00 -3.807492223e+01 -3.807492223e+01 +5.8748e-02 +2.3157e-02 -2.0283e-01 -1.9231e+00 -6.2171e-01 -1.9328e+00 +1.5391e+00 -1.4633e+00 +1.8275e+00 +1.6344e+00
507 0 +3.552528516e+00 -3.816747148e+01 -3.816747148e+01 -3.8314e-01 +2.9155e-01 +5.5632e-01 -1.7697e+00 -5.5321e-01 -1.8914e+00 +1.5553e+00 -1.2064e+00 +1.4096e+00 +1.4395e+00
811 0 +3.212482158e+00 -3.850751784e+01 -3.850751784e+01 +8.0840e-02 +5.5577e-01 +1.1570e+00 -2.4418e+00 -2.1250e-02 -2.1823e+00 +1.9684e+00 -1.6853e+00 +1.3135e+00 +1.3836e+00
1502 0 +3.086417139e+00 -3.863358286e+01 -3.863358286e+01 +2.2781e-02 +6.4580e-01 +1.2292e+00 -2.1470e+00 -4.3472e-03 -1.9469e+00 +1.5685e+00 -1.5218e+00 +9.2988e-01 +1.3355e+00
1814 0 +2.980927859e+00 -3.873907214e+01 -3.873907214e+01 +3.0106e-02 +6.3555e-01 +1.2587e+00 -2.1674e+00 -2.3969e-02 -2.0905e+00 +1.5454e+00 -1.4808e+00 +8.8095e-01 +1.3381e+00
1837 0 +2.863632231e+00 -3.885636777e+01 -3.885636777e+01 -1.0975e-01 +3.3749e-01 +6.7504e-01 -1.6156e+00 +5.4686e-02 -1.4719e+00 +1.4604e+00 -1.1123e+00 +1.0421e+00 +1.2149e+00
2605 0 +2.782089887e+00 -3.893791011e+01 -3.893791011e+01 -5.6526e-01 +1.2725e-01 +5.6865e-01 -1.0912e+00 +1.3369e-01 -1.4995e+00 +1.7621e+00 -7.1803e-01 +1.1066e+00 +1.1837e+00
3902 0 +2.617954423e+00 -3.910204558e+01 -3.910204558e+01 +2.7924e-01 +6.0236e-01 +8.0199e-01 -1.6606e+00 +1.0026e-01 -1.3233e+00 +1.3705e+00 -8.2011e-01 +1.1181e+00 +1.1750e+00
4108 0 +2.558885998e+00 -3.916111400e+01 -3.916111400e+01 +2.8801e-01 +6.3172e-01 +8.0643e-01 -1.6965e+00 +9.6552e-02 -1.3498e+00 +1.3694e+00 -8.0813e-01 +1.1453e+00 +1.1877e+00
7604 0 +2.287872315e+00 -3.943212768e+01 -3.943212768e+01 +2.6413e-01 +6.7942e-01 +6.0982e-01 -1.0945e+00 +2.0247e-01 -1.1584e+00 +6.7542e-01 -1.0369e+00 +1.0866e+00 +1.2285e+00
% f evaluations | g evaluations | best noise-free fitness - Fopt (4.390000000000e+00) + sum g_i+ | measured fitness | best measured fitness or single-digit g-values | x1 | x2...
1 0 +9.217899624e+04 +9.218338624e+04 +9.218338624e+04 -3.3907e-01 +1.5126e+00 -1.0771e+00 +4.9036e-01 -4.8134e+00 +4.1889e+00 -4.0347e+00 -4.0321e+00 -4.0936e+00 +1.0488e+00
3 0 +6.629673923e+04 +6.630112923e+04 +6.630112923e+04 -2.9874e+00 +7.0813e-01 -1.7050e+00 -4.6618e+00 -9.0927e-01 -2.4490e+00 -1.2027e+00 +1.6616e-01 +1.7466e+00 -2.3643e+00
4 0 +3.868926752e+04 +3.869365752e+04 +3.869365752e+04 -2.2809e+00 +4.0968e+00 +6.9917e-02 -3.9322e+00 -3.0223e+00 +3.2643e+00 +2.6981e+00 -3.1014e+00 +3.7790e+00 +3.0568e+00
9 0 +3.698567473e+04 +3.699006473e+04 +3.699006473e+04 +1.2934e+00 -3.5242e+00 -3.9527e+00 -1.1031e+00 +2.0726e+00 +2.3294e+00 -3.2735e+00 +1.6126e+00 +4.9570e+00 +4.9029e-01
10 0 +2.771243069e+04 +2.771682069e+04 +2.771682069e+04 +4.2947e+00 +4.4369e-03 -1.9752e+00 -1.3799e+00 +3.0817e+00 +1.4200e+00 -4.8673e+00 +5.8788e-01 +3.5392e+00 +3.3143e-01
13 0 +2.705062034e+04 +2.705501034e+04 +2.705501034e+04 +4.3355e+00 +2.8877e-01 +3.4039e+00 +1.9758e+00 -5.7345e-01 -3.3755e+00 +2.6723e-01 +4.3673e-01 +1.6058e+00 +2.0218e+00
28 0 +2.205035783e+04 +2.205474783e+04 +2.205474783e+04 +1.1854e+00 +5.2787e-01 +3.0761e+00 -4.4765e+00 +2.0175e+00 +1.2001e+00 +4.0516e-01 -3.2315e+00 +2.7968e+00 +4.1025e-01
51 0 +2.156414528e+04 +2.156853528e+04 +2.156853528e+04 -4.4917e+00 +2.6076e+00 +2.6620e+00 -2.6413e-01 -4.5477e+00 +4.8868e+00 -2.2496e+00 +1.7247e-01 +2.1794e+00 +2.7792e+00
52 0 +1.475974581e+04 +1.476413581e+04 +1.476413581e+04 +2.7918e+00 +3.3789e+00 +4.6925e+00 +2.6116e+00 +3.4066e-01 -1.7649e-01 -4.6291e+00 -2.6828e+00 +6.6037e-01 +8.1462e-01
72 0 +9.523394224e+03 +9.527784224e+03 +9.527784224e+03 +3.3540e+00 +3.8416e-01 +1.6782e+00 -2.2673e+00 -2.2343e+00 +6.6499e-01 -1.1972e+00 -2.6428e+00 +3.5506e+00 -2.6431e-01
75 0 +9.186610640e+03 +9.191000640e+03 +9.191000640e+03 -1.3138e+00 -8.0236e-01 -1.3766e+00 -4.8479e-01 -3.2391e+00 -2.8434e+00 -1.7134e+00 -2.9260e+00 -2.6568e-01 +2.7737e+00
81 0 +5.639982903e+03 +5.644372903e+03 +5.644372903e+03 -3.0466e-01 -1.2403e+00 +1.5340e+00 -3.1171e+00 -3.4224e+00 -9.1782e-01 -3.3606e+00 -1.9119e-01 +1.8254e+00 +2.0035e-01
126 0 +2.398420491e+02 +2.442320491e+02 +2.442320491e+02 -5.3640e-01 +6.1936e-02 -5.8662e-01 -8.8235e-01 -7.4250e-01 +6.2225e-01 -2.6646e+00 -1.4979e+00 +9.1043e-01 +1.5183e+00
127 0 +1.048144895e+01 +1.487144895e+01 +1.487144895e+01 -5.5791e-01 -9.0087e-02 -4.3708e-01 -4.8024e-01 -5.2060e-01 +3.5722e-01 -1.9030e+00 -1.0300e+00 +8.7483e-01 +1.1741e+00
201 0 +4.433872094e+00 +8.823872094e+00 +8.823872094e+00 -5.5509e-01 +8.5155e-02 -3.2699e-01 -3.9418e-01 -3.3023e-01 +3.1321e-01 -1.5183e+00 -7.2609e-01 +8.1296e-01 +1.0109e+00
263 0 +4.316972264e+00 +8.706972264e+00 +8.706972264e+00 -5.6434e-01 -3.5464e-02 -4.9370e-01 -3.6528e-01 -5.6589e-01 +3.7276e-01 -2.0207e+00 -1.1152e+00 +7.8047e-01 +1.2478e+00
307 0 +4.204687166e+00 +8.594687166e+00 +8.594687166e+00 -4.5503e-01 -1.4408e-02 -4.0909e-01 -4.2163e-01 -5.6203e-01 +3.3720e-01 -1.9729e+00 -1.0173e+00 +7.2655e-01 +1.2173e+00
332 0 +3.955426891e+00 +8.345426891e+00 +8.345426891e+00 -7.8255e-01 -5.2757e-02 -2.2446e-01 -3.9463e-01 -4.3497e-01 +3.9974e-01 -1.9390e+00 -1.0555e+00 +7.0625e-01 +1.2205e+00
604 0 +3.861989529e+00 +8.251989529e+00 +8.251989529e+00 +1.9260e-01 -8.0946e-02 -1.1863e-01 -4.7273e-01 -4.0616e-01 +1.0600e+00 -1.4715e+00 -1.1796e+00 +7.1177e-01 +1.4204e+00
614 0 +3.347579899e+00 +7.737579899e+00 +7.737579899e+00 -5.8713e-01 -2.6668e-01 -3.6765e-01 -3.8043e-01 -5.3525e-01 +1.0860e-01 -1.7857e+00 -1.3289e+00 +9.7671e-01 +1.6424e+00
1524 0 +2.878871531e+00 +7.268871531e+00 +7.268871531e+00 -5.9624e-01 -3.0894e-01 -8.1151e-01 -3.1090e-01 -5.2301e-01 +8.9395e-01 -1.3716e+00 -8.4556e-01 +7.7304e-01 +1.2476e+00
2320 0 +2.765436985e+00 +7.155436985e+00 +7.155436985e+00 +2.5294e-01 -5.1018e-01 -2.5578e-01 -2.4429e-01 -4.7362e-01 +6.1598e-01 -1.2022e+00 -8.7195e-01 +1.1050e+00 +1.2362e+00
2612 0 +2.712870815e+00 +7.102870815e+00 +7.102870815e+00 -5.7992e-01 -9.3121e-02 -1.0924e-01 +9.7431e-02 -4.0286e-01 +6.6302e-01 -1.5764e+00 -7.7237e-01 +8.3271e-01 +1.2500e+00
3221 0 +2.356964132e+00 +6.746964132e+00 +6.746964132e+00 -4.6763e-01 +4.8450e-01 -4.3274e-01 +2.2618e-01 -3.1205e-01 +6.1881e-01 -7.7750e-01 -9.1706e-01 +1.3846e+00 +1.1566e+00
5326 0 +2.241584681e+00 +6.631584681e+00 +6.631584681e+00 -8.3986e-01 -3.0656e-01 -7.3343e-02 +1.1469e-01 -4.4823e-01 +5.4377e-01 -1.2242e+00 -9.7851e-01 +1.0956e+00 +1.2097e+00
5352 0 +1.968810095e+00 +6.358810095e+00 +6.358810095e+00 -7.3308e-01 -3.0172e-01 -3.7889e-02 +1.1288e-01 -3.6294e-01 +6.7874e-01 -1.2297e+00 -8.6617e-01 +1.1189e+00 +1.2595e+00
5963 0 +1.837334137e+00 +6.227334137e+00 +6.227334137e+00 -6.5784e-01 -3.0611e-01 -1.0255e-01 +1.4387e-01 -4.3411e-01 +5.8214e-01 -1.2797e+00 -8.5993e-01 +1.1061e+00 +1.2579e+00
