% f evaluations | g evaluations | best noise-free fitness - Fopt (-5.465000000000e+02) + sum g_i+ | measured fitness | best measured fitness or single-digit g-values | x1 | x2...
1 0 +5.680986347e+05 +5.675521347e+05 +5.675521347e+05
3 0 +2.831911289e+05 +2.826446289e+05 +2.826446289e+05
13 0 +1.752929359e+05 +1.747464359e+05 +1.747464359e+05
31 0 +1.673752560e+05 +1.668287560e+05 +1.668287560e+05
76 0 +1.621307622e+05 +1.615842622e+05 +1.615842622e+05
77 0 +9.990558703e+04 +9.935908703e+04 +9.935908703e+04
126 0 +1.864300620e+04 +1.809650620e+04 +1.809650620e+04
127 0 +1.753296906e+04 +1.698646906e+04 +1.698646906e+04
128 0 +1.575616482e+04 +1.520966482e+04 +1.520966482e+04
135 0 +1.515199406e+04 +1.460549406e+04 +1.460549406e+04
136 0 +1.473635208e+04 +1.418985208e+04 +1.418985208e+04
138 0 +1.353830124e+04 +1.299180124e+04 +1.299180124e+04
156 0 +1.185037804e+04 +1.130387804e+04 +1.130387804e+04
296 0 +1.169518666e+04 +1.114868666e+04 +1.114868666e+04
355 0 +1.147958226e+04 +1.093308226e+04 +1.093308226e+04
403 0 +1.120141327e+04 +1.065491327e+04 +1.065491327e+04
412 0 +1.041983687e+04 +9.873336871e+03 +9.873336871e+03
501 0 +1.017851626e+04 +9.632016263e+03 +9.632016263e+03
535 0 +9.996006309e+03 +9.449506309e+03 +9.449506309e+03
601 0 +9.349778565e+03 +8.803278565e+03 +8.803278565e+03
603 0 +9.287013956e+03 +8.740513956e+03 +8.740513956e+03
605 0 +9.048044252e+03 +8.501544252e+03 +8.501544252e+03
618 0 +8.665001232e+03 +8.118501232e+03 +8.118501232e+03
701 0 +7.759436116e+03 +7.212936116e+03 +7.212936116e+03
803 0 +7.218004589e+03 +6.671504589e+03 +6.671504589e+03
884 0 +5.348012339e+03 +4.801512339e+03 +4.801512339e+03
1101 0 +4.530561107e+03 +3.984061107e+03 +3.984061107e+03
1302 0 +4.402689681e+03 +3.856189681e+03 +3.856189681e+03
1604 0 +4.332919911e+03 +3.786419911e+03 +3.786419911e+03
1801 0 +2.950014585e+03 +2.403514585e+03 +2.403514585e+03
1901 0 +2.221910017e+03 +1.675410017e+03 +1.675410017e+03
2001 0 +1.963592603e+03 +1.417092603e+03 +1.417092603e+03
2201 0 +1.554726633e+03 +1.008226633e+03 +1.008226633e+03
2301 0 +1.237762387e+03 +6.912623872e+02 +6.912623872e+02
2504 0 +1.228063912e+03 +6.815639115e+02 +6.815639115e+02
2507 0 +1.099259504e+03 +5.527595038e+02 +5.527595038e+02
2702 0 +9.258995844e+02 +3.793995844e+02 +3.793995844e+02
2802 0 +4.608870096e+02 -8.561299040e+01 -8.561299040e+01
3005 0 +2.964598055e+02 -2.500401945e+02 -2.500401945e+02
3302 0 +2.804022166e+02 -2.660977834e+02 -2.660977834e+02
3711 0 +2.382282158e+02 -3.082717842e+02 -3.082717842e+02
3715 0 +2.189428587e+02 -3.275571413e+02 -3.275571413e+02
3802 0 +1.081101567e+02 -4.383898433e+02 -4.383898433e+02
4029 0 +2.943391467e+01 -5.170660853e+02 -5.170660853e+02
4041 0 +1.707145839e+01 -5.294285416e+02 -5.294285416e+02
4202 0 +1.301944410e+01 -5.334805559e+02 -5.334805559e+02
4558 0 +1.114177956e+01 -5.353582204e+02 -5.353582204e+02
5316 0 +9.445090216e+00 -5.370549098e+02 -5.370549098e+02
5635 0 +4.476209064e+00 -5.420237909e+02 -5.420237909e+02
5901 0 +4.175040134e+00 -5.423249599e+02 -5.423249599e+02
8701 0 +3.969879629e+00 -5.425301204e+02 -5.425301204e+02
10648 0 +3.860693720e+00 -5.426393063e+02 -5.426393063e+02
10701 0 +3.586644616e+00 -5.429133554e+02 -5.429133554e+02
14635 0 +3.195372391e+00 -5.433046276e+02 -5.433046276e+02
% f evaluations | g evaluations | best noise-free fitness - Fopt (1.000000000000e+03) + sum g_i+ | measured fitness | best measured fitness or single-digit g-values | x1 | x2...
1 0 +5.624149695e+05 +5.634149695e+05 +5.634149695e+05
2 0 +2.553977261e+05 +2.563977261e+05 +2.563977261e+05
6 0 +2.280598861e+05 +2.290598861e+05 +2.290598861e+05
44 0 +2.080369811e+05 +2.090369811e+05 +2.090369811e+05
60 0 +1.755661916e+05 +1.765661916e+05 +1.765661916e+05
126 0 +3.752352932e+04 +3.852352932e+04 +3.852352932e+04
127 0 +1.835528142e+04 +1.935528142e+04 +1.935528142e+04
169 0 +1.812203277e+04 +1.912203277e+04 +1.912203277e+04
176 0 +1.733942289e+04 +1.833942289e+04 +1.833942289e+04
204 0 +1.561588397e+04 +1.661588397e+04 +1.661588397e+04
301 0 +1.489718398e+04 +1.589718398e+04 +1.589718398e+04
401 0 +1.242230704e+04 +1.342230704e+04 +1.342230704e+04
603 0 +1.172052150e+04 +1.272052150e+04 +1.272052150e+04
808 0 +1.093957434e+04 +1.193957434e+04 +1.193957434e+04
903 0 +1.044795608e+04 +1.144795608e+04 +1.144795608e+04
1003 0 +1.001066440e+04 +1.101066440e+04 +1.101066440e+04
1109 0 +9.453382919e+03 +1.045338292e+04 +1.045338292e+04
1201 0 +8.498491353e+03 +9.498491353e+03 +9.498491353e+03
1202 0 +7.267448731e+03 +8.267448731e+03 +8.267448731e+03
1301 0 +6.114134467e+03 +7.114134467e+03 +7.114134467e+03
1401 0 +5.666570519e+03 +6.666570519e+03 +6.666570519e+03
1602 0 +5.056048904e+03 +6.056048904e+03 +6.056048904e+03
1701 0 +4.302744439e+03 +5.302744439e+03 +5.302744439e+03
1901 0 +4.087588719e+03 +5.087588719e+03 +5.087588719e+03
2202 0 +3.889837315e+03 +4.889837315e+03 +4.889837315e+03
2203 0 +3.705892588e+03 +4.705892588e+03 +4.705892588e+03
2304 0 +3.033677252e+03 +4.033677252e+03 +4.033677252e+03
2701 0 +2.035053185e+03 +3.035053185e+03 +3.035053185e+03
2801 0 +1.836267944e+03 +2.836267944e+03 +2.836267944e+03
3302 0 +1.634070772e+03 +2.634070772e+03 +2.634070772e+03
3303 0 +1.341775946e+03 +2.341775946e+03 +2.341775946e+03
3404 0 +1.219065698e+03 +2.219065698e+03 +2.219065698e+03
3501 0 +1.095314817e+03 +2.095314817e+03 +2.095314817e+03
3704 0 +1.020400647e+03 +2.020400647e+03 +2.020400647e+03
3836 0 +9.701393273e+02 +1.970139327e+03 +1.970139327e+03
3848 0 +8.915147532e+02 +1.891514753e+03 +1.891514753e+03
4001 0 +5.622185230e+02 +1.562218523e+03 +1.562218523e+03
4102 0 +5.059211394e+02 +1.505921139e+03 +1.505921139e+03
4272 0 +4.928858693e+02 +1.492885869e+03 +1.492885869e+03
4302 0 +4.411675554e+02 +1.441167555e+03 +1.441167555e+03
4401 0 +2.982946210e+02 +1.298294621e+03 +1.298294621e+03
4586 0 +2.716387474e+02 +1.271638747e+03 +1.271638747e+03
4601 0 +2.111730792e+02 +1.211173079e+03 +1.211173079e+03
4701 0 +1.506091025e+02 +1.150609102e+03 +1.150609102e+03
4903 0 +1.270050873e+02 +1.127005087e+03 +1.127005087e+03
4904 0 +8.606189428e+01 +1.086061894e+03 +1.086061894e+03
5001 0 +2.414090250e+01 +1.024140903e+03 +1.024140903e+03
5201 0 +2.141545109e+01 +1.021415451e+03 +1.021415451e+03
5402 0 +1.964671559e+01 +1.019646716e+03 +1.019646716e+03
5690 0 +1.133656005e+01 +1.011336560e+03 +1.011336560e+03
5703 0 +1.103085801e+01 +1.011030858e+03 +1.011030858e+03
5801 0 +1.039876465e+01 +1.010398765e+03 +1.010398765e+03
5901 0 +9.475620774e+00 +1.009475621e+03 +1.009475621e+03
5908 0 +4.554619264e+00 +1.004554619e+03 +1.004554619e+03
6501 0 +4.341393048e+00 +1.004341393e+03 +1.004341393e+03
8301 0 +4.259087639e+00 +1.004259088e+03 +1.004259088e+03
8902 0 +4.109246983e+00 +1.004109247e+03 +1.004109247e+03
9701 0 +3.901680784e+00 +1.003901681e+03 +1.003901681e+03
11504 0 +3.833374624e+00 +1.003833375e+03 +1.003833375e+03
11535 0 +3.779142842e+00 +1.003779143e+03 +1.003779143e+03
11586 0 +3.561397402e+00 +1.003561397e+03 +1.003561397e+03
11734 0 +3.423491877e+00 +1.003423492e+03 +1.003423492e+03
11901 0 +3.336014865e+00 +1.003336015e+03 +1.003336015e+03
14601 0 +3.258285821e+00 +1.003258286e+03 +1.003258286e+03
22402 0 +3.233133965e+00 +1.003233134e+03 +1.003233134e+03
23301 0 +3.128229393e+00 +1.003128229e+03 +1.003128229e+03
% f evaluations | g evaluations | best noise-free fitness - Fopt (2.083800000000e+02) + sum g_i+ | measured fitness | best measured fitness or single-digit g-values | x1 | x2...
1 0 +2.783970181e+05 +2.786053981e+05 +2.786053981e+05
14 0 +2.436692312e+05 +2.438776112e+05 +2.438776112e+05
24 0 +2.375925983e+05 +2.378009783e+05 +2.378009783e+05
32 0 +1.028259917e+05 +1.030343717e+05 +1.030343717e+05
126 0 +2.656323032e+04 +2.677161032e+04 +2.677161032e+04
129 0 +2.446632151e+04 +2.467470151e+04 +2.467470151e+04
131 0 +2.390890640e+04 +2.411728640e+04 +2.411728640e+04
160 0 +2.340061139e+04 +2.360899139e+04 +2.360899139e+04
186 0 +2.242252262e+04 +2.263090262e+04 +2.263090262e+04
204 0 +2.199919536e+04 +2.220757536e+04 +2.220757536e+04
270 0 +2.155809655e+04 +2.176647655e+04 +2.176647655e+04
305 0 +2.082365433e+04 +2.103203433e+04 +2.103203433e+04
401 0 +2.009281112e+04 +2.030119112e+04 +2.030119112e+04
503 0 +1.874553550e+04 +1.895391550e+04 +1.895391550e+04
702 0 +1.749940802e+04 +1.770778802e+04 +1.770778802e+04
801 0 +1.689700168e+04 +1.710538168e+04 +1.710538168e+04
901 0 +1.577917373e+04 +1.598755373e+04 +1.598755373e+04
1133 0 +1.374458198e+04 +1.395296198e+04 +1.395296198e+04
1501 0 +1.300344058e+04 +1.321182058e+04 +1.321182058e+04
1504 0 +1.165241696e+04 +1.186079696e+04 +1.186079696e+04
1601 0 +1.109227387e+04 +1.130065387e+04 +1.130065387e+04
1732 0 +1.082522189e+04 +1.103360189e+04 +1.103360189e+04
1801 0 +8.954223154e+03 +9.162603154e+03 +9.162603154e+03
2001 0 +8.559072933e+03 +8.767452933e+03 +8.767452933e+03
2101 0 +6.896918388e+03 +7.105298388e+03 +7.105298388e+03
2301 0 +6.195071132e+03 +6.403451132e+03 +6.403451132e+03
2502 0 +6.026274715e+03 +6.234654715e+03 +6.234654715e+03
2704 0 +5.872433229e+03 +6.080813229e+03 +6.080813229e+03
2803 0 +5.657292771e+03 +5.865672771e+03 +5.865672771e+03
2804 0 +4.547747031e+03 +4.756127031e+03 +4.756127031e+03
3002 0 +4.099036508e+03 +4.307416508e+03 +4.307416508e+03
3132 0 +3.734702372e+03 +3.943082372e+03 +3.943082372e+03
3201 0 +2.669165805e+03 +2.877545805e+03 +2.877545805e+03
3301 0 +1.693085361e+03 +1.901465361e+03 +1.901465361e+03
3760 0 +1.458014607e+03 +1.666394607e+03 +1.666394607e+03
3909 0 +1.285105306e+03 +1.493485306e+03 +1.493485306e+03
4001 0 +7.996584216e+02 +1.008038422e+03 +1.008038422e+03
4402 0 +7.901458569e+02 +9.985258569e+02 +9.985258569e+02
4501 0 +6.481083762e+02 +8.564883762e+02 +8.564883762e+02
4689 0 +6.279054877e+02 +8.362854877e+02 +8.362854877e+02
4701 0 +5.861852322e+02 +7.945652322e+02 +7.945652322e+02
4702 0 +3.128471786e+02 +5.212271786e+02 +5.212271786e+02
5002 0 +3.026068913e+02 +5.109868913e+02 +5.109868913e+02
5301 0 +2.534803908e+02 +4.618603908e+02 +4.618603908e+02
5601 0 +8.861531646e+01 +2.969953165e+02 +2.969953165e+02
6005 0 +7.410922443e+01 +2.824892244e+02 +2.824892244e+02
6105 0 +2.771716448e+01 +2.360971645e+02 +2.360971645e+02
6202 0 +2.213433737e+01 +2.305143374e+02 +2.305143374e+02
6502 0 +7.467311734e+00 +2.158473117e+02 +2.158473117e+02
7301 0 +4.661523474e+00 +2.130415235e+02 +2.130415235e+02
7602 0 +4.239538226e+00 +2.126195382e+02 +2.126195382e+02
9411 0 +3.800183145e+00 +2.121801831e+02 +2.121801831e+02
9610 0 +3.545414975e+00 +2.119254150e+02 +2.119254150e+02
11301 0 +3.286983793e+00 +2.116669838e+02 +2.116669838e+02
% f evaluations | g evaluations | best noise-free fitness - Fopt (-1.449600000000e+02) + sum g_i+ | measured fitness | best measured fitness or single-digit g-values | x1 | x2...
1 0 +2.686495449e+05 +2.685045849e+05 +2.685045849e+05
3 0 +2.172749253e+05 +2.171299653e+05 +2.171299653e+05
4 0 +1.338471374e+05 +1.337021774e+05 +1.337021774e+05
42 0 +1.177083889e+05 +1.175634289e+05 +1.175634289e+05
126 0 +2.506697585e+04 +2.492201585e+04 +2.492201585e+04
127 0 +1.178823384e+04 +1.164327384e+04 +1.164327384e+04
147 0 +1.105715355e+04 +1.091219355e+04 +1.091219355e+04
175 0 +1.084343474e+04 +1.069847474e+04 +1.069847474e+04
202 0 +1.066827479e+04 +1.052331479e+04 +1.052331479e+04
287 0 +1.033746656e+04 +1.019250656e+04 +1.019250656e+04
301 0 +1.004317684e+04 +9.898216836e+03 +9.898216836e+03
326 0 +9.831685011e+03 +9.686725011e+03 +9.686725011e+03
401 0 +9.088391336e+03 +8.943431336e+03 +8.943431336e+03
501 0 +8.415955798e+03 +8.270995798e+03 +8.270995798e+03
601 0 +8.244093451e+03 +8.099133451e+03 +8.099133451e+03
701 0 +7.369154035e+03 +7.224194035e+03 +7.224194035e+03
702 0 +6.857755236e+03 +6.712795236e+03 +6.712795236e+03
804 0 +6.682910371e+03 +6.537950371e+03 +6.537950371e+03
1003 0 +6.046935353e+03 +5.901975353e+03 +5.901975353e+03
1155 0 +5.550702967e+03 +5.405742967e+03 +5.405742967e+03
1201 0 +5.134873124e+03 +4.989913124e+03 +4.989913124e+03
1403 0 +4.884682309e+03 +4.739722309e+03 +4.739722309e+03
1409 0 +4.022264270e+03 +3.877304270e+03 +3.877304270e+03
1501 0 +3.451272733e+03 +3.306312733e+03 +3.306312733e+03
1804 0 +3.129822524e+03 +2.984862524e+03 +2.984862524e+03
1901 0 +2.625535964e+03 +2.480575964e+03 +2.480575964e+03
2002 0 +2.477872082e+03 +2.332912082e+03 +2.332912082e+03
2201 0 +2.258445912e+03 +2.113485912e+03 +2.113485912e+03
2401 0 +2.227485044e+03 +2.082525044e+03 +2.082525044e+03
2541 0 +1.665535942e+03 +1.520575942e+03 +1.520575942e+03
2601 0 +1.178797753e+03 +1.033837753e+03 +1.033837753e+03
2801 0 +1.118572891e+03 +9.736128907e+02 +9.736128907e+02
3101 0 +1.067167236e+03 +9.222072359e+02 +9.222072359e+02
3102 0 +7.840541586e+02 +6.390941586e+02 +6.390941586e+02
3201 0 +6.573301630e+02 +5.123701630e+02 +5.123701630e+02
3501 0 +6.297367107e+02 +4.847767107e+02 +4.847767107e+02
3601 0 +4.481744365e+02 +3.032144365e+02 +3.032144365e+02
3894 0 +4.158299537e+02 +2.708699537e+02 +2.708699537e+02
3901 0 +3.382439744e+02 +1.932839744e+02 +1.932839744e+02
4201 0 +2.406952246e+02 +9.573522459e+01 +9.573522459e+01
4536 0 +2.138003380e+02 +6.884033796e+01 +6.884033796e+01
4703 0 +1.121663861e+02 -3.279361388e+01 -3.279361388e+01
4841 0 +7.730851559e+01 -6.765148441e+01 -6.765148441e+01
4902 0 +6.793835531e+01 -7.702164469e+01 -7.702164469e+01
5303 0 +3.534302079e+01 -1.096169792e+02 -1.096169792e+02
5593 0 +2.598009780e+01 -1.189799022e+02 -1.189799022e+02
5705 0 +2.542609794e+01 -1.195339021e+02 -1.195339021e+02
5902 0 +2.442205805e+01 -1.205379419e+02 -1.205379419e+02
5921 0 +1.954420594e+01 -1.254157941e+02 -1.254157941e+02
6170 0 +1.785297237e+01 -1.271070276e+02 -1.271070276e+02
6217 0 +7.231408107e+00 -1.377285919e+02 -1.377285919e+02
6762 0 +6.139688107e+00 -1.388203119e+02 -1.388203119e+02
6767 0 +5.214157934e+00 -1.397458421e+02 -1.397458421e+02
7101 0 +4.507318383e+00 -1.404526816e+02 -1.404526816e+02
8304 0 +4.272082221e+00 -1.406879178e+02 -1.406879178e+02
9708 0 +4.191798955e+00 -1.407682010e+02 -1.407682010e+02
10102 0 +3.920733234e+00 -1.410392668e+02 -1.410392668e+02
10503 0 +3.773521702e+00 -1.411864783e+02 -1.411864783e+02
10601 0 +3.703050070e+00 -1.412569499e+02 -1.412569499e+02
13556 0 +3.620680973e+00 -1.413393190e+02 -1.413393190e+02
14764 0 +3.543729595e+00 -1.414162704e+02 -1.414162704e+02
18302 0 +3.454633550e+00 -1.415053664e+02 -1.415053664e+02
18303 0 +3.205675932e+00 -1.417543241e+02 -1.417543241e+02
21211 0 +3.141674612e+00 -1.418183254e+02 -1.418183254e+02
30726 0 +3.079318358e+00 -1.418806816e+02 -1.418806816e+02
% f evaluations | g evaluations | best noise-free fitness - Fopt (-6.300000000000e+00) + sum g_i+ | measured fitness | best measured fitness or single-digit g-values | x1 | x2...
1 0 +2.642004009e+05 +2.641941009e+05 +2.641941009e+05
7 0 +2.045036938e+05 +2.044973938e+05 +2.044973938e+05
9 0 +1.962861321e+05 +1.962798321e+05 +1.962798321e+05
16 0 +1.795263082e+05 +1.795200082e+05 +1.795200082e+05
26 0 +1.708372426e+05 +1.708309426e+05 +1.708309426e+05
50 0 +1.665091319e+05 +1.665028319e+05 +1.665028319e+05
126 0 +2.035996717e+04 +2.035366717e+04 +2.035366717e+04
128 0 +1.614382237e+04 +1.613752237e+04 +1.613752237e+04
129 0 +1.460396445e+04 +1.459766445e+04 +1.459766445e+04
153 0 +1.426800963e+04 +1.426170963e+04 +1.426170963e+04
190 0 +1.403396100e+04 +1.402766100e+04 +1.402766100e+04
241 0 +1.316470457e+04 +1.315840457e+04 +1.315840457e+04
304 0 +1.238067508e+04 +1.237437508e+04 +1.237437508e+04
308 0 +1.128494603e+04 +1.127864603e+04 +1.127864603e+04
401 0 +9.306286197e+03 +9.299986197e+03 +9.299986197e+03
501 0 +8.927226821e+03 +8.920926821e+03 +8.920926821e+03
702 0 +7.785284419e+03 +7.778984419e+03 +7.778984419e+03
802 0 +7.730599042e+03 +7.724299042e+03 +7.724299042e+03
803 0 +7.536385327e+03 +7.530085327e+03 +7.530085327e+03
902 0 +7.362921893e+03 +7.356621893e+03 +7.356621893e+03
904 0 +6.720920576e+03 +6.714620576e+03 +6.714620576e+03
1001 0 +6.249202338e+03 +6.242902338e+03 +6.242902338e+03
1002 0 +4.802480197e+03 +4.796180197e+03 +4.796180197e+03
1101 0 +3.994897566e+03 +3.988597566e+03 +3.988597566e+03
1201 0 +3.626399325e+03 +3.620099325e+03 +3.620099325e+03
1302 0 +3.258995722e+03 +3.252695722e+03 +3.252695722e+03
1501 0 +2.545629447e+03 +2.539329447e+03 +2.539329447e+03
1802 0 +2.048110500e+03 +2.041810500e+03 +2.041810500e+03
2311 0 +1.883005794e+03 +1.876705794e+03 +1.876705794e+03
2508 0 +1.849502374e+03 +1.843202374e+03 +1.843202374e+03
2678 0 +1.678879509e+03 +1.672579509e+03 +1.672579509e+03
2704 0 +1.590427202e+03 +1.584127202e+03 +1.584127202e+03
2877 0 +1.346992402e+03 +1.340692402e+03 +1.340692402e+03
2901 0 +1.089497920e+03 +1.083197920e+03 +1.083197920e+03
3601 0 +8.512442022e+02 +8.449442022e+02 +8.449442022e+02
3709 0 +8.032233339e+02 +7.969233339e+02 +7.969233339e+02
3807 0 +7.729230525e+02 +7.666230525e+02 +7.666230525e+02
3828 0 +4.971939608e+02 +4.908939608e+02 +4.908939608e+02
4002 0 +4.705850370e+02 +4.642850370e+02 +4.642850370e+02
4201 0 +4.615091088e+02 +4.552091088e+02 +4.552091088e+02
4503 0 +4.359570269e+02 +4.296570269e+02 +4.296570269e+02
4601 0 +3.552814536e+02 +3.489814536e+02 +3.489814536e+02
4603 0 +3.125977498e+02 +3.062977498e+02 +3.062977498e+02
5410 0 +2.807722693e+02 +2.744722693e+02 +2.744722693e+02
6506 0 +2.019911654e+02 +1.956911654e+02 +1.956911654e+02
6701 0 +9.474072118e+01 +8.844072118e+01 +8.844072118e+01
7305 0 +7.143132515e+01 +6.513132515e+01 +6.513132515e+01
7312 0 +6.542733975e+00 +2.427339747e-01 +2.427339747e-01
8902 0 +5.535937897e+00 -7.640621026e-01 -7.640621026e-01
9115 0 +5.259525687e+00 -1.040474313e+00 -1.040474313e+00
9304 0 +4.593947027e+00 -1.706052973e+00 -1.706052973e+00
11207 0 +4.495753351e+00 -1.804246649e+00 -1.804246649e+00
11404 0 +4.289692349e+00 -2.010307651e+00 -2.010307651e+00
11501 0 +4.244622008e+00 -2.055377992e+00 -2.055377992e+00
11602 0 +4.119170988e+00 -2.180829012e+00 -2.180829012e+00
12503 0 +4.046279077e+00 -2.253720923e+00 -2.253720923e+00
13102 0 +3.762635680e+00 -2.537364320e+00 -2.537364320e+00
13770 0 +3.650047767e+00 -2.649952233e+00 -2.649952233e+00
17002 0 +3.540062287e+00 -2.759937713e+00 -2.759937713e+00
17805 0 +3.409227358e+00 -2.890772642e+00 -2.890772642e+00
20804 0 +3.077728276e+00 -3.222271724e+00 -3.222271724e+00
22364 0 +3.001847364e+00 -3.298152636e+00 -3.298152636e+00
32501 0 +2.947771249e+00 -3.352228751e+00 -3.352228751e+00
% f evaluations | g evaluations | best noise-free fitness - Fopt (9.479000000000e+01) + sum g_i+ | measured fitness | best measured fitness or single-digit g-values | x1 | x2...
1 0 +5.260789359e+05 +5.261737259e+05 +5.261737259e+05
4 0 +2.486509548e+05 +2.487457448e+05 +2.487457448e+05
20 0 +2.288556943e+05 +2.289504843e+05 +2.289504843e+05
58 0 +1.765372220e+05 +1.766320120e+05 +1.766320120e+05
61 0 +1.402680560e+05 +1.403628460e+05 +1.403628460e+05
126 0 +3.156959478e+04 +3.166438478e+04 +3.166438478e+04
127 0 +2.462880835e+04 +2.472359835e+04 +2.472359835e+04
141 0 +2.410370024e+04 +2.419849024e+04 +2.419849024e+04
191 0 +2.384813796e+04 +2.394292796e+04 +2.394292796e+04
211 0 +2.278925400e+04 +2.288404400e+04 +2.288404400e+04
301 0 +2.187748623e+04 +2.197227623e+04 +2.197227623e+04
392 0 +1.951175824e+04 +1.960654824e+04 +1.960654824e+04
401 0 +1.791716906e+04 +1.801195906e+04 +1.801195906e+04
501 0 +1.710165980e+04 +1.719644980e+04 +1.719644980e+04
603 0 +1.596923476e+04 +1.606402476e+04 +1.606402476e+04
703 0 +1.574738476e+04 +1.584217476e+04 +1.584217476e+04
901 0 +1.439539312e+04 +1.449018312e+04 +1.449018312e+04
902 0 +1.348889943e+04 +1.358368943e+04 +1.358368943e+04
1001 0 +1.101366009e+04 +1.110845009e+04 +1.110845009e+04
1202 0 +1.066105109e+04 +1.075584109e+04 +1.075584109e+04
1301 0 +9.291572183e+03 +9.386362183e+03 +9.386362183e+03
1611 0 +9.026573631e+03 +9.121363631e+03 +9.121363631e+03
1625 0 +8.549897886e+03 +8.644687886e+03 +8.644687886e+03
1644 0 +8.228054627e+03 +8.322844627e+03 +8.322844627e+03
1801 0 +7.366186268e+03 +7.460976268e+03 +7.460976268e+03
1802 0 +6.394320590e+03 +6.489110590e+03 +6.489110590e+03
1901 0 +5.889932010e+03 +5.984722010e+03 +5.984722010e+03
1903 0 +5.428722310e+03 +5.523512310e+03 +5.523512310e+03
2001 0 +4.115385853e+03 +4.210175853e+03 +4.210175853e+03
2101 0 +3.451296084e+03 +3.546086084e+03 +3.546086084e+03
2201 0 +3.201379160e+03 +3.296169160e+03 +3.296169160e+03
2401 0 +2.396015925e+03 +2.490805925e+03 +2.490805925e+03
2501 0 +2.128847239e+03 +2.223637239e+03 +2.223637239e+03
2702 0 +1.541581306e+03 +1.636371306e+03 +1.636371306e+03
3536 0 +1.496333400e+03 +1.591123400e+03 +1.591123400e+03
3602 0 +1.430859769e+03 +1.525649769e+03 +1.525649769e+03
3605 0 +1.298782877e+03 +1.393572877e+03 +1.393572877e+03
3705 0 +7.883833007e+02 +8.831733007e+02 +8.831733007e+02
3801 0 +6.825618243e+02 +7.773518243e+02 +7.773518243e+02
3902 0 +6.546251445e+02 +7.494151445e+02 +7.494151445e+02
3903 0 +5.779435626e+02 +6.727335626e+02 +6.727335626e+02
4302 0 +5.334960797e+02 +6.282860797e+02 +6.282860797e+02
4401 0 +5.243913922e+02 +6.191813922e+02 +6.191813922e+02
4550 0 +3.201080478e+02 +4.148980478e+02 +4.148980478e+02
5003 0 +3.116798242e+02 +4.064698242e+02 +4.064698242e+02
5236 0 +2.750246361e+02 +3.698146361e+02 +3.698146361e+02
5246 0 +2.526122817e+02 +3.474022817e+02 +3.474022817e+02
5256 0 +2.148785435e+02 +3.096685435e+02 +3.096685435e+02
5264 0 +2.016515490e+02 +2.964415490e+02 +2.964415490e+02
5301 0 +1.732579444e+02 +2.680479444e+02 +2.680479444e+02
5404 0 +1.240663031e+02 +2.188563031e+02 +2.188563031e+02
5501 0 +9.284076537e+01 +1.876307654e+02 +1.876307654e+02
5689 0 +5.972648294e+01 +1.545164829e+02 +1.545164829e+02
5737 0 +4.039293859e+01 +1.351829386e+02 +1.351829386e+02
6401 0 +1.922404163e+01 +1.140140416e+02 +1.140140416e+02
6501 0 +9.083091606e+00 +1.038730916e+02 +1.038730916e+02
6900 0 +4.964101974e+00 +9.975410197e+01 +9.975410197e+01
7001 0 +4.874149212e+00 +9.966414921e+01 +9.966414921e+01
8502 0 +4.734547942e+00 +9.952454794e+01 +9.952454794e+01
9301 0 +4.342400637e+00 +9.913240064e+01 +9.913240064e+01
11011 0 +4.253881973e+00 +9.904388197e+01 +9.904388197e+01
11301 0 +3.587296212e+00 +9.837729621e+01 +9.837729621e+01
13983 0 +3.523794715e+00 +9.831379471e+01 +9.831379471e+01
16019 0 +3.347755706e+00 +9.813775571e+01 +9.813775571e+01
% f evaluations | g evaluations | best noise-free fitness - Fopt (2.636400000000e+02) + sum g_i+ | measured fitness | best measured fitness or single-digit g-values | x1 | x2...
1 0 +2.971457926e+05 +2.974094326e+05 +2.974094326e+05
2 0 +2.398411075e+05 +2.401047475e+05 +2.401047475e+05
20 0 +2.106056507e+05 +2.108692907e+05 +2.108692907e+05
39 0 +2.053820731e+05 +2.056457131e+05 +2.056457131e+05
51 0 +1.958824216e+05 +1.961460616e+05 +1.961460616e+05
57 0 +1.870584205e+05 +1.873220605e+05 +1.873220605e+05
60 0 +1.398065843e+05 +1.400702243e+05 +1.400702243e+05
86 0 +1.041992521e+05 +1.044628921e+05 +1.044628921e+05
126 0 +2.498003177e+04 +2.524367177e+04 +2.524367177e+04
210 0 +2.373786063e+04 +2.400150063e+04 +2.400150063e+04
265 0 +2.287878056e+04 +2.314242056e+04 +2.314242056e+04
301 0 +2.115544492e+04 +2.141908492e+04 +2.141908492e+04
308 0 +2.064395889e+04 +2.090759889e+04 +2.090759889e+04
407 0 +2.026092699e+04 +2.052456699e+04 +2.052456699e+04
452 0 +1.926885720e+04 +1.953249720e+04 +1.953249720e+04
501 0 +1.819064469e+04 +1.845428469e+04 +1.845428469e+04
601 0 +1.615928597e+04 +1.642292597e+04 +1.642292597e+04
702 0 +1.310639104e+04 +1.337003104e+04 +1.337003104e+04
901 0 +1.151470251e+04 +1.177834251e+04 +1.177834251e+04
1001 0 +1.057257069e+04 +1.083621069e+04 +1.083621069e+04
1101 0 +9.043171554e+03 +9.306811554e+03 +9.306811554e+03
1301 0 +8.032165672e+03 +8.295805672e+03 +8.295805672e+03
1401 0 +7.346786280e+03 +7.610426280e+03 +7.610426280e+03
1601 0 +6.689228136e+03 +6.952868136e+03 +6.952868136e+03
1703 0 +6.595283955e+03 +6.858923955e+03 +6.858923955e+03
2001 0 +5.363343910e+03 +5.626983910e+03 +5.626983910e+03
2006 0 +4.718854144e+03 +4.982494144e+03 +4.982494144e+03
2102 0 +4.330659869e+03 +4.594299869e+03 +4.594299869e+03
2201 0 +4.220835055e+03 +4.484475055e+03 +4.484475055e+03
2203 0 +4.127275515e+03 +4.390915515e+03 +4.390915515e+03
2402 0 +2.922351935e+03 +3.185991935e+03 +3.185991935e+03
2501 0 +2.637272850e+03 +2.900912850e+03 +2.900912850e+03
2701 0 +2.056683425e+03 +2.320323425e+03 +2.320323425e+03
2904 0 +1.676541632e+03 +1.940181632e+03 +1.940181632e+03
3314 0 +1.250515511e+03 +1.514155511e+03 +1.514155511e+03
3401 0 +1.229647991e+03 +1.493287991e+03 +1.493287991e+03
3801 0 +1.038984016e+03 +1.302624016e+03 +1.302624016e+03
4404 0 +8.756877232e+02 +1.139327723e+03 +1.139327723e+03
4501 0 +6.512094862e+02 +9.148494862e+02 +9.148494862e+02
4701 0 +4.547589824e+02 +7.183989824e+02 +7.183989824e+02
5101 0 +4.348441516e+02 +6.984841516e+02 +6.984841516e+02
5273 0 +3.671053052e+02 +6.307453052e+02 +6.307453052e+02
5401 0 +3.251961413e+02 +5.888361413e+02 +5.888361413e+02
5541 0 +2.117259425e+02 +4.753659425e+02 +4.753659425e+02
5610 0 +2.021975571e+02 +4.658375571e+02 +4.658375571e+02
5701 0 +1.577730392e+02 +4.214130392e+02 +4.214130392e+02
5830 0 +1.244841444e+02 +3.881241444e+02 +3.881241444e+02
5939 0 +1.118314470e+02 +3.754714470e+02 +3.754714470e+02
5974 0 +9.869158657e+01 +3.623315866e+02 +3.623315866e+02
6082 0 +9.368643503e+01 +3.573264350e+02 +3.573264350e+02
6101 0 +6.760214640e+01 +3.312421464e+02 +3.312421464e+02
6241 0 +6.215282081e+01 +3.257928208e+02 +3.257928208e+02
6301 0 +3.745136262e+01 +3.010913626e+02 +3.010913626e+02
6854 0 +2.768605638e+01 +2.913260564e+02 +2.913260564e+02
7049 0 +2.404146097e+01 +2.876814610e+02 +2.876814610e+02
7102 0 +2.170274201e+01 +2.853427420e+02 +2.853427420e+02
7248 0 +4.932790410e+00 +2.685727904e+02 +2.685727904e+02
7501 0 +4.744420717e+00 +2.683844207e+02 +2.683844207e+02
7523 0 +4.511196040e+00 +2.681511960e+02 +2.681511960e+02
7602 0 +4.192145261e+00 +2.678321453e+02 +2.678321453e+02
7705 0 +3.993887107e+00 +2.676338871e+02 +2.676338871e+02
7801 0 +3.911593585e+00 +2.675515936e+02 +2.675515936e+02
8219 0 +3.857658144e+00 +2.674976581e+02 +2.674976581e+02
9030 0 +3.761245442e+00 +2.674012454e+02 +2.674012454e+02
9049 0 +3.592971166e+00 +2.672329712e+02 +2.672329712e+02
12815 0 +3.449545107e+00 +2.670895451e+02 +2.670895451e+02
16365 0 +3.269823407e+00 +2.669098234e+02 +2.669098234e+02
19722 0 +2.884154744e+00 +2.665241547e+02 +2.665241547e+02
% f evaluations | g evaluations | best noise-free fitness - Fopt (-7.366000000000e+01) + sum g_i+ | measured fitness | best measured fitness or single-digit g-values | x1 | x2...
1 0 +5.419881537e+05 +5.419144937e+05 +5.419144937e+05
2 0 +4.792155481e+05 +4.791418881e+05 +4.791418881e+05
3 0 +4.076964447e+05 +4.076227847e+05 +4.076227847e+05
6 0 +3.172564669e+05 +3.171828069e+05 +3.171828069e+05
8 0 +1.853160689e+05 +1.852424089e+05 +1.852424089e+05
41 0 +1.417940806e+05 +1.417204206e+05 +1.417204206e+05
126 0 +2.392335236e+04 +2.384969236e+04 +2.384969236e+04
127 0 +1.878647637e+04 +1.871281637e+04 +1.871281637e+04
130 0 +1.711334973e+04 +1.703968973e+04 +1.703968973e+04
132 0 +1.638329336e+04 +1.630963336e+04 +1.630963336e+04
144 0 +1.611528434e+04 +1.604162434e+04 +1.604162434e+04
149 0 +1.495125971e+04 +1.487759971e+04 +1.487759971e+04
201 0 +1.439096787e+04 +1.431730787e+04 +1.431730787e+04
303 0 +1.359393132e+04 +1.352027132e+04 +1.352027132e+04
369 0 +1.307009825e+04 +1.299643825e+04 +1.299643825e+04
401 0 +1.185099451e+04 +1.177733451e+04 +1.177733451e+04
501 0 +1.083930656e+04 +1.076564656e+04 +1.076564656e+04
503 0 +1.053260999e+04 +1.045894999e+04 +1.045894999e+04
601 0 +9.312834070e+03 +9.239174070e+03 +9.239174070e+03
701 0 +8.694360103e+03 +8.620700103e+03 +8.620700103e+03
1001 0 +7.691568926e+03 +7.617908926e+03 +7.617908926e+03
1101 0 +6.611628938e+03 +6.537968938e+03 +6.537968938e+03
1201 0 +6.065193369e+03 +5.991533369e+03 +5.991533369e+03
1401 0 +5.384647825e+03 +5.310987825e+03 +5.310987825e+03
1602 0 +4.860402534e+03 +4.786742534e+03 +4.786742534e+03
1744 0 +4.737230689e+03 +4.663570689e+03 +4.663570689e+03
2101 0 +4.469923207e+03 +4.396263207e+03 +4.396263207e+03
2102 0 +3.933183583e+03 +3.859523583e+03 +3.859523583e+03
2444 0 +3.832423734e+03 +3.758763734e+03 +3.758763734e+03
2701 0 +3.690781010e+03 +3.617121010e+03 +3.617121010e+03
2802 0 +3.529877512e+03 +3.456217512e+03 +3.456217512e+03
2804 0 +3.179160280e+03 +3.105500280e+03 +3.105500280e+03
3048 0 +3.073051059e+03 +2.999391059e+03 +2.999391059e+03
3101 0 +2.099479874e+03 +2.025819874e+03 +2.025819874e+03
3201 0 +1.863653602e+03 +1.789993602e+03 +1.789993602e+03
3357 0 +1.794434488e+03 +1.720774488e+03 +1.720774488e+03
3804 0 +1.507585809e+03 +1.433925809e+03 +1.433925809e+03
3805 0 +1.461328083e+03 +1.387668083e+03 +1.387668083e+03
4107 0 +1.271081875e+03 +1.197421875e+03 +1.197421875e+03
4129 0 +1.179798404e+03 +1.106138404e+03 +1.106138404e+03
4406 0 +1.174206190e+03 +1.100546190e+03 +1.100546190e+03
4542 0 +1.063829545e+03 +9.901695452e+02 +9.901695452e+02
4804 0 +9.964662210e+02 +9.228062210e+02 +9.228062210e+02
4904 0 +9.693419833e+02 +8.956819833e+02 +8.956819833e+02
5001 0 +7.917246115e+02 +7.180646115e+02 +7.180646115e+02
5307 0 +6.949728949e+02 +6.213128949e+02 +6.213128949e+02
5401 0 +6.573341923e+02 +5.836741923e+02 +5.836741923e+02
5667 0 +6.209670187e+02 +5.473070187e+02 +5.473070187e+02
5886 0 +3.454266076e+02 +2.717666076e+02 +2.717666076e+02
6899 0 +3.382576305e+02 +2.645976305e+02 +2.645976305e+02
7001 0 +2.685547620e+02 +1.948947620e+02 +1.948947620e+02
7101 0 +1.784769226e+02 +1.048169226e+02 +1.048169226e+02
7783 0 +1.114995478e+02 +3.783954782e+01 +3.783954782e+01
7901 0 +1.034784999e+02 +2.981849995e+01 +2.981849995e+01
8191 0 +6.904504436e+01 -4.614955643e+00 -4.614955643e+00
8702 0 +4.953673706e+01 -2.412326294e+01 -2.412326294e+01
9203 0 +4.085504795e+01 -3.280495205e+01 -3.280495205e+01
10320 0 +2.409920557e+01 -4.956079443e+01 -4.956079443e+01
10406 0 +1.364410190e+01 -6.001589810e+01 -6.001589810e+01
12101 0 +9.263320953e+00 -6.439667905e+01 -6.439667905e+01
12201 0 +5.386458174e+00 -6.827354183e+01 -6.827354183e+01
12401 0 +4.867140349e+00 -6.879285965e+01 -6.879285965e+01
12801 0 +4.578112294e+00 -6.908188771e+01 -6.908188771e+01
12901 0 +4.429004562e+00 -6.923099544e+01 -6.923099544e+01
13801 0 +4.224106077e+00 -6.943589392e+01 -6.943589392e+01
14120 0 +4.018129494e+00 -6.964187051e+01 -6.964187051e+01
15503 0 +3.718710028e+00 -6.994128997e+01 -6.994128997e+01
16301 0 +3.690645673e+00 -6.996935433e+01 -6.996935433e+01
16558 0 +3.560747475e+00 -7.009925252e+01 -7.009925252e+01
18444 0 +3.488362119e+00 -7.017163788e+01 -7.017163788e+01
19705 0 +3.325359328e+00 -7.033464067e+01 -7.033464067e+01
30232 0 +3.272887106e+00 -7.038711289e+01 -7.038711289e+01
% f evaluations | g evaluations | best noise-free fitness - Fopt (-6.786600000000e+02) + sum g_i+ | measured fitness | best measured fitness or single-digit g-values | x1 | x2...
1 0 +5.890655678e+05 +5.883869078e+05 +5.883869078e+05
2 0 +4.627066773e+05 +4.620280173e+05 +4.620280173e+05
3 0 +4.512886159e+05 +4.506099559e+05 +4.506099559e+05
5 0 +4.280580531e+05 +4.273793931e+05 +4.273793931e+05
7 0 +2.458118609e+05 +2.451332009e+05 +2.451332009e+05
8 0 +2.409922187e+05 +2.403135587e+05 +2.403135587e+05
38 0 +2.316553220e+05 +2.309766620e+05 +2.309766620e+05
44 0 +9.086622174e+04 +9.018756174e+04 +9.018756174e+04
126 0 +2.641455575e+04 +2.573589575e+04 +2.573589575e+04
129 0 +2.078873866e+04 +2.011007866e+04 +2.011007866e+04
130 0 +1.861046786e+04 +1.793180786e+04 +1.793180786e+04
135 0 +1.796196593e+04 +1.728330593e+04 +1.728330593e+04
170 0 +1.709933839e+04 +1.642067839e+04 +1.642067839e+04
250 0 +1.653471108e+04 +1.585605108e+04 +1.585605108e+04
305 0 +1.560883705e+04 +1.493017705e+04 +1.493017705e+04
407 0 +1.435923162e+04 +1.368057162e+04 +1.368057162e+04
501 0 +1.356652189e+04 +1.288786189e+04 +1.288786189e+04
566 0 +1.321419794e+04 +1.253553794e+04 +1.253553794e+04
601 0 +1.096938157e+04 +1.029072157e+04 +1.029072157e+04
701 0 +6.921373422e+03 +6.242713422e+03 +6.242713422e+03
801 0 +6.403324955e+03 +5.724664955e+03 +5.724664955e+03
1103 0 +5.962824808e+03 +5.284164808e+03 +5.284164808e+03
1192 0 +5.886337979e+03 +5.207677979e+03 +5.207677979e+03
1201 0 +5.096819019e+03 +4.418159019e+03 +4.418159019e+03
1401 0 +4.369617395e+03 +3.690957395e+03 +3.690957395e+03
1603 0 +4.306582161e+03 +3.627922161e+03 +3.627922161e+03
1703 0 +4.198088364e+03 +3.519428364e+03 +3.519428364e+03
1810 0 +3.914160433e+03 +3.235500433e+03 +3.235500433e+03
1901 0 +3.374048820e+03 +2.695388820e+03 +2.695388820e+03
2103 0 +2.549184649e+03 +1.870524649e+03 +1.870524649e+03
2201 0 +2.044447621e+03 +1.365787621e+03 +1.365787621e+03
2401 0 +1.811350219e+03 +1.132690219e+03 +1.132690219e+03
2501 0 +1.285592766e+03 +6.069327661e+02 +6.069327661e+02
2896 0 +1.179866359e+03 +5.012063594e+02 +5.012063594e+02
3007 0 +1.164745462e+03 +4.860854616e+02 +4.860854616e+02
3102 0 +9.888792776e+02 +3.102192776e+02 +3.102192776e+02
3203 0 +9.163055461e+02 +2.376455461e+02 +2.376455461e+02
3402 0 +7.118621712e+02 +3.320217118e+01 +3.320217118e+01
3605 0 +6.918402026e+02 +1.318020260e+01 +1.318020260e+01
3688 0 +6.720456773e+02 -6.614322650e+00 -6.614322650e+00
3702 0 +5.703092646e+02 -1.083507354e+02 -1.083507354e+02
3756 0 +5.395931072e+02 -1.390668928e+02 -1.390668928e+02
3902 0 +4.083013467e+02 -2.703586533e+02 -2.703586533e+02
4001 0 +3.054435270e+02 -3.732164730e+02 -3.732164730e+02
4301 0 +2.259520956e+02 -4.527079044e+02 -4.527079044e+02
4569 0 +2.087788920e+02 -4.698811080e+02 -4.698811080e+02
4684 0 +1.531621989e+02 -5.254978011e+02 -5.254978011e+02
5078 0 +1.314394022e+02 -5.472205978e+02 -5.472205978e+02
5102 0 +1.284087715e+02 -5.502512285e+02 -5.502512285e+02
5228 0 +7.117629609e+01 -6.074837039e+02 -6.074837039e+02
5401 0 +6.178766838e+01 -6.168723316e+02 -6.168723316e+02
5609 0 +2.241536744e+01 -6.562446326e+02 -6.562446326e+02
6701 0 +1.625074036e+01 -6.624092596e+02 -6.624092596e+02
6894 0 +9.321165724e+00 -6.693388343e+02 -6.693388343e+02
6901 0 +6.035864692e+00 -6.726241353e+02 -6.726241353e+02
7051 0 +5.892730006e+00 -6.727672700e+02 -6.727672700e+02
7104 0 +5.110877732e+00 -6.735491223e+02 -6.735491223e+02
7304 0 +4.489773621e+00 -6.741702264e+02 -6.741702264e+02
7412 0 +4.415625280e+00 -6.742443747e+02 -6.742443747e+02
9133 0 +4.361629453e+00 -6.742983705e+02 -6.742983705e+02
9903 0 +4.104591205e+00 -6.745554088e+02 -6.745554088e+02
10221 0 +3.746955714e+00 -6.749130443e+02 -6.749130443e+02
12310 0 +3.690566141e+00 -6.749694339e+02 -6.749694339e+02
13108 0 +3.502511164e+00 -6.751574888e+02 -6.751574888e+02
20466 0 +3.390373857e+00 -6.752696261e+02 -6.752696261e+02
24313 0 +3.236287663e+00 -6.754237123e+02 -6.754237123e+02
26623 0 +3.131121317e+00 -6.755288787e+02 -6.755288787e+02
% f evaluations | g evaluations | best noise-free fitness - Fopt (-1.195300000000e+02) + sum g_i+ | measured fitness | best measured fitness or single-digit g-values | x1 | x2...
1 0 +2.586818742e+05 +2.585623442e+05 +2.585623442e+05
6 0 +1.388923834e+05 +1.387728534e+05 +1.387728534e+05
126 0 +3.851278810e+04 +3.839325810e+04 +3.839325810e+04
127 0 +3.699467099e+04 +3.687514099e+04 +3.687514099e+04
128 0 +2.852512888e+04 +2.840559888e+04 +2.840559888e+04
133 0 +2.726335714e+04 +2.714382714e+04 +2.714382714e+04
141 0 +2.588745915e+04 +2.576792915e+04 +2.576792915e+04
149 0 +2.570039724e+04 +2.558086724e+04 +2.558086724e+04
164 0 +2.487757745e+04 +2.475804745e+04 +2.475804745e+04
202 0 +2.369171711e+04 +2.357218711e+04 +2.357218711e+04
301 0 +2.037283838e+04 +2.025330838e+04 +2.025330838e+04
501 0 +1.756722221e+04 +1.744769221e+04 +1.744769221e+04
601 0 +1.609681457e+04 +1.597728457e+04 +1.597728457e+04
801 0 +1.553466495e+04 +1.541513495e+04 +1.541513495e+04
1002 0 +1.306825527e+04 +1.294872527e+04 +1.294872527e+04
1163 0 +1.236446550e+04 +1.224493550e+04 +1.224493550e+04
1303 0 +1.091065676e+04 +1.079112676e+04 +1.079112676e+04
1504 0 +9.758308320e+03 +9.638778320e+03 +9.638778320e+03
1704 0 +9.351148650e+03 +9.231618650e+03 +9.231618650e+03
1809 0 +9.010669221e+03 +8.891139221e+03 +8.891139221e+03
1901 0 +8.428791008e+03 +8.309261008e+03 +8.309261008e+03
1902 0 +8.290604205e+03 +8.171074205e+03 +8.171074205e+03
2001 0 +7.178824081e+03 +7.059294081e+03 +7.059294081e+03
2102 0 +6.632221914e+03 +6.512691914e+03 +6.512691914e+03
2202 0 +6.518042637e+03 +6.398512637e+03 +6.398512637e+03
2388 0 +5.638507296e+03 +5.518977296e+03 +5.518977296e+03
2401 0 +5.231712968e+03 +5.112182968e+03 +5.112182968e+03
2502 0 +4.918521636e+03 +4.798991636e+03 +4.798991636e+03
2601 0 +4.607863877e+03 +4.488333877e+03 +4.488333877e+03
2701 0 +4.051731325e+03 +3.932201325e+03 +3.932201325e+03
2805 0 +3.934700318e+03 +3.815170318e+03 +3.815170318e+03
3005 0 +3.446018401e+03 +3.326488401e+03 +3.326488401e+03
3102 0 +2.864243561e+03 +2.744713561e+03 +2.744713561e+03
3157 0 +2.545479835e+03 +2.425949835e+03 +2.425949835e+03
3302 0 +1.858948961e+03 +1.739418961e+03 +1.739418961e+03
3501 0 +1.350901894e+03 +1.231371894e+03 +1.231371894e+03
3701 0 +1.121035041e+03 +1.001505041e+03 +1.001505041e+03
3901 0 +9.619841282e+02 +8.424541282e+02 +8.424541282e+02
4001 0 +6.689944533e+02 +5.494644533e+02 +5.494644533e+02
4402 0 +4.519179482e+02 +3.323879482e+02 +3.323879482e+02
4933 0 +3.433581300e+02 +2.238281300e+02 +2.238281300e+02
5302 0 +2.077136154e+02 +8.818361535e+01 +8.818361535e+01
5503 0 +1.702513946e+02 +5.072139461e+01 +5.072139461e+01
5604 0 +1.406551343e+02 +2.112513435e+01 +2.112513435e+01
5649 0 +9.507448225e+01 -2.445551775e+01 -2.445551775e+01
5827 0 +5.419098918e+01 -6.533901082e+01 -6.533901082e+01
6105 0 +4.754338095e+01 -7.198661905e+01 -7.198661905e+01
6190 0 +3.787289783e+01 -8.165710217e+01 -8.165710217e+01
6279 0 +2.824530869e+01 -9.128469131e+01 -9.128469131e+01
6301 0 +2.407448114e+01 -9.545551886e+01 -9.545551886e+01
6401 0 +1.790794056e+01 -1.016220594e+02 -1.016220594e+02
6701 0 +6.537848117e+00 -1.129921519e+02 -1.129921519e+02
7118 0 +5.888350495e+00 -1.136416495e+02 -1.136416495e+02
7417 0 +4.251843950e+00 -1.152781560e+02 -1.152781560e+02
8201 0 +4.148791056e+00 -1.153812089e+02 -1.153812089e+02
8302 0 +3.954669437e+00 -1.155753306e+02 -1.155753306e+02
9801 0 +3.817547860e+00 -1.157124521e+02 -1.157124521e+02
9815 0 +3.755475356e+00 -1.157745246e+02 -1.157745246e+02
9879 0 +3.681887017e+00 -1.158481130e+02 -1.158481130e+02
9901 0 +3.434352870e+00 -1.160956471e+02 -1.160956471e+02
26873 0 +3.347228319e+00 -1.161827717e+02 -1.161827717e+02
27015 0 +3.294449469e+00 -1.162355505e+02 -1.162355505e+02
% f evaluations | g evaluations | best noise-free fitness - Fopt (-1.493100000000e+02) + sum g_i+ | measured fitness | best measured fitness or single-digit g-values | x1 | x2...
1 0 +4.305833958e+05 +4.304340858e+05 +4.304340858e+05
3 0 +3.579879768e+05 +3.578386668e+05 +3.578386668e+05
4 0 +2.093000199e+05 +2.091507099e+05 +2.091507099e+05
20 0 +2.015918791e+05 +2.014425691e+05 +2.014425691e+05
96 0 +1.290779156e+05 +1.289286056e+05 +1.289286056e+05
126 0 +3.509901556e+04 +3.494970556e+04 +3.494970556e+04
127 0 +2.652882342e+04 +2.637951342e+04 +2.637951342e+04
129 0 +2.507502063e+04 +2.492571063e+04 +2.492571063e+04
150 0 +2.453325270e+04 +2.438394270e+04 +2.438394270e+04
152 0 +2.382417536e+04 +2.367486536e+04 +2.367486536e+04
170 0 +2.329387340e+04 +2.314456340e+04 +2.314456340e+04
229 0 +2.203480010e+04 +2.188549010e+04 +2.188549010e+04
301 0 +2.137920647e+04 +2.122989647e+04 +2.122989647e+04
401 0 +2.029183704e+04 +2.014252704e+04 +2.014252704e+04
405 0 +1.985106708e+04 +1.970175708e+04 +1.970175708e+04
501 0 +1.888318678e+04 +1.873387678e+04 +1.873387678e+04
504 0 +1.711231439e+04 +1.696300439e+04 +1.696300439e+04
601 0 +1.590135002e+04 +1.575204002e+04 +1.575204002e+04
701 0 +1.529971988e+04 +1.515040988e+04 +1.515040988e+04
802 0 +1.399869610e+04 +1.384938610e+04 +1.384938610e+04
902 0 +1.289729353e+04 +1.274798353e+04 +1.274798353e+04
1001 0 +1.248821223e+04 +1.233890223e+04 +1.233890223e+04
1102 0 +1.169694183e+04 +1.154763183e+04 +1.154763183e+04
1304 0 +1.122316678e+04 +1.107385678e+04 +1.107385678e+04
1315 0 +1.075408486e+04 +1.060477486e+04 +1.060477486e+04
1401 0 +1.040391339e+04 +1.025460339e+04 +1.025460339e+04
1403 0 +1.000511458e+04 +9.855804584e+03 +9.855804584e+03
1501 0 +9.350165520e+03 +9.200855520e+03 +9.200855520e+03
1645 0 +8.814824399e+03 +8.665514399e+03 +8.665514399e+03
1801 0 +8.253329276e+03 +8.104019276e+03 +8.104019276e+03
1802 0 +7.917370260e+03 +7.768060260e+03 +7.768060260e+03
1903 0 +7.762191396e+03 +7.612881396e+03 +7.612881396e+03
1904 0 +7.340198241e+03 +7.190888241e+03 +7.190888241e+03
1906 0 +7.187037559e+03 +7.037727559e+03 +7.037727559e+03
2001 0 +6.174555536e+03 +6.025245536e+03 +6.025245536e+03
2363 0 +5.523374347e+03 +5.374064347e+03 +5.374064347e+03
2401 0 +5.010576138e+03 +4.861266138e+03 +4.861266138e+03
2601 0 +4.838892885e+03 +4.689582885e+03 +4.689582885e+03
2701 0 +4.331499792e+03 +4.182189792e+03 +4.182189792e+03
2702 0 +4.174768441e+03 +4.025458441e+03 +4.025458441e+03
3001 0 +3.001913085e+03 +2.852603085e+03 +2.852603085e+03
3101 0 +2.797063864e+03 +2.647753864e+03 +2.647753864e+03
3301 0 +2.604486275e+03 +2.455176275e+03 +2.455176275e+03
3501 0 +2.318071116e+03 +2.168761116e+03 +2.168761116e+03
3901 0 +1.672998278e+03 +1.523688278e+03 +1.523688278e+03
4001 0 +1.075641424e+03 +9.263314240e+02 +9.263314240e+02
4101 0 +7.395181793e+02 +5.902081793e+02 +5.902081793e+02
4401 0 +5.021062529e+02 +3.527962529e+02 +3.527962529e+02
4603 0 +4.553846057e+02 +3.060746057e+02 +3.060746057e+02
4701 0 +4.073002494e+02 +2.579902494e+02 +2.579902494e+02
4877 0 +3.268527002e+02 +1.775427002e+02 +1.775427002e+02
5102 0 +2.376385450e+02 +8.832854504e+01 +8.832854504e+01
5231 0 +1.909733163e+02 +4.166331630e+01 +4.166331630e+01
5402 0 +1.731877989e+02 +2.387779892e+01 +2.387779892e+01
5501 0 +1.332807819e+02 -1.602921809e+01 -1.602921809e+01
5601 0 +7.300594346e+01 -7.630405654e+01 -7.630405654e+01
6001 0 +4.214090593e+01 -1.071690941e+02 -1.071690941e+02
6101 0 +1.892882304e+01 -1.303811770e+02 -1.303811770e+02
6301 0 +9.844294349e+00 -1.394657057e+02 -1.394657057e+02
6514 0 +4.897697901e+00 -1.444123021e+02 -1.444123021e+02
6801 0 +4.574637816e+00 -1.447353622e+02 -1.447353622e+02
7021 0 +4.311633769e+00 -1.449983662e+02 -1.449983662e+02
8205 0 +3.707022201e+00 -1.456029778e+02 -1.456029778e+02
11341 0 +3.541822240e+00 -1.457681778e+02 -1.457681778e+02
11841 0 +3.390478724e+00 -1.459195213e+02 -1.459195213e+02
12380 0 +3.291137069e+00 -1.460188629e+02 -1.460188629e+02
13014 0 +3.178789295e+00 -1.461312107e+02 -1.461312107e+02
13322 0 +3.137629167e+00 -1.461723708e+02 -1.461723708e+02
13682 0 +3.042142616e+00 -1.462678574e+02 -1.462678574e+02
% f evaluations | g evaluations | best noise-free fitness - Fopt (-2.813900000000e+02) + sum g_i+ | measured fitness | best measured fitness or single-digit g-values | x1 | x2...
1 0 +2.281655304e+05 +2.278841404e+05 +2.278841404e+05
8 0 +2.057891868e+05 +2.055077968e+05 +2.055077968e+05
15 0 +1.283973537e+05 +1.281159637e+05 +1.281159637e+05
69 0 +1.172332952e+05 +1.169519052e+05 +1.169519052e+05
126 0 +1.549072966e+04 +1.520933966e+04 +1.520933966e+04
127 0 +1.478223697e+04 +1.450084697e+04 +1.450084697e+04
129 0 +1.421201356e+04 +1.393062356e+04 +1.393062356e+04
131 0 +1.338958840e+04 +1.310819840e+04 +1.310819840e+04
137 0 +1.254892715e+04 +1.226753715e+04 +1.226753715e+04
146 0 +1.156347036e+04 +1.128208036e+04 +1.128208036e+04
194 0 +1.075427143e+04 +1.047288143e+04 +1.047288143e+04
216 0 +1.034011710e+04 +1.005872710e+04 +1.005872710e+04
409 0 +9.666833056e+03 +9.385443056e+03 +9.385443056e+03
490 0 +8.899539635e+03 +8.618149635e+03 +8.618149635e+03
602 0 +8.382126952e+03 +8.100736952e+03 +8.100736952e+03
707 0 +8.070689778e+03 +7.789299778e+03 +7.789299778e+03
1032 0 +7.882664306e+03 +7.601274306e+03 +7.601274306e+03
1055 0 +7.649522990e+03 +7.368132990e+03 +7.368132990e+03
1201 0 +6.360627558e+03 +6.079237558e+03 +6.079237558e+03
1202 0 +5.785356532e+03 +5.503966532e+03 +5.503966532e+03
1301 0 +4.727435821e+03 +4.446045821e+03 +4.446045821e+03
1814 0 +4.358132447e+03 +4.076742447e+03 +4.076742447e+03
2007 0 +3.954045780e+03 +3.672655780e+03 +3.672655780e+03
2247 0 +3.502524832e+03 +3.221134832e+03 +3.221134832e+03
2401 0 +2.519351943e+03 +2.237961943e+03 +2.237961943e+03
2601 0 +2.157050096e+03 +1.875660096e+03 +1.875660096e+03
2701 0 +1.941667372e+03 +1.660277372e+03 +1.660277372e+03
3101 0 +1.814788505e+03 +1.533398505e+03 +1.533398505e+03
3301 0 +1.397374668e+03 +1.115984668e+03 +1.115984668e+03
3632 0 +1.132767182e+03 +8.513771816e+02 +8.513771816e+02
3685 0 +1.059271241e+03 +7.778812414e+02 +7.778812414e+02
3702 0 +9.058893633e+02 +6.244993633e+02 +6.244993633e+02
3964 0 +8.500529719e+02 +5.686629719e+02 +5.686629719e+02
4001 0 +7.122224827e+02 +4.308324827e+02 +4.308324827e+02
4201 0 +5.150277241e+02 +2.336377241e+02 +2.336377241e+02
4203 0 +4.278537553e+02 +1.464637553e+02 +1.464637553e+02
4601 0 +4.059569210e+02 +1.245669210e+02 +1.245669210e+02
4782 0 +3.439363364e+02 +6.254633642e+01 +6.254633642e+01
4799 0 +3.029571402e+02 +2.156714022e+01 +2.156714022e+01
4901 0 +1.950714895e+02 -8.631851048e+01 -8.631851048e+01
5309 0 +5.416971149e+01 -2.272202885e+02 -2.272202885e+02
5401 0 +4.291250203e+01 -2.384774980e+02 -2.384774980e+02
5604 0 +1.671498146e+01 -2.646750185e+02 -2.646750185e+02
6294 0 +1.384605414e+01 -2.675439459e+02 -2.675439459e+02
6329 0 +9.352077748e+00 -2.720379223e+02 -2.720379223e+02
6359 0 +5.581565044e+00 -2.758084350e+02 -2.758084350e+02
7221 0 +4.848837781e+00 -2.765411622e+02 -2.765411622e+02
7304 0 +4.436588252e+00 -2.769534117e+02 -2.769534117e+02
9648 0 +4.361141361e+00 -2.770288586e+02 -2.770288586e+02
9801 0 +4.182742059e+00 -2.772072579e+02 -2.772072579e+02
10410 0 +4.083738236e+00 -2.773062618e+02 -2.773062618e+02
14412 0 +3.883478625e+00 -2.775065214e+02 -2.775065214e+02
18001 0 +3.766532219e+00 -2.776234678e+02 -2.776234678e+02
18603 0 +3.644344967e+00 -2.777456550e+02 -2.777456550e+02
21426 0 +3.590676408e+00 -2.777993236e+02 -2.777993236e+02
23167 0 +3.528466121e+00 -2.778615339e+02 -2.778615339e+02
25307 0 +3.427823110e+00 -2.779621769e+02 -2.779621769e+02
33102 0 +3.207609491e+00 -2.781823905e+02 -2.781823905e+02
34785 0 +3.137301474e+00 -2.782526985e+02 -2.782526985e+02
% f evaluations | g evaluations | best noise-free fitness - Fopt (-2.724800000000e+02) + sum g_i+ | measured fitness | best measured fitness or single-digit g-values | x1 | x2...
1 0 +5.510667066e+05 +5.507942266e+05 +5.507942266e+05
2 0 +4.658452555e+05 +4.655727755e+05 +4.655727755e+05
3 0 +4.508501376e+05 +4.505776576e+05 +4.505776576e+05
4 0 +3.870382756e+05 +3.867657956e+05 +3.867657956e+05
5 0 +3.774099871e+05 +3.771375071e+05 +3.771375071e+05
7 0 +1.987475143e+05 +1.984750343e+05 +1.984750343e+05
51 0 +1.847851724e+05 +1.845126924e+05 +1.845126924e+05
126 0 +3.195259906e+04 +3.168011906e+04 +3.168011906e+04
128 0 +2.993271734e+04 +2.966023734e+04 +2.966023734e+04
129 0 +2.724636636e+04 +2.697388636e+04 +2.697388636e+04
167 0 +2.538493785e+04 +2.511245785e+04 +2.511245785e+04
203 0 +2.201318284e+04 +2.174070284e+04 +2.174070284e+04
301 0 +2.030392412e+04 +2.003144412e+04 +2.003144412e+04
401 0 +1.777640439e+04 +1.750392439e+04 +1.750392439e+04
754 0 +1.694921266e+04 +1.667673266e+04 +1.667673266e+04
802 0 +1.580313956e+04 +1.553065956e+04 +1.553065956e+04
903 0 +1.490026460e+04 +1.462778460e+04 +1.462778460e+04
1126 0 +1.456868731e+04 +1.429620731e+04 +1.429620731e+04
1201 0 +1.319073741e+04 +1.291825741e+04 +1.291825741e+04
1203 0 +1.276463493e+04 +1.249215493e+04 +1.249215493e+04
1302 0 +9.266805554e+03 +8.994325554e+03 +8.994325554e+03
1501 0 +7.962052659e+03 +7.689572659e+03 +7.689572659e+03
1636 0 +7.707689403e+03 +7.435209403e+03 +7.435209403e+03
1701 0 +5.252673275e+03 +4.980193275e+03 +4.980193275e+03
1801 0 +4.770962738e+03 +4.498482738e+03 +4.498482738e+03
2102 0 +4.277204016e+03 +4.004724016e+03 +4.004724016e+03
2201 0 +4.062297811e+03 +3.789817811e+03 +3.789817811e+03
2302 0 +3.276511427e+03 +3.004031427e+03 +3.004031427e+03
2456 0 +2.691349066e+03 +2.418869066e+03 +2.418869066e+03
2501 0 +2.444210488e+03 +2.171730488e+03 +2.171730488e+03
2702 0 +1.557855695e+03 +1.285375695e+03 +1.285375695e+03
3001 0 +1.411713129e+03 +1.139233129e+03 +1.139233129e+03
3122 0 +1.241991478e+03 +9.695114780e+02 +9.695114780e+02
3409 0 +1.114625152e+03 +8.421451515e+02 +8.421451515e+02
3499 0 +9.922696129e+02 +7.197896129e+02 +7.197896129e+02
3502 0 +7.483302579e+02 +4.758502579e+02 +4.758502579e+02
3801 0 +5.980807142e+02 +3.256007142e+02 +3.256007142e+02
4002 0 +5.720002898e+02 +2.995202898e+02 +2.995202898e+02
4102 0 +4.448781270e+02 +1.723981270e+02 +1.723981270e+02
4301 0 +4.271342384e+02 +1.546542384e+02 +1.546542384e+02
4511 0 +2.920682993e+02 +1.958829934e+01 +1.958829934e+01
4701 0 +8.291534699e+01 -1.895646530e+02 -1.895646530e+02
4801 0 +2.558232064e+01 -2.468976794e+02 -2.468976794e+02
5201 0 +1.118894859e+01 -2.612910514e+02 -2.612910514e+02
5507 0 +7.377551855e+00 -2.651024481e+02 -2.651024481e+02
6408 0 +6.994764234e+00 -2.654852358e+02 -2.654852358e+02
6503 0 +5.638107282e+00 -2.668418927e+02 -2.668418927e+02
6504 0 +4.231241763e+00 -2.682487582e+02 -2.682487582e+02
8377 0 +4.151980127e+00 -2.683280199e+02 -2.683280199e+02
8403 0 +4.036157682e+00 -2.684438423e+02 -2.684438423e+02
8501 0 +3.818930477e+00 -2.686610695e+02 -2.686610695e+02
9170 0 +3.755083007e+00 -2.687249170e+02 -2.687249170e+02
11101 0 +3.562895195e+00 -2.689171048e+02 -2.689171048e+02
14701 0 +3.456315475e+00 -2.690236845e+02 -2.690236845e+02
16611 0 +3.305805043e+00 -2.691741950e+02 -2.691741950e+02
38665 0 +3.210529379e+00 -2.692694706e+02 -2.692694706e+02
% f evaluations | g evaluations | best noise-free fitness - Fopt (-4.172000000000e+01) + sum g_i+ | measured fitness | best measured fitness or single-digit g-values | x1 | x2...
1 0 +3.041823464e+05 +3.041406264e+05 +3.041406264e+05
9 0 +2.502208378e+05 +2.501791178e+05 +2.501791178e+05
27 0 +2.444279829e+05 +2.443862629e+05 +2.443862629e+05
35 0 +2.083888232e+05 +2.083471032e+05 +2.083471032e+05
76 0 +1.517708442e+05 +1.517291242e+05 +1.517291242e+05
126 0 +2.745344279e+04 +2.741172279e+04 +2.741172279e+04
127 0 +2.021251002e+04 +2.017079002e+04 +2.017079002e+04
130 0 +1.790509900e+04 +1.786337900e+04 +1.786337900e+04
201 0 +1.631678955e+04 +1.627506955e+04 +1.627506955e+04
204 0 +1.541657869e+04 +1.537485869e+04 +1.537485869e+04
206 0 +1.428211819e+04 +1.424039819e+04 +1.424039819e+04
402 0 +1.404807601e+04 +1.400635601e+04 +1.400635601e+04
403 0 +1.333397548e+04 +1.329225548e+04 +1.329225548e+04
602 0 +1.301904793e+04 +1.297732793e+04 +1.297732793e+04
708 0 +1.199820231e+04 +1.195648231e+04 +1.195648231e+04
711 0 +1.161307825e+04 +1.157135825e+04 +1.157135825e+04
801 0 +1.041633528e+04 +1.037461528e+04 +1.037461528e+04
808 0 +8.585489386e+03 +8.543769386e+03 +8.543769386e+03
901 0 +7.356744247e+03 +7.315024247e+03 +7.315024247e+03
1001 0 +6.201297426e+03 +6.159577426e+03 +6.159577426e+03
1171 0 +6.054855393e+03 +6.013135393e+03 +6.013135393e+03
1201 0 +4.364798877e+03 +4.323078877e+03 +4.323078877e+03
1401 0 +3.767343155e+03 +3.725623155e+03 +3.725623155e+03
1704 0 +3.714783228e+03 +3.673063228e+03 +3.673063228e+03
1775 0 +3.190177777e+03 +3.148457777e+03 +3.148457777e+03
1801 0 +2.527673696e+03 +2.485953696e+03 +2.485953696e+03
2004 0 +2.298872938e+03 +2.257152938e+03 +2.257152938e+03
2102 0 +2.231360114e+03 +2.189640114e+03 +2.189640114e+03
2303 0 +1.868288433e+03 +1.826568433e+03 +1.826568433e+03
2381 0 +1.609222950e+03 +1.567502950e+03 +1.567502950e+03
2501 0 +1.180643489e+03 +1.138923489e+03 +1.138923489e+03
2601 0 +1.047680374e+03 +1.005960374e+03 +1.005960374e+03
2701 0 +7.274377971e+02 +6.857177971e+02 +6.857177971e+02
2801 0 +4.470954503e+02 +4.053754503e+02 +4.053754503e+02
3301 0 +4.091116138e+02 +3.673916138e+02 +3.673916138e+02
3501 0 +3.269511535e+02 +2.852311535e+02 +2.852311535e+02
3902 0 +3.118807709e+02 +2.701607709e+02 +2.701607709e+02
3908 0 +2.437126231e+02 +2.019926231e+02 +2.019926231e+02
4056 0 +2.323199036e+02 +1.905999036e+02 +1.905999036e+02
4101 0 +7.555491102e+01 +3.383491102e+01 +3.383491102e+01
4447 0 +4.865926684e+01 +6.939266842e+00 +6.939266842e+00
5012 0 +3.752041602e+01 -4.199583976e+00 -4.199583976e+00
5108 0 +2.676651766e+01 -1.495348234e+01 -1.495348234e+01
5205 0 +2.044968326e+01 -2.127031674e+01 -2.127031674e+01
5702 0 +1.943650037e+01 -2.228349963e+01 -2.228349963e+01
6401 0 +1.138277841e+01 -3.033722159e+01 -3.033722159e+01
6501 0 +9.843995929e+00 -3.187600407e+01 -3.187600407e+01
6701 0 +4.905139505e+00 -3.681486050e+01 -3.681486050e+01
6901 0 +4.352471345e+00 -3.736752866e+01 -3.736752866e+01
8303 0 +4.208776562e+00 -3.751122344e+01 -3.751122344e+01
9202 0 +4.068353943e+00 -3.765164606e+01 -3.765164606e+01
9410 0 +3.945738561e+00 -3.777426144e+01 -3.777426144e+01
10428 0 +3.806360857e+00 -3.791363914e+01 -3.791363914e+01
13004 0 +3.712651387e+00 -3.800734861e+01 -3.800734861e+01
14409 0 +3.438258496e+00 -3.828174150e+01 -3.828174150e+01
22401 0 +3.344593100e+00 -3.837540690e+01 -3.837540690e+01
22501 0 +3.126223156e+00 -3.859377684e+01 -3.859377684e+01
23390 0 +3.000764755e+00 -3.871923524e+01 -3.871923524e+01
% f evaluations | g evaluations | best noise-free fitness - Fopt (4.390000000000e+00) + sum g_i+ | measured fitness | best measured fitness or single-digit g-values | x1 | x2...
1 0 +4.900904184e+05 +4.900948084e+05 +4.900948084e+05
3 0 +4.303137727e+05 +4.303181627e+05 +4.303181627e+05
4 0 +3.448152769e+05 +3.448196669e+05 +3.448196669e+05
5 0 +2.090608926e+05 +2.090652826e+05 +2.090652826e+05
17 0 +1.976551003e+05 +1.976594903e+05 +1.976594903e+05
80 0 +1.794688514e+05 +1.794732414e+05 +1.794732414e+05
126 0 +1.737518468e+04 +1.737957468e+04 +1.737957468e+04
133 0 +1.673515437e+04 +1.673954437e+04 +1.673954437e+04
205 0 +1.528894264e+04 +1.529333264e+04 +1.529333264e+04
302 0 +1.418743532e+04 +1.419182532e+04 +1.419182532e+04
303 0 +1.275321856e+04 +1.275760856e+04 +1.275760856e+04
401 0 +1.191200115e+04 +1.191639115e+04 +1.191639115e+04
501 0 +1.122409452e+04 +1.122848452e+04 +1.122848452e+04
601 0 +1.113707478e+04 +1.114146478e+04 +1.114146478e+04
602 0 +1.067144033e+04 +1.067583033e+04 +1.067583033e+04
702 0 +1.047071009e+04 +1.047510009e+04 +1.047510009e+04
857 0 +9.689677378e+03 +9.694067378e+03 +9.694067378e+03
901 0 +9.220678312e+03 +9.225068312e+03 +9.225068312e+03
902 0 +8.861838887e+03 +8.866228887e+03 +8.866228887e+03
919 0 +8.021670127e+03 +8.026060127e+03 +8.026060127e+03
935 0 +7.932128819e+03 +7.936518819e+03 +7.936518819e+03
1001 0 +6.320417264e+03 +6.324807264e+03 +6.324807264e+03
1102 0 +5.619596957e+03 +5.623986957e+03 +5.623986957e+03
1301 0 +5.364433185e+03 +5.368823185e+03 +5.368823185e+03
1402 0 +4.388020398e+03 +4.392410398e+03 +4.392410398e+03
1505 0 +4.345203897e+03 +4.349593897e+03 +4.349593897e+03
1703 0 +3.857085066e+03 +3.861475066e+03 +3.861475066e+03
1705 0 +3.752789533e+03 +3.757179533e+03 +3.757179533e+03
1905 0 +3.209154432e+03 +3.213544432e+03 +3.213544432e+03
2001 0 +2.737015130e+03 +2.741405130e+03 +2.741405130e+03
2106 0 +2.373602236e+03 +2.377992236e+03 +2.377992236e+03
2201 0 +2.269312726e+03 +2.273702726e+03 +2.273702726e+03
2401 0 +2.143653124e+03 +2.148043124e+03 +2.148043124e+03
2502 0 +1.619528098e+03 +1.623918098e+03 +1.623918098e+03
2705 0 +1.443085399e+03 +1.447475399e+03 +1.447475399e+03
2971 0 +1.402141750e+03 +1.406531750e+03 +1.406531750e+03
3005 0 +1.300369347e+03 +1.304759347e+03 +1.304759347e+03
3080 0 +1.224874719e+03 +1.229264719e+03 +1.229264719e+03
3103 0 +8.735379961e+02 +8.779279961e+02 +8.779279961e+02
3302 0 +6.863006061e+02 +6.906906061e+02 +6.906906061e+02
3802 0 +6.708931191e+02 +6.752831191e+02 +6.752831191e+02
3803 0 +6.545154860e+02 +6.589054860e+02 +6.589054860e+02
3901 0 +6.392741214e+02 +6.436641214e+02 +6.436641214e+02
3904 0 +4.806103845e+02 +4.850003845e+02 +4.850003845e+02
4001 0 +3.410710867e+02 +3.454610867e+02 +3.454610867e+02
4502 0 +1.571167898e+02 +1.615067898e+02 +1.615067898e+02
5403 0 +9.933936019e+01 +1.037293602e+02 +1.037293602e+02
5566 0 +7.620727205e+01 +8.059727205e+01 +8.059727205e+01
5603 0 +2.870484372e+01 +3.309484372e+01 +3.309484372e+01
5805 0 +1.322687290e+01 +1.761687290e+01 +1.761687290e+01
6102 0 +8.383960715e+00 +1.277396072e+01 +1.277396072e+01
6136 0 +6.859604277e+00 +1.124960428e+01 +1.124960428e+01
6404 0 +5.348201520e+00 +9.738201520e+00 +9.738201520e+00
6602 0 +4.877736987e+00 +9.267736987e+00 +9.267736987e+00
6701 0 +4.483980982e+00 +8.873980982e+00 +8.873980982e+00
8201 0 +4.401907105e+00 +8.791907105e+00 +8.791907105e+00
8238 0 +4.352664030e+00 +8.742664030e+00 +8.742664030e+00
8248 0 +4.172020181e+00 +8.562020181e+00 +8.562020181e+00
8304 0 +4.076887373e+00 +8.466887373e+00 +8.466887373e+00
8316 0 +3.957266725e+00 +8.347266725e+00 +8.347266725e+00
8416 0 +3.721035200e+00 +8.111035200e+00 +8.111035200e+00
8753 0 +3.684323062e+00 +8.074323062e+00 +8.074323062e+00
9001 0 +3.583878986e+00 +7.973878986e+00 +7.973878986e+00
12001 0 +3.416696135e+00 +7.806696135e+00 +7.806696135e+00
16901 0 +3.238453950e+00 +7.628453950e+00 +7.628453950e+00
