% f evaluations | g evaluations | best noise-free fitness - Fopt (1.026100000000e+02) + sum g_i+ | measured fitness | best measured fitness or single-digit g-values | x1 | x2...
1 0 +9.799556421e+02 +1.082565642e+03 +1.082565642e+03 -4.6138e+00 +2.6835e+00 +4.6632e+00 +2.1826e+00 -9.1682e-03 +3.3779e+00 +2.8136e+00 +3.2162e+00 -1.2167e+00 +1.0463e+00 +1.4392e+00 +2.4975e-01 +7.5990e-01 +4.7386e+00 +4.2295e+00 -3.9510e+00 +3.8291e+00 -2.1280e+00 +2.9346e+00 -4.4973e+00
2 0 +9.185497820e+02 +1.021159782e+03 +1.021159782e+03 +3.4619e+00 -7.5916e-01 +1.3993e+00 +4.5012e+00 -2.0167e+00 +3.2903e+00 -2.0223e+00 -2.1353e+00 +4.8817e+00 -1.5737e+00 +3.9741e+00 +1.9018e+00 +3.2234e+00 -4.3637e+00 +3.1639e-01 +2.0761e+00 -1.7620e+00 +4.2358e+00 -3.4295e+00 +4.1940e+00
3 0 +8.043557513e+02 +9.069657513e+02 +9.069657513e+02 -2.4614e-01 +3.2501e+00 +3.8162e+00 +1.5456e+00 -1.3372e+00 +1.3599e+00 +3.3906e+00 -4.6644e-01 +2.5375e-01 -2.5913e+00 +1.6418e+00 -4.4029e+00 +2.5946e+00 -2.3560e+00 -1.9540e-01 -1.8907e+00 -4.0941e+00 -2.3189e+00 -4.8247e+00 -1.9187e+00
6 0 +7.595428713e+02 +8.621528713e+02 +8.621528713e+02 +1.0833e+00 -1.5856e+00 -4.5615e+00 -9.4355e-01 -2.3638e+00 -3.2184e+00 -2.1023e+00 -4.8404e+00 -4.5727e+00 +4.9057e+00 +1.9413e+00 -3.0388e+00 -2.9921e+00 -3.3526e+00 -4.0487e+00 +3.0936e+00 -6.4693e-01 +3.2662e+00 -2.8999e+00 +4.4424e+00
20 0 +7.354365437e+02 +8.380465437e+02 +8.380465437e+02 +5.6625e-01 +1.8659e+00 +4.2356e-01 +1.4000e+00 -2.2729e+00 -4.7737e+00 -2.7941e+00 -3.0570e+00 +3.3963e+00 +2.2396e+00 +4.4107e+00 -4.6902e+00 +4.8150e+00 -1.8446e+00 -1.2716e+00 -2.0973e+00 -8.1393e-01 -4.0583e+00 -8.2529e-01 +4.6300e+00
25 0 +6.871001870e+02 +7.897101870e+02 +7.897101870e+02 -1.1329e+00 -1.9495e+00 +2.2160e+00 +1.5807e+00 +6.5565e-01 +6.2427e-03 -1.3019e+00 +5.5968e-01 +4.2186e+00 +9.9644e-01 +3.7329e-01 -9.2421e-01 -4.1223e+00 +4.1147e+00 +2.4157e+00 +3.8999e+00 +5.7563e-01 -8.3648e-01 -4.4576e+00 -1.3964e+00
27 0 +5.706982285e+02 +6.733082285e+02 +6.733082285e+02 -2.5094e+00 +9.9612e-01 +2.6486e+00 -7.0320e-01 +4.3018e+00 -1.1908e+00 +1.2330e+00 -4.7376e-01 +3.3635e+00 +9.7664e-01 +2.4591e+00 -1.1927e+00 +3.3951e-01 -3.7116e+00 -2.4071e-01 -5.3097e-01 -2.8552e+00 +1.9248e+00 +2.1488e+00 +1.5689e+00
61 0 +5.597531888e+02 +6.623631888e+02 +6.623631888e+02 +4.9633e+00 +3.9112e+00 -1.4104e+00 +3.7824e+00 +1.8929e+00 +9.6487e-01 -3.9896e+00 +1.9980e+00 -3.4580e+00 +2.0036e+00 -3.3580e+00 +1.4440e-02 +9.8756e-01 +1.1950e+00 -3.8724e-01 -3.9225e+00 +2.3488e+00 +8.0208e-01 -5.7653e-01 +1.7674e+00
80 0 +5.389351503e+02 +6.415451503e+02 +6.415451503e+02 -2.6191e+00 +6.8952e-01 -1.8693e+00 +3.5684e+00 -7.0364e-01 -3.9458e+00 +7.4993e-01 -1.0178e-01 -3.1504e+00 +3.6379e+00 -1.1375e+00 +1.1937e+00 -9.9227e-01 -1.2156e+00 +3.5383e+00 +1.3802e+00 +2.8292e+00 -3.9059e-01 -1.3226e+00 +1.8784e+00
101 0 +4.960690203e+02 +5.986790203e+02 +5.986790203e+02 +2.5765e-01 -6.9731e-01 +2.2704e+00 +5.0876e-01 +2.2419e+00 +1.9071e+00 +3.5482e+00 -3.3487e-01 -1.1125e+00 -9.9284e-02 -1.0211e+00 +8.8992e-01 -2.3654e+00 +1.9572e+00 -1.0770e+00 +2.2384e+00 -2.6597e+00 +1.8002e+00 +9.0120e-01 -1.5380e+00
112 0 +4.150598790e+02 +5.176698790e+02 +5.176698790e+02 -2.2081e-01 -2.6099e+00 -3.2923e-02 +5.6093e-02 -2.0330e-01 +7.2919e-01 -3.4356e-01 -6.5619e-01 +1.6851e+00 -3.3832e-01 +1.3054e-01 +4.2389e+00 -1.2776e+00 +1.2419e-01 -7.9980e-01 +3.5745e-01 -2.8122e+00 -3.8212e-02 -1.9257e+00 -2.3120e+00
126 0 +3.582197651e+02 +4.608297651e+02 +4.608297651e+02 +3.5755e+00 +1.5240e+00 -1.2147e+00 -2.0189e+00 -3.4680e+00 +1.0315e-01 -3.1131e-01 -1.3720e-01 +2.8719e-01 +9.5347e-01 -1.8697e+00 -1.1102e+00 +1.1007e+00 +4.0270e-01 +2.0936e+00 -2.9087e+00 -4.3868e+00 -1.8326e-01 +8.8575e-02 +1.3317e+00
198 0 +3.467431402e+02 +4.493531402e+02 +4.493531402e+02 +9.6917e-01 -5.9907e-01 -2.6787e+00 +2.4382e+00 -8.9520e-01 -3.0153e+00 +1.2851e-02 +4.9088e-02 -1.7023e+00 +2.5877e+00 +2.5410e+00 -4.4974e-01 -3.2936e+00 +2.5416e+00 +1.6893e+00 -4.2807e-01 -2.1953e+00 +5.0225e-02 +2.1538e+00 -1.6487e-01
203 0 +2.563566729e+02 +3.589666729e+02 +3.589666729e+02 +3.2100e+00 +1.0749e+00 -1.1195e+00 +1.4734e+00 +8.3757e-01 -1.9431e+00 -5.4325e-01 +6.1091e-01 -1.4561e+00 +3.4850e-01 -9.8206e-01 -1.0591e+00 -1.2544e+00 -1.6228e-01 -8.3127e-01 -2.6881e-01 -8.7823e-01 +2.0082e-01 +4.1549e-02 +1.6655e+00
327 0 +2.298174014e+02 +3.324274014e+02 +3.324274014e+02 -5.2159e-01 -5.9756e-01 +8.0057e-01 +9.2003e-02 +2.9078e-01 +3.2244e-01 +2.2862e-01 -2.8380e-02 +8.2152e-01 -1.8637e+00 +2.2426e+00 +2.7061e+00 +1.3653e-01 -2.4627e-01 +1.4584e-01 -3.0555e-01 -4.8848e-01 +1.8526e-01 -1.0030e-01 -1.2837e+00
511 0 +2.267587412e+02 +3.293687412e+02 +3.293687412e+02 +2.2773e+00 -1.5875e-01 -1.4512e+00 +2.2073e+00 +1.3219e-01 -8.8518e-01 -4.7399e-01 +2.1210e-01 -1.5151e+00 +2.8283e-01 -7.1175e-01 -1.0057e+00 -9.4837e-01 +1.5529e+00 -8.1868e-01 -8.2524e-01 -1.1453e+00 -1.7000e+00 +6.7463e-01 +3.3604e-01
537 0 +2.071657490e+02 +3.097757490e+02 +3.097757490e+02 +8.4007e-01 -6.1296e-03 -5.3029e-01 +1.1450e+00 -4.8210e-01 -9.9144e-01 -5.8451e-01 -9.1048e-01 -4.9483e-01 +5.1607e-01 +1.7347e-01 -4.2784e-01 -9.9564e-01 +1.1419e+00 +3.2303e-01 -1.0119e+00 -2.2671e-01 -1.2993e+00 +3.7397e-01 +2.5416e-01
619 0 +1.814940735e+02 +2.841040735e+02 +2.841040735e+02 +1.6219e+00 -4.9975e-02 -8.7505e-01 +1.3172e+00 -5.7828e-01 -1.0167e+00 -1.1058e+00 -2.0916e-01 -9.0121e-01 +1.2666e+00 +1.2650e-01 -8.0907e-01 -1.5780e+00 +1.0185e+00 +7.7576e-01 -7.7577e-01 -7.6008e-01 -1.6734e-01 +3.5693e-01 +3.9237e-01
1169 0 +1.690077899e+02 +2.716177899e+02 +2.716177899e+02 +1.4349e+00 -3.2524e-01 -8.9156e-01 +1.1461e+00 -9.4734e-01 -7.9780e-01 -1.1936e+00 -6.1106e-01 -7.1633e-01 +1.0393e+00 +7.1286e-02 -6.5374e-01 -1.1399e+00 +6.0652e-01 +5.5323e-01 -4.2583e-01 -9.0396e-01 -1.7549e-01 +4.3254e-01 +5.1124e-01
1367 0 +1.493573403e+02 +2.519673403e+02 +2.519673403e+02 +1.3537e+00 -3.3316e-01 -8.6533e-01 +1.2300e+00 -8.1280e-01 -9.4635e-01 -7.4483e-01 -3.3637e-01 -9.4107e-01 +6.8383e-01 -1.9598e-01 -5.1568e-01 -1.1894e+00 +6.7080e-01 +2.1833e-01 -7.3551e-01 -8.9051e-01 -9.4361e-01 +9.1204e-01 +5.5833e-01
2273 0 +1.401413594e+02 +2.427513594e+02 +2.427513594e+02 +1.3117e+00 -4.3823e-02 -8.6867e-01 +1.1203e+00 -3.7255e-01 -9.0809e-01 -7.1008e-01 -3.9576e-01 -8.5410e-01 +1.0255e+00 -2.7915e-02 -6.9222e-01 -1.2341e+00 +7.2063e-01 +8.1433e-02 -8.9654e-01 -8.8204e-01 -8.1305e-01 +6.5837e-01 +5.5784e-01
19577 0 +1.249866609e+02 +2.275966609e+02 +2.275966609e+02 +1.2378e+00 +4.3552e-03 -8.7708e-01 +8.7263e-01 -7.0948e-01 -9.0309e-01 -8.1868e-01 -4.2625e-01 -8.1907e-01 +1.1838e+00 -2.5185e-01 -8.3633e-01 -1.1788e+00 +6.9058e-01 -7.4356e-02 -8.8318e-01 -1.1739e+00 -1.1326e+00 +6.6001e-01 +4.4740e-01
% f evaluations | g evaluations | best noise-free fitness - Fopt (9.330000000000e+01) + sum g_i+ | measured fitness | best measured fitness or single-digit g-values | x1 | x2...
1 0 +8.546065162e+02 +9.479065162e+02 +9.479065162e+02 +3.5777e+00 +2.7840e+00 +4.7899e+00 -2.4154e+00 -3.1065e+00 -3.9036e+00 +3.0977e+00 +3.7460e+00 +1.8486e+00 +4.1383e+00 -4.3924e+00 -3.2150e+00 -2.0982e+00 -1.0702e-01 -3.1128e+00 -1.1493e+00 -5.2292e-01 +1.6411e+00 +1.2298e+00 +5.0272e-01
2 0 +7.160765888e+02 +8.093765888e+02 +8.093765888e+02 -3.6765e+00 +8.5092e-01 -1.1492e-01 +2.1030e-01 +2.4106e+00 -2.6932e+00 -2.2401e+00 -2.0461e+00 -4.6221e+00 -2.6057e+00 -6.3793e-01 -1.9339e+00 -2.2848e+00 -9.4667e-01 +2.2159e+00 -4.9122e+00 +3.1194e+00 -3.3536e+00 +1.8987e+00 +4.5108e+00
10 0 +6.706058493e+02 +7.639058493e+02 +7.639058493e+02 -6.5647e-01 -2.8736e+00 -1.3464e+00 +3.6685e+00 +1.1640e+00 -3.0189e+00 +9.6475e-02 -2.2320e+00 -2.9759e+00 +3.0923e+00 -1.8677e+00 -2.9660e+00 -4.7029e+00 -1.3699e+00 +1.6215e+00 -4.0492e+00 -1.6411e-01 +9.1067e-01 +9.8303e-01 +3.3197e+00
11 0 +5.928011064e+02 +6.861011064e+02 +6.861011064e+02 -2.2431e+00 -9.6748e-01 -4.7169e+00 -2.5649e+00 -1.9182e+00 +1.9107e+00 -1.5577e+00 +8.3944e-01 +3.9353e+00 +2.1292e+00 +1.3084e+00 -1.6505e+00 -4.0251e+00 +8.1823e-01 -4.0569e+00 -2.6028e+00 -1.4881e+00 +6.3643e-02 -9.2442e-01 +1.8648e+00
32 0 +4.736240143e+02 +5.669240143e+02 +5.669240143e+02 +2.5320e+00 +1.1267e+00 -2.1644e+00 -2.2625e+00 -8.2943e-01 +4.7095e-01 -3.2486e+00 +1.3429e+00 -3.8416e+00 +3.1921e+00 +4.6532e-01 +3.5566e+00 -1.3857e+00 +6.8777e-01 -4.4953e-01 +3.5473e-01 +3.5784e+00 +4.7271e+00 -1.7991e+00 -2.5714e+00
84 0 +4.573129452e+02 +5.506129452e+02 +5.506129452e+02 +4.2374e+00 -3.5896e+00 +1.3420e+00 -3.2954e+00 -4.3159e+00 +3.9401e+00 -2.3934e+00 -3.3549e+00 +2.0537e-01 -1.5596e+00 +2.2575e+00 +2.6504e-01 -2.1072e+00 -6.2331e-01 -1.3791e+00 -1.8635e+00 -1.6878e+00 -6.7111e-01 -3.6164e+00 -1.7360e+00
101 0 +4.562550930e+02 +5.495550930e+02 +5.495550930e+02 -6.1303e-01 +1.0753e+00 -2.4137e+00 -8.5991e-02 -2.7234e+00 +3.0136e+00 -3.2829e-01 -1.0172e+00 -2.1775e+00 +1.5876e+00 -1.3566e+00 -5.6812e-01 +1.5852e+00 +3.5181e+00 +1.2238e-01 +1.8566e+00 -5.5523e-01 -1.6145e+00 +1.3195e+00 -2.1767e+00
104 0 +3.438519874e+02 +4.371519874e+02 +4.371519874e+02 +9.1384e-01 -5.4465e-01 +8.8893e-01 -1.7805e+00 -2.5976e+00 +1.3886e+00 -2.2272e-01 -2.8654e-01 -2.0682e+00 -6.5544e-01 +1.0784e+00 +2.3279e+00 -3.0173e+00 +2.4992e-02 -1.4727e+00 -1.8464e+00 +5.7013e-01 +1.6309e+00 -3.8040e+00 -5.7030e-01
203 0 +3.055360906e+02 +3.988360906e+02 +3.988360906e+02 -6.5352e-01 +8.5556e-02 -2.4412e+00 -1.6018e+00 -5.3939e-01 +2.5695e+00 -7.8804e-01 +1.3962e+00 -2.6857e+00 -2.0407e+00 -1.0651e+00 +7.1628e-01 -9.3820e-02 +6.9022e-01 -2.0186e+00 -2.5315e+00 +1.6047e+00 +8.6065e-01 -1.9328e+00 -1.7332e-01
213 0 +2.870929610e+02 +3.803929610e+02 +3.803929610e+02 +3.4914e-01 -5.4505e-01 -3.6024e+00 -1.1002e+00 +2.0981e-01 +2.3403e+00 -1.6125e+00 +2.5456e+00 -1.9232e+00 +1.4992e+00 +1.1855e+00 +1.7392e-01 -5.5493e-01 +1.3242e+00 -1.8279e+00 -2.4402e+00 +1.0792e-01 +1.3340e+00 -7.5014e-01 +4.8532e-01
216 0 +2.593139401e+02 +3.526139401e+02 +3.526139401e+02 +1.9078e-01 -9.7551e-01 -1.9417e+00 +1.0811e-01 -4.2789e-01 +8.9025e-01 -1.7108e+00 +1.5038e+00 -2.9367e+00 -2.8259e-01 +7.9972e-01 +2.9547e-01 +1.5180e-01 +6.6546e-01 -9.4743e-01 -3.4991e+00 -9.6675e-01 +1.6270e+00 -1.4908e+00 +3.6946e-01
366 0 +2.229120111e+02 +3.162120111e+02 +3.162120111e+02 +2.5258e-02 -6.7714e-01 -9.9015e-01 -9.2158e-03 -1.5704e+00 -2.9249e-01 -2.2874e+00 +4.2204e-01 -2.5443e+00 -6.8122e-01 +7.2033e-01 +9.3322e-01 -6.5900e-01 -5.0281e-02 -9.5173e-01 -3.6049e+00 -1.1404e+00 +2.4026e+00 -1.8682e+00 -1.3800e-01
509 0 +1.727072957e+02 +2.660072957e+02 +2.660072957e+02 +5.7998e-01 -1.0019e+00 -1.2745e+00 -1.1320e+00 -1.3917e+00 +1.4205e+00 -1.2188e+00 +7.9683e-01 -9.4692e-01 +2.0541e-02 +4.1993e-01 +7.2683e-01 -7.3311e-01 +1.0329e-01 -9.5986e-01 -2.2713e+00 -9.7987e-01 +7.7830e-01 -1.7719e+00 +3.5798e-01
836 0 +1.661249367e+02 +2.594249367e+02 +2.594249367e+02 +2.3464e-01 -1.1383e+00 -1.1933e+00 -3.1910e-01 -8.4242e-01 +7.7719e-01 -1.6836e+00 +7.3273e-01 -2.0740e+00 -3.6201e-01 +9.0114e-01 +8.9628e-01 -7.7447e-01 +2.6676e-01 -1.0973e+00 -2.1498e+00 -2.5535e-01 +1.1511e+00 -2.2557e+00 -4.0451e-02
963 0 +1.544381604e+02 +2.477381604e+02 +2.477381604e+02 +4.7808e-01 -1.0012e+00 -1.3932e+00 -1.7444e-01 -1.2065e+00 +1.1673e+00 -1.4135e+00 +4.5096e-01 -1.6614e+00 -3.9902e-01 +8.6133e-01 +3.1381e-01 -3.9714e-01 +2.7355e-01 -7.2019e-01 -1.8556e+00 -2.0791e-01 +1.1697e+00 -1.9846e+00 -3.5805e-02
11152 0 +1.512509773e+02 +2.445509773e+02 +2.445509773e+02 +3.9387e-01 -8.4081e-01 -1.2596e+00 -3.2741e-01 -1.0326e+00 +9.9156e-01 -1.1361e+00 +5.0232e-01 -1.5562e+00 -8.5818e-01 +9.7674e-01 +6.1232e-01 -4.0124e-02 +1.5087e-01 -7.2399e-01 -1.9513e+00 -1.2355e-01 +1.5629e+00 -1.9299e+00 -3.3598e-01
12761 0 +1.470272399e+02 +2.403272399e+02 +2.403272399e+02 +8.1429e-01 -1.1327e+00 -1.1958e+00 -1.1470e-01 -1.3951e+00 +9.4316e-01 -1.0756e+00 +1.2457e-01 -1.3270e+00 -6.0652e-01 +8.3761e-01 +5.0072e-01 +1.6388e-01 +6.1471e-01 -5.9686e-01 -1.3389e+00 -2.9993e-01 +1.4742e+00 -1.8422e+00 -3.1840e-01
18828 0 +1.396158470e+02 +2.329158470e+02 +2.329158470e+02 +8.3483e-01 -1.2919e+00 -1.1544e+00 -3.4360e-01 -1.5709e+00 +8.9662e-01 -1.0090e+00 +4.7180e-01 -1.2797e+00 -1.0620e+00 +7.5119e-01 +8.7167e-01 +5.7511e-01 +5.4981e-01 -5.1896e-01 -1.1042e+00 -3.1649e-01 +1.7460e+00 -1.8956e+00 -4.5506e-01
18952 0 +1.284514799e+02 +2.217514799e+02 +2.217514799e+02 +1.1365e+00 -1.4252e+00 -1.1111e+00 -1.5154e-01 -1.4147e+00 +1.0933e+00 -1.0137e+00 +1.0398e-01 -1.2302e+00 -7.4981e-01 +8.8613e-01 +7.8941e-01 +5.1914e-01 +7.1682e-01 -6.8764e-01 -1.2736e+00 -5.0293e-01 +1.6440e+00 -1.8435e+00 -1.5431e-01
% f evaluations | g evaluations | best noise-free fitness - Fopt (1.364000000000e+01) + sum g_i+ | measured fitness | best measured fitness or single-digit g-values | x1 | x2...
1 0 +7.583440154e+02 +7.719840154e+02 +7.719840154e+02 +2.5013e+00 -3.8055e+00 -1.2258e+00 +2.1917e+00 +1.1012e+00 +1.6161e-01 +2.7173e+00 -8.5297e-01 +3.9751e+00 -3.7240e+00 +1.8744e+00 -2.8936e+00 -4.0688e+00 +1.3195e+00 +3.1463e+00 -3.5685e+00 -2.5790e+00 -1.9158e+00 -1.5087e+00 +4.6769e-01
5 0 +7.356182862e+02 +7.492582862e+02 +7.492582862e+02 +3.4061e+00 -2.8340e-01 -4.4858e-01 -1.9156e+00 -1.8320e-01 -1.3333e+00 +3.2139e+00 -1.4944e+00 -3.9522e+00 -3.4015e+00 -6.8133e-01 -4.2715e+00 +1.7170e+00 -1.3363e-01 +4.1526e+00 +5.9146e-01 -2.3653e+00 +4.8193e+00 -2.2341e+00 -2.0494e+00
19 0 +6.394360484e+02 +6.530760484e+02 +6.530760484e+02 +1.7428e-01 -1.8011e+00 +2.6485e+00 +3.1529e+00 -1.2238e+00 -3.0181e+00 +1.6746e+00 -1.1752e+00 +1.9800e+00 -7.5376e-01 -3.1607e+00 +3.9413e+00 -7.0035e-01 -4.2666e+00 +1.4226e+00 +2.2294e+00 +3.7579e+00 +3.5998e+00 -1.5079e+00 -1.8631e+00
30 0 +4.996979016e+02 +5.133379016e+02 +5.133379016e+02 +1.5257e+00 +8.8092e-01 +1.8422e+00 +1.2070e+00 +2.8007e+00 +2.1807e+00 -3.5370e-01 -8.6908e-01 +4.5645e+00 -4.0117e+00 -1.7120e+00 +6.9800e-01 -2.1969e+00 -3.3089e+00 +3.0327e+00 +5.9757e-02 -2.8744e+00 -2.0084e+00 -1.9837e-01 +3.9333e+00
101 0 +4.645728398e+02 +4.782128398e+02 +4.782128398e+02 -3.8908e-01 +1.7502e+00 +3.7609e+00 +1.2202e+00 +6.7109e-01 -9.6965e-01 +9.7779e-02 +1.4365e+00 +2.4661e+00 +1.1374e+00 +1.0049e+00 -2.9432e-01 -1.5039e+00 -4.7875e-01 -2.4676e+00 +2.0719e+00 +1.6238e+00 -5.7621e-01 -1.1286e+00 -1.9575e+00
106 0 +4.348389548e+02 +4.484789548e+02 +4.484789548e+02 -1.4666e-01 +2.5030e+00 +2.2583e+00 +2.9663e-01 -1.0715e+00 -1.1115e+00 +2.9141e+00 +6.5695e-01 -4.2214e+00 +1.8213e-01 -6.8286e-01 +1.9711e-01 +1.8943e+00 +7.1707e-01 +1.4043e-01 -3.3297e+00 -1.2865e+00 +2.2289e+00 +1.5174e+00 -1.8632e+00
110 0 +3.647127550e+02 +3.783527550e+02 +3.783527550e+02 +1.0883e+00 +2.4735e+00 -1.5205e-01 +1.0040e+00 +2.1346e+00 -3.8356e-01 +2.7608e-01 +3.2774e-01 -1.5517e+00 +4.1906e-01 +1.1373e+00 -2.3408e-02 -5.5436e-01 -3.8234e+00 +1.1436e-01 +6.4612e-02 -1.5525e+00 -1.7633e+00 +4.3747e-01 -6.4740e-01
211 0 +3.415299641e+02 +3.551699641e+02 +3.551699641e+02 +2.3218e+00 -1.5515e+00 +6.5725e-01 -4.9511e-01 +2.8180e-01 -3.4154e-01 -4.2839e-01 -1.6324e+00 +1.2695e+00 -1.7054e+00 -1.9206e+00 -2.6303e-01 +8.8173e-02 +2.6568e-01 +1.5117e+00 +3.7109e-01 -3.0500e+00 +5.0976e-01 -1.5976e+00 +1.6586e-01
246 0 +3.354421834e+02 +3.490821834e+02 +3.490821834e+02 +9.5964e-01 +1.9612e+00 +4.7087e-01 +1.9766e-01 +2.4671e-01 +7.4254e-01 +5.1911e-01 +5.4973e-01 -1.5495e+00 +1.7357e+00 +1.4774e-02 -5.4469e-01 +1.9009e+00 -4.9508e-01 +1.0543e-01 -2.0539e+00 -9.8764e-01 +5.8275e-01 +2.4608e-01 -1.2999e+00
275 0 +3.133210194e+02 +3.269610194e+02 +3.269610194e+02 -4.8037e-01 +6.9720e-01 +1.6287e+00 +1.8837e+00 -4.7299e-01 -1.3513e+00 -1.0007e+00 -9.3707e-01 +1.3235e+00 +4.2905e-02 -3.1939e+00 +5.0237e-01 +7.0636e-01 -3.8392e-01 -9.8761e-01 +1.4975e+00 -5.2886e-01 -4.8399e-01 -1.4649e+00 -1.7213e+00
284 0 +3.087611875e+02 +3.224011875e+02 +3.224011875e+02 +3.0870e-01 +1.1426e+00 +1.7363e+00 -2.4665e-01 -5.9864e-01 -1.1258e+00 +7.0214e-01 -1.6617e+00 -2.7597e+00 -7.3300e-02 -9.0928e-01 +1.1067e+00 +2.8829e-01 -1.1281e+00 +1.2767e-01 -5.2726e-01 -9.7463e-01 -9.2629e-01 +8.8716e-01 +8.1880e-01
309 0 +2.851997894e+02 +2.988397894e+02 +2.988397894e+02 +9.8450e-01 +3.9024e-01 +7.2911e-01 -1.4325e+00 -5.7472e-01 +4.3166e-01 +1.1976e+00 -6.9562e-01 +8.7861e-01 +7.5809e-01 -4.8972e-01 +1.7376e+00 -4.1466e-01 -7.7970e-01 -2.3969e-01 -3.2814e-01 +1.6895e+00 +1.7908e+00 -2.8831e+00 -1.6398e-01
335 0 +2.768659570e+02 +2.905059570e+02 +2.905059570e+02 +1.8833e-01 +1.1426e+00 +1.7363e+00 -3.7234e-01 -6.4739e-01 -1.2596e+00 +7.0214e-01 -1.3940e+00 -2.7597e+00 -1.0263e-01 -9.0928e-01 +1.2829e+00 +2.8829e-01 -1.3053e+00 +3.9895e-02 -5.2726e-01 -9.7469e-01 -9.2629e-01 +8.6331e-01 +8.1880e-01
344 0 +2.422291021e+02 +2.558691021e+02 +2.558691021e+02 +1.2726e+00 +8.4103e-01 +1.3045e+00 +8.6821e-01 +6.6756e-01 +3.5239e-01 -5.4055e-01 -1.3271e+00 -6.8457e-01 -1.4807e+00 -3.4785e-01 +7.5410e-01 -1.0171e+00 -2.8827e+00 +1.7693e+00 +4.2418e-01 -2.8719e+00 -1.7439e+00 +9.0381e-01 +1.3469e+00
415 0 +2.089067647e+02 +2.225467647e+02 +2.225467647e+02 +5.7952e-01 +8.2406e-01 +1.2894e+00 -2.1126e-01 -4.9312e-01 -3.5212e-01 +7.0027e-01 -1.6651e+00 -1.9729e+00 -7.7668e-01 -1.0856e+00 +9.2369e-01 -3.8698e-02 -9.0828e-01 +5.4808e-01 -2.6130e-01 -1.0478e+00 -2.5462e-01 +5.7139e-01 +1.0836e+00
585 0 +1.924428679e+02 +2.060828679e+02 +2.060828679e+02 +1.0447e-01 +9.9721e-01 +1.1939e+00 +1.4035e+00 -6.4951e-01 -2.2901e-01 -7.1173e-01 -1.1501e+00 +2.2581e-01 -5.7571e-01 -1.7393e+00 +1.0568e-01 +4.4488e-03 -1.1179e+00 +7.4376e-01 +4.0927e-01 -1.6014e+00 -1.3235e+00 +4.4487e-02 -5.6400e-02
798 0 +1.836243853e+02 +1.972643853e+02 +1.972643853e+02 +4.5685e-01 +7.3505e-01 +1.6684e+00 +1.1056e+00 -5.1476e-01 -3.0056e-01 -5.2616e-01 -1.1684e+00 -7.2084e-01 -6.9874e-01 -1.4116e+00 +4.6668e-01 -6.3635e-03 -1.4632e+00 +8.6436e-01 +2.9102e-01 -1.8148e+00 -1.3768e+00 +6.4185e-01 +6.5514e-01
856 0 +1.701848528e+02 +1.838248528e+02 +1.838248528e+02 +3.5464e-01 +9.3626e-01 +1.3341e+00 +5.6305e-01 -3.7572e-01 -3.1470e-01 -8.8433e-02 -1.5115e+00 -7.1374e-01 -6.1806e-01 -1.3618e+00 +5.6918e-01 +6.6200e-03 -1.2801e+00 +6.1651e-01 +1.5929e-02 -1.4739e+00 -1.0370e+00 +2.7063e-01 +4.9456e-01
1089 0 +1.688143814e+02 +1.824543814e+02 +1.824543814e+02 +5.6954e-01 +8.9072e-01 +1.7772e+00 +1.6400e-01 -3.4520e-01 -3.3241e-01 +2.8117e-01 -1.4389e+00 -1.2853e+00 -6.5448e-01 -1.1197e+00 +9.2482e-01 -1.1575e-01 -1.4815e+00 +1.1268e+00 +2.5003e-01 -1.6015e+00 -9.6260e-01 +8.8854e-01 +1.0082e+00
1730 0 +1.657041495e+02 +1.793441495e+02 +1.793441495e+02 +2.6352e-01 +1.0619e+00 +1.3213e+00 +5.6787e-01 +3.0232e-01 -5.0156e-01 +1.8466e-01 -9.9513e-01 -8.2252e-01 -5.2841e-01 -1.0782e+00 +7.3640e-01 +3.2289e-01 -1.0114e+00 +3.4002e-01 +5.9016e-02 -1.4179e+00 -8.7254e-01 +6.3693e-01 +1.5929e-01
2121 0 +1.527924491e+02 +1.664324491e+02 +1.664324491e+02 +4.0681e-01 +1.0748e+00 +1.4685e+00 +5.6437e-01 -4.3819e-02 -2.6758e-01 -6.6712e-02 -1.1386e+00 -9.6907e-01 -5.4520e-01 -1.0885e+00 +7.8379e-01 +8.5215e-02 -1.2345e+00 +7.8218e-01 +2.0344e-01 -1.4047e+00 -9.3979e-01 +5.4655e-01 +5.8676e-01
5118 0 +1.366152713e+02 +1.502552713e+02 +1.502552713e+02 +1.3957e-01 +1.0405e+00 +1.1443e+00 +6.7528e-01 -8.7738e-02 -2.1272e-01 -1.4720e-01 -1.0482e+00 -1.0282e+00 -6.4890e-01 -1.1154e+00 +6.4546e-01 +1.1150e-02 -1.1392e+00 +4.7176e-01 +5.2853e-02 -1.8091e+00 -9.0006e-01 +8.2955e-01 +6.5557e-01
% f evaluations | g evaluations | best noise-free fitness - Fopt (1.948000000000e+02) + sum g_i+ | measured fitness | best measured fitness or single-digit g-values | x1 | x2...
1 0 +5.231743762e+02 +7.179743762e+02 +7.179743762e+02 -6.3985e-01 +3.7641e-01 -5.5552e-01 +3.0660e+00 -1.8012e-01 +2.5749e+00 +1.0665e+00 +4.9718e-02 +2.4616e+00 -3.5762e+00 -1.3714e+00 +1.2561e+00 -1.7552e-01 -1.7039e+00 -1.0427e-01 -3.7504e+00 +9.9872e-01 -8.7136e-01 -3.1738e+00 -1.0355e+00
106 0 +5.074091604e+02 +7.022091604e+02 +7.022091604e+02 -1.0844e+00 +2.5645e+00 +2.5228e-01 +9.1431e-01 +7.2828e-01 +1.7555e-01 +1.2667e+00 +2.4627e+00 +2.1008e+00 -7.8073e-01 +1.5275e+00 +1.7398e+00 -2.2645e+00 -2.6611e+00 +2.1379e+00 -1.6084e+00 +1.2011e+00 -3.2943e-01 -1.7978e+00 -9.5311e-01
111 0 +4.975845464e+02 +6.923845464e+02 +6.923845464e+02 -3.7635e-01 +1.4404e+00 +4.7532e+00 -5.9900e-01 +1.2889e+00 +8.1397e-02 -1.5611e+00 -7.5739e-01 -2.0286e+00 -2.9816e+00 -2.3059e+00 +3.3732e-01 -8.5549e-01 +3.7831e+00 -2.9426e+00 -1.1194e+00 +1.7681e-01 -1.3398e+00 +2.7685e+00 +4.8566e+00
114 0 +4.434087340e+02 +6.382087340e+02 +6.382087340e+02 -3.0623e+00 +1.9036e+00 +2.7574e-01 +1.4867e+00 -2.3932e+00 +1.3638e+00 +8.3247e-02 +1.5474e+00 +2.3369e+00 -6.9280e-01 +1.6995e+00 +9.0525e-01 +4.9888e-01 -1.4264e+00 +1.2050e+00 -7.6687e-01 -5.6007e-01 +1.9009e-01 +1.6590e+00 +1.5844e+00
134 0 +4.213379854e+02 +6.161379854e+02 +6.161379854e+02 -1.9046e+00 +3.8953e+00 +2.7416e+00 -2.7800e+00 -1.1435e+00 -2.4174e+00 +2.2207e+00 -6.5660e-01 -1.5374e+00 +1.3166e+00 -2.4872e+00 +1.9698e+00 +2.1649e+00 +7.9424e-01 -5.0144e-01 -1.8911e+00 -3.5442e+00 -1.0633e+00 +2.4893e+00 +6.8809e-01
139 0 +3.961644822e+02 +5.909644822e+02 +5.909644822e+02 -7.1200e-01 -1.9298e+00 -3.6172e+00 +1.2925e-01 -3.3920e-01 +3.0619e+00 -2.9173e+00 +1.0451e-02 +5.4709e-01 +3.1049e+00 +1.7926e-01 -1.4168e+00 +6.9409e-01 -1.9008e+00 +1.5058e+00 -9.2264e-01 -6.0326e-01 -1.6187e+00 -1.4142e+00 -2.5641e+00
162 0 +3.474910122e+02 +5.422910122e+02 +5.422910122e+02 -4.7650e-01 +1.2194e-01 +2.6375e+00 -1.3375e-01 +2.7473e+00 -8.8812e-01 +8.6804e-01 -9.9725e-01 -7.2784e-01 -7.2802e-01 -9.1335e-01 -1.0603e+00 +3.6147e+00 +1.1387e+00 +1.1550e+00 +1.1829e+00 -1.4935e+00 -2.3509e-01 +3.0546e+00 +1.0978e+00
223 0 +3.090569789e+02 +5.038569789e+02 +5.038569789e+02 +1.8156e-01 -2.3358e+00 -9.9120e-01 +6.2876e-01 -4.4617e-01 +3.2553e+00 -3.1179e+00 +1.5266e+00 +5.9949e-01 +2.0200e+00 -7.0848e-01 -1.4556e+00 +8.5864e-02 -1.3018e+00 +5.1794e-01 -2.0930e+00 +3.4216e-01 -1.1648e+00 -3.8800e-01 -1.7276e+00
287 0 +2.705690750e+02 +4.653690750e+02 +4.653690750e+02 +6.2446e-02 -1.9064e+00 -1.6879e+00 +2.9438e+00 -1.5458e+00 +1.4228e+00 -2.5456e-01 +2.2800e-01 +6.9351e-01 -1.7046e+00 +1.0014e-01 +1.2848e-01 -1.2357e-01 -4.2915e-01 +5.0486e-01 -3.7518e+00 +4.5252e-01 -6.4192e-01 -5.3446e-01 -1.2472e+00
309 0 +2.674904479e+02 +4.622904479e+02 +4.622904479e+02 -8.5491e-01 +1.3746e+00 +1.6738e+00 -2.6092e-01 +1.0273e+00 -8.1870e-01 +7.6744e-01 -7.5803e-01 -6.6731e-01 -1.4591e+00 -7.9902e-01 -8.1605e-02 +1.2225e+00 +5.1995e-01 +1.0560e+00 +2.6265e-01 -1.1180e+00 +5.0889e-01 +1.7730e+00 +7.1678e-01
343 0 +2.403289301e+02 +4.351289301e+02 +4.351289301e+02 +4.5777e-03 -1.4031e+00 -1.3077e+00 +2.3011e+00 -1.8541e+00 +1.8325e-01 -9.0357e-02 -1.1802e-01 +6.0566e-01 +1.5969e-01 +8.4614e-01 -5.0398e-01 -3.9770e-01 +4.2965e-01 -8.1537e-01 -3.6767e+00 +7.7480e-01 +1.3637e-01 -5.1132e-01 -4.6824e-01
426 0 +2.369483836e+02 +4.317483836e+02 +4.317483836e+02 +4.0581e-01 -3.0442e-01 -1.0670e+00 +2.0385e-01 -1.5714e+00 +7.9362e-01 -6.1866e-02 +3.3642e-01 +1.5081e-01 +1.8245e+00 +8.6730e-01 -3.2872e-01 +3.4142e-01 -3.3441e-01 -4.3404e-01 -7.9671e-01 +1.0890e+00 -4.8802e-01 -3.8384e-01 +4.0489e-02
458 0 +2.340412227e+02 +4.288412227e+02 +4.288412227e+02 -5.2658e-02 -1.8909e+00 -1.6204e+00 +1.2884e+00 -1.4227e+00 +7.5470e-01 -1.1952e+00 -1.1986e-01 +3.6671e-01 +9.6804e-01 +8.0186e-01 -7.6878e-01 +4.6271e-01 +1.1770e-01 -8.1884e-02 -3.0675e+00 +2.0368e-01 -3.8386e-01 +6.5358e-01 -1.5499e+00
567 0 +2.075413355e+02 +4.023413355e+02 +4.023413355e+02 -2.0358e-01 -8.7260e-01 -7.7881e-01 +7.0436e-01 -1.0396e+00 +9.6019e-01 -1.2816e+00 +1.2409e-01 +1.9268e-01 +5.5242e-01 -1.7045e-01 -5.5728e-01 -8.7191e-02 -1.2311e-01 +2.1184e-01 -2.2214e+00 +2.6897e-05 -1.7998e-01 +3.5267e-01 -1.0733e+00
655 0 +1.903987372e+02 +3.851987372e+02 +3.851987372e+02 +1.3518e-01 -1.2950e+00 -9.7159e-01 +1.9021e+00 -1.5361e+00 +8.7493e-01 -3.2942e-01 +6.6215e-02 +4.4281e-01 +1.8732e-02 +4.4534e-01 -4.8337e-01 -6.9731e-02 +1.1272e-01 -2.2960e-01 -3.1687e+00 +6.1076e-01 -6.4055e-02 -2.1332e-01 -2.9922e-01
787 0 +1.801212833e+02 +3.749212833e+02 +3.749212833e+02 -8.1197e-02 -1.3196e+00 -1.1736e+00 +6.0291e-01 -1.1327e+00 +9.9570e-01 -1.3060e+00 +1.9139e-02 +5.1999e-01 +7.5202e-01 +3.0588e-01 -6.7033e-01 +3.8139e-01 -4.2690e-04 -4.7677e-02 -2.3171e+00 +6.7781e-02 -4.5169e-01 +3.5727e-01 -1.2710e+00
2250 0 +1.743173349e+02 +3.691173349e+02 +3.691173349e+02 +2.4380e-01 -1.5933e+00 -1.0819e+00 +1.4177e+00 -1.2427e+00 +9.1589e-01 -8.2595e-01 +1.6899e-01 +6.4091e-01 +7.5294e-01 +4.5992e-01 -9.9803e-01 +3.6942e-01 -1.3739e-01 -4.1102e-02 -2.3160e+00 +5.5416e-01 -2.1204e-01 -2.5977e-01 -8.7947e-01
2341 0 +1.654994491e+02 +3.602994491e+02 +3.602994491e+02 +5.9975e-03 -1.6108e+00 -1.0422e+00 +1.1314e+00 -1.2298e+00 +1.1116e+00 -8.0494e-01 -2.1437e-01 +4.2110e-01 +9.4250e-01 +1.1226e-01 -9.7533e-01 +4.0132e-01 -1.4246e-01 +5.5105e-02 -2.4396e+00 +6.6420e-01 -3.8588e-01 -1.8062e-01 -9.7896e-01
3706 0 +1.510441271e+02 +3.458441271e+02 +3.458441271e+02 -8.3776e-02 -1.4663e+00 -1.3382e+00 +8.3493e-01 -1.1498e+00 +1.0816e+00 -9.5213e-01 -3.9581e-01 +5.0398e-01 +1.0293e+00 +4.4935e-01 -5.9129e-01 +1.8045e-01 -1.0185e-01 +7.2414e-02 -2.1916e+00 +6.6590e-01 -1.4797e-01 -2.2641e-02 -1.1185e+00
4252 0 +1.423052686e+02 +3.371052686e+02 +3.371052686e+02 +3.1362e-02 -1.4084e+00 -1.2929e+00 +9.3350e-01 -1.3376e+00 +1.1401e+00 -1.0067e+00 -2.4786e-01 +4.6898e-01 +7.5524e-01 +6.4510e-01 -5.8857e-01 +2.8343e-01 -1.1702e-01 +2.3854e-01 -2.1150e+00 +8.2827e-01 -3.9552e-01 -6.5720e-02 -9.8631e-01
8537 0 +1.365974751e+02 +3.313974751e+02 +3.313974751e+02 +5.5559e-02 -1.5507e+00 -1.2606e+00 +9.4685e-01 -1.2841e+00 +1.4005e+00 -9.8605e-01 -5.0776e-01 +5.9811e-01 +9.5180e-01 +7.2584e-01 -5.2078e-01 +1.4577e-01 +1.3100e-01 +2.7244e-01 -1.9879e+00 +9.3046e-01 +1.7895e-01 -4.8066e-02 -1.2799e+00
14482 0 +1.344092619e+02 +3.292092619e+02 +3.292092619e+02 +4.6974e-01 -1.4130e+00 -1.1862e+00 +8.6080e-01 -1.3841e+00 +1.1530e+00 -1.0617e+00 -6.4790e-01 +6.4851e-01 +8.5052e-01 +7.7370e-01 -8.9633e-01 -1.4215e-01 +2.1387e-01 +4.7151e-01 -1.8928e+00 +1.0084e+00 +2.8017e-01 -9.3458e-02 -1.2399e+00
15437 0 +1.219285249e+02 +3.167285249e+02 +3.167285249e+02 +3.5789e-01 -1.3243e+00 -1.0618e+00 +9.2304e-01 -1.5931e+00 +1.1597e+00 -1.1430e+00 -7.3202e-01 +6.7053e-01 +7.6637e-01 +8.7334e-01 -7.3368e-01 +6.4605e-02 +2.0575e-01 +4.3319e-01 -1.8707e+00 +1.1821e+00 +2.7373e-01 -2.5655e-01 -1.3936e+00
% f evaluations | g evaluations | best noise-free fitness - Fopt (-1.335900000000e+02) + sum g_i+ | measured fitness | best measured fitness or single-digit g-values | x1 | x2...
1 0 +9.416494997e+02 +8.080594997e+02 +8.080594997e+02 -4.3939e+00 -1.8847e+00 +4.2802e+00 -4.0121e+00 +1.4581e+00 +4.9634e+00 +3.2372e+00 -4.0004e+00 +8.3295e-01 +4.0960e+00 -1.8680e+00 -2.9388e+00 +4.5745e+00 +1.5271e+00 +3.2258e+00 +7.6750e-01 -1.5952e+00 -1.1531e+00 -4.3567e+00 +4.3265e+00
2 0 +8.255430838e+02 +6.919530838e+02 +6.919530838e+02 -3.0425e+00 -2.2670e+00 -2.7429e+00 +4.6292e+00 +4.2870e+00 -4.5541e-01 +2.2507e+00 -1.8858e+00 +3.5339e+00 -1.2959e+00 -3.7490e+00 -1.8761e+00 -4.7381e+00 -1.0587e-02 +3.8573e-01 +2.0065e+00 -2.8777e+00 +2.1597e+00 -4.3566e+00 +2.4675e+00
3 0 +5.432611954e+02 +4.096711954e+02 +4.096711954e+02 +2.6175e+00 +2.2162e+00 -2.2584e+00 +1.6910e-01 -4.1187e+00 +2.8133e+00 -2.5271e+00 +3.6456e+00 +2.9459e+00 -2.9100e+00 -3.7633e-01 +2.0415e+00 +1.1770e+00 +9.0897e-01 +9.2577e-01 +1.2549e-01 +2.0640e+00 +3.5536e+00 +1.3602e+00 +1.5710e-01
11 0 +5.045439667e+02 +3.709539667e+02 +3.709539667e+02 -1.3671e+00 +4.4392e-02 +2.5646e+00 -3.9156e+00 +5.4286e-01 -2.9244e+00 +4.9061e-01 +1.1155e+00 +2.9673e+00 -3.4849e+00 +2.0861e+00 +1.4301e+00 +1.2863e+00 -7.7179e-01 -3.3535e+00 +1.6999e-01 +6.9146e-01 +5.7743e-01 +2.5060e+00 -1.6036e+00
87 0 +4.487084158e+02 +3.151184158e+02 +3.151184158e+02 -3.4853e+00 +3.4563e-01 +4.0638e+00 +3.3810e+00 +4.9040e+00 -3.2004e+00 +1.5664e+00 +1.4457e+00 -1.2675e+00 -2.2956e-02 -1.2203e+00 -7.9438e-01 +1.2324e+00 +2.6426e+00 -2.3910e-01 +8.7872e-01 -5.1114e-01 -5.9894e-02 -4.5785e+00 -2.3241e+00
104 0 +3.912305405e+02 +2.576405405e+02 +2.576405405e+02 +2.0739e-02 +7.1785e-01 -2.7580e+00 -3.7684e+00 +2.4292e+00 -3.2009e-01 +2.1627e+00 -1.2691e+00 +8.6997e-01 +1.2406e+00 +2.4568e-01 -6.0104e-01 -7.5374e-01 -7.8904e-01 +1.7793e+00 -1.9416e-01 +2.0870e+00 +7.8887e-01 -2.3022e+00 -6.1026e-01
128 0 +3.020542219e+02 +1.684642219e+02 +1.684642219e+02 -1.0150e+00 -1.1827e+00 -9.0656e-02 +1.2622e+00 +7.1109e-01 -1.4046e+00 -9.9091e-01 +2.4854e+00 +1.2772e+00 -1.2814e+00 +1.3915e+00 -2.5653e+00 -7.6894e-01 +1.2942e+00 +6.4871e-01 +1.5404e+00 -2.6605e+00 +1.1354e+00 -2.0622e+00 +3.1982e+00
235 0 +2.892787712e+02 +1.556887712e+02 +1.556887712e+02 -1.6821e+00 -1.2762e+00 +2.8210e+00 +2.9623e+00 +3.5642e+00 -1.6949e+00 -7.0035e-02 +1.7257e+00 -1.0742e-02 +6.7437e-01 +1.2810e+00 -2.5856e+00 -1.1780e-01 +1.6425e+00 -4.4801e-01 +6.0332e-01 -9.3095e-02 +2.2744e-01 -1.7800e+00 -1.1083e+00
277 0 +2.787816304e+02 +1.451916304e+02 +1.451916304e+02 -1.2370e+00 -9.5661e-01 +2.0669e+00 +2.3624e+00 +9.2650e-01 -1.4922e+00 -1.6925e+00 +1.3418e+00 -7.6670e-01 -2.2511e-01 -1.3829e+00 -2.6199e+00 +1.3287e+00 +1.9782e+00 +5.3340e-01 +7.4438e-01 -2.6011e+00 -5.7228e-01 -4.0639e+00 -2.3133e-01
304 0 +2.739753836e+02 +1.403853836e+02 +1.403853836e+02 -1.5652e+00 -1.4824e+00 +9.1968e-01 +8.3157e-01 +2.0581e+00 -2.0425e+00 -1.1150e+00 -7.2609e-01 -7.9388e-01 -7.4551e-02 -6.4764e-03 -1.7581e+00 -2.6654e-01 +7.7524e-01 +8.7900e-02 +8.2391e-01 -1.2628e+00 +1.0616e-01 +8.7690e-01 -2.7140e+00
310 0 +2.645504226e+02 +1.309604226e+02 +1.309604226e+02 +6.6616e-02 -2.5781e+00 +1.0269e+00 +2.8318e-01 -3.7174e-01 +5.6989e-02 -1.7365e+00 +1.1226e+00 -1.8530e-01 -6.8994e-01 -1.8937e-01 -2.0767e+00 -4.7121e-01 +3.0206e-01 +7.1158e-01 +1.7166e+00 -2.9055e+00 -4.2613e-01 +6.1017e-01 +2.8458e-01
318 0 +2.463832258e+02 +1.127932258e+02 +1.127932258e+02 -8.9755e-01 -1.4142e-01 -1.2165e-01 +1.3543e+00 +1.2611e+00 -1.2180e+00 -1.0317e+00 +6.1144e-01 +2.7040e-01 -1.2433e+00 +1.0998e+00 -8.3695e-01 +4.1499e-01 +1.5500e+00 -1.6269e-01 -4.3977e-02 -6.9158e-01 +1.6104e+00 -2.2713e+00 +2.0148e+00
343 0 +2.340294162e+02 +1.004394162e+02 +1.004394162e+02 -2.1543e-01 +1.3978e-01 +1.6393e+00 +1.2460e+00 +9.5078e-01 -2.1045e+00 -2.6155e-01 +1.0228e+00 -1.3388e-01 -1.6957e-01 +7.5927e-02 -1.0485e+00 +4.5402e-01 +9.7885e-01 -2.0758e-02 +2.2897e-01 -1.9711e+00 -2.1397e-01 -1.4836e+00 -1.3731e+00
345 0 +2.072354146e+02 +7.364541459e+01 +7.364541459e+01 -1.1815e+00 -6.2476e-01 +2.0099e+00 +2.3398e+00 +1.8510e+00 -2.0591e+00 -1.3745e+00 +1.0018e+00 -5.1058e-01 -4.8770e-01 +4.8576e-02 -2.0729e+00 +7.0094e-01 +1.9557e+00 +6.0256e-01 +4.2209e-01 -2.1128e+00 +3.6515e-01 -2.9024e+00 +9.4664e-01
403 0 +1.983050488e+02 +6.471504878e+01 +6.471504878e+01 -9.5013e-01 -1.1665e+00 +9.9547e-01 +1.4514e+00 +2.2066e+00 -8.1709e-01 -1.6881e+00 +9.7339e-01 -1.0936e+00 -1.0614e+00 +1.3564e-01 -1.8815e+00 +8.9972e-01 +1.0395e+00 -7.2059e-01 +5.1794e-01 -1.8769e+00 -2.4209e-01 -8.8123e-01 -1.0593e+00
554 0 +1.819953769e+02 +4.840537692e+01 +4.840537692e+01 -1.0273e+00 -1.1665e+00 +9.9547e-01 +1.4514e+00 +2.2066e+00 -8.1709e-01 -1.7015e+00 +9.9172e-01 -1.1474e+00 -1.1346e+00 +1.3564e-01 -1.9699e+00 +9.1923e-01 +1.1264e+00 -7.2059e-01 +3.0238e-01 -1.8900e+00 -2.4209e-01 -9.8217e-01 -1.0593e+00
558 0 +1.783138623e+02 +4.472386229e+01 +4.472386229e+01 -1.4274e+00 -1.1488e+00 +7.6856e-01 +1.2820e+00 +1.3355e+00 -1.4074e+00 -1.3219e+00 +7.1296e-01 -6.8931e-01 -4.6462e-01 -3.6806e-03 -2.0016e+00 +2.4670e-01 +1.2774e+00 +8.8178e-02 +1.1985e+00 -1.7568e+00 +1.8116e-01 -9.5469e-01 -1.1556e+00
772 0 +1.689786178e+02 +3.538861778e+01 +3.538861778e+01 -1.4006e+00 -1.6369e+00 +7.8561e-01 +1.6329e+00 +1.9277e+00 -1.3296e+00 -1.0173e+00 +6.7546e-01 -4.7805e-01 -6.1527e-01 +9.8888e-01 -1.9187e+00 +2.0212e-01 +1.1126e+00 -6.3954e-01 +1.1081e+00 -2.0477e+00 +1.6873e-02 -5.4830e-01 -8.2095e-01
854 0 +1.219831540e+02 -1.160684601e+01 -1.160684601e+01 -9.7490e-01 -1.2443e+00 +1.5599e+00 +1.8167e+00 +2.3660e+00 -1.1116e+00 -1.5212e+00 +8.4258e-01 -8.6738e-01 -8.7726e-01 +5.8627e-01 -1.9942e+00 +6.8589e-01 +1.0245e+00 -7.0244e-01 +5.3799e-01 -1.7898e+00 +3.0469e-02 -7.7453e-01 -1.0003e+00
1454 0 +1.178758141e+02 -1.571418592e+01 -1.571418592e+01 -7.9837e-01 -1.1752e+00 +1.3505e+00 +1.6561e+00 +1.9967e+00 -1.2873e+00 -1.3914e+00 +7.9458e-01 -6.8886e-01 -8.2810e-01 +5.8896e-01 -1.7491e+00 +3.0564e-01 +1.0096e+00 -6.5382e-01 +6.0863e-01 -1.6137e+00 +3.0685e-02 -6.1567e-01 -8.3414e-01
% f evaluations | g evaluations | best noise-free fitness - Fopt (1.741400000000e+02) + sum g_i+ | measured fitness | best measured fitness or single-digit g-values | x1 | x2...
1 0 +9.382491659e+02 +1.112389166e+03 +1.112389166e+03 -1.5575e+00 -1.6006e+00 -4.3335e+00 -4.9217e+00 +1.9900e+00 -2.6164e+00 +4.0153e-01 -2.8238e+00 -1.4028e+00 +3.9609e+00 -4.7067e+00 +4.3111e+00 -1.4358e+00 -1.5101e+00 +2.6035e+00 +2.5511e+00 +2.7566e+00 -2.9085e+00 -1.3814e+00 -3.6639e+00
2 0 +7.597126134e+02 +9.338526134e+02 +9.338526134e+02 +2.2603e+00 -4.5552e+00 -3.7939e+00 +1.6972e+00 -1.6836e+00 -9.2953e-01 -1.2526e+00 -3.4060e+00 -1.6339e+00 -1.7368e+00 +3.8771e+00 -8.4526e-01 +9.6085e-01 -4.9936e-01 +2.8373e+00 +4.7699e+00 -4.4477e+00 -8.9205e-01 -2.0479e+00 -2.1954e+00
5 0 +6.646374478e+02 +8.387774478e+02 +8.387774478e+02 -3.3742e+00 -4.1985e+00 -3.1213e+00 -1.0428e+00 -4.8317e+00 +2.5116e+00 -1.3475e+00 -3.2667e+00 -4.7477e-01 +2.2580e+00 -1.5944e+00 +1.4555e+00 +1.7506e+00 -4.8051e+00 -1.5770e+00 -3.3429e+00 -4.5995e+00 +1.3752e+00 +3.9819e+00 -1.8578e+00
7 0 +5.332476046e+02 +7.073876046e+02 +7.073876046e+02 -2.3398e+00 +9.0544e-01 -2.2280e+00 +4.1169e-01 -1.0029e+00 -1.3433e-01 -3.7936e+00 +2.8564e+00 -4.6861e+00 +5.5650e-01 +5.2077e-01 +1.8828e+00 -9.3629e-02 -1.3990e+00 +3.2368e+00 -8.1337e-01 +3.1371e+00 +1.5490e+00 +2.9813e+00 -1.5295e+00
105 0 +3.794375287e+02 +5.535775287e+02 +5.535775287e+02 +2.9782e+00 -1.7162e-01 +9.8619e-01 +2.4740e-01 -9.0222e-01 -1.8860e+00 +1.5342e+00 +2.0032e+00 -9.4429e-01 -1.1340e+00 +1.5029e+00 -4.1209e+00 +7.2432e-01 -1.8093e+00 -6.1574e-01 -1.1764e+00 +7.1582e-01 -2.3344e+00 +2.6396e+00 +2.1697e+00
124 0 +3.296014717e+02 +5.037414717e+02 +5.037414717e+02 -1.9862e+00 -3.9248e+00 +1.2755e-01 -2.0103e+00 -1.6131e+00 +2.0836e+00 +7.6639e-01 -3.8028e+00 -1.1275e+00 +2.3430e+00 +8.3673e-01 -1.1218e+00 +1.9411e+00 -5.5312e-01 +1.5439e+00 -1.3305e+00 -4.6325e-01 +1.8339e+00 +1.7846e+00 -1.8097e+00
201 0 +3.160884562e+02 +4.902284562e+02 +4.902284562e+02 -8.6143e-01 -2.5105e-01 -1.2505e+00 +1.3029e+00 +1.2701e-01 +1.2261e+00 +2.4341e+00 -4.4143e-01 -1.4687e+00 +7.2490e-01 -1.4777e+00 -4.6642e-01 +1.7467e-01 -2.2943e+00 +5.1974e-01 -6.3291e-01 -1.1827e+00 -5.2293e-01 +8.6200e-01 -1.9413e+00
213 0 +2.764678201e+02 +4.506078201e+02 +4.506078201e+02 -1.2688e+00 -2.2641e+00 +1.4596e+00 +4.5342e-02 -1.0417e+00 +7.8650e-01 +7.4072e-02 -1.7481e+00 -4.3678e-01 -5.0139e-01 -6.2748e-01 -1.4545e+00 +1.4356e+00 -1.2138e+00 -1.4672e+00 -9.0200e-01 +1.0512e+00 -2.1092e+00 +1.5612e-01 -1.6371e+00
313 0 +2.730603833e+02 +4.472003833e+02 +4.472003833e+02 -1.7849e+00 -1.8749e+00 -8.6215e-01 -1.5875e+00 -3.3687e-01 +1.4667e+00 +4.9134e-01 -9.9064e-01 -1.3019e+00 +1.1163e+00 -3.1470e-01 -1.1065e+00 +2.5029e+00 +2.0458e-01 -1.2708e+00 -9.1583e-01 +1.1484e+00 -5.8335e-01 -2.8947e-01 +6.3647e-01
334 0 +2.622429221e+02 +4.363829221e+02 +4.363829221e+02 +4.3485e-01 -2.9065e+00 +1.6341e-01 -5.3168e-01 -3.6888e-01 -8.7443e-01 +1.1257e+00 -1.9483e+00 -1.8459e+00 +4.3898e-01 +1.8682e+00 -5.1537e-01 +5.6797e-01 +1.4869e-01 +3.0071e-01 +3.5465e-01 +7.0821e-02 +1.3410e+00 +6.0516e-01 +1.9298e-01
384 0 +2.447340679e+02 +4.188740679e+02 +4.188740679e+02 -1.2325e+00 +1.4271e-01 -1.9042e+00 -1.2253e-01 +2.4628e-01 +8.2372e-01 -2.3509e-01 +7.7152e-01 -4.6800e-03 +5.6669e-01 -3.3702e-01 -7.4793e-01 +4.8856e-01 -5.6130e-01 -3.2608e-01 -1.4636e-01 +1.5863e+00 +2.4533e-01 +1.7384e+00 +1.0642e+00
400 0 +2.364239016e+02 +4.105639016e+02 +4.105639016e+02 -2.2123e+00 -1.1027e+00 -1.1693e+00 -5.5996e-01 -8.1809e-01 +1.3422e+00 -8.6375e-01 -1.2164e-01 -5.1521e-01 +6.3397e-01 -6.4684e-01 -1.1874e+00 +1.8227e+00 +4.3646e-01 -2.4685e-02 -9.3344e-01 +1.4989e+00 +1.2229e+00 +1.8235e+00 +1.1769e-01
567 0 +2.282933711e+02 +4.024333711e+02 +4.024333711e+02 -4.8175e-01 -2.2722e+00 -6.9455e-01 -7.0838e-01 -4.2369e-01 -2.5041e-01 +5.0784e-01 -1.3477e+00 -1.4869e+00 +5.4355e-01 +1.2449e+00 -7.4881e-01 +9.8837e-01 -3.6311e-02 -1.7701e-01 -4.8265e-03 -1.7130e-01 +7.6498e-01 +7.7329e-01 +2.1009e-01
576 0 +2.087234795e+02 +3.828634795e+02 +3.828634795e+02 -7.8154e-01 -2.1260e+00 +9.0116e-02 -5.2664e-01 -6.8888e-01 +7.7845e-02 +3.4392e-01 -1.4690e+00 -9.1592e-01 -6.9270e-02 +5.7878e-01 -6.8723e-01 +1.0600e+00 -1.0299e+00 -1.5300e-01 -8.6250e-01 +4.4700e-01 +1.1113e-01 +9.7654e-01 -5.4845e-01
605 0 +1.892045223e+02 +3.633445223e+02 +3.633445223e+02 -1.7657e+00 -2.1044e+00 -7.3402e-01 -1.1479e+00 -8.2846e-01 +1.5627e+00 -1.6529e-01 -1.2888e+00 -1.4101e+00 +5.3071e-01 -6.0475e-02 -8.9917e-01 +1.5978e+00 -4.8043e-02 -5.6013e-01 -1.3207e+00 +2.0150e-01 -1.9219e-01 +4.6292e-01 -1.8095e-01
951 0 +1.833959721e+02 +3.575359721e+02 +3.575359721e+02 -1.1569e+00 -1.2843e+00 -8.9355e-01 -8.0224e-01 -6.5627e-01 +6.5841e-01 +3.0562e-01 -9.5789e-01 -8.7105e-01 +5.5477e-01 +7.4476e-02 -9.4409e-01 +1.3352e+00 -4.9912e-01 -3.1185e-01 -5.5874e-01 +1.2337e-01 +5.7462e-01 +1.0413e+00 +6.8986e-02
962 0 +1.815924373e+02 +3.557324373e+02 +3.557324373e+02 -1.1736e+00 -1.3122e+00 -1.0692e+00 -6.9613e-01 -3.6288e-01 +5.3817e-01 +2.7920e-01 -7.4686e-01 -4.6803e-01 +4.4296e-01 -5.6338e-02 -7.0268e-01 +1.2653e+00 -6.2545e-01 -5.6995e-01 -5.3011e-01 +6.3906e-01 +1.2005e-01 +1.0664e+00 +3.6402e-01
1249 0 +1.677772135e+02 +3.419172135e+02 +3.419172135e+02 -1.3091e+00 -1.6765e+00 -6.3791e-01 -6.5314e-01 -5.2829e-01 +6.8782e-01 +3.1161e-02 -9.4690e-01 -5.9446e-01 +5.4204e-01 -1.9977e-01 -8.1012e-01 +1.5808e+00 -4.3573e-01 -4.2794e-01 -6.5974e-01 +6.7168e-01 +6.0183e-01 +1.2925e+00 -2.0168e-02
2698 0 +1.642677886e+02 +3.384077886e+02 +3.384077886e+02 -1.1486e+00 -1.4773e+00 -6.9279e-01 -5.5524e-01 -2.9242e-01 +6.2058e-01 +2.2144e-01 -7.7952e-01 -5.6784e-01 +4.4719e-01 +1.0781e-01 -8.1914e-01 +1.3048e+00 -5.0789e-01 -3.9557e-01 -5.3861e-01 +5.4524e-01 +4.0523e-01 +1.3696e+00 -1.1763e-02
4689 0 +1.602016913e+02 +3.343416913e+02 +3.343416913e+02 -1.5146e+00 -1.4687e+00 -9.0837e-01 -5.3327e-01 -3.3446e-01 +7.7731e-01 +2.9110e-01 -1.0305e+00 -7.2089e-01 +2.1228e-01 -5.6854e-02 -6.3135e-01 +1.6067e+00 -5.0542e-01 -4.6920e-01 -5.9472e-01 +7.8636e-01 +2.8956e-01 +1.1481e+00 +2.3382e-01
7060 0 +1.458147347e+02 +3.199547347e+02 +3.199547347e+02 -1.3925e+00 -1.3582e+00 -1.0114e+00 -7.1193e-01 -3.4960e-01 +1.0603e+00 +3.0362e-01 -1.1314e+00 -6.5037e-01 -4.1290e-02 -1.3585e-02 -8.4901e-01 +1.6459e+00 -5.4695e-01 -7.2902e-01 -4.9308e-01 +6.9538e-01 +3.8515e-01 +1.2846e+00 +1.6010e-01
9436 0 +1.425993350e+02 +3.167393350e+02 +3.167393350e+02 -1.3755e+00 -1.2911e+00 -1.0468e+00 -7.8767e-01 -4.3427e-01 +1.2595e+00 +5.0152e-01 -9.3618e-01 -6.2825e-01 -6.1367e-02 -2.8852e-02 -1.0396e+00 +1.6854e+00 -7.1570e-01 -2.1245e-01 -6.7532e-01 +6.2882e-01 +5.3873e-01 +1.1897e+00 -6.4592e-02
15842 0 +1.388187585e+02 +3.129587585e+02 +3.129587585e+02 -1.4852e+00 -1.2456e+00 -1.2443e+00 -4.0508e-01 -2.7417e-01 +1.3517e+00 +5.6510e-01 -9.0885e-01 -6.2857e-01 -2.8875e-01 +2.4955e-01 -6.3476e-01 +1.5493e+00 -4.8157e-01 -3.7851e-01 -7.6593e-01 +7.0697e-01 +7.7181e-01 +1.1333e+00 +9.3422e-02
18899 0 +1.308101442e+02 +3.049501442e+02 +3.049501442e+02 -1.6306e+00 -9.8549e-01 -1.1008e+00 -5.9898e-01 -6.0368e-01 +1.4184e+00 +6.4857e-01 -1.0039e+00 -7.4397e-01 -3.0835e-01 +2.6880e-01 -9.4011e-01 +1.3960e+00 -5.0001e-01 -3.7482e-01 -6.3070e-01 +9.7368e-01 +8.0504e-01 +9.0802e-01 +1.8472e-01
% f evaluations | g evaluations | best noise-free fitness - Fopt (1.496600000000e+02) + sum g_i+ | measured fitness | best measured fitness or single-digit g-values | x1 | x2...
1 0 +7.261353882e+02 +8.757953882e+02 +8.757953882e+02 +7.2736e-01 -1.7870e+00 +2.9245e+00 +7.6048e-01 +1.6549e-02 -9.4905e-01 +3.1775e+00 -2.1117e+00 +9.5944e-01 -3.1819e+00 +3.4819e+00 -4.3771e+00 +1.1836e+00 -4.8992e+00 +2.1403e+00 -3.7231e+00 -3.9300e+00 +1.8677e+00 +2.9113e-01 +2.2804e+00
3 0 +6.525859353e+02 +8.022459353e+02 +8.022459353e+02 +1.9635e+00 -2.9542e+00 +4.8937e+00 +1.6886e+00 -1.5747e+00 -2.8548e+00 -4.4409e+00 +1.7232e+00 -1.9235e+00 -1.6217e+00 -7.9519e-01 +2.4357e+00 -4.8628e+00 +3.8582e+00 +1.8167e+00 +8.4550e-01 +3.9546e+00 +4.5229e-01 -1.5956e+00 +2.1307e+00
15 0 +5.345211107e+02 +6.841811107e+02 +6.841811107e+02 -3.6111e+00 +2.2357e+00 -2.2778e-01 +2.6975e+00 -2.5690e-01 +1.6996e+00 +2.1232e-01 -3.9623e+00 -2.2405e+00 +2.5084e+00 +4.2713e-01 +2.2449e-01 -4.5964e-01 +3.6217e+00 +2.9088e+00 -2.6244e+00 -7.9510e-01 -4.4057e-01 +3.5576e+00 +1.2091e-01
101 0 +3.819208120e+02 +5.315808120e+02 +5.315808120e+02 +5.9941e-01 +2.0514e-01 -1.5524e-01 -1.9357e+00 -1.7394e+00 -1.4982e+00 -7.4842e-01 +8.5627e-01 +1.0585e+00 -3.5635e-01 -3.1146e+00 +1.5632e+00 -1.3895e+00 +2.3785e+00 -1.1532e-01 +8.6821e-01 +1.1273e+00 +2.6784e+00 +1.9420e+00 +2.2664e+00
107 0 +3.673340120e+02 +5.169940120e+02 +5.169940120e+02 -2.9480e+00 +8.1404e-01 +1.9986e+00 +4.6262e-01 -1.2524e+00 -2.8971e-01 -1.5140e+00 -3.7714e+00 -1.1310e+00 -1.2983e-01 -1.8732e+00 +2.3897e+00 +1.5058e-01 +1.9401e+00 +2.4166e+00 -9.4569e-01 +1.0849e+00 +7.8823e-01 -8.4956e-03 +1.1433e+00
147 0 +3.450405883e+02 +4.947005883e+02 +4.947005883e+02 +6.5203e-02 +2.4083e-02 -5.4346e-01 +2.3099e+00 +8.6091e-01 +1.6532e+00 +6.5946e-01 -2.2028e+00 +8.2337e-01 +1.4873e+00 +1.8537e+00 +2.5649e+00 -1.6672e+00 +8.6089e-01 +2.8462e+00 -4.7993e-01 +1.6166e+00 -3.0151e-01 +7.0052e-01 -1.6498e+00
206 0 +3.113285405e+02 +4.609885405e+02 +4.609885405e+02 -3.4642e+00 -6.3614e-01 +3.3084e+00 +2.6881e+00 +2.0578e+00 +1.4593e+00 +6.3832e-01 +1.5306e+00 +2.1634e+00 +3.4459e-01 -4.3849e-01 -2.0468e-01 +5.7728e-01 -9.3902e-01 +6.7725e-01 -3.9894e-01 +6.2910e-01 -3.5772e+00 -2.9714e+00 +9.7826e-01
302 0 +3.067652450e+02 +4.564252450e+02 +4.564252450e+02 -8.0154e-01 +1.7262e-01 +6.3308e-01 -2.2590e+00 -1.9194e+00 +3.5191e-01 +1.8640e+00 -1.0961e-01 +2.8719e-01 +1.1907e+00 -1.2982e+00 +3.4321e-01 -2.5314e+00 +7.6967e-01 -1.2744e+00 -3.7724e-01 +7.6031e-01 +5.1104e-01 +1.2629e+00 -7.4946e-02
304 0 +2.770041231e+02 +4.266641231e+02 +4.266641231e+02 -3.3028e-01 -7.2473e-01 -2.7999e-01 -8.6908e-01 -7.8144e-01 -1.0713e+00 +1.5651e+00 -3.6075e-01 +1.2995e+00 +8.6749e-02 +4.5621e-01 +3.3637e-02 -8.6659e-01 +1.3556e-01 +3.2007e-01 -8.1762e-01 -8.2147e-01 +1.6997e+00 +9.1917e-01 +6.6236e-01
306 0 +2.753798115e+02 +4.250398115e+02 +4.250398115e+02 -1.3505e+00 +3.6926e-01 +2.8217e-01 -2.1819e-01 -1.1029e+00 -2.7712e-02 -4.0093e-01 -1.1784e+00 +2.5465e-01 +2.6830e-01 -1.5952e+00 +1.4607e+00 -9.7929e-01 +1.8356e+00 +1.1177e+00 -1.2394e+00 +2.5697e-01 +1.8493e+00 +9.3053e-01 +1.8213e+00
326 0 +2.642769980e+02 +4.139369980e+02 +4.139369980e+02 +1.3816e+00 +4.9260e-02 -6.4176e-01 -1.1624e+00 +4.2090e-01 -1.8950e+00 +8.9340e-01 +4.8641e-01 -1.4213e+00 -1.3047e+00 +1.4686e-01 +1.2940e+00 -7.0170e-01 +1.1024e+00 +7.5123e-02 -1.1619e+00 -5.8239e-01 +1.6977e+00 +3.0631e+00 -6.2817e-01
342 0 +2.320085526e+02 +3.816685526e+02 +3.816685526e+02 -6.7926e-01 +8.0268e-01 -2.8195e-01 -2.2346e+00 -1.3483e+00 -9.1217e-01 +1.3225e+00 +1.0707e+00 +5.9112e-01 -2.4295e-01 -5.2461e-01 -6.1557e-03 -1.8037e+00 +1.0741e+00 -1.0785e+00 -8.4108e-01 +2.0627e-02 +1.3718e+00 +1.5121e+00 +1.7191e+00
398 0 +2.181287639e+02 +3.677887639e+02 +3.677887639e+02 +1.3816e+00 +4.9260e-02 -6.4176e-01 -1.1624e+00 +4.2090e-01 -1.8200e+00 +7.0706e-01 +2.8045e-01 -1.4749e+00 -1.3047e+00 +1.0800e-01 +1.3424e+00 -7.0170e-01 +1.1024e+00 +7.5123e-02 -1.1964e+00 -5.6715e-01 +1.6977e+00 +3.0631e+00 -6.2817e-01
530 0 +1.903229529e+02 +3.399829529e+02 +3.399829529e+02 +4.9326e-01 -3.3773e-01 -6.1511e-01 -8.5436e-01 -1.9106e-01 -1.4456e+00 +1.2839e+00 +5.8959e-02 -8.7701e-02 -6.6435e-01 +2.8210e-01 +6.8800e-01 -8.0896e-01 +5.8692e-01 +1.6673e-01 -8.3997e-01 -5.9525e-01 +1.6987e+00 +1.9911e+00 +3.6169e-02
1026 0 +1.822015182e+02 +3.318615182e+02 +3.318615182e+02 +2.1499e-01 -1.3883e-01 -6.0819e-01 -8.3029e-01 -5.4966e-01 -1.3665e+00 +1.1450e+00 +1.2723e-01 -4.9015e-01 -5.2861e-01 +1.6300e-01 +1.0182e+00 -8.4672e-01 +8.1821e-01 -1.5325e-01 -8.0930e-01 -5.1091e-02 +1.3348e+00 +1.8522e+00 -1.5704e-01
1346 0 +1.812153970e+02 +3.308753970e+02 +3.308753970e+02 +1.2575e-01 +4.7649e-01 -5.4411e-01 -1.2124e+00 -7.2693e-01 -1.3492e+00 +1.1076e+00 +9.8026e-03 -4.8147e-01 -1.8995e-01 -2.7657e-01 +8.7492e-01 -1.3585e+00 +7.4678e-01 -2.8737e-01 -1.1539e+00 -4.2319e-02 +1.3056e+00 +1.0977e+00 -2.3458e-01
1836 0 +1.519574333e+02 +3.016174333e+02 +3.016174333e+02 +2.4825e-01 +3.4419e-01 -4.6485e-01 -9.2447e-01 -5.9751e-01 -1.0038e+00 +1.1276e+00 +3.5232e-01 -5.2693e-01 -4.1834e-01 -3.5881e-02 +8.2729e-01 -9.7369e-01 +7.1233e-01 -1.0551e-01 -9.5144e-01 -2.6256e-02 +1.1339e+00 +1.2735e+00 +1.3078e-01
1849 0 +1.501878402e+02 +2.998478402e+02 +2.998478402e+02 +1.6265e-01 +3.5048e-01 -3.9301e-01 -8.5394e-01 -7.7130e-01 -1.2014e+00 +8.1574e-01 -1.6654e-01 -3.7533e-01 -1.8558e-01 +3.4028e-02 +4.8927e-01 -1.2133e+00 +7.9199e-01 -2.3390e-01 -9.8709e-01 -1.1808e-01 +1.2403e+00 +9.2033e-01 +1.5438e-01
3457 0 +1.462026504e+02 +2.958626504e+02 +2.958626504e+02 +9.8252e-02 +3.5052e-01 -4.1329e-01 -8.3197e-01 -6.5622e-01 -1.2021e+00 +8.8351e-01 -1.5841e-01 -3.9447e-01 -1.8472e-01 +2.8088e-03 +6.6205e-01 -9.4940e-01 +9.2166e-01 -2.0629e-01 -8.7799e-01 +5.1882e-02 +1.1829e+00 +1.0619e+00 +3.9850e-01
4921 0 +1.422733879e+02 +2.919333879e+02 +2.919333879e+02 +1.8579e-01 +4.0624e-01 -3.0523e-01 -7.8132e-01 -7.8574e-01 -1.2599e+00 +9.3156e-01 -2.9714e-01 -5.3769e-01 -1.1453e-01 -6.2076e-02 +6.4742e-01 -9.4744e-01 +9.8609e-01 -7.9379e-02 -8.6148e-01 -1.7631e-01 +1.2075e+00 +1.0560e+00 +2.8325e-01
16360 0 +1.371015075e+02 +2.867615075e+02 +2.867615075e+02 +1.5723e-01 +4.7008e-01 -3.8193e-01 -9.1190e-01 -7.9170e-01 -1.4239e+00 +1.4910e+00 -3.8398e-01 -9.7196e-01 -3.2050e-01 -6.2567e-02 +6.7778e-01 -9.8030e-01 +1.0811e+00 +4.9020e-01 -9.7203e-01 +9.1397e-02 +1.2536e+00 +1.1257e+00 +4.2046e-01
19102 0 +1.348956365e+02 +2.845556365e+02 +2.845556365e+02 +4.1023e-01 +3.2441e-01 -3.5023e-01 -1.1224e+00 -7.4291e-01 -1.2647e+00 +1.4875e+00 -5.0446e-01 -5.2405e-01 -1.6462e-01 +3.4080e-01 +1.2342e+00 -1.1099e+00 +7.5427e-01 +2.8187e-01 -8.7851e-01 +3.2717e-01 +1.3611e+00 +8.2799e-01 +5.5666e-01
% f evaluations | g evaluations | best noise-free fitness - Fopt (-4.425600000000e+02) + sum g_i+ | measured fitness | best measured fitness or single-digit g-values | x1 | x2...
1 0 +8.537246651e+02 +4.111646651e+02 +4.111646651e+02 -3.3617e+00 +4.1375e+00 +4.3188e+00 +1.4100e+00 +4.7729e+00 +4.0351e+00 -3.3770e+00 -8.6939e-01 +1.0284e-01 +1.2664e+00 +1.4811e+00 -1.3948e+00 -2.7855e+00 -3.2374e+00 +3.9325e-01 -3.2275e+00 +4.5799e+00 -1.0732e+00 -9.6445e-01 +1.9979e+00
3 0 +6.979715168e+02 +2.554115168e+02 +2.554115168e+02 -3.3144e+00 +1.6035e-01 -6.7358e-01 -3.7434e+00 -3.0481e+00 +4.9492e+00 -1.5403e+00 -8.9708e-01 +2.7753e+00 +4.3885e+00 +2.8970e-01 +1.6977e+00 -4.6672e+00 -1.0957e+00 -3.1412e+00 +3.2102e+00 +3.7781e+00 -1.0359e+00 -1.8117e+00 +6.6755e-01
4 0 +5.890515251e+02 +1.464915251e+02 +1.464915251e+02 -1.6896e+00 +1.2572e+00 +2.5860e+00 -2.9256e-01 +1.5183e+00 -4.7258e+00 +1.9497e+00 +2.5897e+00 +4.0037e+00 +8.7115e-01 +3.0964e+00 -2.9619e-01 -1.4860e+00 -2.9575e+00 -3.4009e+00 -2.1280e+00 -2.1956e+00 +1.2809e-01 -6.8328e-01 +2.0722e+00
6 0 +5.099570162e+02 +6.739701618e+01 +6.739701618e+01 -3.5950e+00 -1.0000e+00 -9.2101e-01 +1.0487e+00 -6.5396e-01 +3.3186e+00 -9.8033e-01 -3.8325e+00 +1.4805e+00 -3.2824e+00 +2.8343e+00 +1.9430e+00 -2.1881e+00 +7.4118e-01 -2.5492e+00 -1.4556e+00 +3.3634e+00 +1.7607e+00 +3.4446e+00 +6.9516e-01
104 0 +3.727954696e+02 -6.976453037e+01 -6.976453037e+01 -2.6013e+00 -1.3093e+00 -3.6873e+00 +1.3547e+00 -2.0829e+00 +2.8463e-01 -7.8286e-01 -1.7344e+00 -1.4469e-01 -6.4291e-01 +1.5314e+00 +1.7435e+00 -2.4860e+00 +1.5166e+00 +1.5335e+00 +1.7095e+00 -1.1396e+00 +1.8716e-01 -2.2664e+00 +1.7531e+00
114 0 +3.378367507e+02 -1.047232493e+02 -1.047232493e+02 -1.4943e+00 -1.3987e+00 -1.5141e+00 -1.2249e+00 +1.4161e+00 +3.7355e+00 -4.9571e-01 -4.3622e-01 -1.7217e+00 -1.5140e+00 -1.0083e+00 +3.3619e+00 -7.6820e-01 +1.6660e-01 -3.3199e+00 +1.4704e+00 +2.2571e+00 -5.1910e-01 +2.7100e+00 -1.6487e+00
162 0 +3.035589875e+02 -1.390010125e+02 -1.390010125e+02 -1.9983e-01 +1.9002e-01 -1.5783e+00 +3.3451e-01 -9.2786e-01 +2.2036e+00 -2.4967e-01 +1.3280e-01 -1.5510e+00 +1.4970e-01 +1.6543e+00 +2.3674e+00 +7.6870e-01 +1.6572e+00 -1.8050e-01 -1.9298e+00 +1.2711e+00 +2.5289e+00 +2.9230e+00 +8.9096e-01
225 0 +2.805761291e+02 -1.619838709e+02 -1.619838709e+02 -6.1406e-01 +7.5368e-01 -2.0848e-01 +3.3857e-01 -2.2425e-01 +8.8831e-01 -5.3978e-01 -8.6438e-01 -8.2026e-02 +4.9523e-01 +8.3231e-01 +2.9718e+00 -6.8353e-01 -7.8677e-02 -1.9035e+00 -6.0722e-01 +1.7776e+00 +1.2560e+00 +8.6418e-01 +6.1601e-01
325 0 +2.589214891e+02 -1.836385109e+02 -1.836385109e+02 -1.2621e-01 +1.2282e+00 -7.2045e-01 -1.0106e+00 +1.1531e+00 +8.5160e-01 -3.3456e-01 -1.9984e+00 -2.9419e-01 +3.2485e-02 +4.1865e-01 +2.4046e+00 -7.7726e-01 +7.2222e-01 -2.4138e+00 +1.0673e+00 +1.4163e+00 +1.0408e+00 +4.3463e-01 +3.2279e-01
448 0 +2.350348394e+02 -2.075251606e+02 -2.075251606e+02 -4.0695e-01 +4.7699e-01 -8.1870e-01 +3.3654e-01 -7.3565e-01 +1.5606e+00 -3.8642e-01 -3.6579e-01 -8.0487e-01 +4.0699e-01 +1.1888e+00 +2.7095e+00 +5.2935e-02 +7.6162e-01 -1.0420e+00 -1.1652e+00 +1.5727e+00 +1.8883e+00 +1.8394e+00 +6.9123e-01
453 0 +2.230677975e+02 -2.194922025e+02 -2.194922025e+02 -1.3036e-01 +6.6880e-02 -9.6394e-01 +3.0751e-01 -1.0016e+00 +1.4144e+00 -3.9212e-02 +1.6308e-01 -4.7215e-01 +8.1040e-01 -7.2497e-02 +1.5212e+00 +2.0939e-02 +5.5216e-01 -8.1476e-01 -1.2547e+00 +2.0741e+00 +1.2324e+00 +9.5889e-01 +1.0623e+00
499 0 +1.891179948e+02 -2.534420052e+02 -2.534420052e+02 -2.5540e-01 -2.7865e-01 -7.9204e-01 +5.0822e-02 -5.6722e-01 +9.7979e-01 +3.3575e-02 -2.0530e-01 -7.6907e-03 +2.9371e-01 +5.2559e-04 +1.4853e+00 -4.0744e-01 +6.2758e-01 -1.0752e+00 -7.2344e-01 +1.3383e+00 +7.1938e-01 +7.7304e-01 +9.4132e-01
1045 0 +1.771428292e+02 -2.654171708e+02 -2.654171708e+02 -2.4769e-01 -3.8344e-01 -7.1510e-01 +2.4479e-01 -8.8260e-01 +1.5421e+00 -5.1340e-01 -1.1911e-01 -4.1109e-01 +8.0651e-01 -6.6508e-01 +9.3823e-01 -2.6095e-01 +7.4949e-01 -5.0008e-01 -1.0043e+00 +1.9209e+00 +9.4740e-01 +9.2504e-01 +1.1045e+00
1639 0 +1.688692097e+02 -2.736907903e+02 -2.736907903e+02 +6.7536e-02 -1.6853e-01 -4.6483e-01 +1.7880e-01 -6.7267e-01 +1.4218e+00 -7.0700e-01 -3.9903e-01 -4.0745e-01 +8.7520e-01 -4.2034e-01 +6.9634e-01 -2.3290e-01 +1.1100e+00 -5.0539e-01 -8.6252e-01 +1.5691e+00 +9.6590e-01 +1.0293e+00 +8.1119e-01
1765 0 +1.459844145e+02 -2.965755855e+02 -2.965755855e+02 +2.5569e-01 +9.4892e-03 -5.8682e-01 +1.7355e-01 -4.0912e-01 +1.6392e+00 -7.5886e-01 -5.0176e-01 -4.0241e-01 +6.6256e-01 -3.5469e-01 +8.1145e-01 -1.9644e-01 +9.2972e-01 -3.9850e-01 -9.3463e-01 +1.5618e+00 +7.1327e-01 +9.4092e-01 +9.4676e-01
6867 0 +1.412612704e+02 -3.012987296e+02 -3.012987296e+02 +2.6731e-01 +6.7502e-02 -6.6113e-01 -1.4790e-01 -5.5593e-01 +1.6208e+00 -7.4926e-01 -4.3026e-01 -5.6255e-01 +7.4132e-01 -3.5722e-01 +8.7949e-01 -6.2245e-01 +6.5037e-01 -1.9692e-01 -9.4079e-01 +1.5577e+00 +1.0507e+00 +1.1207e+00 +6.6846e-01
9909 0 +1.391804670e+02 -3.033795330e+02 -3.033795330e+02 +2.5514e-01 -1.5258e-01 -3.4798e-01 -5.5701e-01 -5.2824e-01 +1.6589e+00 -4.8729e-01 -4.4932e-01 -5.2243e-01 +6.0364e-01 -3.9818e-01 +9.9641e-01 -5.1375e-01 +1.0627e+00 -3.9479e-01 -1.0508e+00 +1.5092e+00 +1.2076e+00 +1.1113e+00 +9.3304e-01
17041 0 +1.226014440e+02 -3.199585560e+02 -3.199585560e+02 +2.7866e-01 -7.2993e-02 -6.5315e-01 -1.4037e-01 -4.6789e-01 +1.9133e+00 -5.7877e-01 -9.7229e-01 -3.1932e-01 +9.5265e-01 -5.3969e-01 +1.0637e+00 -7.5468e-01 +1.0815e+00 -2.1737e-01 -1.0213e+00 +1.6933e+00 +1.2914e+00 +9.3537e-01 +9.8613e-01
% f evaluations | g evaluations | best noise-free fitness - Fopt (1.583000000000e+01) + sum g_i+ | measured fitness | best measured fitness or single-digit g-values | x1 | x2...
1 0 +8.027721747e+02 +8.186021747e+02 +8.186021747e+02 +2.1941e+00 -1.9715e+00 -2.5108e+00 +4.4624e-01 +1.1066e+00 -2.4335e+00 +1.6935e+00 +2.5401e+00 -5.5720e-01 +2.3198e+00 -3.5140e+00 -4.2381e+00 +2.4385e+00 +2.9081e+00 -4.9964e+00 +2.5880e+00 +2.6419e+00 +4.6128e+00 -1.8974e+00 +2.8622e+00
2 0 +6.262596066e+02 +6.420896066e+02 +6.420896066e+02 +4.9384e+00 +2.9451e+00 +2.2273e+00 +1.2039e+00 +4.7567e+00 -3.3316e+00 -1.9701e-02 -1.7527e+00 -3.3823e+00 -3.6116e-02 -5.5079e-01 -1.1914e+00 +1.3408e-01 +9.3889e-01 -2.1568e-01 -4.0460e+00 -3.1225e+00 +6.6678e-01 +4.9148e+00 +1.2490e+00
34 0 +5.433528304e+02 +5.591828304e+02 +5.591828304e+02 -6.3786e-01 +3.9619e+00 +1.5595e+00 -2.6488e-01 -8.0695e-01 +2.4102e+00 +7.7047e-01 -3.4374e+00 -1.5432e+00 -6.9313e-01 +2.3382e+00 -2.0319e+00 -2.1028e+00 -3.2292e+00 -1.7077e+00 -2.6925e+00 +2.3589e+00 +5.3111e-01 -1.6936e+00 -1.1028e+00
72 0 +5.059899446e+02 +5.218199446e+02 +5.218199446e+02 +2.8575e+00 -3.5128e+00 +1.3291e+00 -2.7415e+00 +3.9582e+00 -2.5461e+00 -1.8179e+00 +3.9108e+00 +3.0834e+00 +3.6371e+00 +1.1522e+00 -3.1757e+00 +1.5434e+00 -3.5188e-01 -8.1937e-02 +2.3518e+00 -9.0637e-01 -4.1873e+00 +2.0156e+00 -8.0893e-01
104 0 +4.856924847e+02 +5.015224847e+02 +5.015224847e+02 +9.1985e-01 -5.7714e-01 +5.6148e-01 +2.8223e+00 +5.2180e-01 -1.2422e+00 +1.4034e+00 -7.3411e-01 +1.0133e+00 +5.4537e-01 -3.4322e+00 +3.8454e+00 +1.7530e+00 +1.0664e+00 +4.9740e-01 +3.0972e+00 +4.0494e+00 -1.3323e+00 -3.8091e+00 -4.6113e+00
105 0 +4.339420213e+02 +4.497720213e+02 +4.497720213e+02 +1.6339e+00 +3.5249e+00 +2.6829e+00 +2.1925e+00 +3.2974e-01 -3.3452e+00 +1.3005e+00 +3.6625e-01 +2.4741e-01 +4.3620e-01 -7.8073e-01 -1.8641e+00 -1.4032e+00 +7.5474e-01 +2.3646e+00 -3.4730e+00 -1.3034e+00 +5.6223e-01 +3.5979e+00 +2.8531e+00
106 0 +3.967919422e+02 +4.126219422e+02 +4.126219422e+02 -1.2550e+00 +4.4141e-01 +2.7004e-01 +8.8231e-01 +1.2558e-01 -3.5724e+00 +2.4139e+00 -1.0861e+00 -7.5944e-01 -3.4208e-01 -1.4478e+00 +2.3606e+00 +7.3986e-01 +3.5564e+00 +7.1778e-01 +1.4814e+00 +2.6648e+00 -7.6233e-01 -2.8762e+00 -7.3092e-01
123 0 +3.579882442e+02 +3.738182442e+02 +3.738182442e+02 -5.2107e-01 +9.9946e-01 -6.4637e-02 +3.2137e-01 +2.1196e-01 -8.0040e-01 +2.0972e+00 +1.3722e-01 +1.2769e+00 -2.1997e-01 +1.2941e+00 +7.5420e-01 -1.2297e+00 -2.6640e-01 +1.1804e+00 -2.9323e-01 +1.0816e+00 +7.3973e-01 +2.0874e+00 +4.4988e+00
169 0 +3.180757340e+02 +3.339057340e+02 +3.339057340e+02 -1.9559e-01 -3.9695e+00 +1.0771e+00 +6.2286e-01 +1.9709e+00 -1.8477e+00 +6.4097e-01 +9.3557e-01 +4.5984e-01 +2.4095e+00 -1.5246e-01 +3.2212e-01 -1.5909e+00 -6.4409e-01 +1.5603e+00 +8.5685e-02 -1.1717e+00 -1.4017e+00 +2.6689e+00 +1.1143e+00
210 0 +2.880176849e+02 +3.038476849e+02 +3.038476849e+02 -1.9559e-01 -3.9695e+00 +1.0771e+00 +6.7072e-01 +2.0248e+00 -1.9327e+00 +7.3135e-01 +1.0636e+00 +4.5984e-01 +2.4705e+00 -1.5246e-01 +3.2212e-01 -1.4476e+00 -6.7537e-01 +1.4156e+00 +1.7073e-01 -1.1717e+00 -1.4148e+00 +2.7420e+00 +1.1143e+00
304 0 +2.549499661e+02 +2.707799661e+02 +2.707799661e+02 -5.5563e-01 -1.4850e+00 +3.4941e-01 +6.4228e-01 +9.5046e-01 -1.4054e+00 +1.2877e+00 +5.4485e-01 +9.0997e-01 +1.0948e+00 +8.7032e-01 +6.1373e-01 -1.4362e+00 -4.5525e-01 +1.5000e+00 +5.1262e-03 -9.5195e-02 -3.8996e-01 +2.3782e+00 +2.7328e+00
389 0 +2.464401408e+02 +2.622701408e+02 +2.622701408e+02 +1.8735e-01 +2.3957e-01 +4.2736e-01 -1.0829e+00 +1.3153e+00 +1.1901e-01 +1.2425e+00 -3.6589e-01 -1.8926e-01 -8.8007e-01 +1.9755e+00 +1.6469e-01 -1.5160e+00 -2.2910e+00 +1.5685e-01 -1.9793e+00 +2.9640e-01 +8.2141e-01 +1.5525e+00 +4.4723e-01
399 0 +2.260723152e+02 +2.419023152e+02 +2.419023152e+02 -5.8314e-02 -1.6066e+00 +7.4444e-01 +2.3258e-01 +1.6694e+00 -1.7809e+00 +1.5650e+00 +1.5403e-01 +4.4205e-01 +1.0037e+00 +6.8898e-01 +1.2763e-01 -1.5711e+00 -4.4919e-01 +1.2435e+00 -6.3911e-01 -4.7491e-01 -2.6488e-01 +2.4851e+00 +2.2899e+00
465 0 +2.198689257e+02 +2.356989257e+02 +2.356989257e+02 +1.6285e+00 -1.4747e+00 +2.6868e-01 -1.4635e+00 +1.9995e+00 -4.8565e-01 +3.8827e-01 -4.8393e-01 +4.1154e-01 -4.3655e-01 +1.5875e+00 -7.8223e-01 -7.3156e-01 -6.3034e-01 -4.9813e-02 -1.0709e+00 +4.4005e-01 +1.2552e+00 +1.2955e+00 +7.5900e-01
512 0 +2.131252124e+02 +2.289552124e+02 +2.289552124e+02 +1.6085e+00 -2.0101e+00 +3.2296e-01 -2.5216e+00 +1.2120e+00 -6.8042e-01 -4.8320e-01 +1.0737e+00 +2.3335e+00 -2.4903e-01 +1.4781e+00 -1.5362e+00 -9.4285e-01 -1.4521e+00 -2.3108e-01 -1.8433e+00 -5.9642e-01 +1.6705e+00 +2.1185e+00 -3.0038e-01
523 0 +2.018052369e+02 +2.176352369e+02 +2.176352369e+02 +1.0329e+00 -2.4997e+00 +2.0046e-01 -1.9085e+00 +1.5781e+00 -9.2316e-01 -8.5987e-02 +4.1551e-01 +2.2124e+00 +5.6228e-01 +1.1008e+00 -1.9857e+00 -1.4255e+00 -4.2697e-01 +1.5564e-01 -9.0775e-01 -4.0174e-01 +1.1749e+00 +1.6827e+00 +1.0744e+00
527 0 +1.802811948e+02 +1.961111948e+02 +1.961111948e+02 +1.5640e+00 -1.4268e+00 +4.6524e-01 -1.9361e+00 +1.5906e+00 -7.7399e-01 -2.1196e-01 +4.2114e-01 +1.2613e+00 -8.2363e-02 +1.2698e+00 -1.4634e+00 -1.0460e+00 -1.2412e+00 -6.6909e-02 -1.6508e+00 -2.3718e-01 +1.2814e+00 +1.7319e+00 +2.3982e-01
624 0 +1.575348985e+02 +1.733648985e+02 +1.733648985e+02 +6.4120e-01 -1.0035e+00 +6.3318e-01 -5.2470e-01 +1.0564e+00 -1.1379e+00 +3.8135e-01 +9.1311e-01 +1.1253e+00 +3.9703e-01 +4.8786e-01 -6.7044e-01 -1.0690e+00 -4.2361e-01 +7.7285e-01 -1.2697e+00 -4.4425e-01 +3.2131e-01 +2.2981e+00 +7.4409e-01
2142 0 +1.478295409e+02 +1.636595409e+02 +1.636595409e+02 +9.5368e-01 -1.1892e+00 +5.4964e-01 -8.3430e-01 +1.1042e+00 -1.1291e+00 +3.7460e-01 +6.6538e-01 +1.1074e+00 +2.4522e-01 +9.1132e-01 -8.7082e-01 -1.0558e+00 -5.8086e-01 +5.3876e-01 -1.0532e+00 -3.1936e-01 +8.4807e-01 +1.9825e+00 +8.7144e-01
4758 0 +1.374949569e+02 +1.533249569e+02 +1.533249569e+02 +9.5152e-01 -1.2586e+00 +7.0125e-01 -8.6309e-01 +1.1624e+00 -1.2899e+00 +4.8008e-01 +7.7455e-01 +1.2688e+00 +4.0982e-01 +9.3481e-01 -8.8600e-01 -1.1674e+00 -7.1812e-01 +3.3545e-01 -9.3614e-01 -3.6595e-01 +1.0159e+00 +1.8668e+00 +7.0473e-01
5489 0 +1.290330322e+02 +1.448630322e+02 +1.448630322e+02 +8.1081e-01 -1.1279e+00 +6.1733e-01 -1.0949e+00 +1.2293e+00 -1.1141e+00 +6.4140e-01 +7.1661e-01 +1.2877e+00 +3.4398e-01 +9.3726e-01 -9.5076e-01 -1.3013e+00 -5.7013e-01 +2.4050e-01 -9.9943e-01 -3.5945e-01 +1.1115e+00 +1.8028e+00 +7.8252e-01
6068 0 +1.028409129e+02 +1.186709129e+02 +1.186709129e+02 +8.1923e-01 -1.1433e+00 +6.5059e-01 -1.0406e+00 +1.0910e+00 -9.4326e-01 +6.9297e-01 +8.3258e-01 +1.2598e+00 +4.4321e-01 +8.5634e-01 -8.8195e-01 -1.2210e+00 -7.5476e-01 +2.4869e-01 -1.0675e+00 -3.4584e-01 +1.0827e+00 +1.9375e+00 +7.0006e-01
% f evaluations | g evaluations | best noise-free fitness - Fopt (-9.371200000000e+02) + sum g_i+ | measured fitness | best measured fitness or single-digit g-values | x1 | x2...
1 0 +7.994851210e+02 -1.376348790e+02 -1.376348790e+02 -1.6940e+00 -1.9021e+00 +5.3129e-01 +3.9809e-01 +1.6575e+00 +3.6286e+00 +4.4236e+00 -2.5632e+00 +1.9388e+00 +4.3834e+00 -1.3298e+00 -2.3847e-01 +3.3572e+00 +2.2376e+00 -3.3264e+00 +2.4091e+00 -4.9510e+00 +2.8777e+00 -4.1771e+00 -2.5840e+00
4 0 +6.213465853e+02 -3.157734147e+02 -3.157734147e+02 -3.5907e-02 -3.4669e+00 -8.5042e-01 +1.3194e+00 +1.7692e+00 +4.6640e+00 -1.4953e+00 +1.2070e-01 -2.5119e+00 +2.1929e+00 +1.2022e+00 +2.8565e+00 +1.6450e+00 -4.7962e+00 +1.5504e+00 +5.7578e-01 -3.1576e+00 +1.1233e+00 +3.9018e+00 -4.2496e+00
67 0 +5.032598697e+02 -4.338601303e+02 -4.338601303e+02 -4.5551e+00 +4.2208e+00 +3.3838e+00 -2.4924e-01 +9.4295e-01 +2.6405e+00 -1.2428e+00 -4.5697e+00 +2.6275e-01 -3.4631e+00 -3.6936e+00 -9.2113e-01 -1.6228e-01 -1.3691e+00 +1.9513e+00 +7.2269e-01 -2.4433e+00 +1.5116e+00 +2.1690e+00 -6.7621e-01
104 0 +4.727491807e+02 -4.643708193e+02 -4.643708193e+02 +1.3386e+00 -8.1377e-01 -1.0195e+00 -1.0895e+00 +1.8183e+00 -2.0622e+00 +6.3221e-01 -1.8696e+00 +2.3716e+00 -2.0225e+00 -4.5735e-01 -5.3061e-02 +9.9862e-01 +2.3538e+00 +1.8130e+00 -8.5217e-02 +1.6161e+00 -2.3456e+00 +2.0406e+00 -6.7739e-01
109 0 +4.113506708e+02 -5.257693292e+02 -5.257693292e+02 +6.0121e-01 -8.9907e-01 -7.9094e-01 +7.3275e-01 +7.5964e-01 -1.1888e-01 -1.3716e+00 -8.0305e-01 +2.0447e+00 -6.9231e-02 -4.1104e+00 -1.2410e+00 +3.7241e+00 +7.6579e-02 +2.5710e+00 +2.3959e-01 -1.7695e+00 -8.4786e-03 +1.0932e+00 +1.9495e+00
170 0 +4.040453098e+02 -5.330746902e+02 -5.330746902e+02 +3.0614e+00 -1.8399e+00 -1.0908e+00 +4.0465e-01 -3.1246e-01 +7.2453e-01 -1.0338e+00 -1.9252e-01 +5.4823e-01 -2.0852e+00 -1.5104e+00 -1.3664e+00 +1.4788e+00 +3.4732e+00 +1.1835e+00 -1.5490e+00 -9.2553e-01 -7.5735e-01 -2.2217e+00 +3.2930e+00
180 0 +3.629750065e+02 -5.741449935e+02 -5.741449935e+02 -4.5399e+00 +4.2488e-01 -1.6942e-01 -1.1627e+00 -6.6953e-02 +3.0144e+00 +1.8323e+00 -2.6274e+00 -1.2462e+00 -1.1366e+00 -9.6950e-01 -1.1331e+00 -5.9351e-01 +1.7843e+00 +1.8866e+00 -1.9836e+00 -3.1060e+00 +1.8810e+00 +3.4463e+00 +7.8463e-01
201 0 +2.931054977e+02 -6.440145023e+02 -6.440145023e+02 -1.9462e+00 -1.3559e+00 +7.2459e-02 +1.4154e+00 -6.3221e-01 +1.2194e+00 -5.2210e-01 -1.6718e+00 -2.8044e+00 -4.4258e-01 +1.7569e+00 -9.1937e-01 -2.8586e-01 +3.0056e+00 +2.6299e-01 -8.6911e-02 -2.3683e+00 -1.7948e-01 +1.5925e+00 -6.4786e-01
235 0 +2.815602071e+02 -6.555597929e+02 -6.555597929e+02 +2.5413e+00 +8.5835e-01 -1.6807e+00 -7.2033e-01 -1.9629e+00 -2.7265e-01 +1.7667e+00 -1.2303e+00 +1.2264e+00 -1.8290e-01 -9.1289e-01 -6.3656e-01 +9.6359e-01 -1.0258e+00 -1.1568e+00 -1.2116e+00 +1.4468e+00 -2.0491e+00 -3.8965e-01 +1.3113e+00
310 0 +1.864615338e+02 -7.506584662e+02 -7.506584662e+02 -1.3744e+00 -5.8520e-01 -3.0112e-01 +4.7276e-01 +7.6589e-01 +9.6307e-01 -7.9522e-01 -1.4255e+00 -1.4493e+00 -8.1318e-01 +2.3524e-01 -1.4241e+00 +1.4854e+00 +1.8223e+00 +4.0882e-01 +1.3859e+00 -1.8858e+00 +1.8326e-01 +1.0621e+00 +5.8708e-01
837 0 +1.773902162e+02 -7.597297838e+02 -7.597297838e+02 -1.3980e+00 -8.2633e-01 -2.3345e-01 +5.4020e-01 +5.3465e-01 +9.2159e-01 -4.5038e-01 -1.6342e+00 -1.6341e+00 -8.1477e-01 +2.7128e-01 -1.1890e+00 +9.2893e-01 +1.9454e+00 +5.9068e-01 +8.3709e-01 -1.8327e+00 +1.3068e-01 +1.1791e+00 +3.3762e-01
1161 0 +1.667594058e+02 -7.703605942e+02 -7.703605942e+02 -1.4338e+00 -2.7708e-01 -2.7973e-01 +5.1379e-01 +3.6557e-01 +1.0025e+00 -2.5528e-01 -1.3828e+00 -1.3151e+00 -6.2996e-01 -2.2442e-01 -1.4041e+00 +8.1167e-01 +1.8958e+00 +5.8685e-01 +8.8039e-01 -2.0398e+00 +5.0148e-01 +9.1701e-01 +4.3185e-01
3052 0 +1.610087168e+02 -7.761112832e+02 -7.761112832e+02 -1.1683e+00 -6.5244e-01 -4.2507e-02 +5.9312e-01 +6.1958e-01 +1.0278e+00 -3.7764e-01 -1.5084e+00 -1.5940e+00 -8.1858e-01 -3.5678e-02 -1.2219e+00 +7.6035e-01 +2.2979e+00 +8.0768e-01 +1.0474e+00 -1.9327e+00 +4.1519e-01 +1.2685e+00 +2.2624e-01
4629 0 +1.513483285e+02 -7.857716715e+02 -7.857716715e+02 -1.1683e+00 -6.5826e-01 +5.4265e-02 +5.9312e-01 +6.1958e-01 +9.9904e-01 -3.1846e-01 -1.5084e+00 -1.4914e+00 -8.1858e-01 -3.5678e-02 -1.1350e+00 +7.6035e-01 +2.2979e+00 +7.2057e-01 +1.0474e+00 -2.0070e+00 +4.3707e-01 +1.3410e+00 +2.2624e-01
5890 0 +1.394305350e+02 -7.976894650e+02 -7.976894650e+02 -1.2359e+00 -6.4757e-01 -2.1066e-01 +4.9832e-01 +4.4203e-01 +1.0991e+00 -3.8413e-01 -1.3565e+00 -1.5307e+00 -6.1895e-01 +1.9990e-03 -1.2875e+00 +7.2752e-01 +1.9957e+00 +7.3207e-01 +5.8835e-01 -1.8206e+00 +3.7329e-01 +1.0803e+00 +4.0424e-01
8294 0 +1.339177710e+02 -8.032022290e+02 -8.032022290e+02 -1.1683e+00 -6.5073e-01 -2.2412e-01 +5.5158e-01 +4.6050e-01 +1.2386e+00 -5.1332e-01 -1.3281e+00 -1.4636e+00 -5.6563e-01 -7.1110e-02 -1.3261e+00 +6.8588e-01 +1.8034e+00 +6.7248e-01 +8.0657e-01 -1.9717e+00 +4.9380e-01 +1.2060e+00 +5.6654e-01
9885 0 +1.291826784e+02 -8.079373216e+02 -8.079373216e+02 -1.2508e+00 -5.7879e-01 -4.0090e-01 +5.8141e-01 +7.3478e-01 +1.1319e+00 -4.6740e-01 -1.5588e+00 -1.4294e+00 -9.2305e-01 -2.3602e-01 -1.4843e+00 +6.4128e-01 +2.0811e+00 +8.1269e-01 +8.8801e-01 -1.7053e+00 +7.7064e-01 +1.0986e+00 +3.1331e-01
17211 0 +1.286285770e+02 -8.084914230e+02 -8.084914230e+02 -1.0071e+00 -5.4144e-01 -4.1026e-01 +5.5950e-01 +7.2660e-01 +1.0779e+00 -3.8706e-01 -1.5577e+00 -1.7532e+00 -7.8811e-01 -3.3358e-01 -1.4608e+00 +2.8047e-02 +1.8836e+00 +8.6555e-01 +1.2040e+00 -1.9871e+00 +8.1414e-01 +1.0172e+00 +6.1679e-01
% f evaluations | g evaluations | best noise-free fitness - Fopt (-1.553000000000e+01) + sum g_i+ | measured fitness | best measured fitness or single-digit g-values | x1 | x2...
1 0 +9.390538124e+02 +9.235238124e+02 +9.235238124e+02 +3.8414e+00 -4.6844e+00 +1.7270e+00 +2.2407e+00 -2.9933e+00 +3.7229e+00 +2.4195e+00 -2.4202e+00 -3.5738e+00 -1.4471e+00 +3.1790e+00 +4.8631e+00 -1.7725e+00 +4.1399e+00 +1.5918e+00 +8.7105e-01 +2.5085e+00 -2.3308e+00 -1.7980e+00 -4.6998e+00
2 0 +8.837057929e+02 +8.681757929e+02 +8.681757929e+02 +1.6961e+00 -1.6433e+00 -4.4357e-01 +4.0985e+00 +4.0580e+00 +2.3005e+00 +1.2321e+00 +4.7322e+00 +3.3231e+00 -4.0090e+00 -3.3916e+00 -3.2927e-01 -3.6527e+00 +2.3142e+00 +2.7172e+00 +1.0651e+00 +3.0168e+00 +4.5918e+00 -3.0726e+00 -4.5420e+00
3 0 +6.865206130e+02 +6.709906130e+02 +6.709906130e+02 -4.6893e-01 -2.1552e+00 +2.6625e+00 -2.0366e+00 +2.4686e+00 -4.2772e-01 +2.4529e+00 +1.8753e+00 +3.2754e+00 -2.5062e+00 -3.0184e+00 -1.8622e+00 +3.7462e+00 +2.8708e+00 -4.6448e+00 -7.2665e-03 -4.9438e-01 -3.5845e+00 +9.2411e-01 +1.3952e+00
9 0 +6.426711421e+02 +6.271411421e+02 +6.271411421e+02 -7.3859e-01 -2.1446e+00 -4.1956e+00 -2.0407e+00 -3.2972e-01 +2.8673e+00 -2.2362e+00 +3.7512e+00 -7.9913e-01 +2.3097e+00 +7.7358e-01 +2.4505e+00 -9.0251e-01 -1.8193e+00 -4.1801e+00 -4.9208e+00 -5.3444e-01 -2.4480e+00 +4.0961e+00 +2.5662e+00
21 0 +5.853146964e+02 +5.697846964e+02 +5.697846964e+02 +1.0621e+00 +1.1813e+00 -2.4273e+00 -5.8110e-02 -3.3658e+00 +2.4615e+00 -2.1053e-01 -4.7323e-01 -2.3963e+00 +1.9643e+00 +4.3853e+00 +3.2858e+00 +5.8564e-01 -6.6528e-01 -2.2638e-01 -7.1800e-01 +2.4654e+00 -8.9149e-01 +1.0941e-01 -2.9395e+00
22 0 +4.679961824e+02 +4.524661824e+02 +4.524661824e+02 +9.2867e-01 +2.4229e+00 +2.4993e+00 -1.8742e-01 +2.2778e+00 +1.4197e+00 -1.6294e-01 -3.2658e+00 -3.5786e+00 +2.4993e+00 -4.0678e+00 +2.5531e+00 +2.2684e+00 -2.0107e+00 +1.0724e+00 +2.8752e+00 +1.0532e+00 +9.0903e-02 -8.7535e-02 -3.1374e+00
102 0 +3.260532179e+02 +3.105232179e+02 +3.105232179e+02 -2.6769e+00 +1.0246e-02 +4.1586e-03 +7.3913e-02 -3.6766e+00 +1.1887e+00 -1.3015e+00 -5.8859e-01 -4.8781e-02 +2.0291e+00 -9.0587e-01 -3.5648e+00 -5.8642e-01 +1.6535e+00 +4.7309e-01 -9.8012e-02 -1.1108e+00 -6.0987e-01 -1.4479e+00 -8.7633e-01
238 0 +3.230735491e+02 +3.075435491e+02 +3.075435491e+02 +2.3378e+00 -2.8433e-02 +1.2499e+00 +5.8590e-01 -3.8683e-02 -7.8764e-01 -1.4092e-01 -1.6032e+00 -2.8565e+00 +1.2021e+00 -2.0481e+00 +1.2125e+00 +7.0520e-01 -3.7878e-01 +5.9414e-01 +2.3848e+00 +1.6587e+00 -5.7038e-01 -1.1627e+00 -2.3130e+00
282 0 +3.081817897e+02 +2.926517897e+02 +2.926517897e+02 -1.9738e+00 -6.5103e-02 -2.9497e-01 -6.5543e-01 -2.0978e+00 -3.4592e-02 -1.6240e+00 -1.5747e+00 -7.0652e-01 +2.1556e+00 +1.1378e+00 -9.8948e-01 -1.6215e+00 +4.9870e-01 +1.6370e+00 +1.3252e+00 +2.0207e-02 -3.6407e-01 -1.2778e+00 -3.2973e-01
309 0 +3.015443013e+02 +2.860143013e+02 +2.860143013e+02 -1.5431e+00 -1.2093e+00 +1.3311e+00 -1.4171e+00 -1.6707e+00 -5.3092e-01 +2.1790e-01 -1.4374e+00 -1.5579e+00 +9.0304e-01 -4.2116e-01 -2.2971e-01 -1.2133e-02 +1.4858e+00 +1.6678e+00 -5.8106e-01 +9.1948e-01 -1.6673e-01 -1.2107e+00 -5.7945e-01
317 0 +2.420831926e+02 +2.265531926e+02 +2.265531926e+02 +6.8040e-01 -1.1782e+00 +9.6869e-01 -1.3211e-01 -2.0888e+00 -2.2649e+00 +8.9920e-01 -1.1218e+00 -2.2381e+00 -1.9100e-01 -1.3928e+00 -5.5156e-01 +8.2162e-01 +1.6713e+00 +9.0368e-01 -3.2645e-01 +2.2173e+00 +4.3644e-02 -1.8569e+00 -7.9697e-01
389 0 +2.271201089e+02 +2.115901089e+02 +2.115901089e+02 +3.4527e-01 -2.2165e-01 -2.5170e-01 -9.5607e-03 -1.7779e+00 -1.8130e+00 +2.0898e-02 -1.9426e+00 -1.4809e+00 -3.7871e-02 +4.5556e-01 -8.8628e-01 +1.6430e+00 +1.6274e+00 +4.4208e-01 -1.0095e-01 +2.0986e+00 -6.4581e-01 -2.1207e+00 -6.1452e-01
463 0 +2.156129972e+02 +2.000829972e+02 +2.000829972e+02 +1.6214e-01 -4.9124e-01 +6.7457e-01 -1.4540e+00 +3.1641e-01 -7.4504e-01 +3.2988e-01 -1.9344e+00 -1.5838e+00 +7.4384e-01 -1.9363e+00 +8.2842e-01 +8.7426e-01 +5.9058e-01 +1.6422e-01 +5.2783e-01 +1.4803e+00 +5.0419e-01 -7.6399e-01 -1.2393e+00
485 0 +2.033700202e+02 +1.878400202e+02 +1.878400202e+02 -1.3045e+00 +6.0604e-01 +5.0327e-01 +2.4099e-01 -1.6991e+00 +6.0204e-01 -1.1154e+00 -1.1732e+00 -9.1477e-01 +1.2948e+00 -1.5655e+00 -1.1978e+00 -7.8090e-01 +9.6827e-01 +4.2161e-01 +4.0065e-01 +1.1430e-02 -8.8789e-01 -1.4348e+00 -9.0309e-01
540 0 +1.952296075e+02 +1.796996075e+02 +1.796996075e+02 -2.9782e-02 -6.4169e-02 +7.8868e-01 -7.2058e-01 -1.1638e+00 +2.3376e-01 -1.3487e-01 -1.0871e+00 -1.0442e+00 +3.2508e-01 -8.0168e-01 -9.1800e-01 +4.1191e-01 +1.5137e-01 +5.5657e-01 +2.4986e-01 +7.5421e-01 -2.3080e-01 -4.7075e-01 -5.1531e-01
588 0 +1.854068424e+02 +1.698768424e+02 +1.698768424e+02 +1.8201e-01 -2.0149e-02 +4.7934e-01 -3.6075e-02 -9.0295e-01 -2.0476e-01 -7.9889e-01 -1.6549e+00 -1.6915e+00 +1.7743e+00 -4.5519e-01 -3.3111e-02 -6.3155e-01 -1.0157e-01 +1.0766e+00 +1.8644e+00 +8.3840e-01 -3.6299e-01 -1.0977e+00 -1.1973e+00
798 0 +1.708434132e+02 +1.553134132e+02 +1.553134132e+02 -6.1877e-01 +5.5620e-01 +2.6479e-01 +6.3401e-02 -1.4409e+00 +3.1392e-01 -9.0001e-01 -1.2327e+00 -1.3259e+00 +8.0158e-01 -1.1782e+00 -1.1171e+00 -5.4430e-01 +6.1785e-01 +5.9204e-01 +1.2558e-01 +6.1939e-01 -7.0938e-01 -1.2412e+00 -5.0306e-01
1950 0 +1.432760615e+02 +1.277460615e+02 +1.277460615e+02 -2.6392e-01 +2.1664e-01 +6.0825e-01 -4.9709e-01 -1.3303e+00 +8.1713e-02 -7.5438e-01 -1.4897e+00 -1.4455e+00 +8.7254e-01 -8.1457e-01 -1.1475e+00 -2.8373e-01 +6.3607e-01 +8.7789e-01 +2.3692e-01 +6.5716e-01 -7.3342e-01 -1.2914e+00 -7.0375e-01
8037 0 +1.304408191e+02 +1.149108191e+02 +1.149108191e+02 -2.3615e-01 +6.4886e-01 +1.0035e+00 -6.0426e-01 -1.3274e+00 -2.4738e-01 -6.9891e-01 -1.7178e+00 -1.4400e+00 +9.8460e-01 -8.0208e-01 -1.1277e+00 -1.9221e-01 +6.6830e-01 +7.3387e-01 +3.5988e-01 +9.2626e-01 -9.8619e-01 -1.2375e+00 -7.1415e-01
% f evaluations | g evaluations | best noise-free fitness - Fopt (1.568800000000e+02) + sum g_i+ | measured fitness | best measured fitness or single-digit g-values | x1 | x2...
1 0 +8.518773417e+02 +1.008757342e+03 +1.008757342e+03 +2.9207e+00 +2.0402e+00 +4.5499e+00 -1.7764e+00 +2.7277e+00 +9.9369e-01 -4.8559e-01 +3.0756e+00 +4.1595e+00 +3.7274e+00 +4.9917e+00 -4.5120e+00 +1.1107e-01 -3.7265e+00 +2.6603e+00 -2.0781e-01 +3.5096e+00 -1.1925e+00 +2.8875e+00 -2.1368e+00
2 0 +8.337198620e+02 +9.905998620e+02 +9.905998620e+02 -3.2596e+00 +4.7836e+00 -3.4116e+00 -3.3420e+00 +1.4735e+00 +3.6256e+00 +2.4135e+00 -1.2244e+00 +3.6881e+00 +4.8609e+00 -3.2925e+00 -7.6209e-01 +6.2905e-01 +4.6970e+00 -1.2544e-01 -3.7917e+00 -7.0926e-01 +6.7156e-01 +1.7857e+00 -2.6296e+00
3 0 +7.348472582e+02 +8.917272582e+02 +8.917272582e+02 +1.7888e+00 -1.6946e+00 +3.9673e+00 -4.5101e+00 +1.1513e-01 +9.9077e-01 -2.0015e+00 +1.0228e+00 +4.2835e+00 -1.5646e+00 +3.9605e+00 +2.4362e+00 -1.9455e+00 -4.6872e+00 -2.6748e+00 +3.7115e+00 -4.2029e-01 -3.0483e-02 -3.9525e+00 +1.7793e+00
7 0 +6.923884725e+02 +8.492684725e+02 +8.492684725e+02 -4.2693e+00 -4.6000e-01 -4.2792e-01 +2.2504e+00 -3.0081e+00 +2.3743e+00 +1.6641e+00 -4.1591e+00 +9.5754e-01 -8.6476e-01 -2.7180e+00 -3.1714e+00 +4.1312e+00 -3.1639e+00 -8.5595e-01 +1.6819e+00 -4.2672e+00 +2.7791e+00 -8.6362e-01 +3.1647e+00
11 0 +6.042735387e+02 +7.611535387e+02 +7.611535387e+02 +1.8137e+00 -1.7139e+00 +4.2583e+00 -1.0421e+00 +3.4732e+00 -3.9434e+00 +2.8340e+00 +1.2622e+00 +1.9514e+00 -3.8160e+00 +3.8869e-01 +6.3571e-01 -4.7685e+00 +1.8927e+00 +1.3190e+00 -1.6150e+00 -1.4179e+00 +8.9652e-01 -3.0181e+00 -5.5118e-01
43 0 +5.328886097e+02 +6.897686097e+02 +6.897686097e+02 -4.4516e+00 +4.8829e+00 +3.1333e+00 +9.8448e-01 +1.4097e-01 +1.0885e+00 +1.2323e+00 -7.2393e-01 -8.6205e-01 -1.3259e+00 +3.6229e+00 +3.4320e+00 -2.0996e+00 -8.8810e-01 -2.5963e+00 +1.2792e+00 -1.6260e+00 +1.5007e+00 +3.8210e+00 -3.9309e+00
47 0 +4.952471796e+02 +6.521271796e+02 +6.521271796e+02 +4.1935e+00 -1.2214e+00 +3.7587e+00 -1.7454e+00 -5.1727e-01 +5.7944e-01 -2.6942e+00 +5.7353e-01 +5.5711e-02 +5.0484e-02 +6.5335e-01 +1.5978e+00 -3.6329e+00 +2.5073e+00 -8.1535e-01 -1.4256e+00 +3.0939e-01 +7.7413e-01 +1.9924e+00 -3.7187e+00
108 0 +4.621235844e+02 +6.190035844e+02 +6.190035844e+02 +2.3137e+00 -8.2791e-01 +4.0696e+00 -3.2939e+00 -8.3901e-01 -1.5601e+00 -9.3032e-01 +1.1612e+00 -4.6550e-01 -1.4115e+00 -2.5136e-01 -1.3043e+00 -1.0037e+00 -2.7589e-01 -5.9938e-01 -2.0956e-01 +2.8587e-01 -1.7120e+00 +1.1277e-01 -2.8969e+00
109 0 +4.462322423e+02 +6.031122423e+02 +6.031122423e+02 -8.3871e-01 -2.5417e+00 -5.4306e-01 +1.0418e+00 +2.0722e+00 -1.3108e+00 -3.9299e+00 +1.1416e-01 -1.2730e+00 -2.9948e+00 +3.3416e+00 -1.2049e+00 +1.5919e+00 +1.4354e-01 -1.8571e+00 +1.2115e+00 +1.9093e-01 -3.3291e-01 +2.7195e+00 +1.2826e+00
112 0 +4.188356036e+02 +5.757156036e+02 +5.757156036e+02 -2.0736e+00 +3.5070e-01 +8.0674e-01 +1.0913e+00 +2.1161e+00 +5.1458e-01 -6.2481e-01 -2.9841e+00 -1.0912e+00 -2.4443e+00 +2.8441e+00 +4.3459e-01 -1.7561e+00 +3.4093e+00 -8.8175e-01 -8.1004e-01 -6.4722e-01 +1.3198e+00 +3.7354e+00 +3.5320e-01
125 0 +3.915240270e+02 +5.484040270e+02 +5.484040270e+02 +4.4125e-01 +1.3674e+00 +7.5705e-01 -4.6281e-01 -2.2669e+00 +3.6953e-01 -1.0408e+00 -1.1101e+00 -8.9647e-01 +1.2448e+00 +2.4507e+00 -7.5192e-01 -3.7078e+00 +1.9962e+00 -2.0804e+00 -2.0078e+00 -9.4855e-01 +9.0575e-01 +2.7247e+00 +9.8913e-04
154 0 +3.850519703e+02 +5.419319703e+02 +5.419319703e+02 +2.4833e+00 +1.2296e+00 +1.5703e+00 -8.5130e-01 +1.5028e+00 +9.5029e-02 +1.9646e-01 -1.5582e+00 +7.0124e-01 -1.5362e+00 -6.6051e-01 +1.5349e+00 -1.7817e+00 -3.5068e-01 -7.0985e-01 -1.3997e+00 +7.9529e-02 +1.8191e+00 -7.5517e-02 -3.9727e+00
208 0 +3.650926468e+02 +5.219726468e+02 +5.219726468e+02 -6.7773e-02 +9.7740e-02 +1.3807e+00 -4.9729e-02 +6.5373e-01 -7.9514e-01 +1.8453e-03 -1.1280e+00 -6.9034e-01 -2.4828e+00 +1.0024e+00 -5.3509e-01 -1.2376e+00 +9.9879e-02 +2.4864e-01 +5.6593e-01 +8.6722e-01 -1.2371e+00 +1.0532e+00 -1.3586e+00
209 0 +3.600520617e+02 +5.169320617e+02 +5.169320617e+02 -1.4302e+00 +1.2412e+00 +6.0296e-01 +2.5772e+00 -2.1562e+00 -3.8335e-01 +1.7694e+00 +7.1567e-01 +8.8431e-01 +1.3936e-01 +4.4200e-01 +1.3316e+00 +8.9822e-01 +4.7332e-01 +2.5338e-01 -6.4516e-01 +2.0936e-01 +8.4554e-01 +1.5738e+00 -2.9609e-01
213 0 +2.946676360e+02 +4.515476360e+02 +4.515476360e+02 +1.8217e+00 +1.2704e+00 +2.7926e+00 +4.2390e-01 -2.8968e-02 +1.5671e-01 -1.9402e-01 +5.2670e-01 +4.5348e-01 -3.3863e-01 +3.9593e-01 +1.0734e+00 -1.6681e+00 +1.5523e+00 -1.0211e+00 -1.1084e+00 -1.1646e+00 +1.2693e+00 +6.5999e-01 -1.6756e+00
303 0 +2.781819796e+02 +4.350619796e+02 +4.350619796e+02 -1.2289e-01 +1.6519e+00 +2.5285e+00 -5.5615e-02 +6.6995e-01 -5.6115e-01 +4.5511e-01 +1.1871e-01 +2.4148e-01 -1.6285e+00 -2.2850e-01 -1.0175e+00 -8.8855e-01 -4.6278e-01 -7.5867e-01 +2.2775e-01 +1.5410e-01 -1.1389e+00 +1.6674e-01 -1.3801e+00
317 0 +2.689690199e+02 +4.258490199e+02 +4.258490199e+02 +9.1978e-01 -8.8569e-01 -1.6670e+00 -2.3295e-01 -1.5113e+00 +1.3233e+00 +2.7190e-01 -5.6542e-01 -2.0960e-01 +1.6897e+00 +8.8829e-01 +1.2989e-01 +2.9503e-01 +4.7159e-01 +3.1264e-01 +6.4516e-01 +1.1021e+00 +5.1607e-01 +5.0689e-01 -1.1876e-01
324 0 +2.290354711e+02 +3.859154711e+02 +3.859154711e+02 -5.9266e-01 +1.0137e+00 +1.3224e+00 +8.8619e-01 +4.7801e-01 -7.4468e-01 +1.4631e+00 -4.6251e-01 +2.6144e-01 -2.3293e+00 +8.9016e-01 +4.5383e-01 -8.4085e-01 +3.6657e-01 +1.8276e-01 -5.1693e-01 +1.2474e-01 -1.9311e-01 -1.1071e-01 -9.3807e-01
513 0 +2.179010747e+02 +3.747810747e+02 +3.747810747e+02 -1.0933e+00 +1.4963e+00 +8.3044e-01 +1.5632e+00 +7.2237e-02 -1.5678e-01 +4.5274e-02 -4.7570e-01 +1.8504e-01 -7.9754e-01 +1.8064e+00 +1.0645e-01 -1.7646e+00 +1.4262e+00 -9.0415e-01 -5.1262e-01 +4.3376e-01 +4.1606e-01 +2.0092e-01 -5.5650e-01
678 0 +2.123693701e+02 +3.692493701e+02 +3.692493701e+02 -2.3477e-01 +1.6404e+00 +1.8326e+00 +2.5433e-01 -4.2179e-01 -1.1842e+00 -2.5897e-01 -1.0492e-01 +4.6746e-01 -4.1118e-01 +7.0012e-01 +5.2602e-01 -1.1901e+00 +1.6096e+00 -2.8872e-01 -5.1854e-01 -1.2233e+00 -2.0558e-01 +2.3077e-01 -2.8799e-01
691 0 +1.962974881e+02 +3.531774881e+02 +3.531774881e+02 -3.4202e-01 +1.1685e+00 +1.0059e+00 +9.7328e-01 +1.0688e-01 -6.6095e-01 +7.0261e-01 -2.2321e-01 +4.2037e-01 -5.6580e-01 +5.8964e-01 +3.4155e-02 -1.3146e+00 +7.9317e-01 -5.4195e-01 -4.5189e-02 -1.4348e-01 +1.1146e+00 +1.3312e+00 -7.9176e-01
950 0 +1.907066740e+02 +3.475866740e+02 +3.475866740e+02 +2.9161e-02 +1.6611e+00 +1.2822e+00 +5.7962e-01 -8.0205e-02 -7.7138e-01 +3.0108e-01 +9.0815e-02 +3.6808e-01 -8.9661e-01 +7.1488e-01 +6.1575e-01 -9.3270e-01 +1.2737e+00 -8.9296e-02 -7.5176e-01 -3.9799e-01 +1.4019e-01 +7.4392e-02 -6.9841e-01
1071 0 +1.869396873e+02 +3.438196873e+02 +3.438196873e+02 -1.6629e-02 +1.4714e+00 +1.8912e+00 +5.4779e-01 +4.8729e-02 -3.7118e-01 -8.2436e-02 +2.8776e-01 +4.5415e-01 -9.7470e-01 +5.0199e-01 +6.9512e-01 -1.1729e+00 +1.6613e+00 -5.5624e-01 -4.3433e-01 -5.0529e-01 -2.1810e-02 +3.9893e-01 -8.9185e-01
1272 0 +1.765627294e+02 +3.334427294e+02 +3.334427294e+02 -3.4375e-01 +1.5115e+00 +1.5558e+00 +6.9149e-01 -5.8715e-02 -3.7453e-01 -1.1089e-01 -1.4658e-01 +2.8003e-01 -8.4749e-01 +5.0006e-01 +4.1551e-01 -1.2065e+00 +1.4691e+00 -6.3888e-01 -2.9388e-01 -6.7075e-01 -2.4936e-01 +4.1623e-01 -5.5041e-01
1436 0 +1.709160426e+02 +3.277960426e+02 +3.277960426e+02 -4.0478e-01 +1.3027e+00 +1.2398e+00 +1.0108e+00 +2.1968e-01 -1.7525e-01 +8.8856e-02 -3.6887e-01 +5.2293e-01 -1.1110e+00 +1.2482e+00 +3.1599e-01 -1.1495e+00 +1.0664e+00 -7.1847e-01 -2.9797e-01 -7.6105e-02 +2.3068e-01 +1.5673e-02 -5.1914e-01
2246 0 +1.667513350e+02 +3.236313350e+02 +3.236313350e+02 -5.1287e-01 +1.4404e+00 +1.3147e+00 +6.6508e-01 +2.6908e-01 -2.0983e-01 -2.0862e-01 -2.7601e-01 +4.1535e-01 -1.1751e+00 +8.5982e-01 +5.8309e-01 -1.2167e+00 +1.4485e+00 -6.8800e-01 -3.4981e-01 -5.8272e-01 +2.3047e-02 +1.6982e-01 -7.5344e-01
2365 0 +1.568759527e+02 +3.137559527e+02 +3.137559527e+02 -4.3743e-02 +1.5834e+00 +1.4953e+00 +6.5617e-01 +5.4334e-02 -6.9375e-01 -2.0742e-01 -2.3141e-01 +3.5375e-01 -9.6596e-01 +1.1032e+00 +3.9033e-01 -1.0666e+00 +1.5215e+00 -6.3083e-01 -3.8329e-01 -2.9159e-01 +1.2750e-01 +4.1372e-01 -6.3910e-01
8767 0 +1.524920512e+02 +3.093720512e+02 +3.093720512e+02 -3.2821e-01 +1.5947e+00 +1.2135e+00 +7.3099e-01 +3.3193e-01 -5.3659e-01 -2.0150e-01 -8.8610e-02 +4.0977e-01 -8.9517e-01 +1.1112e+00 +4.7929e-01 -9.0716e-01 +1.6041e+00 -8.2403e-01 -5.0161e-01 -3.2845e-01 +4.5689e-02 +5.4445e-01 -1.2581e+00
12085 0 +1.232939085e+02 +2.801739085e+02 +2.801739085e+02 -5.9295e-01 +1.5709e+00 +1.7753e+00 +8.4712e-01 +5.1199e-01 -6.9945e-01 -4.7971e-01 +1.0102e-01 +3.8329e-01 -8.2147e-01 +1.1078e+00 +7.1043e-01 -1.2831e+00 +1.5686e+00 -7.8456e-01 -4.2006e-01 -5.1378e-01 -3.9968e-01 +6.9607e-01 -1.1607e+00
% f evaluations | g evaluations | best noise-free fitness - Fopt (-5.710000000000e+00) + sum g_i+ | measured fitness | best measured fitness or single-digit g-values | x1 | x2...
1 0 +8.084032036e+02 +8.026932036e+02 +8.026932036e+02 +1.6983e+00 +6.1098e-01 +4.5515e+00 -4.9074e+00 -3.1630e+00 +1.0288e+00 -4.2383e+00 +3.2741e+00 -4.6863e+00 +2.6375e+00 +6.4140e-01 -4.8390e+00 +1.8436e-01 -2.1229e-01 -1.2563e+00 +3.4463e+00 +1.3272e-01 +4.4182e+00 -6.7418e-01 -1.0937e+00
5 0 +8.062502159e+02 +8.005402159e+02 +8.005402159e+02 -2.3558e+00 -2.9651e+00 +7.1986e-02 +4.6034e+00 -4.0395e+00 +4.5650e+00 +1.1655e+00 +1.7892e+00 -4.9632e-01 -3.4452e+00 -3.7292e+00 +1.9838e+00 +2.7574e+00 +2.3889e+00 +4.2493e+00 -2.7574e-01 -4.8786e+00 +2.0388e+00 +1.2571e+00 -8.7692e-01
7 0 +7.384619430e+02 +7.327519430e+02 +7.327519430e+02 +1.9362e+00 +1.3281e+00 +9.7463e-01 -4.2597e+00 -2.1835e+00 -2.8924e+00 -8.0670e-01 +5.2133e-02 +2.9758e+00 -2.7672e-01 -6.2497e-01 -4.8082e+00 +2.8223e+00 +4.2241e+00 +4.8927e+00 +9.0170e-01 +4.1305e+00 +3.3884e+00 +2.4741e+00 +2.7310e+00
9 0 +6.696254839e+02 +6.639154839e+02 +6.639154839e+02 -4.5565e-01 -2.2658e+00 -2.7193e+00 +1.2023e+00 -9.5989e-01 +9.2372e-02 +3.8587e+00 +3.8340e+00 +1.6526e+00 +5.4476e-01 -3.1577e+00 -4.7626e+00 +3.7571e+00 +2.9327e-01 +2.8745e+00 +5.3971e-01 -3.3425e+00 +4.4295e+00 -2.1187e+00 +4.2519e+00
10 0 +5.955527589e+02 +5.898427589e+02 +5.898427589e+02 +2.9639e+00 +4.0452e+00 -3.3355e+00 +3.4223e+00 +2.3167e+00 +3.2936e-01 +2.2856e+00 -3.5018e+00 +2.9774e+00 -9.8370e-01 +2.4002e+00 -2.4187e+00 -2.2221e+00 -1.4377e+00 -1.9269e+00 -3.3584e+00 -1.5273e-01 +2.3482e+00 -1.6686e+00 -1.4250e+00
28 0 +5.366924873e+02 +5.309824873e+02 +5.309824873e+02 -3.1898e-03 +1.5136e-01 +8.6892e-01 +4.7271e+00 -4.4823e+00 +2.3691e+00 -3.2315e-01 -4.1944e-01 +2.8172e+00 -8.0737e-01 +1.6026e+00 +4.8304e+00 -5.5092e-01 -2.5579e+00 +3.1615e+00 +5.2192e-01 -2.0804e+00 -1.1136e+00 +3.0616e+00 -1.2601e+00
78 0 +4.809831276e+02 +4.752731276e+02 +4.752731276e+02 -2.2575e-01 -3.4069e-01 -4.2243e-01 -4.4619e+00 +3.7574e+00 -1.4778e+00 +7.9432e-02 -1.2557e+00 -9.2174e-01 +1.2308e+00 +2.0278e+00 +9.0032e-01 +1.8732e+00 +1.5957e+00 +1.5490e+00 -3.9935e+00 +2.7184e+00 +2.3833e-01 -3.5798e+00 +3.4763e+00
101 0 +4.218085901e+02 +4.160985901e+02 +4.160985901e+02 +1.0853e+00 +1.6248e+00 +4.6192e-01 -3.2122e+00 -1.6823e+00 -1.2443e+00 +5.1773e-01 -2.2527e+00 +3.0342e+00 +1.1756e+00 +1.2028e+00 -5.6391e-01 +3.3245e+00 +2.4892e-01 +1.4444e+00 -1.0895e+00 +3.4086e+00 +1.2053e+00 +2.3723e+00 +1.6149e+00
109 0 +4.105750103e+02 +4.048650103e+02 +4.048650103e+02 -1.9009e+00 -2.0475e+00 -4.1215e-01 +8.3936e-01 -9.7019e-01 +3.4641e-03 -2.2892e+00 +1.7064e+00 +2.8187e+00 -7.1845e-01 +2.0993e+00 +4.8390e-02 -1.6428e+00 -1.0480e+00 -4.1693e-01 +2.3500e+00 -9.5186e-01 -1.0389e-01 +1.0153e+00 -7.1976e-01
115 0 +3.885659063e+02 +3.828559063e+02 +3.828559063e+02 -1.8319e+00 +6.2852e-01 -1.6181e+00 +4.8953e+00 -1.3982e+00 -8.4112e-02 -4.5951e-01 -1.4311e+00 +1.1063e+00 -9.7399e-01 +1.0108e+00 +2.2190e+00 -1.3923e+00 -2.4375e+00 +1.4087e+00 -1.4797e+00 +7.8878e-01 +5.1043e-01 +1.9094e+00 -1.3310e+00
128 0 +3.789949948e+02 +3.732849948e+02 +3.732849948e+02 +8.0363e-02 +1.3928e+00 -2.4923e-01 -4.6705e+00 -6.1473e-02 +1.3105e+00 +1.4507e-01 +3.3015e-01 +1.5586e+00 +2.6048e+00 +3.5940e+00 +2.2155e-01 +2.3377e+00 +2.8817e+00 +2.9071e+00 -1.2926e+00 +2.9257e+00 +2.0663e+00 -1.6904e+00 +8.0222e-01
154 0 +3.529706570e+02 +3.472606570e+02 +3.472606570e+02 +1.6865e+00 +5.0400e-01 -4.7095e-01 +9.8391e-01 -4.6833e-01 +9.7921e-01 +2.4273e-01 -7.8185e-01 -1.3539e+00 -5.4634e-01 +9.5770e-02 +7.4459e-01 -1.4545e+00 +2.1809e+00 +5.3703e-01 +8.6402e-01 +1.0240e+00 +7.6886e-02 -7.0428e-01 +9.9964e-01
208 0 +3.098132952e+02 +3.041032952e+02 +3.041032952e+02 +1.3232e+00 -1.9671e-02 -1.9160e-01 -1.8237e+00 +1.0843e+00 -1.8443e-02 +8.3561e-02 +1.8667e-01 +1.1482e+00 +9.1757e-01 +1.8223e+00 +1.3900e+00 +7.3445e-01 +1.2009e+00 -3.3887e-01 -2.4048e+00 +1.0174e+00 +4.4471e-01 -5.1324e-01 +3.9623e-01
278 0 +3.019538328e+02 +2.962438328e+02 +2.962438328e+02 -1.0356e+00 -6.0439e-01 -3.3069e-01 -1.9849e+00 -5.1583e-01 +6.5699e-01 -1.0721e+00 +1.0183e+00 +2.1842e+00 +9.4318e-01 +2.8466e+00 +1.4229e-01 +3.4741e-01 +8.8131e-01 +1.2827e+00 +5.3007e-01 +1.0550e+00 +1.0331e+00 -3.3756e-01 +1.4682e-01
319 0 +2.499939292e+02 +2.442839292e+02 +2.442839292e+02 +3.7742e-01 -4.8699e-03 -1.0100e+00 -6.1882e-01 +5.4891e-01 +1.1372e+00 +1.1629e+00 +1.4924e+00 +1.7986e+00 +1.2018e+00 +1.3730e+00 +5.6065e-01 +1.0549e+00 -6.4909e-02 -1.6428e+00 -1.5377e+00 -3.4706e-01 +1.3605e+00 -6.2850e-01 +8.7510e-01
489 0 +2.417780962e+02 +2.360680962e+02 +2.360680962e+02 -4.9374e-01 -4.8640e-01 -8.6381e-01 -1.7254e+00 -2.8871e-01 +9.8220e-02 -2.1968e-01 +8.6722e-01 +1.7861e+00 +1.0048e+00 +1.8570e+00 -5.0916e-01 +1.1079e+00 +3.2889e-01 +1.4023e-01 -3.6242e-01 +8.9977e-01 +1.1343e+00 -7.0113e-01 +1.3325e+00
509 0 +2.218528068e+02 +2.161428068e+02 +2.161428068e+02 -2.5105e-01 -4.0461e-01 -1.0186e+00 -2.1023e+00 +1.3413e-01 -9.9156e-02 -3.9611e-01 +3.9736e-01 +5.4272e-01 +1.0159e+00 +1.0679e+00 -4.7152e-01 +1.4442e+00 +6.5379e-01 -3.1397e-01 -9.4426e-01 +8.3368e-01 +1.0517e+00 -9.4358e-01 +1.5991e+00
713 0 +2.091645866e+02 +2.034545866e+02 +2.034545866e+02 -3.2028e-01 +7.4319e-02 -1.0835e+00 -1.4304e+00 +3.8411e-01 +4.2945e-01 -9.2595e-02 +5.8879e-01 +3.6900e-01 +1.0919e+00 +1.3491e+00 -1.8251e-01 +1.1568e+00 +4.9010e-01 -1.9690e-02 -7.7414e-01 +8.0152e-01 +8.4436e-01 -1.1609e+00 +1.3488e+00
808 0 +1.894006521e+02 +1.836906521e+02 +1.836906521e+02 -8.2949e-02 -3.6376e-01 -9.5073e-01 -6.8149e-01 -2.3355e-01 +4.2901e-01 +2.6653e-01 +1.0571e+00 +5.3755e-01 +6.2059e-01 +9.5303e-01 +5.7205e-02 +4.6717e-01 +4.2238e-01 -3.3162e-02 -1.5563e-01 +9.4907e-01 +4.9836e-01 -6.6245e-01 +1.0882e+00
848 0 +1.760183659e+02 +1.703083659e+02 +1.703083659e+02 +1.0208e-01 -6.6376e-02 -1.1817e+00 -1.0831e+00 -6.0989e-02 +7.5688e-01 +1.7575e-01 +8.1847e-01 +1.1365e+00 +9.4876e-01 +1.2478e+00 -3.1972e-02 +6.3386e-01 +5.8920e-01 -2.9690e-01 -3.7459e-01 +5.5948e-01 +8.5435e-01 -7.1017e-01 +9.6648e-01
1517 0 +1.651700780e+02 +1.594600780e+02 +1.594600780e+02 +1.3781e-01 -4.6466e-02 -9.5445e-01 -1.1481e+00 -7.1348e-02 +7.0721e-01 +1.5061e-01 +7.8192e-01 +9.2772e-01 +9.8186e-01 +1.0643e+00 +9.3326e-02 +6.1264e-01 +6.4850e-01 -2.8980e-01 -1.6409e-01 +5.7066e-01 +7.8707e-01 -7.3045e-01 +9.7275e-01
3220 0 +1.565996620e+02 +1.508896620e+02 +1.508896620e+02 +6.0261e-02 +5.2699e-03 -1.2010e+00 -1.0534e+00 +7.3995e-02 +6.8377e-01 +2.6503e-01 +9.4221e-01 +8.9308e-01 +1.0841e+00 +1.2107e+00 -1.4470e-01 +8.4606e-01 +6.9003e-01 -2.9224e-01 -3.2327e-01 +4.3394e-01 +8.1527e-01 -7.1417e-01 +1.0954e+00
8250 0 +1.351807006e+02 +1.294707006e+02 +1.294707006e+02 +4.6686e-01 -2.4352e-01 -9.1477e-01 -8.2450e-01 +4.2098e-01 +8.6492e-01 +4.8049e-01 +1.2401e+00 +1.2826e+00 +4.4796e-01 +1.3038e+00 -1.7523e-01 +5.2385e-01 +1.0088e+00 -3.4429e-01 -5.9228e-02 +6.6869e-01 +9.2444e-01 -9.6070e-01 +1.1496e+00
% f evaluations | g evaluations | best noise-free fitness - Fopt (2.413000000000e+01) + sum g_i+ | measured fitness | best measured fitness or single-digit g-values | x1 | x2...
1 0 +9.233205983e+02 +9.474505983e+02 +9.474505983e+02 -3.2574e+00 +4.4377e-01 -4.3969e+00 -4.9069e+00 +4.4212e+00 +2.9907e-01 +4.0264e-01 -3.1402e+00 +3.7520e+00 +1.1162e+00 -1.5218e+00 -1.6854e+00 -2.2373e-01 -4.3398e+00 -1.6144e+00 -3.4318e+00 +4.7315e+00 +4.3901e-01 +2.3213e+00 -1.2324e+00
3 0 +4.882098560e+02 +5.123398560e+02 +5.123398560e+02 +1.9781e+00 -2.2414e+00 -7.1655e-01 +3.7850e+00 +3.3470e+00 +3.6938e+00 -2.1552e+00 +2.7574e+00 -9.7119e-01 +2.6802e-01 -2.8442e+00 -1.1360e+00 +2.0340e+00 -1.3940e+00 +5.1349e-01 +4.3653e+00 -1.2547e+00 -3.8615e-01 +1.6443e+00 +1.7377e+00
110 0 +4.280382228e+02 +4.521682228e+02 +4.521682228e+02 -3.3781e-01 +1.8275e+00 +1.2286e+00 +2.3944e-01 +2.4750e-01 +4.9540e-01 -7.7806e-01 +3.3740e+00 +1.9990e+00 +5.2780e-01 -1.0135e+00 +1.2541e-01 -1.8595e+00 +1.0324e+00 +5.6634e-01 +2.6736e+00 +1.0080e+00 -1.9541e+00 -3.0244e+00 -1.8764e+00
120 0 +3.620860315e+02 +3.862160315e+02 +3.862160315e+02 +2.3012e+00 +8.4463e-01 -1.2252e+00 +6.9941e-01 -6.6403e-01 -3.8175e-01 -2.6003e+00 +1.7305e+00 -7.0940e-01 -2.7320e-01 -1.7282e-01 -1.4803e+00 -3.3628e-01 +4.2664e-01 -5.9657e-01 -1.1290e+00 -7.0025e-01 +1.0773e+00 +6.6083e-01 -3.2171e-01
156 0 +3.190862484e+02 +3.432162484e+02 +3.432162484e+02 -1.4811e+00 +1.0318e+00 -8.3948e-01 -1.2029e+00 -4.8168e-01 -2.1718e+00 +3.0281e+00 -2.1678e+00 -1.8075e+00 +2.4042e-01 -1.6396e+00 -7.3626e-01 +1.3899e+00 -1.0967e+00 +3.3738e+00 +9.3344e-01 +3.4133e+00 -3.9407e+00 -1.7767e+00 -2.4026e+00
246 0 +2.771053940e+02 +3.012353940e+02 +3.012353940e+02 +1.0859e+00 -1.9470e+00 +1.2228e-01 +2.1734e+00 +2.9300e+00 +7.8823e-01 -2.6309e+00 +1.7018e+00 -1.4223e+00 +1.1507e+00 -7.5892e-01 -7.4810e-01 -6.6817e-01 -2.4429e+00 +1.5237e-01 -5.0823e-01 -1.3661e-01 -1.1545e-01 +6.7101e-01 -5.4682e-01
311 0 +2.191902719e+02 +2.433202719e+02 +2.433202719e+02 -2.4184e+00 -2.3626e-01 -2.0050e+00 -1.0565e+00 +1.2696e-01 -2.6117e-01 +2.1207e+00 -1.4006e+00 -3.5462e-01 -6.2819e-01 -5.4560e-01 -9.6957e-01 +1.0675e+00 -3.8524e-01 +2.2753e+00 -2.2239e-01 -3.4329e-01 -1.4503e+00 -3.9940e-01 -9.6002e-01
528 0 +2.137969224e+02 +2.379269224e+02 +2.379269224e+02 +1.1936e+00 -1.5583e+00 -5.7346e-01 +5.2071e-01 +1.6954e+00 +6.7750e-01 -2.3156e+00 +1.7564e+00 -7.2148e-02 -8.5005e-02 -7.2613e-02 -7.8918e-01 +2.8482e-01 -1.4504e+00 -8.5109e-02 +3.3436e-01 -7.7766e-01 +1.6534e-01 +6.9180e-01 +3.3194e-01
710 0 +2.070915882e+02 +2.312215882e+02 +2.312215882e+02 +1.6000e+00 -8.3596e-01 -1.9867e-01 -1.2372e-01 +1.1210e+00 +5.7986e-01 -6.8440e-01 +1.1744e+00 +1.1032e+00 +2.2426e-01 -4.7215e-02 -8.8913e-01 -5.0248e-01 -9.2055e-01 +5.1330e-02 +8.1353e-01 -5.5192e-01 +6.9890e-02 +8.0547e-01 -3.3726e-02
728 0 +2.029833605e+02 +2.271133605e+02 +2.271133605e+02 +1.5602e+00 -1.3913e+00 -1.7388e-01 +2.4486e-01 +1.5491e+00 +9.6998e-01 -1.0742e+00 +9.1850e-01 +6.7681e-01 +1.9445e-01 +2.1841e-01 -7.6266e-01 -1.7337e-02 -1.2610e+00 -5.0153e-01 +1.2710e+00 -8.5458e-01 -1.7754e-01 +9.0661e-01 +4.6991e-01
912 0 +1.954162415e+02 +2.195462415e+02 +2.195462415e+02 +1.5259e+00 -3.4506e-01 +2.1048e-01 +7.5143e-02 +1.0155e+00 +2.1981e-01 -1.3785e+00 +1.7814e+00 +5.0744e-01 +7.1005e-01 +4.1262e-01 -7.7294e-01 -3.0122e-01 -8.6632e-01 +8.7485e-02 -4.0032e-01 -1.0554e+00 +5.2953e-01 +1.1250e+00 +3.7354e-01
1158 0 +1.921829498e+02 +2.163129498e+02 +2.163129498e+02 +1.4433e+00 -4.5995e-01 +1.6987e-02 +1.7132e-01 +1.2635e+00 +2.6876e-01 -1.5801e+00 +1.6483e+00 +4.3651e-01 +4.2983e-01 +2.6500e-01 -7.6547e-01 -3.0653e-01 -9.7590e-01 -1.4803e-01 +1.8822e-02 -9.1639e-01 +3.3933e-01 +9.1885e-01 +5.2359e-01
1491 0 +1.807522236e+02 +2.048822236e+02 +2.048822236e+02 +1.4433e+00 -4.5995e-01 -6.1953e-02 +1.7132e-01 +1.2635e+00 +3.3406e-01 -1.7709e+00 +1.6483e+00 +3.5542e-01 +3.1395e-01 +3.7194e-01 -7.6547e-01 -3.0653e-01 -8.6706e-01 -2.9773e-01 +1.8822e-02 -8.7469e-01 +3.3933e-01 +9.1885e-01 +5.6181e-01
2032 0 +1.724450144e+02 +1.965750144e+02 +1.965750144e+02 +1.3682e+00 -6.0895e-01 +7.0890e-02 +1.8527e-01 +1.1904e+00 +1.7103e-01 -1.2916e+00 +1.5413e+00 +6.1010e-01 +2.5531e-01 +1.4175e-01 -6.9578e-01 -1.0324e-01 -1.0299e+00 -2.6143e-01 +3.1521e-01 -5.7415e-01 +3.0783e-01 +8.5390e-01 +3.6885e-01
2504 0 +1.656912959e+02 +1.898212959e+02 +1.898212959e+02 +1.4178e+00 -1.1439e+00 +7.8526e-02 +4.2622e-01 +1.2485e+00 +2.3695e-01 -1.0357e+00 +1.4861e+00 +1.2547e+00 +3.5571e-01 +1.0434e-01 -8.8195e-01 -3.9931e-01 -8.9465e-01 -5.1745e-01 +4.2589e-01 -9.0960e-01 +1.7287e-01 +1.0110e+00 +1.0989e-01
2510 0 +1.477256618e+02 +1.718556618e+02 +1.718556618e+02 +1.1971e+00 -1.1636e+00 +1.6861e-01 +4.2520e-01 +1.5039e+00 +3.7261e-01 -8.1702e-01 +1.5464e+00 +1.0901e+00 +5.7227e-02 -6.2834e-02 -4.8625e-01 -5.0499e-01 -5.9059e-01 -3.1572e-01 +5.4830e-01 -6.4313e-01 +7.3009e-02 +9.3553e-01 +2.9204e-01
6657 0 +1.378034729e+02 +1.619334729e+02 +1.619334729e+02 +1.4371e+00 -1.1379e+00 +5.3126e-01 +6.9442e-01 +1.1185e+00 +1.7784e-01 -9.4596e-01 +1.1907e+00 +1.0081e+00 +1.8587e-01 +1.8193e-01 -5.0199e-01 -5.7566e-01 -5.8964e-01 -3.3750e-01 +5.0556e-01 -9.8895e-01 +3.1997e-01 +1.0870e+00 +6.3236e-02
17443 0 +1.154682826e+02 +1.395982826e+02 +1.395982826e+02 +1.6512e+00 -1.2391e+00 +6.8592e-01 +7.3912e-01 +1.3265e+00 +4.0142e-01 -1.2260e+00 +1.2574e+00 +1.2563e+00 +2.6804e-01 +4.2637e-01 -7.6403e-01 -5.3373e-01 -4.7790e-01 -3.7968e-01 +5.4064e-01 -9.9314e-01 +1.6128e-01 +1.1052e+00 +4.4720e-01
% f evaluations | g evaluations | best noise-free fitness - Fopt (-5.837000000000e+02) + sum g_i+ | measured fitness | best measured fitness or single-digit g-values | x1 | x2...
1 0 +7.693729943e+02 +1.856729943e+02 +1.856729943e+02 +4.3076e+00 +2.5974e+00 -2.1594e-01 +1.4007e+00 +4.3199e+00 +3.6164e-01 +1.4614e+00 -4.4718e+00 +7.0052e-01 +1.2869e+00 -4.9278e+00 -3.1790e+00 +3.2579e+00 +4.8925e+00 +3.1633e+00 -3.7557e+00 +1.7381e+00 -1.0644e+00 +1.0530e+00 -2.5074e-01
2 0 +7.506838978e+02 +1.669838978e+02 +1.669838978e+02 -9.6757e-01 +3.1007e+00 +4.5227e+00 +3.8289e-01 +7.7060e-01 -4.7424e-01 +2.3144e+00 -4.4844e+00 -1.0621e+00 +3.9262e+00 -2.3763e+00 -3.3701e+00 +2.1027e+00 +3.4247e+00 +3.1978e+00 +4.5916e+00 +1.4470e-01 -2.1961e+00 -3.4015e+00 -2.8567e-01
4 0 +5.926505185e+02 +8.950518543e+00 +8.950518543e+00 +4.1657e+00 +3.5202e+00 +3.9151e+00 +1.4784e+00 -4.1617e+00 -6.3869e-01 +7.9331e-01 +3.1612e-01 +1.8451e+00 -3.3689e+00 +5.1245e-01 +6.0570e-01 +5.1274e-01 +7.3355e-01 +1.0908e+00 -2.6569e+00 -1.2098e+00 +1.9450e+00 -4.2779e+00 +1.3698e+00
37 0 +4.908222914e+02 -9.287770860e+01 -9.287770860e+01 -3.6206e+00 +3.9364e+00 -2.5577e+00 -9.3563e-01 +5.0627e-01 -3.4904e+00 -2.0553e+00 +2.5988e+00 +9.8669e-01 -1.7353e-01 -3.3608e+00 -4.6560e-01 -4.5483e+00 +1.9938e+00 -2.2806e+00 -2.0789e+00 -2.5206e-02 +3.0731e-01 -3.0125e+00 -6.5044e-01
101 0 +4.015026398e+02 -1.821973602e+02 -1.821973602e+02 +2.3364e+00 -2.7397e+00 -9.4252e-01 +1.4589e+00 +7.1870e-01 +8.0645e-01 +1.0160e+00 +1.9125e+00 +9.0183e-01 -2.2311e+00 -2.5164e-02 +9.4347e-01 +7.8439e-01 +4.7388e-01 +1.4644e+00 +1.1829e+00 +4.3220e+00 +1.9758e-01 +2.9303e+00 +3.5774e-02
189 0 +3.618996595e+02 -2.218003405e+02 -2.218003405e+02 +4.7879e-02 +3.2141e+00 -6.8412e-01 -1.6501e+00 -5.0533e-01 -6.5516e-01 +3.0115e+00 -1.4704e+00 +2.4152e+00 +1.5111e+00 +1.0242e+00 +8.1784e-01 +5.5577e-01 -1.0640e+00 +2.0168e+00 -1.7418e-01 +3.5528e+00 -1.7183e+00 +2.0916e-01 +7.7203e-01
197 0 +2.826547242e+02 -3.010452758e+02 -3.010452758e+02 -2.6436e-01 -5.5510e-01 +2.0153e+00 +1.7960e+00 -5.0868e-01 -6.5519e-01 -4.5356e-01 +1.1850e+00 -8.2506e-01 +4.8971e-01 -1.6186e+00 -1.5292e+00 -9.2923e-01 +2.0853e-01 -9.1949e-01 -1.0747e+00 -3.6770e+00 -1.6431e+00 -2.7969e-01 +3.2103e+00
213 0 +2.573471586e+02 -3.263528414e+02 -3.263528414e+02 +3.3119e-01 -4.5279e-02 +7.5102e-01 +9.3015e-01 +6.8752e-01 +3.1172e-01 -1.3312e-01 +1.4139e+00 -9.6168e-02 +1.9458e-01 -4.1999e-01 +3.3062e-01 -1.1298e+00 -5.5415e-01 -7.7259e-01 -6.7293e-01 -4.5962e-01 -2.7980e+00 -2.9858e-01 +4.9846e-01
349 0 +2.129497523e+02 -3.707502477e+02 -3.707502477e+02 -4.6300e-01 +5.8267e-01 +8.3708e-01 +1.4779e+00 +7.0520e-01 -6.7883e-01 -8.5560e-01 +1.7824e+00 -3.4480e-01 -1.4137e-01 -8.4355e-01 -7.8199e-01 -1.5508e+00 +2.2175e-01 -9.5264e-01 -1.0964e+00 -1.3076e+00 -9.4157e-01 -4.5486e-01 +1.3667e+00
535 0 +2.042447180e+02 -3.794552820e+02 -3.794552820e+02 +1.5161e+00 +4.1424e-01 +6.5803e-01 +1.5841e+00 -5.0608e-01 -6.2145e-01 +5.7975e-01 +9.3908e-01 -6.3536e-01 +4.5978e-01 -1.5136e-02 -7.0837e-01 -2.0732e-02 +3.9050e-01 +1.2174e-02 -1.1995e+00 -1.0386e+00 -6.3705e-01 -5.8475e-01 +8.4413e-01
618 0 +2.039105590e+02 -3.797894410e+02 -3.797894410e+02 +6.3112e-01 +5.6936e-01 +7.1635e-01 +1.0138e+00 -9.7244e-02 -4.3504e-01 -1.3915e-01 +1.0149e+00 -4.1506e-01 +4.9019e-01 -1.9612e-01 -5.2340e-01 -5.4717e-01 +3.6206e-01 -6.9307e-01 -8.0959e-01 -6.4044e-01 -1.2882e+00 -7.6979e-01 +8.0098e-01
629 0 +1.627004378e+02 -4.209995622e+02 -4.209995622e+02 -1.0334e-02 +5.8151e-01 +1.0067e-01 +1.2888e+00 -1.3602e-01 -2.6164e-01 -4.9387e-01 +1.8713e+00 -8.6240e-01 -9.0901e-02 -6.0237e-01 -9.7475e-01 -9.4451e-01 +1.0751e-01 -8.1510e-01 -1.2443e+00 -8.4906e-01 -5.2730e-01 -8.5847e-01 -9.7837e-02
2118 0 +1.591611025e+02 -4.245388975e+02 -4.245388975e+02 +4.9861e-01 +8.4970e-01 +1.4256e-01 +1.2908e+00 -7.2168e-02 -4.8634e-01 -2.1739e-01 +1.6679e+00 -6.5139e-01 +1.6241e-01 -5.7505e-01 -5.9557e-01 -8.5475e-01 +3.9689e-01 -6.5227e-01 -1.2077e+00 -7.6091e-01 -7.3333e-01 -9.8747e-01 -4.4578e-02
4697 0 +1.521453756e+02 -4.315546244e+02 -4.315546244e+02 +5.8384e-01 +7.1746e-01 +3.6620e-01 +1.2198e+00 +2.4971e-01 -5.4117e-01 -3.9133e-01 +1.7564e+00 -6.2629e-01 +2.1520e-01 -4.2550e-01 -7.0362e-01 -7.2176e-01 +2.1646e-01 -6.5288e-01 -1.1748e+00 -7.2434e-01 -7.0531e-01 -9.2129e-01 +7.1659e-02
6658 0 +1.459233295e+02 -4.377766705e+02 -4.377766705e+02 +5.9357e-01 +6.2033e-01 +5.4360e-01 +1.3364e+00 +6.1692e-02 -5.2355e-01 -4.7314e-01 +1.8334e+00 -5.8254e-01 +3.5654e-01 -5.0928e-01 -7.7805e-01 -8.7187e-01 +5.0410e-01 -6.2853e-01 -9.4880e-01 -8.4438e-01 -5.9997e-01 -8.8375e-01 -3.8444e-02
12949 0 +1.402566327e+02 -4.434433673e+02 -4.434433673e+02 +6.9507e-01 +7.2450e-01 +5.3560e-01 +1.2895e+00 +1.3339e-01 -4.9472e-01 -3.3540e-01 +1.9032e+00 -5.0002e-01 +6.5257e-01 -4.9094e-01 -6.8709e-01 -6.0397e-01 +6.4434e-01 -7.9130e-01 -8.4987e-01 -9.1409e-01 -6.3033e-01 -1.1075e+00 -2.9306e-01
17028 0 +1.378937119e+02 -4.458062881e+02 -4.458062881e+02 +1.0532e+00 +6.0145e-01 +6.0002e-01 +1.3405e+00 +1.0135e-01 -6.1226e-01 -3.7543e-01 +1.8611e+00 -4.6152e-01 +6.3829e-01 -4.7826e-01 -7.5371e-01 -7.4619e-01 +6.4521e-01 -6.1438e-01 -1.0599e+00 -5.9278e-01 -7.2954e-01 -9.7842e-01 +4.3085e-02
18834 0 +1.288782151e+02 -4.548217849e+02 -4.548217849e+02 +8.9648e-01 +6.8529e-01 +7.7917e-01 +1.2083e+00 +3.3610e-01 -4.5099e-01 -3.0928e-01 +1.9435e+00 -6.6823e-01 +8.1455e-01 -3.1524e-01 -8.4321e-01 -7.2990e-01 +7.6305e-01 -9.0916e-01 -9.9737e-01 -9.6316e-01 -1.1275e+00 -8.6842e-01 -2.3348e-01
