% f evaluations | g evaluations | best noise-free fitness - Fopt (1.026100000000e+02) + sum g_i+ | measured fitness | best measured fitness or single-digit g-values | x1 | x2...
1 0 +3.048911285e+02 +4.075011285e+02 +4.075011285e+02 -2.0705e+00 -8.2396e-01 +4.2702e+00 +3.3395e+00 -3.7335e+00 +4.5923e+00 +3.5704e+00 -4.6801e+00 +3.7527e+00 +1.7849e+00
4 0 +2.959311768e+02 +3.985411768e+02 +3.985411768e+02 +1.0477e+00 -1.2994e+00 -4.4809e+00 -1.8735e+00 -3.1318e+00 -3.9302e+00 +4.5986e+00 -2.0005e+00 +9.0887e-01 +4.9008e-01
8 0 +2.641454528e+02 +3.667554528e+02 +3.667554528e+02 -1.8348e+00 -3.1765e+00 -4.7426e+00 -3.2430e+00 +5.9687e-01 +2.8812e+00 -8.7735e-01 +1.6188e+00 -2.5143e+00 -1.1505e+00
9 0 +2.309637592e+02 +3.335737592e+02 +3.335737592e+02 -4.1477e+00 +4.9196e-01 +2.3558e-02 +3.5179e+00 -1.8785e+00 +1.2558e+00 +2.1655e+00 -4.4590e+00 +2.4281e+00 +2.9097e+00
29 0 +2.126279064e+02 +3.152379064e+02 +3.152379064e+02 +1.7189e+00 -2.8899e-01 -1.0841e+00 -3.7475e+00 -6.4437e-01 -3.3753e-01 -1.2186e+00 +3.5720e+00 -4.1290e+00 -2.2058e+00
109 0 +1.067786295e+02 +2.093886295e+02 +2.093886295e+02 -3.1605e-01 +1.0820e+00 +7.8517e-01 -5.8172e-01 +1.4736e+00 +5.1483e-01 -1.0632e+00 +1.1129e-01 -1.1899e+00 -1.5146e+00
129 0 +1.024290185e+02 +2.050390185e+02 +2.050390185e+02 +1.6903e+00 -2.8329e-01 +1.4948e+00 -4.6165e-01 +1.9501e+00 -1.2830e+00 -2.9440e+00 +1.9931e+00 -2.0423e+00 -2.4125e+00
228 0 +9.587062926e+01 +1.984806293e+02 +1.984806293e+02 +1.6693e+00 -3.2757e-01 +1.4948e+00 -4.6165e-01 +1.9501e+00 -1.3359e+00 -2.9440e+00 +2.0434e+00 -2.0741e+00 -2.2616e+00
364 0 +7.941078586e+01 +1.820207859e+02 +1.820207859e+02 +8.5460e-01 +6.9652e-01 +1.4675e+00 -1.7877e+00 +1.5670e+00 -7.5183e-01 -2.5536e+00 +1.3019e+00 -1.7120e+00 -2.3096e+00
551 0 +6.627851513e+01 +1.688885151e+02 +1.688885151e+02 +9.3019e-03 +1.2210e+00 +1.0640e+00 -1.3998e+00 +1.2879e+00 +2.7585e-02 -1.2024e+00 +4.3279e-01 -1.6255e+00 -1.9401e+00
576 0 +6.083188750e+01 +1.634418875e+02 +1.634418875e+02 +1.0078e+00 -4.5574e-02 +1.2026e+00 -8.1673e-01 +1.8800e+00 -5.7575e-01 -1.8782e+00 +1.4562e+00 -6.3106e-01 -1.5823e+00
740 0 +5.926449764e+01 +1.618744976e+02 +1.618744976e+02 +8.3629e-01 +5.4458e-01 +1.3278e+00 -9.3729e-01 +1.6664e+00 -6.0501e-01 -2.3114e+00 +1.2885e+00 -1.8087e+00 -2.2467e+00
777 0 +5.669322414e+01 +1.593032241e+02 +1.593032241e+02 +1.0314e+00 +4.3760e-01 +8.5714e-01 -1.0455e+00 +1.3585e+00 -7.0171e-01 -2.2481e+00 +1.2832e+00 -9.8582e-01 -2.0496e+00
1035 0 +5.481660629e+01 +1.574266063e+02 +1.574266063e+02 +7.6690e-01 +2.7281e-01 +1.2724e+00 -8.6502e-01 +1.5086e+00 -5.9935e-01 -1.7121e+00 +9.4682e-01 -8.7200e-01 -1.6987e+00
1271 0 +3.886390081e+01 +1.414739008e+02 +1.414739008e+02 +7.5874e-01 +1.5978e-01 +1.1759e+00 -9.5831e-01 +1.5694e+00 -5.6003e-01 -1.7313e+00 +1.1859e+00 -1.1109e+00 -1.6432e+00
4976 0 +3.762874268e+01 +1.402387427e+02 +1.402387427e+02 +8.8190e-01 +5.4024e-01 +1.3034e+00 -9.5748e-01 +1.5692e+00 -3.4726e-01 -1.5048e+00 +1.0225e+00 -1.0187e+00 -1.9155e+00
6677 0 +3.133352367e+01 +1.339435237e+02 +1.339435237e+02 +9.6316e-01 +5.4871e-01 +1.4177e+00 -9.4916e-01 +1.5864e+00 -3.3927e-01 -1.4805e+00 +1.0676e+00 -1.0792e+00 -1.9566e+00
7169 0 +2.905072880e+01 +1.316607288e+02 +1.316607288e+02 +7.2302e-01 +3.7663e-01 +1.3061e+00 -1.4592e+00 +1.5431e+00 -5.1269e-01 -1.6527e+00 +8.4157e-01 -1.0846e+00 -1.6540e+00
% f evaluations | g evaluations | best noise-free fitness - Fopt (9.330000000000e+01) + sum g_i+ | measured fitness | best measured fitness or single-digit g-values | x1 | x2...
1 0 +1.936020055e+02 +2.869020055e+02 +2.869020055e+02 -2.0618e+00 +2.3993e+00 +1.7699e+00 +1.5268e+00 +1.4124e+00 -2.2627e+00 +8.5731e-01 +4.5636e+00 +2.9465e+00 +4.3372e+00
89 0 +1.619772222e+02 +2.552772222e+02 +2.552772222e+02 +2.5544e+00 -1.1528e+00 -1.5671e+00 -2.6711e+00 +1.6162e+00 -1.8473e+00 +2.0534e+00 +1.3632e+00 -2.5172e-01 +4.1230e+00
102 0 +1.363311198e+02 +2.296311198e+02 +2.296311198e+02 -2.7632e+00 +5.1295e-01 -3.4394e+00 -2.1035e+00 +5.8114e-01 -2.4406e+00 +1.0198e+00 +1.2481e+00 +7.8196e-01 +1.6614e+00
111 0 +1.318997636e+02 +2.251997636e+02 +2.251997636e+02 +1.3738e+00 +1.0393e+00 -1.3882e+00 +1.0987e+00 +1.6276e+00 -5.6179e-01 +2.0526e+00 +3.3063e+00 +1.7061e+00 -2.7760e-01
172 0 +1.201025576e+02 +2.134025576e+02 +2.134025576e+02 +4.0304e-02 +1.3865e+00 -1.6747e+00 -2.2686e+00 +1.2066e+00 -1.0558e+00 -1.2345e+00 +2.8035e+00 -1.3823e+00 +1.7417e+00
208 0 +1.140758104e+02 +2.073758104e+02 +2.073758104e+02 -1.0206e+00 +2.8966e+00 -7.2285e-01 -1.5742e+00 +2.0708e+00 -1.9022e+00 +3.1091e-01 -2.1882e-01 -4.3533e-01 +1.6002e+00
326 0 +1.006315236e+02 +1.939315236e+02 +1.939315236e+02 -1.5529e-01 +1.4284e+00 -5.7508e-01 -3.5881e-01 +9.9351e-01 -2.3148e+00 +1.3183e+00 +1.5140e+00 +1.6553e+00 +3.2664e+00
338 0 +9.079018982e+01 +1.840901898e+02 +1.840901898e+02 +2.7767e-02 +7.8498e-01 -1.2941e+00 -2.2004e+00 +8.0262e-01 -1.7738e+00 +1.8838e-01 +2.2755e+00 -7.7321e-01 +8.1544e-01
435 0 +8.862754176e+01 +1.819275418e+02 +1.819275418e+02 -1.7168e+00 +2.3689e+00 +8.1070e-01 -1.8757e+00 +1.0108e+00 -1.3321e+00 +9.9820e-01 +4.7028e-01 +1.7080e-01 +1.6400e+00
529 0 +8.162401295e+01 +1.749240130e+02 +1.749240130e+02 +2.7919e-01 +2.7346e-01 -2.0575e+00 -1.3213e+00 +1.9899e+00 -5.9479e-01 +9.5638e-01 +1.6078e+00 +6.2568e-01 +1.4912e+00
608 0 +8.126296375e+01 +1.745629637e+02 +1.745629637e+02 -2.3292e-01 +1.1925e+00 -9.8856e-01 -1.6039e+00 +7.8986e-01 -1.1243e+00 +3.6357e-01 +1.0178e+00 +5.0796e-01 +1.1681e+00
717 0 +6.165552392e+01 +1.549555239e+02 +1.549555239e+02 -4.4426e-01 +1.1425e+00 -1.0781e+00 -1.1425e+00 +1.3824e+00 -1.1131e+00 +1.0437e+00 +7.7189e-01 +7.3661e-01 +1.5027e+00
971 0 +4.566539260e+01 +1.389653926e+02 +1.389653926e+02 -3.4177e-01 +1.0040e+00 -1.1282e+00 -1.2450e+00 +9.6220e-01 -1.4684e+00 +1.0247e+00 +1.1551e+00 +3.9265e-01 +1.2888e+00
2399 0 +3.897899175e+01 +1.322789917e+02 +1.322789917e+02 -8.2860e-01 +1.1292e+00 -1.1542e+00 -1.2701e+00 +7.6341e-01 -1.4963e+00 +1.1917e+00 +7.8064e-01 +6.2686e-01 +1.4048e+00
4412 0 +2.472233139e+01 +1.180223314e+02 +1.180223314e+02 -8.5123e-01 +1.2233e+00 -1.3041e+00 -1.3306e+00 +1.0411e+00 -1.0907e+00 +1.3545e+00 +5.8792e-01 +8.6599e-01 +1.3690e+00
7677 0 +2.313583948e+01 +1.164358395e+02 +1.164358395e+02 -8.5123e-01 +1.2233e+00 -1.3041e+00 -1.3306e+00 +1.0411e+00 -1.1095e+00 +1.3545e+00 +5.8770e-01 +8.6599e-01 +1.3690e+00
% f evaluations | g evaluations | best noise-free fitness - Fopt (1.364000000000e+01) + sum g_i+ | measured fitness | best measured fitness or single-digit g-values | x1 | x2...
1 0 +4.010277606e+02 +4.146677606e+02 +4.146677606e+02 -3.6010e+00 +4.4829e+00 +1.2729e+00 -3.6300e+00 +2.0095e+00 -4.7003e+00 +1.3790e+00 -3.7338e+00 +6.3389e-01 +4.2561e+00
3 0 +3.076034225e+02 +3.212434225e+02 +3.212434225e+02 -3.7588e+00 +2.8681e+00 +4.2364e+00 -4.1856e+00 +4.4985e-01 -1.3785e+00 -4.2093e+00 +3.0164e+00 -1.0829e+00 +4.2467e+00
4 0 +2.736693860e+02 +2.873093860e+02 +2.873093860e+02 -3.1561e+00 +3.9037e-01 +3.8726e+00 +3.7142e-01 -4.1053e+00 -4.9948e+00 -2.6303e+00 +2.8751e+00 +4.8796e+00 +1.1196e+00
11 0 +2.485171387e+02 +2.621571387e+02 +2.621571387e+02 -3.7016e+00 +1.7663e+00 +6.5013e-01 +2.3401e+00 +3.9975e+00 -5.8480e-01 -4.5537e+00 +1.3291e-01 +2.9267e-01 -2.9197e+00
29 0 +2.011292012e+02 +2.147692012e+02 +2.147692012e+02 -2.2561e+00 -2.3605e+00 -2.9996e+00 -1.6347e+00 +2.1186e+00 +6.4627e-01 -4.2881e+00 +5.8488e-01 +3.0050e+00 +1.5588e+00
33 0 +1.889550693e+02 +2.025950693e+02 +2.025950693e+02 -5.7874e-01 -1.2555e+00 +2.9438e+00 +1.7389e+00 -1.2980e-01 -3.1659e+00 -3.1111e+00 +1.6604e+00 +1.6512e-01 -3.4542e+00
101 0 +1.658310344e+02 +1.794710344e+02 +1.794710344e+02 -2.7950e+00 -1.3730e+00 +1.2049e+00 -1.2297e+00 +2.1997e-01 -1.8593e+00 +7.9399e-01 -2.2150e+00 -1.3113e-01 +1.6981e+00
112 0 +1.473278672e+02 +1.609678672e+02 +1.609678672e+02 -1.3891e+00 -4.0220e+00 +6.7179e-01 +1.0337e+00 +8.0831e-01 -2.2502e-01 +2.4601e+00 -6.5676e-01 +7.2264e-01 +6.8140e-01
113 0 +1.419787259e+02 +1.556187259e+02 +1.556187259e+02 -2.4777e-01 +2.8080e-03 +6.5376e-01 +3.0213e+00 -2.1877e+00 -1.5281e+00 -8.1547e-01 +4.5994e-01 +2.4161e+00 +2.8039e-01
141 0 +1.178807223e+02 +1.315207223e+02 +1.315207223e+02 -1.0108e+00 -3.9545e-01 +1.8275e-01 +3.1410e+00 +1.0532e+00 -2.0943e+00 -1.7562e+00 -7.6654e-01 +2.3711e+00 +2.5845e+00
209 0 +1.074078659e+02 +1.210478659e+02 +1.210478659e+02 -2.1241e+00 -1.8067e+00 +2.3822e+00 +6.2227e-01 -1.6086e+00 -2.5769e+00 -4.1706e-04 +1.1200e+00 +2.8347e+00 +8.8627e-01
210 0 +1.028822070e+02 +1.165222070e+02 +1.165222070e+02 -2.0420e+00 -9.1293e-01 +1.7968e+00 -2.4997e-02 -4.8400e-01 -1.7073e+00 -2.6913e+00 +9.7399e-01 -2.2863e-03 +1.4633e+00
300 0 +9.856177207e+01 +1.122017721e+02 +1.122017721e+02 -1.3274e+00 +9.6600e-01 +1.8089e+00 +1.2631e+00 +5.4684e-02 -1.0872e+00 -1.0724e+00 +1.5655e+00 +2.2660e+00 +1.1331e+00
305 0 +8.081304452e+01 +9.445304452e+01 +9.445304452e+01 -1.6177e+00 -3.2514e-01 +1.7663e+00 +7.7650e-01 +1.6054e-02 -6.1587e-01 -1.0575e+00 +2.0289e+00 +1.5147e+00 +5.0619e-01
402 0 +6.750304783e+01 +8.114304783e+01 +8.114304783e+01 -1.4780e+00 +2.7160e-01 +1.2096e+00 +1.7749e+00 +1.4177e+00 -1.8538e+00 -1.6103e+00 +4.5008e-01 +2.1579e+00 +4.7362e-01
448 0 +6.482428404e+01 +7.846428404e+01 +7.846428404e+01 -1.7590e+00 -8.2659e-01 +1.1958e+00 +1.2443e+00 +7.1813e-01 -1.4521e+00 -9.3552e-01 +4.5676e-02 +2.4287e+00 +1.5433e-01
898 0 +6.129144453e+01 +7.493144453e+01 +7.493144453e+01 -1.2015e+00 -8.2952e-02 +1.4274e+00 +1.1861e+00 +4.3136e-01 -1.3397e+00 -1.1216e+00 +6.4219e-01 +1.7266e+00 +1.1509e+00
1408 0 +5.964492440e+01 +7.328492440e+01 +7.328492440e+01 -1.5972e+00 -5.3389e-01 +1.4287e+00 +1.1150e+00 +4.5710e-01 -1.0819e+00 -9.7380e-01 +5.0176e-01 +1.6278e+00 +9.0488e-01
1526 0 +3.940387262e+01 +5.304387262e+01 +5.304387262e+01 -1.3122e+00 -4.4502e-01 +1.4900e+00 +1.3429e+00 +6.8069e-01 -1.2912e+00 -1.1692e+00 +5.6834e-01 +1.5599e+00 +4.6286e-01
2094 0 +3.853773699e+01 +5.217773699e+01 +5.217773699e+01 -1.3122e+00 -4.4502e-01 +1.4900e+00 +1.3429e+00 +6.8069e-01 -1.2955e+00 -1.1692e+00 +5.6834e-01 +1.5599e+00 +4.6286e-01
% f evaluations | g evaluations | best noise-free fitness - Fopt (1.948000000000e+02) + sum g_i+ | measured fitness | best measured fitness or single-digit g-values | x1 | x2...
1 0 +3.794371629e+02 +5.742371629e+02 +5.742371629e+02 -1.7785e+00 +9.8297e-01 +2.7967e+00 -4.7307e+00 +4.6582e+00 -4.7476e+00 +3.0089e+00 -1.2722e-01 +8.9275e-01 -1.8089e-01
2 0 +3.026427457e+02 +4.974427457e+02 +4.974427457e+02 +3.3125e+00 -1.5477e+00 +3.2510e+00 -7.8588e-01 +4.7114e+00 +3.2847e+00 -1.2624e+00 -6.5340e-01 -1.2953e+00 +1.1035e+00
4 0 +2.332260583e+02 +4.280260583e+02 +4.280260583e+02 +1.2891e+00 -4.6382e+00 +1.9700e+00 -1.1809e+00 -2.8895e+00 -9.8677e-01 -1.4947e+00 +1.0355e+00 -2.6213e+00 +5.8726e-01
35 0 +1.486653553e+02 +3.434653553e+02 +3.434653553e+02 -2.6481e+00 +1.0073e+00 +2.6016e+00 -3.4350e+00 -3.3421e+00 +9.8824e-01 +1.8878e+00 +4.3329e-01 +1.3112e+00 -2.1606e+00
124 0 +1.204506406e+02 +3.152506406e+02 +3.152506406e+02 -1.4053e+00 -4.3182e-02 +5.3577e-01 -2.0469e+00 -2.0267e-01 -9.8682e-01 +8.1319e-01 +9.8621e-01 -3.5501e+00 -1.9210e+00
203 0 +1.181165137e+02 +3.129165137e+02 +3.129165137e+02 -1.2487e+00 -1.4270e+00 +3.4040e+00 -2.7653e+00 -3.2329e+00 +2.2968e+00 +2.0281e+00 +2.0787e+00 -1.1016e+00 -5.2061e-01
213 0 +1.077279183e+02 +3.025279183e+02 +3.025279183e+02 -1.4053e+00 -4.3182e-02 +5.3577e-01 -2.0469e+00 -2.5895e-01 -9.8682e-01 +8.1319e-01 +9.8621e-01 -3.6753e+00 -1.9156e+00
258 0 +9.727543313e+01 +2.920754331e+02 +2.920754331e+02 -7.9974e-01 -4.0871e-01 -2.7853e-01 -1.3117e+00 +3.1665e-01 -1.5924e-01 +4.5328e-01 +7.5493e-03 +1.7384e-01 +1.2387e+00
310 0 +8.304820947e+01 +2.778482095e+02 +2.778482095e+02 -2.9273e+00 -1.1219e+00 +3.6432e+00 -3.8343e-01 -2.3236e+00 +2.4850e+00 +1.6514e+00 +1.7010e+00 -1.2480e+00 -1.7554e+00
526 0 +7.121125011e+01 +2.660112501e+02 +2.660112501e+02 -1.1305e+00 -9.6700e-02 +2.3165e+00 -1.4678e+00 -1.0449e+00 +5.8474e-01 +3.7828e-01 +4.7279e-01 -1.4872e+00 -6.2331e-01
529 0 +4.838597617e+01 +2.431859762e+02 +2.431859762e+02 -2.1695e+00 -9.9806e-01 +2.2957e+00 -1.7194e+00 -2.0694e+00 +8.3142e-01 +1.7070e+00 +1.1981e+00 -2.7081e-01 -1.7454e+00
1524 0 +2.991005206e+01 +2.247100521e+02 +2.247100521e+02 -1.7597e+00 -8.7352e-01 +1.6270e+00 -1.5723e+00 -1.5167e+00 +8.9892e-01 +9.6333e-01 +9.9161e-01 -1.0531e+00 -1.1715e+00
% f evaluations | g evaluations | best noise-free fitness - Fopt (-1.335900000000e+02) + sum g_i+ | measured fitness | best measured fitness or single-digit g-values | x1 | x2...
1 0 +3.964395083e+02 +2.628495083e+02 +2.628495083e+02 -1.3441e+00 -2.8441e+00 +3.0973e+00 +4.3605e+00 -2.0597e+00 +2.1478e+00 -2.0968e+00 +2.3990e+00 +3.6141e+00 +3.1845e+00
2 0 +2.797248686e+02 +1.461348686e+02 +1.461348686e+02 +3.3253e+00 +3.4376e+00 +1.8100e+00 -2.0144e+00 -2.4494e+00 -2.0445e+00 +9.6554e-01 -3.2761e+00 +1.5688e+00 +4.4497e+00
3 0 +1.876407832e+02 +5.405078322e+01 +5.405078322e+01 -3.4666e+00 -5.6534e-01 -1.9070e+00 -3.6026e-02 -3.2576e+00 +3.8405e+00 -1.2848e+00 -2.1886e+00 -1.4832e+00 +5.0454e-01
14 0 +1.600459661e+02 +2.645596614e+01 +2.645596614e+01 -3.2184e-01 +1.5403e+00 -1.4857e+00 -1.2570e+00 +3.9778e-01 -2.3480e-01 +1.4431e+00 -8.7480e-01 +9.6071e-01 -6.6822e-01
106 0 +1.491691984e+02 +1.557919838e+01 +1.557919838e+01 -2.5643e+00 +7.5875e-01 +1.3449e+00 -2.6395e+00 -1.1899e+00 -8.4459e-01 +5.6600e-01 -2.7772e+00 -3.0088e+00 -3.1434e-01
122 0 +1.322417013e+02 -1.348298722e+00 -1.348298722e+00 -5.4354e-01 +9.4813e-01 +1.5520e+00 -2.3632e+00 -7.1527e-01 -1.0160e+00 +1.9187e+00 -1.0052e+00 +2.7183e-01 +1.2154e+00
166 0 +1.229197236e+02 -1.067027637e+01 -1.067027637e+01 -1.5216e+00 +9.0739e-01 -1.4448e+00 -1.7612e+00 -2.7634e-01 +2.1028e+00 +1.0366e+00 -3.3426e+00 -8.5032e-01 +2.2027e+00
220 0 +1.120646028e+02 -2.152539717e+01 -2.152539717e+01 -2.0844e-01 +7.5549e-01 +3.4933e-01 -4.3002e-01 -5.1219e-01 +1.1265e+00 +2.9309e+00 -9.2655e-01 -8.7593e-01 -1.1216e+00
303 0 +9.028667349e+01 -4.330332651e+01 -4.330332651e+01 -2.2536e+00 +2.5088e+00 +2.3009e+00 -2.5937e+00 -4.8008e-01 +1.0776e+00 +7.3598e-01 -8.1823e-01 -2.9678e+00 +2.3081e+00
330 0 +7.987103819e+01 -5.371896181e+01 -5.371896181e+01 -1.5566e+00 +4.8336e-01 +7.4482e-01 -2.1187e+00 -1.6740e+00 +7.2546e-01 +1.4317e+00 -1.5795e+00 -1.2808e+00 +1.7273e+00
457 0 +6.762462705e+01 -6.596537295e+01 -6.596537295e+01 -7.4688e-01 +4.9743e-01 +1.5010e+00 -2.0476e+00 -1.7763e+00 -2.8476e-01 +2.0968e+00 -7.6870e-01 -1.9061e-01 +1.8572e+00
517 0 +5.890819738e+01 -7.468180262e+01 -7.468180262e+01 -1.1926e+00 +1.2211e+00 +9.2092e-01 -1.4916e+00 -1.2258e+00 +5.6554e-01 +9.9611e-01 -1.0646e+00 -1.0218e+00 +1.8221e+00
665 0 +5.404374071e+01 -7.954625929e+01 -7.954625929e+01 -1.1773e+00 +1.1107e+00 +1.4292e+00 -2.2376e+00 -1.2492e+00 +1.3889e-01 +1.6855e+00 -1.1530e+00 -9.4517e-01 +2.0444e+00
797 0 +4.942839359e+01 -8.416160641e+01 -8.416160641e+01 -1.2561e+00 +1.2093e+00 +1.1298e+00 -1.6138e+00 -1.0006e+00 +8.7056e-01 +1.1014e+00 -9.4088e-01 -1.3703e+00 +1.8002e+00
1463 0 +4.073213032e+01 -9.285786968e+01 -9.285786968e+01 -1.2007e+00 +1.1317e+00 +9.1953e-01 -1.6707e+00 -1.1056e+00 +9.1393e-01 +1.1380e+00 -1.1608e+00 -1.3100e+00 +1.4991e+00
3795 0 +3.110492046e+01 -1.024850795e+02 -1.024850795e+02 -1.2007e+00 +1.1139e+00 +9.1953e-01 -1.6727e+00 -1.1341e+00 +9.1393e-01 +1.1380e+00 -1.1676e+00 -1.3100e+00 +1.4991e+00
6654 0 +3.015706668e+01 -1.034329333e+02 -1.034329333e+02 -1.2313e+00 +1.1727e+00 +6.7044e-01 -1.4688e+00 -1.0516e+00 +9.3004e-01 +1.5611e+00 -1.4272e+00 -1.2981e+00 +1.4800e+00
% f evaluations | g evaluations | best noise-free fitness - Fopt (1.741400000000e+02) + sum g_i+ | measured fitness | best measured fitness or single-digit g-values | x1 | x2...
1 0 +4.546663339e+02 +6.288063339e+02 +6.288063339e+02 +2.4970e+00 +3.2350e+00 +1.4803e+00 -4.9016e+00 +4.8497e+00 +4.7830e-01 -3.4839e+00 +3.3430e+00 +5.9701e-02 -3.2115e+00
2 0 +3.723131235e+02 +5.464531235e+02 +5.464531235e+02 -3.1898e+00 -1.1702e+00 +1.5084e-01 -4.4920e+00 -2.8529e+00 +1.3279e+00 +6.1049e-01 +4.8699e+00 +4.4701e+00 -2.2544e+00
3 0 +3.414447046e+02 +5.155847046e+02 +5.155847046e+02 +1.1295e+00 -5.8574e-01 +1.2869e+00 -2.7881e+00 -2.3606e+00 +7.0215e-01 -4.3115e+00 -2.4032e+00 -4.3915e+00 -5.4936e-02
5 0 +3.062947053e+02 +4.804347053e+02 +4.804347053e+02 +3.4839e+00 +3.8823e+00 +1.2003e+00 -1.6242e+00 -2.9915e+00 -3.8756e+00 +1.5812e+00 +2.3853e+00 +3.0090e+00 +2.5628e+00
7 0 +2.703281206e+02 +4.444681206e+02 +4.444681206e+02 +4.2228e+00 -2.2847e+00 -1.5196e-01 +1.6390e-01 -1.9219e+00 -1.4018e-02 -1.7867e+00 +4.2882e+00 +5.6092e-01 +9.1677e-01
8 0 +2.256103481e+02 +3.997503481e+02 +3.997503481e+02 -2.2763e+00 -2.5933e+00 +3.1545e+00 +1.9551e+00 -1.1827e+00 -9.8744e-01 +2.4041e+00 +3.7903e+00 +4.8653e+00 -7.0995e-01
57 0 +2.123238448e+02 +3.864638448e+02 +3.864638448e+02 +4.4142e+00 +3.4523e+00 -6.6066e-01 +6.7477e-01 -3.6679e+00 -2.8230e+00 +2.7054e+00 -1.8979e+00 +2.1374e+00 -1.5685e-01
62 0 +1.768764681e+02 +3.510164681e+02 +3.510164681e+02 +2.3696e+00 -2.4632e+00 +1.1906e+00 +2.5292e+00 -2.4954e+00 +1.4503e+00 +3.2682e+00 -4.1899e+00 +2.9681e+00 +1.0537e+00
72 0 +1.708371709e+02 +3.449771709e+02 +3.449771709e+02 +2.2973e-01 -1.7676e+00 +1.6625e+00 +6.3281e-01 -4.2622e+00 -1.3418e+00 -1.6934e+00 -2.2087e+00 +2.6042e+00 -2.5420e+00
105 0 +1.101321760e+02 +2.842721760e+02 +2.842721760e+02 +1.2161e-01 +1.8461e+00 -1.3115e+00 -3.9984e-01 +1.2903e+00 +2.4579e+00 -1.1470e+00 +1.7978e+00 -1.0466e-01 +2.4833e+00
352 0 +1.050853612e+02 +2.792253612e+02 +2.792253612e+02 -9.3292e-02 -7.4386e-01 +1.2004e+00 +2.5131e-02 -2.0955e+00 -5.0965e-01 -1.0689e+00 -1.1317e+00 +1.5363e+00 -6.6261e-01
363 0 +9.320473677e+01 +2.673447368e+02 +2.673447368e+02 -8.9512e-01 +1.2404e+00 -1.5004e+00 -1.9408e+00 -9.9840e-01 +1.5672e+00 -9.4643e-01 +9.2039e-01 -1.0739e-01 +8.8254e-01
474 0 +7.133249317e+01 +2.454724932e+02 +2.454724932e+02 -1.4570e+00 +9.9291e-01 -5.3186e-01 -1.2981e+00 -1.0172e+00 +1.9354e+00 -7.2232e-01 +5.6024e-01 -1.4123e+00 +1.6707e+00
705 0 +5.445275008e+01 +2.285927501e+02 +2.285927501e+02 -4.1366e-01 +1.3428e+00 -1.0550e+00 -1.0937e+00 -2.3595e-01 +1.6983e+00 -9.3969e-01 +1.0964e+00 -1.1237e-01 +1.3465e+00
712 0 +5.067702570e+01 +2.248170257e+02 +2.248170257e+02 -3.9875e-01 +1.6887e+00 -1.5269e+00 -1.2018e+00 +2.2661e-01 +2.0636e+00 -1.0092e+00 +1.3964e+00 +3.2722e-02 +1.5954e+00
4613 0 +4.880162232e+01 +2.229416223e+02 +2.229416223e+02 -3.9821e-01 +1.7821e+00 -1.4422e+00 -1.2189e+00 +6.0671e-01 +2.1608e+00 -1.5097e+00 +1.4093e+00 -1.5781e-01 +1.4693e+00
5847 0 +4.710080971e+01 +2.212408097e+02 +2.212408097e+02 -5.9017e-01 +1.7081e+00 -1.3871e+00 -1.2490e+00 +5.3026e-01 +2.0791e+00 -1.1973e+00 +1.2332e+00 -1.4017e-01 +1.5708e+00
7151 0 +4.375426178e+01 +2.178942618e+02 +2.178942618e+02 -4.9638e-01 +1.2836e+00 -1.1739e+00 -9.7920e-01 +3.7708e-01 +2.0732e+00 -1.1976e+00 +1.0314e+00 -5.2067e-01 +1.4418e+00
8297 0 +3.796573694e+01 +2.121057369e+02 +2.121057369e+02 -6.4904e-01 +1.4707e+00 -1.1523e+00 -1.1613e+00 +5.7750e-01 +2.0166e+00 -1.2731e+00 +1.2213e+00 -3.6975e-01 +1.4634e+00
8370 0 +3.602557321e+01 +2.101655732e+02 +2.101655732e+02 -5.4144e-01 +1.5033e+00 -1.1322e+00 -1.0690e+00 +5.4315e-01 +1.9577e+00 -1.3459e+00 +1.2697e+00 -4.6664e-01 +1.5384e+00
% f evaluations | g evaluations | best noise-free fitness - Fopt (1.496600000000e+02) + sum g_i+ | measured fitness | best measured fitness or single-digit g-values | x1 | x2...
1 0 +2.820167251e+02 +4.316767251e+02 +4.316767251e+02 +2.1381e+00 +3.8726e-01 +1.6388e+00 +1.8286e+00 +1.4859e+00 +9.8180e-01 -3.6417e+00 +2.1859e+00 +1.9440e+00 +3.5756e+00
10 0 +2.710561437e+02 +4.207161437e+02 +4.207161437e+02 +2.5198e+00 -1.1128e+00 -3.4510e+00 +4.4345e-01 -1.1163e+00 -2.5286e+00 +3.4923e-01 +1.5072e+00 -1.3759e+00 +3.1577e+00
14 0 +1.914327461e+02 +3.410927461e+02 +3.410927461e+02 -1.2242e+00 +1.7433e+00 -1.4460e+00 -9.2878e-01 +2.6057e+00 -2.9136e+00 -3.6968e+00 -9.6413e-01 -1.7623e+00 +4.9057e-01
87 0 +1.829178119e+02 +3.325778119e+02 +3.325778119e+02 +1.5854e+00 +2.0363e+00 +1.6235e+00 -7.3875e-01 +2.2513e+00 -2.9544e+00 +3.4249e-01 +2.1347e-01 -2.2849e+00 +1.5639e+00
102 0 +1.734372016e+02 +3.230972016e+02 +3.230972016e+02 +2.5196e+00 -2.9501e+00 -9.0479e-01 +7.2386e-01 -1.2552e+00 -1.6908e-01 -2.7272e+00 -3.1507e-01 -1.9938e+00 -7.3940e-01
107 0 +1.429094125e+02 +2.925694125e+02 +2.925694125e+02 +3.7491e+00 +2.0479e+00 +6.1385e-01 +1.8628e-01 +1.0573e+00 -2.6042e+00 +9.2003e-02 -1.1696e+00 -6.5729e-01 -3.3150e+00
209 0 +1.407580188e+02 +2.904180188e+02 +2.904180188e+02 +3.7491e+00 +2.0479e+00 +6.1385e-01 +1.8628e-01 +1.0836e+00 -2.8275e+00 -4.6528e-02 -1.1696e+00 -5.1399e-01 -3.3489e+00
214 0 +1.103033699e+02 +2.599633699e+02 +2.599633699e+02 +1.1657e-01 +1.0060e+00 -2.2529e-01 +2.1098e+00 +1.3051e+00 -2.6205e-02 +8.6462e-01 -1.3203e+00 -1.4177e+00 -2.0141e+00
324 0 +6.871537115e+01 +2.183753711e+02 +2.183753711e+02 +2.9688e+00 +3.9866e-01 +1.3177e-01 +2.5011e-01 +1.2171e+00 -1.3124e+00 -4.9877e-01 -1.4853e+00 -8.2712e-01 -2.4989e+00
480 0 +5.760139029e+01 +2.072613903e+02 +2.072613903e+02 +1.0187e+00 +1.3709e+00 -2.0935e-02 -3.5023e-01 +1.5364e+00 -1.1684e+00 -9.7354e-01 -1.2446e+00 -9.4127e-01 -7.9349e-01
586 0 +5.590926573e+01 +2.055692657e+02 +2.055692657e+02 +1.2369e+00 +1.6035e+00 -6.3332e-01 +1.2009e+00 +1.3796e+00 -5.0787e-01 -7.9892e-01 -1.0711e+00 -1.7741e+00 -1.2679e+00
1023 0 +5.012480827e+01 +1.997848083e+02 +1.997848083e+02 +1.1723e+00 +1.3334e+00 -4.9142e-01 +1.0660e+00 +1.6870e+00 -7.4877e-01 -8.3739e-01 -1.1062e+00 -1.4013e+00 -9.2259e-01
2334 0 +4.528211196e+01 +1.949421120e+02 +1.949421120e+02 +1.1723e+00 +1.3334e+00 -5.2019e-01 +1.0660e+00 +1.6870e+00 -7.4877e-01 -8.3739e-01 -1.1062e+00 -1.4013e+00 -9.2259e-01
5154 0 +4.457881874e+01 +1.942388187e+02 +1.942388187e+02 +1.1335e+00 +1.2789e+00 -6.2927e-01 +8.9255e-01 +1.3276e+00 -8.5683e-01 -6.7484e-01 -1.0613e+00 -1.5392e+00 -9.8804e-01
5781 0 +2.504903061e+01 +1.747090306e+02 +1.747090306e+02 +1.0430e+00 +1.0897e+00 -6.3405e-01 +1.0636e+00 +1.7845e+00 -1.0953e+00 -7.0875e-01 -1.1484e+00 -1.4847e+00 -1.0806e+00
% f evaluations | g evaluations | best noise-free fitness - Fopt (-4.425600000000e+02) + sum g_i+ | measured fitness | best measured fitness or single-digit g-values | x1 | x2...
1 0 +2.995302213e+02 -1.430297787e+02 -1.430297787e+02 +1.1590e+00 +3.4261e+00 -2.8825e+00 -2.0304e+00 +2.2932e+00 -1.1102e-01 -2.5892e+00 -2.7858e-01 -8.7732e-01 +1.1893e+00
2 0 +2.723754787e+02 -1.701845213e+02 -1.701845213e+02 +1.4317e+00 -1.9249e+00 -3.7992e+00 +3.8135e+00 -2.0650e+00 +3.2560e+00 +3.3404e+00 -3.4566e-01 +3.4095e+00 +1.4646e+00
3 0 +2.345535151e+02 -2.080064849e+02 -2.080064849e+02 +1.2623e+00 -1.4085e+00 -4.9880e+00 +2.4576e+00 +1.2933e+00 -1.8919e+00 +1.0413e+00 -1.8337e+00 -2.6652e+00 +4.4928e+00
61 0 +2.321923417e+02 -2.103676583e+02 -2.103676583e+02 +2.0995e+00 -2.3407e+00 +1.9248e+00 +3.1166e+00 +1.3472e+00 -3.1622e+00 -2.2138e+00 -2.2930e+00 +1.3283e+00 +3.2556e+00
97 0 +1.743531410e+02 -2.682068590e+02 -2.682068590e+02 -6.3081e-02 -2.8016e+00 -1.1947e+00 +1.8816e+00 +3.7254e+00 -2.2264e-01 +1.1309e+00 +7.3457e-01 -9.8636e-01 -4.9291e-01
106 0 +1.021218355e+02 -3.404381645e+02 -3.404381645e+02 -2.3858e+00 -3.0426e+00 -7.9282e-01 +2.5816e+00 +2.3847e+00 -2.4911e+00 +2.6598e-02 -8.8009e-01 -4.2251e-01 +1.9089e+00
174 0 +9.975608660e+01 -3.428039134e+02 -3.428039134e+02 -2.0757e+00 -2.2546e+00 -3.0809e+00 +2.9063e+00 +2.6151e+00 -6.0617e-01 +2.2923e+00 +7.2750e-01 +4.7207e-01 +8.6019e-01
327 0 +8.310171146e+01 -3.594582885e+02 -3.594582885e+02 -1.0786e+00 -9.8079e-01 -3.1618e+00 +1.6528e+00 +1.4446e+00 -9.5017e-01 +1.4564e+00 -5.5171e-01 -3.8674e-01 +5.4374e-01
515 0 +7.744285841e+01 -3.651171416e+02 -3.651171416e+02 -6.6076e-01 -1.3282e+00 -1.8248e+00 +8.3742e-01 +1.4597e+00 -9.0483e-01 +1.1844e+00 -3.0592e-01 +6.2085e-01 +1.4547e+00
591 0 +6.414495556e+01 -3.784150444e+02 -3.784150444e+02 -1.5171e-01 -9.5393e-01 -1.7987e+00 +9.2160e-01 +8.5081e-01 -1.0252e+00 +2.4404e+00 -1.0113e+00 +8.2970e-01 +1.2754e+00
1261 0 +6.112360596e+01 -3.814363940e+02 -3.814363940e+02 -6.4914e-01 -1.2331e+00 -2.0649e+00 +1.3046e+00 +6.8990e-01 -9.8448e-01 +1.6273e+00 -7.4259e-01 +3.5869e-01 +1.1103e+00
1571 0 +5.156535161e+01 -3.909946484e+02 -3.909946484e+02 -1.3520e+00 -1.7825e+00 -1.8611e+00 +1.7003e+00 +7.6463e-01 -8.2020e-01 +2.3211e+00 -7.2558e-01 +5.2406e-01 +1.1551e+00
2275 0 +4.990036995e+01 -3.926596301e+02 -3.926596301e+02 -1.3343e+00 -1.5991e+00 -1.9800e+00 +1.5170e+00 +8.4466e-01 -9.7542e-01 +2.0922e+00 -6.2792e-01 +4.7596e-01 +8.8622e-01
3115 0 +4.802041844e+01 -3.945395816e+02 -3.945395816e+02 -1.0921e+00 -1.5606e+00 -2.0991e+00 +1.2734e+00 +8.8188e-01 -6.7123e-01 +1.7853e+00 -7.4701e-01 +4.9934e-01 +1.3273e+00
3703 0 +4.490365104e+01 -3.976563490e+02 -3.976563490e+02 -9.7727e-01 -1.6711e+00 -2.0051e+00 +1.4537e+00 +7.2575e-01 -1.0141e+00 +1.9282e+00 -8.1034e-01 +6.9026e-01 +9.6594e-01
4186 0 +3.111955093e+01 -4.114404491e+02 -4.114404491e+02 -1.1436e+00 -1.4161e+00 -1.7830e+00 +1.5499e+00 +7.2254e-01 -7.6514e-01 +1.9137e+00 -1.0704e+00 +6.7986e-01 +7.7475e-01
% f evaluations | g evaluations | best noise-free fitness - Fopt (1.583000000000e+01) + sum g_i+ | measured fitness | best measured fitness or single-digit g-values | x1 | x2...
1 0 +3.166044423e+02 +3.324344423e+02 +3.324344423e+02 -2.6265e-01 +2.7298e+00 -4.0798e+00 +5.9241e-01 -8.3151e-01 -2.0150e+00 +3.9665e+00 +2.2791e+00 +1.8826e+00 -7.9104e-01
3 0 +2.805164154e+02 +2.963464154e+02 +2.963464154e+02 +7.8406e-01 +3.7333e+00 +1.5901e-01 +4.5130e+00 +2.5919e+00 -2.6610e+00 -3.5940e-01 +1.9894e+00 -3.5811e+00 +3.7128e+00
5 0 +2.582608499e+02 +2.740908499e+02 +2.740908499e+02 -2.0126e+00 +4.2711e-01 +3.3504e+00 +4.5981e+00 +1.1729e+00 -4.1836e+00 +1.0929e+00 +1.5291e+00 +4.0355e+00 -1.6758e+00
14 0 +1.394035991e+02 +1.552335991e+02 +1.552335991e+02 -1.5494e+00 +2.9097e+00 +3.8581e+00 -6.1379e-01 -2.7781e-01 -9.8190e-01 +1.8280e+00 -8.7464e-01 -2.6342e+00 -2.0088e+00
103 0 +1.092724368e+02 +1.251024368e+02 +1.251024368e+02 -4.2819e-01 +1.6577e+00 +1.1088e+00 +9.4097e-01 -2.3957e-01 -1.3469e+00 -7.2315e-01 -1.2789e+00 -1.3387e+00 +2.9170e-02
223 0 +1.008022234e+02 +1.166322234e+02 +1.166322234e+02 -2.9153e-01 +1.2331e+00 +2.8961e-01 +1.5372e+00 +1.1346e+00 -1.1306e+00 +8.6693e-02 -1.0605e+00 -2.0641e+00 -1.1456e+00
233 0 +9.784008903e+01 +1.136700890e+02 +1.136700890e+02 -1.7504e+00 +8.0820e-01 +1.6647e+00 +1.2945e+00 +9.5524e-01 -4.3548e-01 +8.4188e-02 -1.6267e+00 -2.1010e+00 -1.8862e+00
310 0 +9.605834905e+01 +1.118883490e+02 +1.118883490e+02 -8.4904e-01 +2.4249e+00 +1.5733e+00 +4.2141e-01 -2.0276e-01 -1.1795e+00 +7.9196e-01 -6.9050e-01 -1.5339e+00 -8.1618e-01
324 0 +8.699540080e+01 +1.028254008e+02 +1.028254008e+02 -9.1451e-01 +1.6655e+00 +1.8682e+00 +1.1714e+00 -2.2272e-01 -3.9069e-01 +5.8577e-02 -2.4911e-01 -2.1903e+00 -7.5835e-01
551 0 +8.450585316e+01 +1.003358532e+02 +1.003358532e+02 -5.1092e-01 +1.5087e+00 +7.5127e-01 +1.2596e+00 +3.7546e-01 -1.2817e+00 -2.9864e-01 -1.2082e+00 -1.8771e+00 -5.8126e-01
610 0 +7.428141754e+01 +9.011141754e+01 +9.011141754e+01 -4.9188e-02 +1.6055e+00 +5.7858e-01 +4.7547e-01 +8.7758e-01 -1.4654e+00 +7.9634e-01 -4.1914e-01 -1.2918e+00 -9.6196e-01
696 0 +7.353837503e+01 +8.936837503e+01 +8.936837503e+01 -5.2279e-01 +1.3271e+00 +2.0217e+00 +9.2490e-01 -2.0919e-01 -3.4354e-01 -9.6962e-02 -7.1615e-01 -2.0815e+00 -5.8054e-01
755 0 +7.042378969e+01 +8.625378969e+01 +8.625378969e+01 -8.5995e-01 +1.1861e+00 +1.6981e+00 +7.7987e-01 +9.1618e-01 -7.3107e-01 -4.1107e-01 -9.8679e-01 -1.5095e+00 -1.3511e+00
889 0 +6.768525918e+01 +8.351525918e+01 +8.351525918e+01 -2.7783e-01 +1.1787e+00 +1.5167e+00 -1.5468e-02 +1.0465e-01 -8.4575e-01 -1.4415e-01 -1.3358e+00 -1.2252e+00 -6.4294e-01
1148 0 +6.407111694e+01 +7.990111694e+01 +7.990111694e+01 -1.4356e-01 +1.4090e+00 +1.0128e+00 +3.9032e-01 +3.1849e-01 -6.0083e-01 -4.1232e-01 -7.7586e-01 -1.3793e+00 -1.1568e+00
1369 0 +5.443980510e+01 +7.026980510e+01 +7.026980510e+01 -4.4813e-01 +1.3696e+00 +1.3228e+00 +8.3286e-01 +4.4102e-01 -9.6675e-01 -2.4368e-02 -8.6002e-01 -1.7780e+00 -7.7882e-01
1381 0 +5.117647014e+01 +6.700647014e+01 +6.700647014e+01 -4.7815e-01 +1.2965e+00 +1.2980e+00 +7.5362e-01 +3.4017e-01 -9.2432e-01 -1.4931e-01 -7.4472e-01 -1.6845e+00 -8.8877e-01
% f evaluations | g evaluations | best noise-free fitness - Fopt (-9.371200000000e+02) + sum g_i+ | measured fitness | best measured fitness or single-digit g-values | x1 | x2...
1 0 +2.663379135e+02 -6.707820865e+02 -6.707820865e+02 +3.6575e+00 +3.9342e-02 -2.0827e+00 -1.1344e+00 -1.0613e+00 -1.1959e+00 -3.8685e+00 -4.6184e+00 -1.2571e+00 +1.2192e+00
6 0 +2.052244607e+02 -7.318955393e+02 -7.318955393e+02 +3.1240e+00 +7.7748e-01 -1.8828e+00 +2.3421e+00 +1.1554e+00 -1.6404e+00 -1.2149e+00 -3.6252e+00 +1.8484e+00 +1.5620e+00
54 0 +1.440373338e+02 -7.930826662e+02 -7.930826662e+02 +1.4888e+00 -1.5325e+00 +2.5954e-01 +5.3966e-01 -4.3908e-01 -1.2480e+00 -2.1742e+00 -4.6268e+00 +2.2749e+00 -8.7555e-01
128 0 +1.319224374e+02 -8.051975626e+02 -8.051975626e+02 +3.5227e+00 +2.6756e+00 +1.1781e+00 -4.2770e-01 +2.1836e-01 -1.4667e+00 -4.8012e-01 -2.1190e+00 +1.1176e+00 -4.5322e-01
171 0 +1.200970591e+02 -8.170229409e+02 -8.170229409e+02 +3.1240e+00 +7.7748e-01 -1.8568e+00 +2.3421e+00 +1.2201e+00 -1.6404e+00 -1.2149e+00 -3.5328e+00 +1.8484e+00 +1.4073e+00
236 0 +1.168244510e+02 -8.202955490e+02 -8.202955490e+02 +8.5609e-01 +1.9325e+00 -4.2010e-01 +9.1878e-01 +5.1317e-01 -1.2075e+00 -2.0952e+00 -1.1949e+00 +9.1061e-03 +1.8393e+00
245 0 +9.475896178e+01 -8.423610382e+02 -8.423610382e+02 +1.3529e+00 -4.1781e-01 +1.1059e-01 +2.7792e-01 +5.2308e-01 -7.5795e-01 -9.0643e-01 -1.7039e+00 +3.2557e+00 -5.8427e-01
422 0 +9.298936297e+01 -8.441306370e+02 -8.441306370e+02 +1.3887e+00 -8.7194e-02 -6.0235e-01 +6.1481e-01 +2.4598e-02 -9.0707e-01 -1.8138e-01 -7.3313e-01 +2.7152e+00 -4.4730e-01
442 0 +8.996657570e+01 -8.471534243e+02 -8.471534243e+02 +6.2117e-01 +2.0846e+00 -1.8457e+00 +1.4410e+00 +9.8225e-01 -9.1718e-01 +2.8564e-01 -7.5133e-01 +1.6377e+00 +1.7380e-01
501 0 +7.480678071e+01 -8.623132193e+02 -8.623132193e+02 +1.6021e+00 +3.8988e-01 -9.4189e-01 +1.3724e+00 +1.6516e-01 -1.9753e+00 -9.2309e-01 -1.1215e+00 +2.2606e+00 -3.8234e-01
583 0 +6.301776015e+01 -8.741022398e+02 -8.741022398e+02 +1.5905e+00 +1.2352e+00 -1.2822e+00 +1.3215e+00 +2.5566e-01 -1.6212e+00 -6.4367e-01 -9.7781e-01 +1.7209e+00 +1.8931e-01
715 0 +5.947167982e+01 -8.776483202e+02 -8.776483202e+02 +1.4091e+00 +9.0032e-01 -1.4904e+00 +1.2393e+00 +6.9662e-01 -1.5658e+00 -4.5627e-01 -1.2904e+00 +1.6776e+00 -1.1216e-01
1504 0 +5.285759932e+01 -8.842624007e+02 -8.842624007e+02 +1.1716e+00 +1.1610e+00 -1.6184e+00 +1.3748e+00 +7.3483e-01 -1.6017e+00 -5.2890e-01 -1.3702e+00 +1.4884e+00 +2.0166e-02
2218 0 +5.218448055e+01 -8.849355194e+02 -8.849355194e+02 +1.4134e+00 +1.2825e+00 -1.4801e+00 +1.3349e+00 +8.0676e-01 -1.4006e+00 -1.0017e+00 -1.0742e+00 +1.9976e+00 -4.2464e-01
2355 0 +4.110961961e+01 -8.960103804e+02 -8.960103804e+02 +1.0746e+00 +1.3534e+00 -1.5175e+00 +1.2705e+00 +5.7124e-01 -1.3718e+00 -6.5131e-01 -1.2794e+00 +1.5077e+00 +2.0297e-02
5085 0 +3.857483985e+01 -8.985451602e+02 -8.985451602e+02 +1.2468e+00 +1.1831e+00 -1.2767e+00 +1.1220e+00 +7.5713e-01 -1.5154e+00 -8.4778e-01 -1.3600e+00 +1.5619e+00 -2.1715e-01
% f evaluations | g evaluations | best noise-free fitness - Fopt (-1.553000000000e+01) + sum g_i+ | measured fitness | best measured fitness or single-digit g-values | x1 | x2...
1 0 +3.421955075e+02 +3.266655075e+02 +3.266655075e+02 +8.0737e-01 -4.5217e+00 -3.2895e+00 +2.3567e+00 +3.2203e-01 +1.6938e+00 +4.4229e+00 +6.4569e-01 -1.7016e+00 +1.9280e-01
3 0 +3.293104869e+02 +3.137804869e+02 +3.137804869e+02 -1.0644e-01 +3.8397e+00 +1.9720e+00 -2.9618e+00 +1.6509e+00 +3.0672e+00 +1.3439e+00 -3.6065e+00 -2.5444e+00 +3.1126e+00
5 0 +3.008215857e+02 +2.852915857e+02 +2.852915857e+02 -2.3959e+00 +2.4085e+00 +5.8488e-01 +4.2326e+00 -3.8467e+00 -4.1397e+00 +4.7101e+00 +1.1806e+00 -7.5558e-01 +1.9545e+00
13 0 +2.813677195e+02 +2.658377195e+02 +2.658377195e+02 -8.7387e-01 +2.6754e+00 -3.0131e+00 +4.2581e-01 -4.7707e-01 -1.2861e+00 -3.9569e+00 -4.6559e+00 +3.9798e+00 -6.5355e-01
19 0 +2.078651817e+02 +1.923351817e+02 +1.923351817e+02 +2.8098e+00 +1.1037e+00 -2.9837e+00 +3.4449e+00 +2.4012e+00 +1.5181e+00 +3.1457e+00 -2.3298e-01 +3.8541e+00 +1.8004e+00
58 0 +1.970450928e+02 +1.815150928e+02 +1.815150928e+02 +3.1270e+00 +1.5790e+00 +2.6023e+00 -5.5181e-02 -1.8314e+00 +1.8066e+00 +6.9723e-01 +1.5176e+00 +1.1319e+00 +2.9117e-01
102 0 +1.938460724e+02 +1.783160724e+02 +1.783160724e+02 +3.0344e+00 +1.5790e+00 +2.6023e+00 -5.5181e-02 -1.8314e+00 +1.8066e+00 +5.6333e-01 +1.5176e+00 +1.1319e+00 +1.7854e-01
107 0 +1.767218175e+02 +1.611918175e+02 +1.611918175e+02 -1.0464e+00 +3.0274e+00 -4.2716e-02 -4.5599e-01 -9.7357e-01 -4.8296e-01 -1.2130e+00 +5.2787e-02 +4.6530e-01 -8.5337e-01
122 0 +1.609593695e+02 +1.454293695e+02 +1.454293695e+02 -1.2806e-01 +1.8257e+00 -2.9241e+00 +2.2642e+00 +2.1299e+00 -2.5055e+00 -1.9475e+00 -1.5966e+00 -8.1815e-01 +8.2679e-01
152 0 +1.409978497e+02 +1.254678497e+02 +1.254678497e+02 +4.2345e-01 +3.5994e+00 -7.1791e-01 -2.1638e+00 +2.0893e+00 -3.3268e+00 +4.7822e-01 -1.7463e+00 +2.4166e+00 +3.2950e+00
162 0 +1.162422196e+02 +1.007122196e+02 +1.007122196e+02 -7.3803e-01 -2.8369e+00 +2.7512e-01 -3.5982e-01 -1.5808e+00 +2.0196e+00 -1.7081e+00 +1.8934e+00 -2.2072e+00 -2.0592e+00
206 0 +1.017844667e+02 +8.625446675e+01 +8.625446675e+01 -9.2815e-01 +2.3773e+00 -6.1294e-01 +7.7766e-01 +8.2338e-02 +2.7955e-01 +1.1757e+00 -2.9869e+00 +9.7411e-02 -7.4389e-01
407 0 +8.328518083e+01 +6.775518083e+01 +6.775518083e+01 -8.2326e-01 +1.3131e+00 -3.5169e-01 +1.0652e-01 +4.0704e-01 -1.3702e+00 -2.6146e-01 -1.1023e+00 +2.9935e-01 +2.0752e+00
577 0 +7.543528165e+01 +5.990528165e+01 +5.990528165e+01 -5.9369e-01 +1.5666e+00 -1.0981e+00 +8.8212e-01 +6.2770e-01 -1.2110e+00 +3.7774e-01 -2.0941e+00 +1.0718e-01 -2.9105e-01
654 0 +7.391594979e+01 +5.838594979e+01 +5.838594979e+01 -8.2181e-01 +1.4239e+00 -1.2809e+00 +4.3166e-01 +5.2690e-01 -1.1802e+00 +6.8028e-01 -1.5963e+00 +1.3332e+00 +8.9599e-01
729 0 +7.090407350e+01 +5.537407350e+01 +5.537407350e+01 -2.8194e-01 +8.8989e-01 -1.1417e+00 +5.2737e-01 -1.6714e-02 -4.4932e-02 +6.9739e-01 -2.4548e+00 +1.0422e+00 +1.3882e+00
1028 0 +5.518199409e+01 +3.965199409e+01 +3.965199409e+01 -3.7148e-01 +1.1831e+00 -1.0506e+00 +6.7733e-01 +1.2066e-01 -6.6018e-01 +8.7755e-01 -1.6935e+00 +1.0176e+00 +1.1798e+00
1505 0 +4.412573802e+01 +2.859573802e+01 +2.859573802e+01 -1.7010e-01 +1.4612e+00 -1.1688e+00 +1.0463e+00 +3.1108e-01 -9.8436e-01 +7.9662e-01 -1.3424e+00 +1.2147e+00 +9.7094e-01
% f evaluations | g evaluations | best noise-free fitness - Fopt (1.568800000000e+02) + sum g_i+ | measured fitness | best measured fitness or single-digit g-values | x1 | x2...
1 0 +3.985752456e+02 +5.554552456e+02 +5.554552456e+02 -3.4937e+00 -4.6709e+00 -6.4587e-01 -4.6200e+00 +2.8856e+00 -2.6661e+00 +1.4668e+00 +4.1837e+00 +4.5914e-01 +4.2781e+00
2 0 +3.131730066e+02 +4.700530066e+02 +4.700530066e+02 +4.7974e+00 -3.9359e+00 -5.0224e-01 +6.1744e-01 +4.1395e+00 +7.0798e-01 -1.2384e+00 +3.2141e+00 -4.1373e+00 -1.4388e+00
3 0 +2.764874694e+02 +4.333674694e+02 +4.333674694e+02 +3.6115e+00 -2.9967e+00 +5.7936e-01 +4.9539e+00 +2.0218e-01 +1.3807e+00 +4.4819e+00 +1.7005e+00 -3.7581e+00 -3.1196e+00
11 0 +1.941373051e+02 +3.510173051e+02 +3.510173051e+02 +3.8198e+00 -4.7395e-01 -1.1713e+00 -5.8456e-01 +8.6282e-01 +1.5165e+00 +4.0906e+00 -2.8506e+00 +4.7004e-01 -4.2468e+00
55 0 +1.859736915e+02 +3.428536915e+02 +3.428536915e+02 +1.7234e+00 +1.6587e+00 +1.5779e+00 +1.2945e+00 -1.1734e+00 +3.4701e+00 -1.3041e+00 -2.4454e-01 -3.2671e+00 -1.3682e-01
108 0 +1.483201016e+02 +3.052001016e+02 +3.052001016e+02 +7.9779e-01 +2.3349e+00 -3.4039e+00 +2.1163e+00 +6.7438e-01 +8.7647e-01 +2.5560e+00 -3.2166e+00 +1.1259e+00 -4.6210e+00
126 0 +1.307780354e+02 +2.876580354e+02 +2.876580354e+02 -1.4274e-01 -9.0310e-01 -9.1408e-01 +6.8807e-01 -2.0698e+00 +4.2198e-01 -4.6289e-01 -1.0765e+00 +4.7326e-01 -1.3024e+00
207 0 +1.273219609e+02 +2.842019609e+02 +2.842019609e+02 +1.9566e-01 +4.3176e-01 -4.5547e-01 +3.8781e-01 -1.0652e-01 -4.1105e-01 -1.3652e-01 -3.1330e-01 -3.6515e-02 -7.8523e-01
208 0 +1.019413158e+02 +2.588213158e+02 +2.588213158e+02 +3.8079e-01 +8.0320e-01 -7.0741e-01 -3.6559e-01 +1.5991e+00 +1.7725e+00 +2.4036e+00 -1.4536e+00 +3.2969e-02 -1.6490e+00
327 0 +9.800308684e+01 +2.548830868e+02 +2.548830868e+02 -3.8131e-01 +9.3375e-01 -2.1234e+00 +8.5990e-01 +1.1555e+00 +2.1854e+00 +1.5785e+00 -2.3353e+00 +1.4798e-01 -2.1142e+00
331 0 +9.453795023e+01 +2.514179502e+02 +2.514179502e+02 +1.1676e+00 +1.5257e+00 +1.8349e+00 +9.3771e-01 +9.4670e-01 +2.1656e+00 +2.0957e+00 -1.7010e+00 -7.5796e-01 -7.1792e-01
393 0 +9.301573991e+01 +2.498957399e+02 +2.498957399e+02 +1.7424e+00 +1.2363e+00 -2.5993e-01 +3.8129e-01 +5.6810e-01 +3.2139e+00 +9.1506e-01 -2.0559e+00 -1.2723e+00 -3.3092e-01
423 0 +8.959092785e+01 +2.464709279e+02 +2.464709279e+02 +9.5163e-01 +9.8040e-01 -1.1009e+00 +6.2109e-01 +7.9775e-01 +2.5354e+00 +1.3714e+00 -2.1186e+00 -5.7916e-01 -1.7452e+00
439 0 +7.427724976e+01 +2.311572498e+02 +2.311572498e+02 -1.1479e-01 +1.0617e+00 -5.3037e-01 +1.0458e+00 +1.0556e+00 +3.0369e+00 +1.2368e+00 -2.1779e+00 -3.7453e-01 -1.2350e+00
500 0 +5.348520488e+01 +2.103652049e+02 +2.103652049e+02 +7.8670e-01 +1.1680e+00 -1.0288e+00 +9.3082e-01 +8.5252e-01 +1.7834e+00 +1.5015e+00 -1.5563e+00 -9.4275e-01 -1.8726e+00
733 0 +4.478915738e+01 +2.016691574e+02 +2.016691574e+02 +2.1509e-01 +1.2917e+00 -5.7506e-01 +9.2373e-01 +1.3445e+00 +2.2897e+00 +1.6153e+00 -1.1111e+00 -8.0765e-01 -1.7447e+00
% f evaluations | g evaluations | best noise-free fitness - Fopt (-5.710000000000e+00) + sum g_i+ | measured fitness | best measured fitness or single-digit g-values | x1 | x2...
1 0 +4.747795267e+02 +4.690695267e+02 +4.690695267e+02 -4.7520e+00 +4.3635e+00 +4.5914e+00 -2.3125e-01 -1.9583e+00 +1.9455e+00 +1.7994e+00 -3.9648e+00 +2.4567e+00 -1.3613e+00
2 0 +3.216014298e+02 +3.158914298e+02 +3.158914298e+02 +2.5880e+00 -4.6090e+00 +2.2214e+00 +2.2202e+00 -1.5571e+00 -6.5290e-01 -2.4548e+00 -3.8761e+00 -4.7803e+00 -2.6558e-01
11 0 +2.348954901e+02 +2.291854901e+02 +2.291854901e+02 +4.0269e+00 -2.4702e+00 +2.5180e-01 -1.0192e+00 +1.2539e-01 -2.0222e+00 -1.0130e+00 -6.3870e-01 -2.5102e-01 +2.0418e+00
15 0 +2.224416087e+02 +2.167316087e+02 +2.167316087e+02 +1.6223e+00 +6.8879e-01 -4.0156e+00 -3.2475e+00 +2.2791e+00 +4.4186e-01 +7.1748e-01 +8.6688e-01 +1.9616e+00 -2.1552e+00
18 0 +1.676772217e+02 +1.619672217e+02 +1.619672217e+02 -3.2186e+00 -2.1515e+00 -1.9005e+00 +2.7359e-01 -1.7640e-01 +1.4680e-01 -1.0737e+00 +1.8124e+00 +2.5085e+00 +9.7357e-01
68 0 +1.565128919e+02 +1.508028919e+02 +1.508028919e+02 -4.3465e+00 -1.1564e+00 -3.5058e-01 -1.6135e+00 +9.7615e-02 +4.4952e+00 -2.7862e+00 +2.8406e+00 -1.4988e+00 +2.1453e+00
131 0 +1.437695038e+02 +1.380595038e+02 +1.380595038e+02 -2.1302e+00 -2.5852e+00 +1.5448e+00 +7.9350e-01 -4.1434e-01 +3.0619e+00 -2.2132e+00 +1.5281e+00 -1.3112e+00 -4.1633e-01
200 0 +1.408788862e+02 +1.351688862e+02 +1.351688862e+02 -3.0766e+00 -1.6908e+00 -1.7140e+00 -2.0063e+00 +4.1022e-01 +3.9639e-01 +1.4599e+00 +9.6193e-01 +1.7906e+00 -8.4103e-01
205 0 +1.305132194e+02 +1.248032194e+02 +1.248032194e+02 -1.0778e+00 -1.9095e+00 +4.8372e-01 +5.3244e-01 -4.4882e-01 -3.1173e-02 -1.6733e-01 +4.9137e-01 -1.3840e+00 -1.2238e+00
239 0 +8.100743576e+01 +7.529743576e+01 +7.529743576e+01 -2.2801e+00 -2.3183e+00 -2.1065e+00 -2.8626e-01 -1.8448e+00 +1.5371e+00 -1.3273e-01 +9.6973e-01 -1.7210e+00 -1.3504e+00
364 0 +7.577111694e+01 +7.006111694e+01 +7.006111694e+01 -2.2801e+00 -2.3183e+00 -1.9906e+00 -2.8626e-01 -2.0193e+00 +1.4173e+00 -6.1326e-02 +1.2797e+00 -1.6881e+00 -1.3504e+00
418 0 +6.156998318e+01 +5.585998318e+01 +5.585998318e+01 -1.5913e+00 -1.8916e+00 -1.8816e+00 -7.4036e-01 -8.6873e-01 +2.3667e+00 -2.3963e-01 +1.8355e+00 -1.2685e+00 -5.5322e-01
525 0 +4.617626126e+01 +4.046626126e+01 +4.046626126e+01 -2.0270e+00 -1.3194e+00 -8.5882e-01 -4.6323e-01 -2.6143e-01 +1.6895e+00 -6.8062e-01 +1.2754e+00 -7.8821e-01 -1.2013e+00
3367 0 +3.446160604e+01 +2.875160604e+01 +2.875160604e+01 -2.1081e+00 -1.2459e+00 -7.0102e-01 -6.0169e-01 -8.1253e-01 +1.7229e+00 -2.8408e-01 +1.1930e+00 -1.1127e+00 -7.5652e-01
% f evaluations | g evaluations | best noise-free fitness - Fopt (2.413000000000e+01) + sum g_i+ | measured fitness | best measured fitness or single-digit g-values | x1 | x2...
1 0 +5.884750596e+02 +6.126050596e+02 +6.126050596e+02 -6.0614e-02 +3.9611e+00 +4.1725e+00 +2.9292e+00 +2.7151e+00 -4.6092e+00 +6.7164e-01 +3.1656e+00 +4.8359e+00 -4.9982e+00
2 0 +2.891832940e+02 +3.133132940e+02 +3.133132940e+02 +1.9575e+00 -4.6417e+00 -3.7755e+00 -7.5102e-01 +5.9101e-01 -9.2639e-01 -3.5267e+00 -2.8987e+00 -1.1032e+00 +7.5053e-01
4 0 +2.796359929e+02 +3.037659929e+02 +3.037659929e+02 +1.8553e+00 -2.6579e+00 -4.2972e+00 -6.7583e-01 -3.5572e+00 +7.7300e-01 +7.1917e-01 -3.3414e+00 -3.3042e+00 +4.1170e+00
6 0 +2.597556336e+02 +2.838856336e+02 +2.838856336e+02 +3.0493e+00 +1.7400e+00 +2.0950e+00 +5.3896e-01 -3.8526e+00 +1.6292e+00 -1.3092e-01 +4.5447e+00 +1.2778e+00 +2.6725e+00
25 0 +2.113713708e+02 +2.355013708e+02 +2.355013708e+02 -3.4505e+00 +1.7192e+00 -3.8704e+00 +1.6253e+00 -2.6119e+00 +8.1739e-01 -3.7910e+00 -1.9502e+00 -1.2543e+00 -5.2744e-01
26 0 +2.038322096e+02 +2.279622096e+02 +2.279622096e+02 -3.4739e+00 -1.0986e+00 +4.3041e+00 -1.8072e+00 -1.1149e+00 +6.5294e-01 +1.7949e+00 +2.3061e-01 -2.0384e+00 -3.3608e+00
92 0 +1.858497634e+02 +2.099797634e+02 +2.099797634e+02 +2.8485e+00 +2.0602e+00 +2.2934e+00 +3.0066e+00 -1.9263e+00 +1.8843e+00 -1.8707e+00 -2.7406e+00 -1.8052e+00 +2.3567e-01
107 0 +1.790337859e+02 +2.031637859e+02 +2.031637859e+02 +4.1067e+00 +2.7816e+00 -1.6989e+00 -2.7508e-01 -2.9738e-01 +4.2063e-01 +2.3589e-01 +1.6439e+00 +2.4869e+00 +1.2206e+00
110 0 +1.305802385e+02 +1.547102385e+02 +1.547102385e+02 -1.5683e+00 -2.9390e+00 +2.5272e+00 -6.2373e-01 +2.0610e+00 +1.3629e+00 +1.4045e+00 +8.5972e-01 -1.8191e+00 -3.2425e+00
159 0 +8.964958290e+01 +1.137795829e+02 +1.137795829e+02 -7.6133e-01 -1.5168e+00 +6.8289e-01 -1.1544e+00 +3.0410e-01 -7.8090e-01 +7.6129e-01 +7.5620e-01 -2.3417e+00 -3.9356e-01
376 0 +8.684416802e+01 +1.109741680e+02 +1.109741680e+02 -1.2221e+00 -8.4412e-01 +1.2812e+00 -1.3152e+00 -2.3534e-01 +1.2026e-01 +5.0965e-01 +8.2729e-01 -1.9758e+00 -9.2014e-01
385 0 +7.911233322e+01 +1.032423332e+02 +1.032423332e+02 -8.1593e-01 -1.4534e+00 +7.3395e-01 -1.2756e+00 +2.3080e-01 -9.4682e-01 +7.8571e-01 +8.0042e-01 -2.2747e+00 -3.6064e-01
515 0 +6.569777120e+01 +8.982777120e+01 +8.982777120e+01 -1.5391e+00 -1.0629e+00 +4.7159e-01 -2.5716e-01 +8.8644e-01 +2.3036e-01 +1.1899e+00 -3.4413e-02 -1.1765e+00 -1.3672e+00
573 0 +6.357933805e+01 +8.770933805e+01 +8.770933805e+01 +1.5987e+00 -1.8525e-01 -1.2971e+00 +6.0938e-01 -1.2669e+00 +1.3303e+00 -1.1377e+00 -1.2016e-01 +1.3757e+00 +1.7273e+00
862 0 +5.450171450e+01 +7.863171450e+01 +7.863171450e+01 -7.5197e-01 -1.3120e+00 +3.6843e-01 -4.9926e-01 -8.1607e-02 -3.1779e-01 +5.8610e-01 +5.6302e-01 -1.5851e+00 -5.8908e-01
1173 0 +4.793083041e+01 +7.206083041e+01 +7.206083041e+01 -7.0291e-01 -1.3380e+00 +5.4700e-01 -1.2522e+00 +5.7249e-01 -3.0887e-01 +8.0921e-01 +6.4895e-01 -1.8133e+00 -6.0883e-01
1972 0 +4.237601271e+01 +6.650601271e+01 +6.650601271e+01 -9.3766e-01 -1.4600e+00 +5.3609e-01 -1.2671e+00 +6.8716e-01 -3.2895e-01 +8.4706e-01 +6.9228e-01 -1.8258e+00 -8.6453e-01
3153 0 +4.079511560e+01 +6.492511560e+01 +6.492511560e+01 -8.5656e-01 -1.4529e+00 +7.6053e-01 -1.1497e+00 +4.7233e-01 -2.5664e-01 +1.3128e+00 +8.3671e-01 -1.5415e+00 -1.0910e+00
3433 0 +3.838195591e+01 +6.251195591e+01 +6.251195591e+01 -8.9495e-01 -1.3556e+00 +6.1739e-01 -1.2869e+00 +4.8644e-01 -2.5745e-01 +9.9940e-01 +8.2449e-01 -1.9634e+00 -9.2201e-01
% f evaluations | g evaluations | best noise-free fitness - Fopt (-5.837000000000e+02) + sum g_i+ | measured fitness | best measured fitness or single-digit g-values | x1 | x2...
1 0 +3.948359595e+02 -1.888640405e+02 -1.888640405e+02 -4.9744e+00 -2.1829e+00 +2.1346e+00 -3.5270e+00 -8.4903e-01 -2.0223e+00 -3.2585e+00 -2.3275e+00 +5.5934e-01 +7.2793e-01
2 0 +2.936689610e+02 -2.900310390e+02 -2.900310390e+02 -2.8024e+00 +6.6890e-02 -3.7975e+00 -3.8962e-01 +2.9705e+00 +4.2300e+00 +1.3845e-01 -1.3573e+00 -2.9211e+00 -2.2781e+00
3 0 +2.750746664e+02 -3.086253336e+02 -3.086253336e+02 -3.8281e+00 +8.0017e-01 +3.6892e+00 -1.6566e+00 +4.4508e+00 -1.4728e+00 +3.0381e+00 -9.9080e-01 +8.3644e-01 +1.2976e-01
16 0 +2.497096317e+02 -3.339903683e+02 -3.339903683e+02 -4.2825e+00 +3.4703e+00 +1.9801e+00 +2.8410e+00 +3.4756e-01 +1.0474e+00 -3.3289e+00 +3.2369e+00 +3.0059e+00 +2.1698e+00
26 0 +2.446582576e+02 -3.390417424e+02 -3.390417424e+02 +5.3845e-01 -3.1341e+00 -2.5022e+00 +5.8106e-01 +5.4524e-02 -1.2690e+00 +2.5737e+00 +3.5014e-01 -4.9827e+00 -2.0954e+00
31 0 +2.285593796e+02 -3.551406204e+02 -3.551406204e+02 +2.2711e+00 -2.1512e+00 -4.9371e+00 -4.8259e-01 +1.4264e-01 -2.7897e+00 +2.4645e+00 -2.0073e+00 +4.7503e+00 -4.6470e+00
50 0 +2.131214956e+02 -3.705785044e+02 -3.705785044e+02 +1.1151e+00 +6.7758e-01 -3.0737e+00 -1.9601e+00 +2.8074e+00 -2.3083e-02 +4.7879e+00 +2.1953e+00 -7.9562e-02 +2.0812e+00
103 0 +1.572350937e+02 -4.264649063e+02 -4.264649063e+02 +1.9874e+00 +1.0355e+00 -6.3271e-01 +5.1318e-01 +1.6328e+00 -9.5774e-01 +9.2763e-01 +3.6860e-01 +1.3615e+00 -3.6987e-02
142 0 +1.200898939e+02 -4.636101061e+02 -4.636101061e+02 +2.0018e+00 -1.2832e+00 -1.4392e+00 -8.0830e-01 -2.2603e-01 -4.6780e-01 +9.2968e-01 -4.5309e-01 -2.0861e+00 -2.4543e+00
289 0 +1.161435993e+02 -4.675564007e+02 -4.675564007e+02 +6.8402e-01 -2.9191e+00 -3.4634e+00 -2.1182e+00 +4.1944e+00 -1.2272e-01 +1.9336e+00 -1.7346e+00 +1.0452e+00 -1.2025e+00
301 0 +8.937368518e+01 -4.943263148e+02 -4.943263148e+02 +1.1671e+00 -1.1421e+00 -2.5214e+00 -8.3310e-01 +6.7324e-01 -2.5808e+00 +1.1049e+00 -1.3358e+00 +1.9123e+00 -1.7042e+00
341 0 +8.676821466e+01 -4.969317853e+02 -4.969317853e+02 +9.0874e-01 -2.3765e+00 -3.1765e+00 -4.3890e-01 +3.3635e+00 -7.0900e-01 +1.4704e+00 -1.1058e+00 +1.7501e+00 -3.4725e-01
419 0 +7.992284324e+01 -5.037771568e+02 -5.037771568e+02 +7.4991e-01 -5.8875e-01 -1.2079e+00 -1.2562e+00 +8.8270e-01 -1.2870e+00 +1.1099e+00 -2.4863e+00 +1.0333e+00 -2.8501e+00
428 0 +6.951663063e+01 -5.141833694e+02 -5.141833694e+02 +1.5486e+00 -1.6270e+00 -2.4575e+00 -8.3881e-01 +2.1283e+00 -1.4712e+00 +1.4526e+00 -1.1797e+00 +1.1216e+00 -6.8197e-01
482 0 +6.561932689e+01 -5.180806731e+02 -5.180806731e+02 +1.7180e+00 -1.9661e+00 -1.5218e+00 -1.3355e+00 +1.8536e+00 -5.4626e-01 +1.5965e+00 -1.2332e+00 +1.0935e+00 -1.0119e+00
540 0 +6.326079532e+01 -5.204392047e+02 -5.204392047e+02 +9.8612e-01 -1.5241e+00 -1.5311e+00 -9.1705e-01 +1.6427e+00 -1.3260e+00 +1.3277e+00 -9.7428e-01 +5.3707e-01 -9.7471e-01
560 0 +6.170340298e+01 -5.219965970e+02 -5.219965970e+02 +7.1531e-01 -1.5482e+00 -1.9167e+00 -7.2349e-01 +2.0103e+00 -9.6993e-01 +1.1126e+00 -1.3564e+00 +1.2108e+00 -2.2616e+00
855 0 +5.284248845e+01 -5.308575116e+02 -5.308575116e+02 +1.3006e+00 -1.5367e+00 -1.3192e+00 -1.1032e+00 +1.4650e+00 -1.1693e+00 +1.3359e+00 -1.1919e+00 +1.0338e+00 -1.1942e+00
1105 0 +4.465344021e+01 -5.390465598e+02 -5.390465598e+02 +8.8492e-01 -1.5763e+00 -1.9041e+00 -9.2399e-01 +1.7608e+00 -1.2010e+00 +1.3055e+00 -1.6301e+00 +1.2171e+00 -1.3988e+00
1363 0 +4.248753512e+01 -5.412124649e+02 -5.412124649e+02 +8.5585e-01 -1.5873e+00 -2.1336e+00 -8.1897e-01 +1.7241e+00 -1.4069e+00 +1.4583e+00 -1.4734e+00 +1.3172e+00 -1.2439e+00
3354 0 +4.081909618e+01 -5.428809038e+02 -5.428809038e+02 +7.0255e-01 -1.2573e+00 -1.8833e+00 -9.6151e-01 +1.6355e+00 -1.3916e+00 +1.2280e+00 -1.4661e+00 +1.2003e+00 -1.2111e+00
3775 0 +3.967960433e+01 -5.440203957e+02 -5.440203957e+02 +7.0890e-01 -1.4378e+00 -1.7679e+00 -7.7370e-01 +1.6401e+00 -1.2801e+00 +1.3705e+00 -1.4448e+00 +1.1463e+00 -1.2556e+00
