% f evaluations | g evaluations | best noise-free fitness - Fopt (-4.620900000000e+02) + sum g_i+ | measured fitness | best measured fitness or single-digit g-values | x1 | x2...
1 0 +7.406079734e+02 +2.785179734e+02 +2.785179734e+02 +3.7200e+00 +4.9625e+00 -3.3543e+00 -2.9263e+00 -4.9750e+00
2 0 +1.015001242e+02 -3.605898758e+02 -3.605898758e+02 -4.3005e+00 -1.0084e+00 +3.6489e+00 -9.3059e-01 +1.7203e+00
29 0 +4.208966474e+01 -4.200003353e+02 -4.200003353e+02 -2.1850e+00 +2.9831e+00 +3.1560e+00 +1.5916e+00 +2.0293e+00
274 0 +3.537804309e+01 -4.267119569e+02 -4.267119569e+02 -2.2520e+00 +2.9831e+00 +3.0627e+00 +1.5916e+00 +2.0293e+00
415 0 +2.934023122e+01 -4.327497688e+02 -4.327497688e+02 -2.1271e+00 +2.4482e+00 +1.7987e+00 +3.8065e-01 +2.3193e+00
467 0 +2.347601999e+01 -4.386139800e+02 -4.386139800e+02 -1.4127e+00 +2.8680e+00 +2.9049e+00 +1.2188e+00 +1.9947e+00
471 0 +2.047552860e+01 -4.416144714e+02 -4.416144714e+02 -1.3213e+00 +1.7670e+00 +2.2101e+00 +2.6112e-01 +1.9813e+00
528 0 +1.379603661e+01 -4.482939634e+02 -4.482939634e+02 -1.4389e+00 +2.2652e+00 +1.6682e+00 +3.5488e-01 +2.3465e+00
569 0 +1.274103683e+01 -4.493489632e+02 -4.493489632e+02 -1.3729e+00 +2.2642e+00 +1.6757e+00 +7.9768e-01 +1.6436e+00
677 0 +1.113710707e+01 -4.509528929e+02 -4.509528929e+02 -1.2808e+00 +2.2652e+00 +1.6296e+00 +3.5488e-01 +2.3465e+00
907 0 +8.712308788e+00 -4.533776912e+02 -4.533776912e+02 -3.0568e-01 +3.1381e+00 +2.7670e+00 +1.2153e+00 +2.2879e+00
927 0 +8.109907598e+00 -4.539800924e+02 -4.539800924e+02 -1.3606e+00 +2.2948e+00 +2.1410e+00 +3.6621e-01 +1.9857e+00
1011 0 +5.650691547e+00 -4.564393085e+02 -4.564393085e+02 -1.3606e+00 +2.2948e+00 +2.1980e+00 +3.6621e-01 +1.9857e+00
1447 0 +4.700182933e+00 -4.573898171e+02 -4.573898171e+02 -1.3820e+00 +2.3183e+00 +2.2528e+00 +7.5385e-01 +1.9982e+00
1554 0 +4.348471239e+00 -4.577415288e+02 -4.577415288e+02 -1.3193e+00 +2.3259e+00 +2.1812e+00 +7.0552e-01 +1.9766e+00
1777 0 +4.063238265e+00 -4.580267617e+02 -4.580267617e+02 -1.3635e+00 +2.3492e+00 +2.2533e+00 +7.3669e-01 +1.9884e+00
1868 0 +3.879785293e+00 -4.582102147e+02 -4.582102147e+02 -1.3604e+00 +2.2984e+00 +2.2111e+00 +7.1543e-01 +1.9650e+00
1869 0 +3.760204986e+00 -4.583297950e+02 -4.583297950e+02 -1.3700e+00 +2.3234e+00 +2.2237e+00 +7.5544e-01 +1.9996e+00
1958 0 +2.700579149e+00 -4.593894209e+02 -4.593894209e+02 -1.3404e+00 +2.2803e+00 +2.2295e+00 +7.0897e-01 +1.9924e+00
3891 0 +2.520905679e+00 -4.595690943e+02 -4.595690943e+02 -1.3470e+00 +2.2951e+00 +2.1988e+00 +7.3875e-01 +1.9794e+00
4036 0 +2.260502682e+00 -4.598294973e+02 -4.598294973e+02 -1.3470e+00 +2.2951e+00 +2.2066e+00 +7.3875e-01 +1.9959e+00
4208 0 +2.119448006e+00 -4.599705520e+02 -4.599705520e+02 -1.3335e+00 +2.3121e+00 +2.2154e+00 +7.3042e-01 +1.9899e+00
% f evaluations | g evaluations | best noise-free fitness - Fopt (7.766000000000e+01) + sum g_i+ | measured fitness | best measured fitness or single-digit g-values | x1 | x2...
1 0 +2.812172812e+02 +3.588772812e+02 +3.588772812e+02 -6.0040e-01 -2.5572e-03 +1.2618e+00 -1.9461e+00 -4.9917e+00
5 0 +1.830624980e+02 +2.607224980e+02 +2.607224980e+02 -4.7865e+00 +4.6141e+00 -1.9245e+00 +1.4494e+00 -2.8011e+00
12 0 +1.225279727e+02 +2.001879727e+02 +2.001879727e+02 -7.7060e-01 -1.6757e+00 -2.6766e+00 +2.0763e-01 -3.9473e+00
13 0 +7.757356865e+01 +1.552335686e+02 +1.552335686e+02 +1.0783e+00 +6.9732e-02 -3.4572e+00 +2.0524e+00 -2.7076e+00
153 0 +5.277434065e+01 +1.304343406e+02 +1.304343406e+02 -7.0182e-01 -5.7751e-01 -1.2369e+00 +1.2169e+00 -2.7706e+00
213 0 +5.151794199e+01 +1.291779420e+02 +1.291779420e+02 +1.5539e+00 +6.6537e-01 +4.5859e-01 +1.2293e+00 -1.7909e+00
273 0 +4.919649271e+01 +1.268564927e+02 +1.268564927e+02 +6.9658e-01 -7.0791e-01 -2.4434e-01 +2.5042e+00 -2.2364e+00
290 0 +4.557721159e+01 +1.232372116e+02 +1.232372116e+02 -6.3064e-01 -1.0102e+00 -1.5848e+00 +2.8459e+00 -3.1365e+00
308 0 +4.046324853e+01 +1.181232485e+02 +1.181232485e+02 -7.0182e-01 -8.6792e-01 -1.2369e+00 +1.2169e+00 -2.7292e+00
323 0 +3.811889518e+01 +1.157788952e+02 +1.157788952e+02 +4.3232e-01 -7.0521e-01 -7.3271e-01 +1.1973e+00 -2.4271e+00
375 0 +2.766568418e+01 +1.053256842e+02 +1.053256842e+02 +1.3583e+00 +7.2863e-02 -1.3866e+00 +2.3711e+00 -2.4730e+00
529 0 +2.171945738e+01 +9.937945738e+01 +9.937945738e+01 +1.4489e+00 +7.2863e-02 -1.3866e+00 +2.4038e+00 -2.4577e+00
716 0 +2.032957916e+01 +9.798957916e+01 +9.798957916e+01 +5.1545e-01 -8.2026e-01 -5.6843e-01 +2.4418e+00 -2.7521e+00
781 0 +1.686285469e+01 +9.452285469e+01 +9.452285469e+01 +6.7714e-01 -2.1474e-02 -1.2510e+00 +2.4164e+00 -2.7602e+00
1010 0 +1.505566556e+01 +9.271566556e+01 +9.271566556e+01 +1.4082e+00 -1.1005e-02 -1.2610e+00 +2.5078e+00 -2.7482e+00
1071 0 +1.285479493e+01 +9.051479493e+01 +9.051479493e+01 +1.4031e+00 -3.2084e-02 -1.2812e+00 +2.3844e+00 -2.7725e+00
1147 0 +7.824868412e+00 +8.548486841e+01 +8.548486841e+01 +1.4129e+00 -3.9233e-02 -1.2837e+00 +2.4604e+00 -2.4398e+00
1536 0 +7.359642923e+00 +8.501964292e+01 +8.501964292e+01 +1.4033e+00 -5.2608e-02 -1.2271e+00 +2.4459e+00 -2.4612e+00
1766 0 +6.825171570e+00 +8.448517157e+01 +8.448517157e+01 +1.3914e+00 -6.8323e-02 -1.2898e+00 +2.4536e+00 -2.4596e+00
1900 0 +6.549098828e+00 +8.420909883e+01 +8.420909883e+01 +1.3914e+00 -1.5731e-02 -1.2898e+00 +2.4292e+00 -2.4596e+00
3194 0 +6.425852798e+00 +8.408585280e+01 +8.408585280e+01 +1.4212e+00 -2.1481e-02 -1.2598e+00 +2.4511e+00 -2.4587e+00
% f evaluations | g evaluations | best noise-free fitness - Fopt (1.156800000000e+02) + sum g_i+ | measured fitness | best measured fitness or single-digit g-values | x1 | x2...
1 0 +7.513979239e+02 +8.670779239e+02 +8.670779239e+02 +3.0536e-01 -9.5622e-01 +1.6831e+00 -2.5348e+00 +5.0269e-01
5 0 +1.325965274e+02 +2.482765274e+02 +2.482765274e+02 +7.6359e-01 -4.4797e+00 +2.9224e+00 +4.1220e+00 -3.7257e+00
10 0 +1.040061178e+02 +2.196861178e+02 +2.196861178e+02 -2.4610e-01 -2.7229e+00 +3.2094e+00 +1.6126e+00 -3.2031e+00
43 0 +8.181556440e+01 +1.974955644e+02 +1.974955644e+02 -8.4819e-01 -1.1534e+00 -2.1385e+00 +3.4751e+00 -2.1260e+00
72 0 +4.959573782e+01 +1.652757378e+02 +1.652757378e+02 +2.9528e+00 -6.7935e-02 +1.9728e+00 +3.0477e+00 -2.8606e+00
221 0 +4.203012730e+01 +1.577101273e+02 +1.577101273e+02 -3.6295e-01 -1.1813e+00 -2.3885e-01 +1.9090e+00 -3.9011e+00
306 0 +3.402058555e+01 +1.497005856e+02 +1.497005856e+02 +5.8305e-02 -2.3856e+00 +2.2595e-01 +2.6189e+00 -3.1864e+00
307 0 +2.710274651e+01 +1.427827465e+02 +1.427827465e+02 +1.7414e+00 -3.7373e-01 +2.0811e-01 +2.6470e+00 -3.1909e+00
402 0 +2.627990929e+01 +1.419599093e+02 +1.419599093e+02 -1.9271e-02 -9.4480e-01 -8.1819e-01 +2.1884e+00 -3.2023e+00
463 0 +2.270438581e+01 +1.383843858e+02 +1.383843858e+02 +7.1132e-01 -9.8912e-01 +2.9930e-01 +2.2302e+00 -3.6561e+00
626 0 +1.761305625e+01 +1.332930563e+02 +1.332930563e+02 +1.0345e+00 -1.0266e+00 -3.4121e-01 +2.6741e+00 -3.2011e+00
834 0 +1.695381159e+01 +1.326338116e+02 +1.326338116e+02 +1.0192e+00 -1.0266e+00 -3.4121e-01 +2.6741e+00 -3.2011e+00
891 0 +1.532910192e+01 +1.310091019e+02 +1.310091019e+02 -1.1347e-01 -3.7285e-01 -4.0470e-01 +2.6712e+00 -3.2833e+00
1100 0 +1.434838583e+01 +1.300283858e+02 +1.300283858e+02 -1.0745e-01 -3.5636e-01 -4.2939e-01 +2.6836e+00 -3.5865e+00
1218 0 +1.189243164e+01 +1.275724316e+02 +1.275724316e+02 -1.3606e-01 -3.6276e-01 -3.4167e-01 +2.6694e+00 -3.2669e+00
1523 0 +9.633466084e+00 +1.253134661e+02 +1.253134661e+02 -1.6474e-01 -3.0573e-01 -3.7577e-01 +2.6906e+00 -3.2599e+00
1818 0 +9.163398479e+00 +1.248433985e+02 +1.248433985e+02 -1.7468e-01 -2.9529e-01 -3.4076e-01 +2.6887e+00 -3.2340e+00
2086 0 +8.395254457e+00 +1.240752545e+02 +1.240752545e+02 -1.9498e-01 -1.8845e-01 -2.9584e-01 +2.6952e+00 -3.6032e+00
3238 0 +7.516146154e+00 +1.231961462e+02 +1.231961462e+02 -1.8951e-01 -1.8111e-01 -3.2825e-01 +2.6689e+00 -3.6036e+00
3578 0 +7.384600699e+00 +1.230646007e+02 +1.230646007e+02 -2.0137e-01 -1.4743e-01 -3.5708e-01 +2.6807e+00 -3.5972e+00
% f evaluations | g evaluations | best noise-free fitness - Fopt (-3.710000000000e+00) + sum g_i+ | measured fitness | best measured fitness or single-digit g-values | x1 | x2...
1 0 +2.772927177e+02 +2.735827177e+02 +2.735827177e+02 -4.3930e+00 -4.7520e+00 +4.3435e+00 -1.0291e+00 +3.8151e+00
4 0 +2.073229798e+02 +2.036129798e+02 +2.036129798e+02 +2.4617e+00 +2.6876e+00 +2.5479e+00 +3.7959e+00 -6.6940e-02
7 0 +8.793758542e+01 +8.422758542e+01 +8.422758542e+01 +3.2695e+00 -4.0004e+00 -1.9689e-01 +3.8041e+00 +2.9664e+00
10 0 +7.854289892e+01 +7.483289892e+01 +7.483289892e+01 -9.2916e-01 -3.4277e+00 +2.1108e+00 +3.8713e+00 +3.0271e+00
55 0 +6.378283502e+01 +6.007283502e+01 +6.007283502e+01 +8.2855e-01 -1.4976e+00 -7.0572e-01 +3.3791e+00 +3.8969e+00
82 0 +5.859787445e+01 +5.488787445e+01 +5.488787445e+01 +1.1262e+00 -7.2695e-01 -1.2996e+00 +3.8362e+00 +3.1663e+00
143 0 +5.691325743e+01 +5.320325743e+01 +5.320325743e+01 +1.0760e+00 -7.2695e-01 -1.2804e+00 +3.8362e+00 +3.1663e+00
201 0 +5.460785818e+01 +5.089785818e+01 +5.089785818e+01 +1.2774e+00 +1.9524e-01 -3.4938e-01 +3.4795e+00 +2.8163e+00
203 0 +4.750148471e+01 +4.379148471e+01 +4.379148471e+01 +8.0162e-01 -6.2969e-01 +2.4912e+00 +2.7520e+00 +3.4449e+00
327 0 +4.196865930e+01 +3.825865930e+01 +3.825865930e+01 +1.4157e+00 -6.9868e-01 -6.0018e-01 +3.4654e+00 +3.4438e+00
400 0 +3.977755606e+01 +3.606755606e+01 +3.606755606e+01 +2.0151e-01 -9.7598e-01 +1.8014e+00 +2.3493e+00 +3.5844e+00
422 0 +3.192208052e+01 +2.821208052e+01 +2.821208052e+01 -1.7316e-01 -1.5178e+00 +1.1235e+00 +3.0388e+00 +2.8738e+00
493 0 +3.092644197e+01 +2.721644197e+01 +2.721644197e+01 +1.5762e-02 -8.7538e-01 +1.2093e+00 +3.0790e+00 +2.8997e+00
564 0 +2.954094969e+01 +2.583094969e+01 +2.583094969e+01 +1.0119e-01 -1.5178e+00 +1.1994e+00 +3.1328e+00 +2.8606e+00
665 0 +2.543103104e+01 +2.172103104e+01 +2.172103104e+01 +1.0547e+00 -2.2616e+00 +1.0245e+00 +2.7302e+00 +3.1632e+00
703 0 +2.274648455e+01 +1.903648455e+01 +1.903648455e+01 +1.5762e-02 -6.6414e-01 +1.1759e+00 +3.0106e+00 +2.8690e+00
799 0 +2.136884171e+01 +1.765884171e+01 +1.765884171e+01 -1.1370e-01 -1.5970e+00 +1.1866e+00 +3.5360e+00 +3.1495e+00
1025 0 +2.081979656e+01 +1.710979656e+01 +1.710979656e+01 +4.1253e-02 -1.4547e+00 +1.0538e+00 +3.5070e+00 +2.8219e+00
1085 0 +1.843469909e+01 +1.472469909e+01 +1.472469909e+01 -3.6094e-02 -1.5856e+00 +1.1866e+00 +3.4406e+00 +3.1495e+00
1143 0 +1.794035713e+01 +1.423035713e+01 +1.423035713e+01 -5.0239e-02 -1.5487e+00 +1.1865e+00 +3.5175e+00 +3.1225e+00
1206 0 +1.761336677e+01 +1.390336677e+01 +1.390336677e+01 -3.5792e-02 -1.6167e+00 +1.1908e+00 +3.5143e+00 +3.4788e+00
1285 0 +1.616524720e+01 +1.245524720e+01 +1.245524720e+01 +9.4577e-02 -1.5052e+00 +1.2811e+00 +3.4643e+00 +3.1462e+00
1413 0 +1.502962469e+01 +1.131962469e+01 +1.131962469e+01 -4.2539e-02 -1.4530e+00 +1.2019e+00 +3.4999e+00 +3.1615e+00
1550 0 +1.389035858e+01 +1.018035858e+01 +1.018035858e+01 +7.8959e-02 -1.4416e+00 +1.1824e+00 +3.5400e+00 +3.1660e+00
1618 0 +1.339331521e+01 +9.683315214e+00 +9.683315214e+00 +1.9588e-02 -1.4938e+00 +1.2214e+00 +3.5101e+00 +3.1679e+00
1738 0 +1.295502509e+01 +9.245025089e+00 +9.245025089e+00 +4.5875e-02 -1.4938e+00 +1.2214e+00 +3.5101e+00 +3.1679e+00
1826 0 +1.286937419e+01 +9.159374195e+00 +9.159374195e+00 +2.9188e-02 -1.4521e+00 +1.2049e+00 +3.4815e+00 +3.1519e+00
2396 0 +1.222048036e+01 +8.510480363e+00 +8.510480363e+00 +5.4860e-02 -1.4628e+00 +1.2012e+00 +3.5089e+00 +3.1624e+00
% f evaluations | g evaluations | best noise-free fitness - Fopt (1.321800000000e+02) + sum g_i+ | measured fitness | best measured fitness or single-digit g-values | x1 | x2...
1 0 +2.433455321e+03 +2.565635321e+03 +2.565635321e+03 +1.6595e+00 -4.2018e+00 -2.0270e+00 +4.1910e+00 +2.8814e+00
2 0 +1.119855992e+02 +2.441655992e+02 +2.441655992e+02 -4.3361e+00 -1.1465e+00 +1.0695e+00 -2.7943e-01 -3.9579e+00
21 0 +8.702761725e+01 +2.192076172e+02 +2.192076172e+02 +2.2674e+00 -3.0145e+00 +1.8804e+00 -1.4993e+00 -2.1615e+00
26 0 +7.736407636e+01 +2.095440764e+02 +2.095440764e+02 -3.3825e+00 -2.0267e+00 +3.9700e+00 -8.2307e-01 -3.2359e+00
118 0 +7.017626986e+01 +2.023562699e+02 +2.023562699e+02 -2.7251e+00 -1.9743e+00 +3.9913e+00 -1.5541e+00 -3.2947e+00
131 0 +4.074714593e+01 +1.729271459e+02 +1.729271459e+02 -5.5713e-01 +1.2513e-01 +2.4391e+00 -2.8643e+00 -2.3973e+00
319 0 +3.171111148e+01 +1.638911115e+02 +1.638911115e+02 -6.4678e-01 -9.4330e-01 +3.4932e+00 -1.4787e+00 -2.7524e+00
425 0 +2.987538856e+01 +1.620553886e+02 +1.620553886e+02 -1.7665e+00 -1.6144e+00 +2.8510e+00 -2.0277e+00 -2.5391e+00
636 0 +2.798296590e+01 +1.601629659e+02 +1.601629659e+02 -1.7456e+00 -1.6144e+00 +2.7419e+00 -1.9855e+00 -2.4968e+00
735 0 +2.697305559e+01 +1.591530556e+02 +1.591530556e+02 -1.7999e+00 -1.4941e+00 +2.8860e+00 -1.9509e+00 -2.8286e+00
786 0 +2.688703033e+01 +1.590670303e+02 +1.590670303e+02 -6.3141e-01 -9.5202e-01 +3.4539e+00 -1.4787e+00 -2.8079e+00
900 0 +2.614070863e+01 +1.583207086e+02 +1.583207086e+02 -8.7898e-01 -8.1368e-01 +2.9896e+00 -1.9334e+00 -2.4851e+00
911 0 +2.570356835e+01 +1.578835684e+02 +1.578835684e+02 -1.7999e+00 -1.5162e+00 +2.8888e+00 -1.9909e+00 -2.8225e+00
1078 0 +2.501171795e+01 +1.571917179e+02 +1.571917179e+02 -1.7859e+00 -1.5552e+00 +2.9161e+00 -2.0089e+00 -2.4704e+00
1092 0 +2.319517372e+01 +1.553751737e+02 +1.553751737e+02 -6.3668e-01 -7.8540e-01 +2.9514e+00 -1.9616e+00 -2.4624e+00
1532 0 +2.243547494e+01 +1.546154749e+02 +1.546154749e+02 -6.8400e-01 -8.9722e-01 +2.8658e+00 -1.9298e+00 -2.5054e+00
1600 0 +2.204789625e+01 +1.542278963e+02 +1.542278963e+02 -8.1630e-01 -7.5472e-01 +2.8688e+00 -1.9224e+00 -2.4916e+00
1657 0 +2.110510352e+01 +1.532851035e+02 +1.532851035e+02 -6.5786e-01 -7.8179e-01 +2.8863e+00 -1.9730e+00 -2.4587e+00
1741 0 +2.055758430e+01 +1.527375843e+02 +1.527375843e+02 -6.4167e-01 -7.7963e-01 +2.8704e+00 -1.9381e+00 -2.4928e+00
1768 0 +2.018337468e+01 +1.523633747e+02 +1.523633747e+02 -6.4167e-01 -7.7963e-01 +2.8704e+00 -1.9845e+00 -2.4928e+00
2185 0 +1.961879327e+01 +1.517987933e+02 +1.517987933e+02 -7.2213e-01 -8.4001e-01 +2.8574e+00 -1.9676e+00 -2.4758e+00
2959 0 +1.937282794e+01 +1.515528279e+02 +1.515528279e+02 -6.7582e-01 -8.1688e-01 +2.8868e+00 -1.9618e+00 -2.4976e+00
% f evaluations | g evaluations | best noise-free fitness - Fopt (1.104800000000e+02) + sum g_i+ | measured fitness | best measured fitness or single-digit g-values | x1 | x2...
1 0 +2.684435906e+02 +3.789235906e+02 +3.789235906e+02 +9.6520e-01 -5.2827e-01 +1.8595e+00 +3.8040e+00 +4.9172e-01
11 0 +1.189581022e+02 +2.294381022e+02 +2.294381022e+02 -1.5641e+00 +2.3583e-01 +1.0617e+00 +4.2248e+00 +3.6014e+00
16 0 +1.012181174e+02 +2.116981174e+02 +2.116981174e+02 -4.1882e+00 +1.9391e+00 -1.6828e+00 +2.6530e+00 +3.4459e+00
50 0 +9.925324315e+01 +2.097332431e+02 +2.097332431e+02 +5.6721e-01 +5.6572e-01 -2.6185e+00 +3.2459e-01 +4.9978e+00
83 0 +9.211727199e+01 +2.025972720e+02 +2.025972720e+02 +4.5678e+00 -1.0875e+00 -4.2561e+00 +3.9616e+00 +4.5293e+00
94 0 +7.964139919e+01 +1.901213992e+02 +1.901213992e+02 -4.7001e+00 +3.9427e-01 -1.4236e+00 +3.2366e+00 +2.6599e+00
96 0 +6.747135037e+01 +1.779513504e+02 +1.779513504e+02 +1.5096e+00 +1.3410e+00 -3.9031e+00 +2.1342e+00 +3.0556e+00
103 0 +6.276914032e+01 +1.732491403e+02 +1.732491403e+02 +1.9287e-01 -2.3883e+00 -2.4600e+00 +2.7091e+00 +4.3661e+00
119 0 +4.887086667e+01 +1.593508667e+02 +1.593508667e+02 +1.5096e+00 +1.5451e+00 -3.7839e+00 +2.3188e+00 +3.3049e+00
202 0 +4.017454886e+01 +1.506545489e+02 +1.506545489e+02 +1.5096e+00 +1.6843e+00 -3.7839e+00 +2.3188e+00 +3.2999e+00
245 0 +3.770437071e+01 +1.481843707e+02 +1.481843707e+02 +1.5096e+00 +1.6404e+00 -3.7839e+00 +2.3188e+00 +3.3297e+00
276 0 +3.516094030e+01 +1.456409403e+02 +1.456409403e+02 +2.5108e+00 -8.1742e-01 -3.7305e+00 +2.2365e+00 +3.7447e+00
280 0 +3.392978076e+01 +1.444097808e+02 +1.444097808e+02 -2.4386e+00 -9.4974e-02 -1.7931e+00 +1.9079e+00 +3.3298e+00
364 0 +2.925870494e+01 +1.397387049e+02 +1.397387049e+02 -6.0469e-01 -1.6371e+00 -2.1151e+00 +2.7365e+00 +3.0469e+00
439 0 +1.534867002e+01 +1.258286700e+02 +1.258286700e+02 -4.6449e-01 +8.0041e-01 -2.9137e+00 +2.4049e+00 +3.3319e+00
814 0 +1.244005181e+01 +1.229200518e+02 +1.229200518e+02 -4.4194e-01 +7.4105e-01 -2.8332e+00 +2.3678e+00 +3.3663e+00
924 0 +1.104123040e+01 +1.215212304e+02 +1.215212304e+02 -3.6849e-01 +7.0252e-01 -2.8562e+00 +2.4049e+00 +3.6671e+00
1473 0 +1.062838804e+01 +1.211083880e+02 +1.211083880e+02 -4.4125e-01 +7.5744e-01 -2.8562e+00 +2.3878e+00 +3.6671e+00
1753 0 +1.046245448e+01 +1.209424545e+02 +1.209424545e+02 -4.3407e-01 +6.6645e-01 -2.8785e+00 +2.3760e+00 +3.6600e+00
2924 0 +1.020044469e+01 +1.206804447e+02 +1.206804447e+02 -4.4927e-01 +7.0320e-01 -2.8427e+00 +2.4022e+00 +3.6580e+00
% f evaluations | g evaluations | best noise-free fitness - Fopt (-1.509000000000e+01) + sum g_i+ | measured fitness | best measured fitness or single-digit g-values | x1 | x2...
1 0 +2.111860708e+02 +1.960960708e+02 +1.960960708e+02 +6.3554e-01 +2.7020e-01 -6.3059e-01 -4.5115e+00 -5.9094e-01
7 0 +1.759338038e+02 +1.608438038e+02 +1.608438038e+02 -4.8148e+00 +1.7024e+00 -2.4837e+00 -2.3192e-01 +3.0166e+00
30 0 +1.166891785e+02 +1.015991785e+02 +1.015991785e+02 -2.5837e+00 -2.8376e+00 +2.6212e+00 -2.1359e+00 +2.7927e+00
44 0 +1.074437135e+02 +9.235371353e+01 +9.235371353e+01 +2.1035e+00 +1.8507e-01 -8.7571e-01 -4.8734e+00 +1.4774e+00
103 0 +1.030154023e+02 +8.792540228e+01 +8.792540228e+01 +2.1722e+00 +1.1919e+00 -1.5837e+00 -2.8088e+00 +2.1891e+00
109 0 +9.414289600e+01 +7.905289600e+01 +7.905289600e+01 +1.7117e+00 -1.8527e+00 -2.5907e+00 -1.4833e+00 +2.1222e+00
114 0 +8.998510068e+01 +7.489510068e+01 +7.489510068e+01 +2.4315e+00 +1.6065e-02 -1.2079e+00 -1.3905e+00 +2.1601e+00
191 0 +5.562954572e+01 +4.053954572e+01 +4.053954572e+01 -1.8634e-01 -1.5002e-01 +1.0322e-02 -2.2101e+00 +4.0405e+00
304 0 +5.362236317e+01 +3.853236317e+01 +3.853236317e+01 +2.3129e+00 +3.2073e-01 -1.8108e-01 -4.5836e+00 +2.2079e+00
341 0 +4.895721349e+01 +3.386721349e+01 +3.386721349e+01 -6.0193e-02 -2.8010e-01 -1.9841e-01 -2.2005e+00 +2.6221e+00
368 0 +4.617277952e+01 +3.108277952e+01 +3.108277952e+01 +1.5632e-01 +8.8996e-01 -1.2160e-01 -3.2753e+00 +2.3422e+00
449 0 +3.742038979e+01 +2.233038979e+01 +2.233038979e+01 +1.1264e+00 -4.9713e-02 -1.9181e-01 -3.3934e+00 +2.3436e+00
630 0 +3.128567005e+01 +1.619567005e+01 +1.619567005e+01 +4.9362e-01 +3.0049e-01 -7.9454e-02 -1.6689e+00 +3.3107e+00
651 0 +3.058359058e+01 +1.549359058e+01 +1.549359058e+01 +6.4183e-01 -4.8228e-01 -6.7083e-01 -2.9441e+00 +2.3598e+00
735 0 +2.977621618e+01 +1.468621618e+01 +1.468621618e+01 +6.3505e-01 -4.6714e-01 -6.7083e-01 -2.9441e+00 +2.3598e+00
840 0 +2.000247403e+01 +4.912474033e+00 +4.912474033e+00 +4.8537e-01 -3.6317e-01 -7.1627e-01 -2.9441e+00 +2.3598e+00
1020 0 +1.598953458e+01 +8.995345779e-01 +8.995345779e-01 +5.2913e-01 -9.2387e-01 -7.0170e-01 -2.9048e+00 +2.3603e+00
1201 0 +1.164509874e+01 -3.444901261e+00 -3.444901261e+00 +4.0156e-01 -3.1715e-01 +4.1008e-01 -2.9197e+00 +3.3908e+00
1827 0 +1.073305011e+01 -4.356949891e+00 -4.356949891e+00 +4.1884e-01 -2.6422e-01 -1.6302e-01 -2.9258e+00 +2.6612e+00
1970 0 +8.851651826e+00 -6.238348174e+00 -6.238348174e+00 +4.0156e-01 -4.2001e-01 +4.4736e-01 -2.9197e+00 +3.3303e+00
2091 0 +7.972064930e+00 -7.117935070e+00 -7.117935070e+00 +4.1455e-01 -2.5831e-01 +4.4736e-01 -2.9197e+00 +3.3303e+00
2433 0 +7.619154813e+00 -7.470845187e+00 -7.470845187e+00 +3.8308e-01 -3.0945e-01 -1.7415e-01 -2.9144e+00 +3.0132e+00
2781 0 +7.241869156e+00 -7.848130844e+00 -7.848130844e+00 +4.0254e-01 -3.5607e-01 -1.3851e-01 -2.9149e+00 +3.0060e+00
3148 0 +6.511758294e+00 -8.578241706e+00 -8.578241706e+00 +3.9558e-01 -2.0151e-01 -1.5913e-01 -2.9019e+00 +3.0236e+00
% f evaluations | g evaluations | best noise-free fitness - Fopt (-1.583000000000e+02) + sum g_i+ | measured fitness | best measured fitness or single-digit g-values | x1 | x2...
1 0 +6.737054286e+02 +5.154054286e+02 +5.154054286e+02 -4.0480e-01 -4.9277e+00 -3.3357e+00 +2.0504e+00 -5.5556e-01
3 0 +2.943290902e+02 +1.360290902e+02 +1.360290902e+02 +9.4348e-01 +1.0852e+00 -1.8607e+00 +2.3666e-01 -1.5711e+00
4 0 +2.801747755e+02 +1.218747755e+02 +1.218747755e+02 -3.8692e+00 -1.2656e+00 +2.0588e+00 -8.6246e-01 +1.7974e+00
9 0 +9.978543426e+01 -5.851456574e+01 -5.851456574e+01 +1.6613e+00 -2.8292e+00 -1.3542e+00 -3.9904e+00 +2.1847e+00
83 0 +7.168924810e+01 -8.661075190e+01 -8.661075190e+01 -1.5955e+00 +4.2151e+00 -7.8252e-01 -2.3855e+00 +2.0157e+00
90 0 +6.537714122e+01 -9.292285878e+01 -9.292285878e+01 +8.6916e-01 +3.6048e-01 -2.9698e+00 -2.2607e+00 +3.3559e+00
223 0 +6.453314037e+01 -9.376685963e+01 -9.376685963e+01 -1.5906e+00 +4.2825e+00 -6.7262e-01 -2.4812e+00 +1.9420e+00
242 0 +6.130593190e+01 -9.699406810e+01 -9.699406810e+01 -1.2399e+00 +3.2825e+00 -8.8487e-01 -2.3472e+00 +2.5657e+00
305 0 +5.897845430e+01 -9.932154570e+01 -9.932154570e+01 +6.9503e-01 +2.1283e+00 -1.3978e+00 -2.2191e+00 +1.9041e+00
318 0 +5.818294425e+01 -1.001170558e+02 -1.001170558e+02 +8.6916e-01 +3.6819e-01 -2.8941e+00 -2.3762e+00 +3.4230e+00
321 0 +5.174902073e+01 -1.065509793e+02 -1.065509793e+02 -1.2375e+00 +3.3279e+00 -6.0218e-01 -2.3983e+00 +2.1645e+00
359 0 +5.078836200e+01 -1.075116380e+02 -1.075116380e+02 +1.1887e-02 +2.4599e+00 -7.9117e-01 -2.4079e+00 +2.1458e+00
371 0 +4.442245834e+01 -1.138775417e+02 -1.138775417e+02 +8.7928e-01 +4.4443e-01 -2.0836e+00 -2.4730e+00 +2.4995e+00
498 0 +3.071749569e+01 -1.275825043e+02 -1.275825043e+02 -1.0711e+00 +3.5528e+00 -7.0805e-01 -2.4646e+00 +1.8836e+00
745 0 +2.826408019e+01 -1.300359198e+02 -1.300359198e+02 +7.4415e-02 +1.4481e+00 -1.8787e+00 -2.4060e+00 +2.5752e+00
1064 0 +2.039294488e+01 -1.379070551e+02 -1.379070551e+02 -4.2353e-02 +1.3488e+00 -1.8726e+00 -2.4543e+00 +2.5201e+00
1326 0 +1.916561453e+01 -1.391343855e+02 -1.391343855e+02 -1.1489e-02 +1.2884e+00 -1.8880e+00 -2.4543e+00 +2.5361e+00
1341 0 +1.808624788e+01 -1.402137521e+02 -1.402137521e+02 +3.6293e-02 +2.0553e+00 -1.8920e+00 -2.4150e+00 +2.5641e+00
1406 0 +1.514429851e+01 -1.431557015e+02 -1.431557015e+02 -4.2353e-02 +1.2626e+00 -1.8726e+00 -2.4141e+00 +2.5200e+00
1562 0 +1.511103632e+01 -1.431889637e+02 -1.431889637e+02 -2.9300e-02 +1.2626e+00 -1.8726e+00 -2.4141e+00 +2.5200e+00
% f evaluations | g evaluations | best noise-free fitness - Fopt (-4.071000000000e+01) + sum g_i+ | measured fitness | best measured fitness or single-digit g-values | x1 | x2...
1 0 +4.658780270e+03 +4.618070270e+03 +4.618070270e+03 +2.8970e+00 -4.1771e+00 -3.5959e+00 +1.5770e+00 +4.0592e+00
3 0 +2.006210741e+02 +1.599110741e+02 +1.599110741e+02 +1.6687e-01 +4.9718e+00 -2.5706e+00 -1.8845e+00 -4.3637e+00
8 0 +1.278590921e+02 +8.714909206e+01 +8.714909206e+01 -5.5444e-01 -1.1076e+00 +4.2315e+00 -8.2410e-01 -2.4433e+00
103 0 +1.251262705e+02 +8.441627048e+01 +8.441627048e+01 -1.5308e+00 +1.1712e+00 -6.4125e-01 -3.3758e+00 -2.3246e+00
110 0 +1.151017626e+02 +7.439176260e+01 +7.439176260e+01 -1.4087e+00 +1.9022e+00 -3.6623e-01 -1.3328e+00 -1.8132e+00
158 0 +1.090707971e+02 +6.836079708e+01 +6.836079708e+01 -1.5158e+00 +2.3277e+00 -9.4180e-01 -3.2890e+00 -2.7241e+00
196 0 +8.426437779e+01 +4.355437779e+01 +4.355437779e+01 -1.9378e-01 +1.8378e+00 +1.0033e+00 -1.3543e+00 -3.4035e+00
230 0 +8.142714913e+01 +4.071714913e+01 +4.071714913e+01 +1.0081e+00 +9.4606e-01 +8.4136e-01 -1.0911e+00 -2.1795e+00
236 0 +3.413817611e+01 -6.571823891e+00 -6.571823891e+00 -1.0706e+00 +3.1425e+00 +2.1116e+00 -2.9514e+00 -1.9407e+00
373 0 +2.724706049e+01 -1.346293951e+01 -1.346293951e+01 -1.0264e+00 +3.2787e+00 +2.0867e+00 -2.9514e+00 -1.7734e+00
940 0 +2.580000216e+01 -1.490999784e+01 -1.490999784e+01 -8.7987e-01 +1.9343e+00 +2.0377e+00 -2.5287e+00 -2.0704e+00
978 0 +2.486495067e+01 -1.584504933e+01 -1.584504933e+01 -1.0624e+00 +2.3891e+00 +1.9626e+00 -3.0038e+00 -2.0772e+00
1034 0 +2.208432544e+01 -1.862567456e+01 -1.862567456e+01 -8.7987e-01 +1.8658e+00 +2.0377e+00 -2.5287e+00 -2.1242e+00
1634 0 +1.948148394e+01 -2.122851606e+01 -2.122851606e+01 -9.4084e-01 +2.4048e+00 +1.9915e+00 -2.9806e+00 -2.1053e+00
2489 0 +1.901509140e+01 -2.169490860e+01 -2.169490860e+01 -9.4084e-01 +2.4491e+00 +2.0623e+00 -2.9816e+00 -2.1053e+00
3108 0 +1.833339968e+01 -2.237660032e+01 -2.237660032e+01 -9.0394e-01 +2.4086e+00 +2.0422e+00 -2.9742e+00 -2.1261e+00
4458 0 +1.757849624e+01 -2.313150376e+01 -2.313150376e+01 -9.3130e-01 +2.3806e+00 +2.0714e+00 -2.9879e+00 -2.3427e+00
4944 0 +1.688856497e+01 -2.382143503e+01 -2.382143503e+01 -9.3130e-01 +2.3806e+00 +2.0333e+00 -2.9879e+00 -2.3427e+00
% f evaluations | g evaluations | best noise-free fitness - Fopt (8.139000000000e+01) + sum g_i+ | measured fitness | best measured fitness or single-digit g-values | x1 | x2...
1 0 +4.017278581e+02 +4.831178581e+02 +4.831178581e+02 -2.3095e+00 -2.4555e+00 +1.0797e+00 +2.5958e+00 +3.1440e+00
4 0 +1.771779796e+02 +2.585679796e+02 +2.585679796e+02 +4.2809e+00 +2.4226e-01 -3.9631e-01 +2.1585e+00 -9.6083e-01
7 0 +1.259416896e+02 +2.073316896e+02 +2.073316896e+02 +3.4119e+00 +4.5683e+00 -1.5493e+00 +2.8254e+00 +6.0525e-01
70 0 +1.080533023e+02 +1.894433023e+02 +1.894433023e+02 -8.8208e-03 -6.3372e-01 -8.9555e-02 -5.5588e-01 +1.0507e+00
92 0 +3.554182401e+01 +1.169318240e+02 +1.169318240e+02 +3.8062e+00 +3.4018e+00 -2.9829e+00 +6.5597e-01 -1.5353e-01
322 0 +2.802589953e+01 +1.094158995e+02 +1.094158995e+02 +1.0057e+00 +1.1832e+00 -2.4283e+00 -1.1856e-02 +1.0293e+00
534 0 +2.725818238e+01 +1.086481824e+02 +1.086481824e+02 +1.0057e+00 +1.1748e+00 -2.4096e+00 +2.5331e-01 +1.1965e+00
555 0 +2.331003900e+01 +1.047000390e+02 +1.047000390e+02 +7.5124e-01 +1.0043e+00 -2.4344e+00 -1.6934e-01 +6.5629e-01
573 0 +1.707016348e+01 +9.846016348e+01 +9.846016348e+01 +1.8898e+00 +2.6398e+00 -2.4474e+00 -1.4751e-01 +5.3058e-01
866 0 +1.498345242e+01 +9.637345242e+01 +9.637345242e+01 +9.0981e-01 +1.1310e+00 -2.4801e+00 +3.1389e-01 +1.0418e+00
1017 0 +1.385101140e+01 +9.524101140e+01 +9.524101140e+01 +9.5902e-01 +1.1013e+00 -2.4801e+00 +3.1389e-01 +9.7770e-01
1064 0 +1.315770385e+01 +9.454770385e+01 +9.454770385e+01 +1.7906e+00 +2.0899e+00 -2.4567e+00 +3.6851e-01 +6.2609e-01
1065 0 +1.195924045e+01 +9.334924045e+01 +9.334924045e+01 +1.9320e+00 +2.0353e+00 -2.4594e+00 +7.3557e-01 +6.1576e-01
1333 0 +1.131517864e+01 +9.270517864e+01 +9.270517864e+01 +1.8489e+00 +2.0593e+00 -2.4406e+00 +3.6618e-01 +6.4927e-01
1523 0 +1.100991126e+01 +9.239991126e+01 +9.239991126e+01 +1.8370e+00 +2.1069e+00 -2.4621e+00 +3.2900e-01 +5.8626e-01
1869 0 +1.023995751e+01 +9.162995751e+01 +9.162995751e+01 +1.9046e+00 +2.0923e+00 -2.4441e+00 +3.1834e-01 +6.6050e-01
1897 0 +7.765952623e+00 +8.915595262e+01 +8.915595262e+01 +1.8741e+00 +2.0167e+00 -2.4541e+00 +3.0635e-01 +6.4356e-01
1957 0 +7.551405043e+00 +8.894140504e+01 +8.894140504e+01 +1.8764e+00 +2.0667e+00 -2.4708e+00 +2.9643e-01 +6.4783e-01
2075 0 +7.090841525e+00 +8.848084152e+01 +8.848084152e+01 +1.8965e+00 +2.0410e+00 -2.4463e+00 +3.0319e-01 +6.1399e-01
2311 0 +6.848972401e+00 +8.823897240e+01 +8.823897240e+01 +1.8547e+00 +2.0809e+00 -2.4449e+00 +3.1394e-01 +6.2598e-01
2881 0 +6.654114291e+00 +8.804411429e+01 +8.804411429e+01 +1.8687e+00 +2.0414e+00 -2.4601e+00 +3.0324e-01 +6.0495e-01
3314 0 +6.530749139e+00 +8.792074914e+01 +8.792074914e+01 +1.8687e+00 +2.0414e+00 -2.4601e+00 +3.0324e-01 +6.0694e-01
% f evaluations | g evaluations | best noise-free fitness - Fopt (4.144000000000e+01) + sum g_i+ | measured fitness | best measured fitness or single-digit g-values | x1 | x2...
1 0 +6.796263878e+03 +6.837703878e+03 +6.837703878e+03 +1.5347e+00 +1.6461e+00 +2.0592e+00 -3.9009e-01 +4.3954e+00
2 0 +1.105304571e+02 +1.519704571e+02 +1.519704571e+02 -1.1271e-01 +4.5331e-01 +3.6095e+00 -3.0689e+00 -2.5788e+00
7 0 +1.015276101e+02 +1.429676101e+02 +1.429676101e+02 +5.0742e-01 +1.7034e+00 +1.0259e+00 -1.3694e+00 -4.2960e+00
40 0 +7.017086312e+01 +1.116108631e+02 +1.116108631e+02 +2.7792e+00 -1.9077e+00 +3.8272e+00 -1.3900e+00 -3.2324e+00
47 0 +6.420669505e+01 +1.056466951e+02 +1.056466951e+02 +1.3593e+00 -1.0628e+00 +2.9645e+00 -2.1127e+00 -1.9049e+00
128 0 +5.923048864e+01 +1.006704886e+02 +1.006704886e+02 -5.7319e-01 -3.5423e+00 -9.3135e-01 -1.8078e+00 -3.4316e+00
160 0 +5.124546545e+01 +9.268546545e+01 +9.268546545e+01 -7.5549e-01 -2.4291e+00 +1.3726e+00 -1.6998e+00 -2.8746e+00
237 0 +3.099554203e+01 +7.243554203e+01 +7.243554203e+01 -5.4862e-01 -2.6716e+00 +1.0760e+00 -2.1767e+00 -3.3801e+00
410 0 +2.196898873e+01 +6.340898873e+01 +6.340898873e+01 +4.4525e-01 -2.4877e+00 +1.9250e+00 -2.1983e+00 -3.3742e+00
441 0 +2.119211331e+01 +6.263211331e+01 +6.263211331e+01 +1.2374e+00 -1.9946e+00 +1.3979e+00 -1.4540e+00 -3.0580e+00
468 0 +1.876945392e+01 +6.020945392e+01 +6.020945392e+01 +1.1686e+00 -1.8551e+00 +2.6889e+00 -1.3700e+00 -2.7508e+00
560 0 +1.443387486e+01 +5.587387486e+01 +5.587387486e+01 +1.1686e+00 -1.8551e+00 +2.6372e+00 -1.3700e+00 -2.7640e+00
597 0 +1.273880456e+01 +5.417880456e+01 +5.417880456e+01 +1.2032e+00 -1.8551e+00 +2.6372e+00 -1.3700e+00 -2.7640e+00
610 0 +1.118007392e+01 +5.262007392e+01 +5.262007392e+01 +1.4354e+00 -1.9047e+00 +1.4683e+00 -1.3583e+00 -3.0697e+00
619 0 +8.097041444e+00 +4.953704144e+01 +4.953704144e+01 +1.1815e+00 -1.9226e+00 +2.5111e+00 -1.7346e+00 -3.0489e+00
922 0 +3.911131370e+00 +4.535113137e+01 +4.535113137e+01 +1.3031e+00 -1.8858e+00 +2.5293e+00 -1.3419e+00 -3.0753e+00
1253 0 +3.207893403e+00 +4.464789340e+01 +4.464789340e+01 +1.2667e+00 -1.7919e+00 +2.5640e+00 -1.3428e+00 -3.0218e+00
1818 0 +2.946760661e+00 +4.438676066e+01 +4.438676066e+01 +1.3223e+00 -1.8066e+00 +2.5201e+00 -1.3758e+00 -3.0572e+00
2714 0 +2.759093727e+00 +4.419909373e+01 +4.419909373e+01 +1.2832e+00 -1.7734e+00 +2.5567e+00 -1.3566e+00 -3.0143e+00
2780 0 +2.685804723e+00 +4.412580472e+01 +4.412580472e+01 +1.2388e+00 -1.7821e+00 +2.5467e+00 -1.3616e+00 -3.0320e+00
3100 0 +2.629080131e+00 +4.406908013e+01 +4.406908013e+01 +1.2926e+00 -1.8264e+00 +2.5322e+00 -1.3479e+00 -3.0438e+00
3127 0 +2.314113097e+00 +4.375411310e+01 +4.375411310e+01 +1.3063e+00 -1.7971e+00 +2.5467e+00 -1.3616e+00 -3.0320e+00
4542 0 +2.191162350e+00 +4.363116235e+01 +4.363116235e+01 +1.2828e+00 -1.7675e+00 +2.5291e+00 -1.3538e+00 -3.0566e+00
% f evaluations | g evaluations | best noise-free fitness - Fopt (-2.709000000000e+01) + sum g_i+ | measured fitness | best measured fitness or single-digit g-values | x1 | x2...
1 0 +1.755647903e+02 +1.484747903e+02 +1.484747903e+02 -4.8155e+00 +4.9530e-01 +2.6643e+00 +1.6071e+00 +1.1307e+00
11 0 +1.676050737e+02 +1.405150737e+02 +1.405150737e+02 -3.8537e+00 +2.7589e+00 +3.0368e+00 +2.4286e+00 +3.0334e+00
14 0 +1.260373432e+02 +9.894734317e+01 +9.894734317e+01 -3.0194e+00 -4.4269e+00 +7.5556e-01 -3.0569e-01 +2.0703e+00
22 0 +9.523942306e+01 +6.814942306e+01 +6.814942306e+01 -1.0155e+00 -4.8802e+00 +3.8103e-01 +1.8309e+00 +7.9494e-01
117 0 +8.808800713e+01 +6.099800713e+01 +6.099800713e+01 +1.3059e+00 -2.5755e+00 +7.3875e-01 -3.2828e-01 +1.7776e+00
138 0 +8.082133916e+01 +5.373133916e+01 +5.373133916e+01 +1.8915e-01 -3.9569e+00 +1.6373e+00 -6.5389e-01 +2.4890e+00
200 0 +5.047141576e+01 +2.338141576e+01 +2.338141576e+01 -1.7559e-02 -1.6507e+00 +1.0075e+00 +1.5142e+00 +2.6127e+00
314 0 +4.865421494e+01 +2.156421494e+01 +2.156421494e+01 +1.9254e-01 -4.1177e-02 +5.8064e-01 +2.6112e+00 +3.0927e+00
360 0 +4.230122269e+01 +1.521122269e+01 +1.521122269e+01 -5.7851e-01 -5.8241e-01 +5.8155e-01 +1.3114e+00 +2.7629e+00
372 0 +2.549931804e+01 -1.590681956e+00 -1.590681956e+00 +1.5178e-01 -1.6347e+00 +1.0845e+00 +1.4300e+00 +2.6127e+00
635 0 +2.103345311e+01 -6.056546887e+00 -6.056546887e+00 +2.8776e-02 -1.7928e+00 +4.6605e-01 +1.4549e+00 +2.6559e+00
731 0 +1.964343015e+01 -7.446569850e+00 -7.446569850e+00 +1.5460e-01 -1.4537e+00 +1.0674e+00 +1.4109e+00 +2.6484e+00
746 0 +1.561726465e+01 -1.147273535e+01 -1.147273535e+01 +8.1024e-02 -1.7825e+00 +1.0515e+00 +1.4102e+00 +2.5957e+00
817 0 +1.324418903e+01 -1.384581097e+01 -1.384581097e+01 +1.0311e-01 -1.7825e+00 +1.0515e+00 +1.4407e+00 +2.6293e+00
912 0 +1.056089294e+01 -1.652910706e+01 -1.652910706e+01 +1.5164e-01 -1.7600e+00 +1.0465e+00 +1.3621e+00 +2.6554e+00
1087 0 +1.005676311e+01 -1.703323689e+01 -1.703323689e+01 +1.2738e-01 -1.7665e+00 +1.0490e+00 +1.3824e+00 +2.6467e+00
1159 0 +8.349576669e+00 -1.874042333e+01 -1.874042333e+01 +1.5983e-01 -1.8350e+00 +1.1222e+00 +1.3793e+00 +2.6290e+00
1435 0 +7.982530006e+00 -1.910746999e+01 -1.910746999e+01 +1.8117e-01 -1.7573e+00 +1.0720e+00 +1.3860e+00 +2.6404e+00
1488 0 +7.398727220e+00 -1.969127278e+01 -1.969127278e+01 +1.7918e-01 -1.8255e+00 +1.0993e+00 +1.3951e+00 +2.6544e+00
4239 0 +7.242760593e+00 -1.984723941e+01 -1.984723941e+01 +1.9704e-01 -1.7910e+00 +1.0863e+00 +1.3819e+00 +2.6443e+00
% f evaluations | g evaluations | best noise-free fitness - Fopt (5.175000000000e+01) + sum g_i+ | measured fitness | best measured fitness or single-digit g-values | x1 | x2...
1 0 +4.607012581e+02 +5.124512581e+02 +5.124512581e+02 +3.7484e-03 -3.0170e-01 -1.1330e+00 -3.6232e+00 +3.3569e+00
2 0 +4.166116193e+02 +4.683616193e+02 +4.683616193e+02 +2.7783e+00 -3.2493e-01 +4.4463e+00 -4.6174e+00 -4.2838e+00
3 0 +2.436813965e+02 +2.954313965e+02 +2.954313965e+02 +2.8832e+00 +2.9441e+00 +1.7144e+00 +1.1944e+00 +2.7914e+00
6 0 +1.747107869e+02 +2.264607869e+02 +2.264607869e+02 -3.0700e+00 -9.6326e-01 -8.5411e-01 -2.8392e+00 +2.9235e-01
14 0 +1.641017893e+02 +2.158517893e+02 +2.158517893e+02 -2.2259e+00 +3.5044e-01 -7.0004e-02 +2.5605e+00 -2.4273e+00
16 0 +1.282116477e+02 +1.799616477e+02 +1.799616477e+02 -2.2369e+00 -7.9176e-01 -2.1801e+00 +7.9980e-01 +2.8696e-01
36 0 +9.374569593e+01 +1.454956959e+02 +1.454956959e+02 -4.8135e-01 -1.7918e+00 +3.1712e+00 -6.6933e-01 -1.7672e+00
40 0 +7.663629852e+01 +1.283862985e+02 +1.283862985e+02 -4.0301e-01 +3.4088e-01 +4.6278e+00 +2.4379e+00 -5.0081e-01
58 0 +7.334436067e+01 +1.250943607e+02 +1.250943607e+02 -1.6527e-01 +7.8973e-01 +1.5613e+00 +8.3984e-01 +1.4481e+00
124 0 +6.490951618e+01 +1.166595162e+02 +1.166595162e+02 -1.6954e+00 +6.0142e-01 +2.9074e+00 +1.4901e+00 -1.3685e+00
137 0 +6.015093007e+01 +1.119009301e+02 +1.119009301e+02 +3.2208e-01 +2.0589e+00 +1.6633e+00 +8.1953e-01 +1.5707e+00
139 0 +4.390623590e+01 +9.565623590e+01 +9.565623590e+01 +1.2896e+00 -1.0398e+00 +1.4512e+00 -3.1647e-02 +7.7035e-01
248 0 +4.146206426e+01 +9.321206426e+01 +9.321206426e+01 +2.2010e+00 -4.2456e-01 +4.0160e+00 +1.5668e+00 +5.7078e-02
279 0 +2.244451227e+01 +7.419451227e+01 +7.419451227e+01 +2.3452e-01 +4.5994e-01 +3.1099e+00 +3.0429e-01 +7.6566e-01
331 0 +1.795974353e+01 +6.970974353e+01 +6.970974353e+01 +3.5743e-01 -3.3796e-01 +3.0158e+00 +9.1024e-01 +3.9242e-01
434 0 +1.676960530e+01 +6.851960530e+01 +6.851960530e+01 +1.1370e+00 -3.2333e-01 +1.9197e+00 +8.2577e-01 +1.4788e-01
446 0 +1.234171104e+01 +6.409171104e+01 +6.409171104e+01 +2.2699e-01 -3.2346e-01 +3.0220e+00 +4.0182e-01 +8.0181e-01
828 0 +1.155478517e+01 +6.330478517e+01 +6.330478517e+01 +2.2699e-01 -3.2346e-01 +3.0220e+00 +4.0182e-01 +7.7665e-01
839 0 +1.004419934e+01 +6.179419934e+01 +6.179419934e+01 +1.0894e+00 -2.9973e-01 +2.9487e+00 +8.7304e-01 +4.0565e-01
932 0 +8.820152544e+00 +6.057015254e+01 +6.057015254e+01 +8.4688e-03 +4.6246e-01 +2.4901e+00 +3.9366e-01 +4.6464e-01
968 0 +6.139792389e+00 +5.788979239e+01 +5.788979239e+01 +1.5979e-01 -3.3796e-01 +3.0528e+00 +8.1030e-01 +6.8279e-01
1075 0 +3.872450627e+00 +5.562245063e+01 +5.562245063e+01 +8.0986e-02 +4.4316e-01 +2.3775e+00 +8.3404e-01 +9.6368e-02
1563 0 +3.631624371e+00 +5.538162437e+01 +5.538162437e+01 +1.7929e-01 +3.8585e-01 +2.3933e+00 +8.2758e-01 +7.7875e-02
1628 0 +3.005488394e+00 +5.475548839e+01 +5.475548839e+01 +1.0874e-01 +3.8585e-01 +2.3933e+00 +8.2758e-01 +7.7875e-02
2311 0 +2.790244736e+00 +5.454024474e+01 +5.454024474e+01 +1.2920e-01 +4.5030e-01 +2.4344e+00 +7.9896e-01 +4.3560e-01
2522 0 +2.467433875e+00 +5.421743387e+01 +5.421743387e+01 +1.5526e-01 +4.4263e-01 +2.3926e+00 +8.2923e-01 +4.1416e-01
2638 0 +2.250848652e+00 +5.400084865e+01 +5.400084865e+01 +1.5526e-01 +4.4263e-01 +2.4235e+00 +8.2923e-01 +4.1416e-01
2664 0 +2.130520164e+00 +5.388052016e+01 +5.388052016e+01 +1.2946e-01 +4.4134e-01 +2.4387e+00 +8.2518e-01 +4.1943e-01
3169 0 +2.078486976e+00 +5.382848698e+01 +5.382848698e+01 +1.1267e-01 +4.4152e-01 +2.4158e+00 +8.2796e-01 +4.1561e-01
% f evaluations | g evaluations | best noise-free fitness - Fopt (-5.541400000000e+02) + sum g_i+ | measured fitness | best measured fitness or single-digit g-values | x1 | x2...
1 0 +2.575403628e+02 -2.965996372e+02 -2.965996372e+02 +4.4455e+00 -2.4704e+00 +1.4816e+00 -2.2040e+00 +1.5157e+00
5 0 +1.838282035e+02 -3.703117965e+02 -3.703117965e+02 +3.8957e+00 -1.4385e+00 +7.4877e-02 +1.8129e+00 -2.8380e+00
7 0 +1.102241460e+02 -4.439158540e+02 -4.439158540e+02 -6.6679e-01 -2.3034e+00 +3.1375e+00 +3.0846e+00 +1.0692e+00
51 0 +1.038869005e+02 -4.502530995e+02 -4.502530995e+02 -1.7977e+00 +3.9963e+00 +1.9512e+00 +2.9437e+00 +1.4854e+00
63 0 +5.743959604e+01 -4.967004040e+02 -4.967004040e+02 -3.8165e-01 +2.4639e+00 -3.1877e-01 +1.3024e+00 +1.0001e+00
149 0 +4.511692761e+01 -5.090230724e+02 -5.090230724e+02 -2.3973e+00 +2.4021e+00 +9.6107e-01 +2.7267e+00 +2.8661e-01
285 0 +3.864181981e+01 -5.154981802e+02 -5.154981802e+02 -1.3062e+00 +9.1626e-01 +2.1394e+00 +1.3198e+00 -3.2229e-01
344 0 +3.667789517e+01 -5.174621048e+02 -5.174621048e+02 -1.2637e+00 +1.6933e+00 +1.4038e+00 +2.2475e+00 -3.6194e-01
365 0 +3.435679498e+01 -5.197832050e+02 -5.197832050e+02 -6.6585e-02 +9.5601e-01 +4.3794e-01 +1.8648e+00 +2.6042e-01
409 0 +3.278650731e+01 -5.213534927e+02 -5.213534927e+02 -1.2718e+00 +1.7578e+00 +1.4038e+00 +2.2722e+00 -3.6194e-01
530 0 +2.897292142e+01 -5.251670786e+02 -5.251670786e+02 -3.2297e-02 +9.9211e-01 +5.1571e-01 +1.8648e+00 +2.6042e-01
575 0 +2.100786071e+01 -5.331321393e+02 -5.331321393e+02 -2.6487e-01 +1.0048e+00 +1.5773e+00 +2.2912e+00 +2.8943e-01
654 0 +1.997743109e+01 -5.341625689e+02 -5.341625689e+02 -7.9654e-02 +9.2759e-01 +2.0310e+00 +2.2630e+00 +3.2173e-01
675 0 +1.985223722e+01 -5.342877628e+02 -5.342877628e+02 -1.6775e-01 +9.5789e-01 +2.0560e+00 +1.8087e+00 -1.6784e-03
721 0 +1.154195594e+01 -5.425980441e+02 -5.425980441e+02 +9.1498e-01 +2.4639e+00 +1.6567e+00 +1.8330e+00 +3.3513e-01
820 0 +1.058658232e+01 -5.435534177e+02 -5.435534177e+02 +9.1498e-01 +2.4646e+00 +1.6341e+00 +1.8558e+00 +3.3513e-01
843 0 +9.158269225e+00 -5.449817308e+02 -5.449817308e+02 +9.1498e-01 +2.4639e+00 +1.6567e+00 +1.8330e+00 +2.8864e-01
1221 0 +8.882009900e+00 -5.452579901e+02 -5.452579901e+02 +9.1498e-01 +2.3953e+00 +1.6567e+00 +1.8330e+00 +2.8864e-01
1338 0 +6.970504103e+00 -5.471694959e+02 -5.471694959e+02 +8.1925e-01 +2.4305e+00 +1.5707e+00 +1.8593e+00 +3.1456e-01
1390 0 +6.842253611e+00 -5.472977464e+02 -5.472977464e+02 +8.1925e-01 +2.4371e+00 +1.5670e+00 +1.8567e+00 +3.1456e-01
1428 0 +5.590793394e+00 -5.485492066e+02 -5.485492066e+02 +9.0531e-01 +2.4317e+00 +1.5850e+00 +1.8602e+00 +2.8812e-01
1798 0 +5.366074070e+00 -5.487739259e+02 -5.487739259e+02 +9.0582e-01 +2.4546e+00 +1.5667e+00 +1.8160e+00 +2.9683e-01
2023 0 +5.032774025e+00 -5.491072260e+02 -5.491072260e+02 +8.6853e-01 +2.4675e+00 +1.5515e+00 +1.8456e+00 +2.8631e-01
2083 0 +4.385961123e+00 -5.497540389e+02 -5.497540389e+02 +8.6853e-01 +2.4072e+00 +1.5515e+00 +1.8456e+00 +2.8631e-01
2132 0 +4.268325575e+00 -5.498716744e+02 -5.498716744e+02 +8.8704e-01 +2.4279e+00 +1.5420e+00 +1.8480e+00 +3.0182e-01
3587 0 +4.261230794e+00 -5.498787692e+02 -5.498787692e+02 +8.8704e-01 +2.4286e+00 +1.5341e+00 +1.8480e+00 +3.0182e-01
% f evaluations | g evaluations | best noise-free fitness - Fopt (1.774000000000e+01) + sum g_i+ | measured fitness | best measured fitness or single-digit g-values | x1 | x2...
1 0 +3.135769750e+02 +3.313169750e+02 +3.313169750e+02 -1.6572e+00 +1.5230e+00 -7.2639e-01 -4.7926e+00 +9.0425e-02
3 0 +2.976586781e+02 +3.153986781e+02 +3.153986781e+02 -4.4288e+00 +4.4869e+00 -1.6227e+00 -4.2025e+00 +1.6237e+00
7 0 +1.989855455e+02 +2.167255455e+02 +2.167255455e+02 -3.9237e+00 +1.2171e+00 -2.6955e+00 +4.4311e+00 -1.4388e+00
12 0 +1.762098435e+02 +1.939498435e+02 +1.939498435e+02 +3.5825e+00 +4.7627e+00 +1.1065e-01 +4.9157e+00 +9.3211e-01
15 0 +1.566637415e+02 +1.744037415e+02 +1.744037415e+02 +9.7374e-01 +4.2607e+00 +9.7085e-01 +1.2431e+00 -2.2016e-01
24 0 +1.309619658e+02 +1.487019658e+02 +1.487019658e+02 -2.4715e+00 +2.0888e+00 -3.9615e+00 +9.1624e-01 +4.6610e-01
32 0 +1.169639148e+02 +1.347039148e+02 +1.347039148e+02 +4.0878e+00 -4.0027e+00 -2.4807e+00 +3.9112e+00 +9.6157e-01
86 0 +1.146688702e+02 +1.324088702e+02 +1.324088702e+02 +2.1938e+00 +2.4590e+00 -1.7625e+00 +5.6283e-01 -1.5728e+00
89 0 +1.117948321e+02 +1.295348321e+02 +1.295348321e+02 -3.0879e+00 +3.7434e+00 -3.8152e+00 -1.5651e-01 +7.6311e-01
90 0 +7.477348868e+01 +9.251348868e+01 +9.251348868e+01 -1.0036e-01 +3.1129e+00 -4.1555e+00 +2.6512e+00 -1.9601e-01
92 0 +5.892892997e+01 +7.666892997e+01 +7.666892997e+01 +1.2984e+00 +3.6343e+00 -2.1737e+00 +1.3043e+00 +2.6462e+00
101 0 +5.052338172e+01 +6.826338172e+01 +6.826338172e+01 -1.5942e+00 +2.3264e+00 -2.5247e+00 +1.6383e+00 +1.4110e+00
221 0 +4.581843148e+01 +6.355843148e+01 +6.355843148e+01 -1.5919e+00 +2.4244e+00 -2.5247e+00 +1.6935e+00 +1.4110e+00
222 0 +3.931073264e+01 +5.705073264e+01 +5.705073264e+01 +1.2364e+00 +2.4487e+00 -1.9534e+00 +1.8701e+00 +5.0391e-01
306 0 +2.903026720e+01 +4.677026720e+01 +4.677026720e+01 +7.5087e-02 +2.3972e+00 -1.6857e+00 +2.2923e+00 +1.0657e+00
420 0 +2.426766137e+01 +4.200766137e+01 +4.200766137e+01 +5.4830e-01 +1.1095e+00 -2.1039e+00 +1.8669e+00 +6.7588e-01
444 0 +1.965545461e+01 +3.739545461e+01 +3.739545461e+01 +7.5087e-02 +2.3972e+00 -1.6039e+00 +2.3214e+00 +1.0657e+00
523 0 +1.739706436e+01 +3.513706436e+01 +3.513706436e+01 -8.1528e-01 +1.6074e+00 -2.6475e+00 +1.8878e+00 +1.0016e+00
581 0 +1.603751887e+01 +3.377751887e+01 +3.377751887e+01 +2.0380e-01 +1.6072e+00 -2.0850e+00 +2.1595e+00 +1.3504e+00
629 0 +1.574013432e+01 +3.348013432e+01 +3.348013432e+01 +7.5087e-02 +2.3972e+00 -1.6039e+00 +2.3214e+00 +9.9580e-01
656 0 +1.453007558e+01 +3.227007558e+01 +3.227007558e+01 +1.0174e-01 +2.3813e+00 -1.5727e+00 +2.2859e+00 +1.0631e+00
672 0 +1.219402791e+01 +2.993402791e+01 +2.993402791e+01 +1.2577e-01 +1.6184e+00 -2.0850e+00 +2.2596e+00 +1.3504e+00
809 0 +1.144296784e+01 +2.918296784e+01 +2.918296784e+01 +2.0380e-01 +1.6133e+00 -2.1909e+00 +2.2805e+00 +1.3504e+00
810 0 +1.082339483e+01 +2.856339483e+01 +2.856339483e+01 +3.7535e-01 +1.5242e+00 -2.1301e+00 +2.2310e+00 +1.3139e+00
1022 0 +9.634198089e+00 +2.737419809e+01 +2.737419809e+01 +2.3236e-01 +1.5737e+00 -2.1007e+00 +2.2184e+00 +1.3303e+00
1215 0 +9.237446707e+00 +2.697744671e+01 +2.697744671e+01 +4.0133e-01 +1.5894e+00 -2.1457e+00 +2.2111e+00 +1.3630e+00
1241 0 +7.464595854e+00 +2.520459585e+01 +2.520459585e+01 +1.9897e-01 +1.5834e+00 -2.1185e+00 +2.2557e+00 +1.3742e+00
1354 0 +6.393304398e+00 +2.413330440e+01 +2.413330440e+01 +3.4851e-01 +1.5572e+00 -2.1215e+00 +2.2405e+00 +1.3598e+00
1510 0 +6.299651132e+00 +2.403965113e+01 +2.403965113e+01 +2.8748e-01 +1.5605e+00 -2.1406e+00 +2.2577e+00 +1.3593e+00
