% f evaluations | g evaluations | best noise-free fitness - Fopt (-4.620900000000e+02) + sum g_i+ | measured fitness | best measured fitness or single-digit g-values | x1 | x2...
1 0 +3.852636734e+01 -4.235636327e+02 -4.235636327e+02 +1.9219e+00 +1.3427e+00
5 0 +3.605952075e+01 -4.260304792e+02 -4.260304792e+02 +2.8646e+00 +2.9952e+00
8 0 +7.594291089e+00 -4.544957089e+02 -4.544957089e+02 -3.3176e+00 +1.9419e+00
258 0 +6.292162320e+00 -4.557978377e+02 -4.557978377e+02 -3.3626e+00 +1.6412e+00
260 0 +3.852799277e+00 -4.582372007e+02 -4.582372007e+02 -3.3975e+00 +1.9775e+00
329 0 +2.845109205e+00 -4.592448908e+02 -4.592448908e+02 -1.3188e+00 +2.3324e+00
422 0 +1.968685567e+00 -4.601213144e+02 -4.601213144e+02 -2.3969e+00 +2.3304e+00
454 0 +1.065803074e+00 -4.610241969e+02 -4.610241969e+02 -2.3563e+00 +2.3240e+00
612 0 +9.657371677e-01 -4.611242628e+02 -4.611242628e+02 -2.3819e+00 +2.3198e+00
631 0 +4.628694643e-02 -4.620437131e+02 -4.620437131e+02 -2.3403e+00 +2.3053e+00
1035 0 +2.780647757e-02 -4.620621935e+02 -4.620621935e+02 -2.3330e+00 +2.3032e+00
1167 0 +1.527105227e-02 -4.620747289e+02 -4.620747289e+02 -2.3445e+00 +2.3028e+00
1224 0 +6.037930636e-03 -4.620839621e+02 -4.620839621e+02 -2.3424e+00 +2.2983e+00
1624 0 +5.661145953e-03 -4.620843389e+02 -4.620843389e+02 -2.3409e+00 +2.2983e+00
1759 0 +3.359569896e-03 -4.620866404e+02 -4.620866404e+02 -2.3426e+00 +2.3012e+00
1771 0 +1.960107081e-03 -4.620880399e+02 -4.620880399e+02 -2.3439e+00 +2.3002e+00
% f evaluations | g evaluations | best noise-free fitness - Fopt (7.766000000000e+01) + sum g_i+ | measured fitness | best measured fitness or single-digit g-values | x1 | x2...
1 0 +1.620364638e+02 +2.396964638e+02 +2.396964638e+02 +2.4414e+00 -4.7266e+00
2 0 +1.396633081e+02 +2.173233081e+02 +2.173233081e+02 -4.3968e+00 -3.5629e+00
3 0 +1.772474038e+01 +9.538474038e+01 +9.538474038e+01 +3.6084e+00 -4.8184e-01
17 0 +1.386253872e+01 +9.152253872e+01 +9.152253872e+01 +1.4091e+00 +1.3917e-01
32 0 +1.094065194e+01 +8.860065194e+01 +8.860065194e+01 +4.9851e-01 -4.1698e-01
38 0 +9.031071457e+00 +8.669107146e+01 +8.669107146e+01 +4.4142e+00 -7.9854e-01
200 0 +4.739225132e+00 +8.239922513e+01 +8.239922513e+01 +2.5089e+00 -8.8828e-01
270 0 +3.489732085e+00 +8.114973208e+01 +8.114973208e+01 +1.3374e+00 -8.7676e-01
310 0 +3.159111939e+00 +8.081911194e+01 +8.081911194e+01 +3.4239e+00 -4.6305e-01
343 0 +1.125291430e+00 +7.878529143e+01 +7.878529143e+01 +2.4010e+00 -1.1588e+00
546 0 +1.094069281e+00 +7.875406928e+01 +7.875406928e+01 +2.4741e+00 -8.6505e-01
584 0 +4.939575833e-01 +7.815395758e+01 +7.815395758e+01 +2.4009e+00 -8.7147e-01
614 0 +3.182021650e-01 +7.797820216e+01 +7.797820216e+01 +2.3613e+00 -8.5807e-01
820 0 +2.806658711e-01 +7.794066587e+01 +7.794066587e+01 +2.4157e+00 -8.6704e-01
927 0 +2.446139125e-02 +7.768446139e+01 +7.768446139e+01 +2.4074e+00 -8.5807e-01
1125 0 +2.857951600e-03 +7.766285795e+01 +7.766285795e+01 +2.3967e+00 -8.5711e-01
1288 0 +6.023682833e-04 +7.766060237e+01 +7.766060237e+01 +2.3983e+00 -8.5650e-01
% f evaluations | g evaluations | best noise-free fitness - Fopt (1.156800000000e+02) + sum g_i+ | measured fitness | best measured fitness or single-digit g-values | x1 | x2...
1 0 +2.033314006e+01 +1.360131401e+02 +1.360131401e+02 -4.1587e+00 -2.1747e+00
25 0 +9.205330056e+00 +1.248853301e+02 +1.248853301e+02 -1.9545e+00 -1.0033e+00
26 0 +8.044468543e+00 +1.237244685e+02 +1.237244685e+02 -4.1436e+00 -5.6007e-01
96 0 +4.989349633e+00 +1.206693496e+02 +1.206693496e+02 -2.2529e+00 -1.6614e+00
242 0 +3.500043478e+00 +1.191800435e+02 +1.191800435e+02 -1.1521e+00 -9.4470e-01
256 0 +2.965769952e+00 +1.186457700e+02 +1.186457700e+02 -2.1564e+00 -1.2654e+00
330 0 +1.050689256e+00 +1.167306893e+02 +1.167306893e+02 -2.1448e+00 -9.6059e-01
417 0 +8.607110416e-01 +1.165407110e+02 +1.165407110e+02 -2.1755e+00 -9.6059e-01
602 0 +4.129090088e-01 +1.160929090e+02 +1.160929090e+02 -2.2040e+00 -9.7014e-01
699 0 +2.810431121e-01 +1.159610431e+02 +1.159610431e+02 -2.1690e+00 -9.9492e-01
772 0 +4.159403311e-02 +1.157215940e+02 +1.157215940e+02 -2.1768e+00 -9.8735e-01
1099 0 +1.188889734e-02 +1.156918889e+02 +1.156918889e+02 -2.1797e+00 -9.8570e-01
1161 0 +1.099184632e-02 +1.156909918e+02 +1.156909918e+02 -2.1860e+00 -9.8241e-01
1503 0 +1.086564008e-02 +1.156908656e+02 +1.156908656e+02 -2.1843e+00 -9.8162e-01
1509 0 +6.351765151e-03 +1.156863518e+02 +1.156863518e+02 -2.1742e+00 -9.8216e-01
% f evaluations | g evaluations | best noise-free fitness - Fopt (-3.710000000000e+00) + sum g_i+ | measured fitness | best measured fitness or single-digit g-values | x1 | x2...
1 0 +1.530591450e+02 +1.493491450e+02 +1.493491450e+02 -1.9428e+00 +7.8384e-02
4 0 +3.144365936e+01 +2.773365936e+01 +2.773365936e+01 +3.2755e+00 -9.0502e-01
5 0 +2.629982663e+01 +2.258982663e+01 +2.258982663e+01 +2.2689e+00 -1.1618e+00
20 0 +1.027255010e+01 +6.562550098e+00 +6.562550098e+00 +2.0594e+00 -1.7153e+00
115 0 +5.977102326e+00 +2.267102326e+00 +2.267102326e+00 +3.1639e+00 -2.0019e+00
150 0 +4.725591526e+00 +1.015591526e+00 +1.015591526e+00 +3.1407e+00 -2.2424e+00
222 0 +4.446529648e+00 +7.365296477e-01 +7.365296477e-01 +2.9737e+00 -2.2917e+00
256 0 +3.716399044e+00 +6.399044465e-03 +6.399044465e-03 +3.0037e+00 -2.5994e+00
278 0 +1.651055257e-01 -3.544894474e+00 -3.544894474e+00 +3.1407e+00 -2.3019e+00
435 0 +1.792877215e-02 -3.692071228e+00 -3.692071228e+00 +3.1279e+00 -2.2968e+00
925 0 +5.833922869e-03 -3.704166077e+00 -3.704166077e+00 +3.1151e+00 -2.2956e+00
1163 0 +1.084089913e-03 -3.708915910e+00 -3.708915910e+00 +3.1183e+00 -2.2957e+00
1723 0 +2.382645396e-04 -3.709761735e+00 -3.709761735e+00 +3.1197e+00 -2.2955e+00
% f evaluations | g evaluations | best noise-free fitness - Fopt (1.321800000000e+02) + sum g_i+ | measured fitness | best measured fitness or single-digit g-values | x1 | x2...
1 0 +5.409414938e+01 +1.862741494e+02 +1.862741494e+02 +2.0820e+00 +1.2798e+00
2 0 +9.798701829e+00 +1.419787018e+02 +1.419787018e+02 -4.8713e+00 +1.9062e+00
97 0 +2.681739964e+00 +1.348617400e+02 +1.348617400e+02 -2.7980e+00 +1.1768e+00
201 0 +1.331841945e+00 +1.335118419e+02 +1.335118419e+02 -3.7480e+00 +1.8660e+00
499 0 +1.297936878e+00 +1.334779369e+02 +1.334779369e+02 -3.7733e+00 +1.8660e+00
732 0 +1.003619034e+00 +1.331836190e+02 +1.331836190e+02 -3.7585e+00 +1.8410e+00
1072 0 +9.961686254e-01 +1.331761686e+02 +1.331761686e+02 -3.7625e+00 +1.8421e+00
1973 0 +6.511481480e-01 +1.328311481e+02 +1.328311481e+02 -3.7809e+00 +1.4653e+00
% f evaluations | g evaluations | best noise-free fitness - Fopt (1.104800000000e+02) + sum g_i+ | measured fitness | best measured fitness or single-digit g-values | x1 | x2...
1 0 +4.867034609e+01 +1.591503461e+02 +1.591503461e+02 +4.7031e+00 -2.1364e+00
4 0 +2.419910188e+01 +1.346791019e+02 +1.346791019e+02 +6.4493e-01 -2.0548e+00
34 0 +4.898499967e+00 +1.153785000e+02 +1.153785000e+02 +1.4748e+00 -4.3221e-01
152 0 +2.004899307e+00 +1.124848993e+02 +1.124848993e+02 +1.4683e+00 -5.3488e-01
228 0 +1.065962020e+00 +1.115459620e+02 +1.115459620e+02 +1.4748e+00 -4.9974e-01
523 0 +4.807854145e-01 +1.109607854e+02 +1.109607854e+02 +1.4695e+00 -8.4553e-01
854 0 +3.877133664e-01 +1.108677134e+02 +1.108677134e+02 +1.4831e+00 -8.4553e-01
1339 0 +3.682077109e-01 +1.108482077e+02 +1.108482077e+02 +1.4921e+00 -8.4553e-01
1957 0 +1.112767182e-02 +1.104911277e+02 +1.104911277e+02 +1.4921e+00 -8.6322e-01
% f evaluations | g evaluations | best noise-free fitness - Fopt (-1.509000000000e+01) + sum g_i+ | measured fitness | best measured fitness or single-digit g-values | x1 | x2...
1 0 +2.157961270e+01 +6.489612701e+00 +6.489612701e+00 +3.2956e+00 -2.1530e+00
2 0 +1.611986737e+01 +1.029867366e+00 +1.029867366e+00 -2.4948e+00 -1.4431e+00
110 0 +2.235797245e+00 -1.285420276e+01 -1.285420276e+01 +4.7056e-01 -1.3965e+00
367 0 +1.138774283e+00 -1.395122572e+01 -1.395122572e+01 +3.9424e-01 -1.3965e+00
529 0 +1.057274023e+00 -1.403272598e+01 -1.403272598e+01 +3.9424e-01 -1.4229e+00
904 0 +1.040766031e+00 -1.404923397e+01 -1.404923397e+01 -5.9483e-01 -1.7748e+00
1187 0 +1.017059023e+00 -1.407294098e+01 -1.407294098e+01 +4.0031e-01 -1.4156e+00
% f evaluations | g evaluations | best noise-free fitness - Fopt (-1.583000000000e+02) + sum g_i+ | measured fitness | best measured fitness or single-digit g-values | x1 | x2...
1 0 +2.744620421e+01 -1.308537958e+02 -1.308537958e+02 +4.8442e+00 +3.1147e+00
4 0 +1.405454311e+01 -1.442454569e+02 -1.442454569e+02 +1.7559e-01 +3.2649e+00
15 0 +5.160129158e+00 -1.531398708e+02 -1.531398708e+02 +2.8870e+00 +3.8370e+00
94 0 +1.246921770e+00 -1.570530782e+02 -1.570530782e+02 +1.9679e+00 +3.8766e+00
126 0 +1.043851926e+00 -1.572561481e+02 -1.572561481e+02 +1.9344e+00 +3.8766e+00
392 0 +3.022637261e-01 -1.579977363e+02 -1.579977363e+02 +1.9696e+00 +3.5183e+00
527 0 +4.878342274e-02 -1.582512166e+02 -1.582512166e+02 +1.9346e+00 +3.5303e+00
986 0 +3.585033742e-02 -1.582641497e+02 -1.582641497e+02 +1.9442e+00 +3.5270e+00
1034 0 +1.837595979e-02 -1.582816240e+02 -1.582816240e+02 +1.9234e+00 +3.5261e+00
1506 0 +6.230852728e-04 -1.582993769e+02 -1.582993769e+02 +1.9342e+00 +3.5252e+00
% f evaluations | g evaluations | best noise-free fitness - Fopt (-4.071000000000e+01) + sum g_i+ | measured fitness | best measured fitness or single-digit g-values | x1 | x2...
1 0 +5.609709745e+01 +1.538709745e+01 +1.538709745e+01 +4.3184e-01 +4.4897e+00
3 0 +2.130899479e+01 -1.940100521e+01 -1.940100521e+01 +2.0148e+00 +2.6988e+00
7 0 +1.920066199e+01 -2.150933801e+01 -2.150933801e+01 +1.1914e+00 +4.0566e+00
63 0 +1.506721114e+01 -2.564278886e+01 -2.564278886e+01 +4.1791e+00 +3.8243e+00
85 0 +9.795725368e+00 -3.091427463e+01 -3.091427463e+01 +9.7530e-01 +2.6089e+00
130 0 +4.937416422e+00 -3.577258358e+01 -3.577258358e+01 +2.0075e+00 +3.1938e+00
202 0 +4.384257068e+00 -3.632574293e+01 -3.632574293e+01 +1.0316e+00 +3.8374e+00
423 0 +3.952318424e+00 -3.675768158e+01 -3.675768158e+01 +9.3948e-01 +3.5645e+00
452 0 +1.001971698e+00 -3.970802830e+01 -3.970802830e+01 +2.0498e+00 +3.2278e+00
678 0 +7.596517487e-03 -4.070240348e+01 -4.070240348e+01 +1.0506e+00 +3.2279e+00
959 0 +3.503449599e-03 -4.070649655e+01 -4.070649655e+01 +1.0575e+00 +3.2297e+00
1365 0 +4.393245368e-04 -4.070956068e+01 -4.070956068e+01 +1.0528e+00 +3.2292e+00
% f evaluations | g evaluations | best noise-free fitness - Fopt (8.139000000000e+01) + sum g_i+ | measured fitness | best measured fitness or single-digit g-values | x1 | x2...
1 0 +6.581061234e+01 +1.472006123e+02 +1.472006123e+02 -1.0247e+00 +1.3940e+00
4 0 +6.530956652e+01 +1.466995665e+02 +1.466995665e+02 +2.6928e+00 +1.7795e+00
5 0 +5.589576211e+01 +1.372857621e+02 +1.372857621e+02 +2.2787e-01 +1.6504e+00
8 0 +3.013656638e+01 +1.115265664e+02 +1.115265664e+02 -4.2390e+00 +2.7688e+00
10 0 +2.098653347e+01 +1.023765335e+02 +1.023765335e+02 -6.3691e-01 +3.8241e+00
21 0 +1.921306824e+01 +1.006030682e+02 +1.006030682e+02 -2.1901e+00 +3.1855e+00
142 0 +1.680094998e+01 +9.819094998e+01 +9.819094998e+01 +5.7680e-01 +3.8468e+00
179 0 +1.027971763e+01 +9.166971763e+01 +9.166971763e+01 +1.9313e+00 +4.1376e+00
210 0 +7.625862512e+00 +8.901586251e+01 +8.901586251e+01 -1.2137e+00 +3.0951e+00
245 0 +5.546803414e+00 +8.693680341e+01 +8.693680341e+01 -1.0976e+00 +3.3968e+00
329 0 +3.976196388e+00 +8.536619639e+01 +8.536619639e+01 +8.1394e-01 +3.7334e+00
382 0 +2.843638755e+00 +8.423363876e+01 +8.423363876e+01 +7.9159e-01 +3.8232e+00
398 0 +1.227715020e+00 +8.261771502e+01 +8.261771502e+01 +8.4807e-01 +3.8019e+00
449 0 +8.442025121e-01 +8.223420251e+01 +8.223420251e+01 +8.7472e-01 +3.4472e+00
601 0 +1.099163132e-02 +8.140099163e+01 +8.140099163e+01 +8.7472e-01 +3.4231e+00
794 0 +7.029442135e-03 +8.139702944e+01 +8.139702944e+01 +8.7205e-01 +3.4231e+00
1068 0 +5.744590804e-03 +8.139574459e+01 +8.139574459e+01 +8.6961e-01 +3.4231e+00
1239 0 +5.676942012e-04 +8.139056769e+01 +8.139056769e+01 +8.6860e-01 +3.4253e+00
1330 0 +1.259360201e-04 +8.139012594e+01 +8.139012594e+01 +8.6993e-01 +3.4246e+00
% f evaluations | g evaluations | best noise-free fitness - Fopt (4.144000000000e+01) + sum g_i+ | measured fitness | best measured fitness or single-digit g-values | x1 | x2...
1 0 +3.721663074e+02 +4.136063074e+02 +4.136063074e+02 +4.2235e+00 +1.0816e+00
4 0 +3.833670283e+01 +7.977670283e+01 +7.977670283e+01 +2.4192e+00 -3.7140e+00
5 0 +1.944238653e+01 +6.088238653e+01 +6.088238653e+01 -2.7705e+00 -2.8920e+00
42 0 +5.339809535e+00 +4.677980953e+01 +4.677980953e+01 -6.5295e-01 -2.5716e+00
215 0 +3.222775675e+00 +4.466277568e+01 +4.466277568e+01 +2.3765e-01 -2.9108e+00
236 0 +3.106165047e+00 +4.454616505e+01 +4.454616505e+01 +1.3832e+00 -2.2196e+00
292 0 +2.346632673e+00 +4.378663267e+01 +4.378663267e+01 +2.3974e-01 -2.6115e+00
400 0 +1.700164649e+00 +4.314016465e+01 +4.314016465e+01 +3.2894e-01 -2.6115e+00
516 0 +1.635860830e+00 +4.307586083e+01 +4.307586083e+01 +2.6040e-01 -2.6115e+00
582 0 +1.025457994e+00 +4.246545799e+01 +4.246545799e+01 +2.2812e+00 -2.5988e+00
722 0 +2.495005352e-01 +4.168950054e+01 +4.168950054e+01 +1.2915e+00 -2.6123e+00
815 0 +1.624695744e-01 +4.160246957e+01 +4.160246957e+01 +1.3153e+00 -2.5982e+00
1076 0 +1.397264696e-02 +4.145397265e+01 +4.145397265e+01 +1.2805e+00 -2.6009e+00
1711 0 +1.342367057e-02 +4.145342367e+01 +4.145342367e+01 +1.2941e+00 -2.6030e+00
1938 0 +6.836251871e-03 +4.144683625e+01 +4.144683625e+01 +1.2911e+00 -2.5989e+00
% f evaluations | g evaluations | best noise-free fitness - Fopt (-2.709000000000e+01) + sum g_i+ | measured fitness | best measured fitness or single-digit g-values | x1 | x2...
1 0 +5.736351003e+01 +3.027351003e+01 +3.027351003e+01 -3.7557e+00 -1.5672e+00
2 0 +3.598786928e+01 +8.897869285e+00 +8.897869285e+00 +2.2698e-01 -1.0191e+00
3 0 +2.199224925e+01 -5.097750750e+00 -5.097750750e+00 +4.1924e-01 -2.1858e+00
4 0 +1.198978520e+01 -1.510021480e+01 -1.510021480e+01 +8.7343e-02 -1.8913e+00
19 0 +5.148240907e+00 -2.194175909e+01 -2.194175909e+01 +1.2775e+00 -2.3217e+00
46 0 +2.709089747e+00 -2.438091025e+01 -2.438091025e+01 +2.4955e-01 -2.6417e+00
194 0 +1.007662271e+00 -2.608233773e+01 -2.608233773e+01 +1.2548e+00 -2.6408e+00
420 0 +4.973097038e-02 -2.704026903e+01 -2.704026903e+01 +1.1760e+00 -2.6278e+00
1102 0 +4.450446822e-02 -2.704549553e+01 -2.704549553e+01 +1.1675e+00 -2.6308e+00
1299 0 +2.803259031e-02 -2.706196741e+01 -2.706196741e+01 +1.1899e+00 -2.6305e+00
1417 0 +5.293702155e-03 -2.708470630e+01 -2.708470630e+01 +1.1850e+00 -2.6320e+00
% f evaluations | g evaluations | best noise-free fitness - Fopt (5.175000000000e+01) + sum g_i+ | measured fitness | best measured fitness or single-digit g-values | x1 | x2...
1 0 +1.698927449e+02 +2.216427449e+02 +2.216427449e+02 -2.2378e+00 +2.9983e+00
2 0 +8.124011489e+01 +1.329901149e+02 +1.329901149e+02 +3.5928e+00 -1.7328e+00
5 0 +5.136271716e+01 +1.031127172e+02 +1.031127172e+02 -2.6590e+00 -9.3425e-01
8 0 +1.465096362e+01 +6.640096362e+01 +6.640096362e+01 -1.8625e+00 -3.0355e-01
12 0 +1.069189066e+01 +6.244189066e+01 +6.244189066e+01 -1.9662e+00 -2.1237e-01
26 0 +1.005869906e+01 +6.180869906e+01 +6.180869906e+01 +1.2388e+00 +1.2857e-01
103 0 +2.838447943e+00 +5.458844794e+01 +5.458844794e+01 +1.1505e+00 +1.2857e-01
115 0 +1.863366311e+00 +5.361336631e+01 +5.361336631e+01 -8.2612e-01 +4.5567e-01
559 0 +1.180275940e+00 +5.293027594e+01 +5.293027594e+01 +1.3148e-01 +7.9265e-01
652 0 +1.172106037e+00 +5.292210604e+01 +5.292210604e+01 +1.2513e-01 +7.9265e-01
725 0 +1.073636244e+00 +5.282363624e+01 +5.282363624e+01 -8.7456e-01 +4.5567e-01
817 0 +7.613400531e-01 +5.251134005e+01 +5.251134005e+01 +5.7481e-02 +4.4720e-01
820 0 +7.375317950e-01 +5.248753179e+01 +5.248753179e+01 +1.8210e-01 +4.4490e-01
897 0 +3.272847337e-01 +5.207728473e+01 +5.207728473e+01 +9.6752e-02 +4.5885e-01
984 0 +2.278758237e-01 +5.197787582e+01 +5.197787582e+01 +9.2649e-02 +4.4720e-01
1094 0 +3.716343538e-02 +5.178716344e+01 +5.178716344e+01 +1.1254e-01 +4.5075e-01
1273 0 +2.878037112e-02 +5.177878037e+01 +5.177878037e+01 +1.2527e-01 +4.5269e-01
1816 0 +1.278625919e-02 +5.176278626e+01 +5.176278626e+01 +1.2402e-01 +4.5175e-01
1873 0 +1.219108524e-02 +5.176219109e+01 +5.176219109e+01 +1.3188e-01 +4.4765e-01
% f evaluations | g evaluations | best noise-free fitness - Fopt (-5.541400000000e+02) + sum g_i+ | measured fitness | best measured fitness or single-digit g-values | x1 | x2...
1 0 +1.007883333e+02 -4.533516667e+02 -4.533516667e+02 +2.8561e+00 +3.7861e-02
2 0 +3.846257739e+01 -5.156774226e+02 -5.156774226e+02 +4.6964e+00 +4.6771e+00
27 0 +3.528102562e+01 -5.188589744e+02 -5.188589744e+02 -2.2380e+00 +2.4538e+00
28 0 +2.746771403e+01 -5.266722860e+02 -5.266722860e+02 +1.1616e+00 +3.4935e+00
59 0 +2.404393784e+01 -5.300960622e+02 -5.300960622e+02 +2.6412e+00 +2.6298e+00
62 0 +2.019230841e+01 -5.339476916e+02 -5.339476916e+02 +1.8473e+00 +3.4221e+00
84 0 +1.643704504e+01 -5.377029550e+02 -5.377029550e+02 -2.0732e+00 +3.2461e+00
85 0 +1.256116212e+01 -5.415788379e+02 -5.415788379e+02 +3.7939e+00 +3.1742e+00
128 0 +3.118119160e+00 -5.510218808e+02 -5.510218808e+02 +2.8310e+00 +3.5822e+00
256 0 +2.909682528e+00 -5.512303175e+02 -5.512303175e+02 +2.8653e+00 +3.6274e+00
331 0 +1.202320978e+00 -5.529376790e+02 -5.529376790e+02 +1.9086e+00 +2.9215e+00
470 0 +1.150505832e+00 -5.529894942e+02 -5.529894942e+02 +1.8799e+00 +2.9113e+00
529 0 +5.713225369e-01 -5.535686775e+02 -5.535686775e+02 +1.8420e+00 +3.2430e+00
553 0 +5.464237420e-01 -5.535935763e+02 -5.535935763e+02 +1.9115e+00 +3.2430e+00
686 0 +3.288981553e-01 -5.538111018e+02 -5.538111018e+02 +1.8649e+00 +3.2163e+00
712 0 +7.550120444e-02 -5.540644988e+02 -5.540644988e+02 +1.8789e+00 +3.2227e+00
838 0 +3.222618296e-02 -5.541077738e+02 -5.541077738e+02 +1.8627e+00 +3.2279e+00
894 0 +1.290900325e-02 -5.541270910e+02 -5.541270910e+02 +1.8665e+00 +3.2285e+00
1141 0 +4.423868486e-03 -5.541355761e+02 -5.541355761e+02 +1.8783e+00 +3.2300e+00
1172 0 +3.507539071e-03 -5.541364925e+02 -5.541364925e+02 +1.8716e+00 +3.2293e+00
1589 0 +3.070873074e-03 -5.541369291e+02 -5.541369291e+02 +1.8729e+00 +3.2277e+00
% f evaluations | g evaluations | best noise-free fitness - Fopt (1.774000000000e+01) + sum g_i+ | measured fitness | best measured fitness or single-digit g-values | x1 | x2...
1 0 +3.934614305e+01 +5.708614305e+01 +5.708614305e+01 -4.6968e-01 +2.9112e+00
7 0 +3.928122140e+01 +5.702122140e+01 +5.702122140e+01 +9.7051e-01 +1.4648e+00
15 0 +3.834440302e+01 +5.608440302e+01 +5.608440302e+01 -7.2945e-02 +1.2234e+00
16 0 +3.259289925e+01 +5.033289925e+01 +5.033289925e+01 -1.2211e-01 +3.1736e+00
31 0 +1.106531070e+01 +2.880531070e+01 +2.880531070e+01 +4.3254e+00 +3.0199e+00
34 0 +4.837298702e+00 +2.257729870e+01 +2.257729870e+01 +4.2285e+00 +2.3503e+00
248 0 +4.094805942e+00 +2.183480594e+01 +2.183480594e+01 +2.2780e+00 +2.9790e+00
312 0 +2.514950180e+00 +2.025495018e+01 +2.025495018e+01 +1.3186e+00 +2.3778e+00
323 0 +1.864677729e+00 +1.960467773e+01 +1.960467773e+01 +2.1946e+00 +2.0611e+00
402 0 +1.681297415e+00 +1.942129742e+01 +1.942129742e+01 +2.3101e+00 +2.7354e+00
415 0 +1.105141040e+00 +1.884514104e+01 +1.884514104e+01 +2.1865e+00 +2.3755e+00
539 0 +7.942123072e-01 +1.853421231e+01 +1.853421231e+01 +2.2199e+00 +2.3806e+00
617 0 +1.890827020e-01 +1.792908270e+01 +1.792908270e+01 +2.2858e+00 +2.3671e+00
982 0 +7.113168612e-02 +1.781113169e+01 +1.781113169e+01 +2.2422e+00 +2.3660e+00
1067 0 +6.092719963e-02 +1.780092720e+01 +1.780092720e+01 +2.2605e+00 +2.3580e+00
1270 0 +1.536695542e-02 +1.775536696e+01 +1.775536696e+01 +2.2633e+00 +2.3607e+00
1288 0 +1.046724340e-02 +1.775046724e+01 +1.775046724e+01 +2.2529e+00 +2.3645e+00
1359 0 +4.760116137e-03 +1.774476012e+01 +1.774476012e+01 +2.2568e+00 +2.3648e+00
1612 0 +1.757476683e-03 +1.774175748e+01 +1.774175748e+01 +2.2624e+00 +2.3632e+00
2005 0 +1.703898591e-03 +1.774170390e+01 +1.774170390e+01 +2.2577e+00 +2.3624e+00
