% f evaluations | g evaluations | best noise-free fitness - Fopt (1.238300000000e+02) + sum g_i+ | measured fitness | best measured fitness or single-digit g-values | x1 | x2...
1 0 +3.268776791e+05 +3.270015091e+05 +3.270015091e+05 +4.8140e+00 +1.2293e+00 +3.6094e+00 -2.2482e+00 +3.0019e+00 -4.0740e+00 +1.2255e+00 +1.8936e+00 -1.4487e+00 -4.3549e+00
2 0 +2.639982081e+05 +2.641220381e+05 +2.641220381e+05 -5.5523e-01 -1.0635e+00 +2.9069e-01 -2.9971e+00 -3.6031e+00 +4.9780e+00 +2.1703e+00 +4.0695e+00 -3.1746e+00 -1.6113e+00
3 0 +8.873004036e+04 +8.885387036e+04 +8.885387036e+04 +4.5067e+00 -3.1624e+00 +3.7817e+00 -2.3141e+00 -7.3214e-01 +2.5963e+00 +3.3690e-01 -1.0018e+00 -1.6326e+00 +3.7842e+00
13 0 +4.236039460e+04 +4.248422460e+04 +4.248422460e+04 +2.1429e+00 -9.4221e-02 +1.7333e-01 +2.6833e+00 -3.4569e+00 -4.9642e-01 -1.5274e+00 -2.7981e+00 +2.5711e+00 -1.9500e+00
16 0 +2.010483217e+04 +2.022866217e+04 +2.022866217e+04 +1.7200e+00 -8.8164e-01 -2.5918e-01 +1.2621e+00 -2.8775e+00 +3.0262e+00 -3.0660e+00 +7.3771e-01 +2.1177e-01 +1.3310e+00
24 0 +1.190908708e+04 +1.203291708e+04 +1.203291708e+04 +2.3022e+00 +1.7830e+00 +1.4745e-01 -3.9036e-01 -2.1882e-01 +3.3899e+00 +1.0648e+00 -1.7689e+00 +3.3926e+00 -2.4738e+00
126 0 +5.841349111e+02 +7.079649111e+02 +7.079649111e+02 +1.5555e+00 -3.0002e-01 +4.7834e-01 -6.1863e-01 -2.7968e-01 +1.1391e+00 +9.3846e-02 -7.6623e-01 +4.0761e-01 +4.3188e-01
127 0 +2.281800075e+02 +3.520100075e+02 +3.520100075e+02 +1.2645e+00 -3.2956e-01 +7.3028e-01 -5.2679e-01 -1.2165e-01 +1.1481e+00 +8.1041e-03 -6.1634e-01 +3.3135e-01 +3.5108e-01
130 0 +1.710462253e+02 +2.948762253e+02 +2.948762253e+02 +8.3207e-01 -1.5623e-01 +3.3588e-01 -2.4973e-01 -1.1936e-01 +5.4425e-01 +1.4786e-01 -2.9528e-01 +1.5708e-01 +1.8709e-01
132 0 +1.155092554e+02 +2.393392554e+02 +2.393392554e+02 +3.9739e-01 -9.3599e-02 +1.6978e-01 -1.8232e-01 -3.4549e-02 +3.5416e-01 +2.1667e-02 -3.3275e-01 +9.4107e-02 +6.8191e-02
135 0 +7.326302510e+01 +1.970930251e+02 +1.970930251e+02 +1.4362e-01 -3.6695e-02 +6.6560e-02 -1.6054e-01 -1.3545e-02 +8.1195e-02 +2.6234e-03 -6.9354e-02 +3.7005e-02 +3.9091e-02
144 0 +6.768206502e+01 +1.915120650e+02 +1.915120650e+02 +1.1602e-01 -8.4705e-02 +1.0474e-01 +1.6247e-02 +6.4521e-02 +2.0117e-01 +8.2459e-02 -1.0914e-01 +5.8060e-02 +1.5816e-02
177 0 +6.704918468e+01 +1.908791847e+02 +1.908791847e+02 +8.8657e-02 -1.2371e-02 -5.8068e-03 -1.3622e-01 +1.1878e-01 +7.2022e-02 +4.8921e-02 +6.5965e-02 +1.2438e-02 +2.2659e-02
208 0 +5.834107878e+01 +1.821710788e+02 +1.821710788e+02 -1.1644e-01 +3.4845e-03 -6.3205e-03 +1.7600e-01 -8.7286e-02 -1.2139e-02 +7.7704e-02 +8.8463e-02 +1.2682e-02 -1.6353e-02
303 0 +5.671079248e+01 +1.805407925e+02 +1.805407925e+02 +5.9758e-02 +9.5510e-02 +1.0595e-01 +2.4861e-01 +1.4109e-02 +2.2240e-01 +1.0758e-01 -1.2178e-01 +3.7817e-02 +1.6033e-01
308 0 +5.447302697e+01 +1.783030270e+02 +1.783030270e+02 +1.6477e-01 +1.7888e-02 -4.8950e-02 +1.2586e-01 -3.5987e-02 +7.5114e-02 +1.8435e-01 +6.3880e-02 +2.8962e-01 +8.0900e-03
339 0 +5.227894667e+01 +1.761089467e+02 +1.761089467e+02 +9.0997e-02 +1.0935e-02 +1.4653e-02 +1.9705e-01 -1.1902e-02 +7.0484e-02 +9.0574e-02 -2.2153e-03 +7.7385e-03 +6.5538e-02
426 0 +4.757753748e+01 +1.714075375e+02 +1.714075375e+02 +1.9956e-02 +6.4006e-02 -1.3906e-01 +5.8525e-02 -1.6242e-01 +1.7915e-01 +6.8754e-02 -1.9768e-03 +2.4281e-02 +3.0441e-02
701 0 +4.507844232e+01 +1.689084423e+02 +1.689084423e+02 -8.5979e-02 +6.9155e-02 -2.9721e-01 +1.6835e-01 -1.7181e-01 +6.3009e-02 +3.2035e-01 +6.9079e-03 +8.5141e-02 -1.0626e-01
753 0 +4.462278680e+01 +1.684527868e+02 +1.684527868e+02 -1.5761e-02 +2.7254e-02 -7.9606e-02 +6.3952e-02 -9.0532e-02 +7.6971e-02 +2.6542e-01 +6.2105e-02 +1.0089e-01 -1.7855e-02
902 0 +3.972196169e+01 +1.635519617e+02 +1.635519617e+02 -9.8617e-03 -2.3677e-02 +4.4517e-02 +4.4413e-01 +4.5056e-01 +1.8572e-01 +9.1489e-02 -1.0267e-01 +5.6500e-01 -1.4708e-01
1101 0 +3.531754336e+01 +1.591475434e+02 +1.591475434e+02 +1.0668e-02 -4.0009e-02 -3.5935e-02 +5.0124e-01 +2.2895e-02 -2.0100e-02 +1.8371e-01 -9.2464e-02 +4.3174e-01 -4.5062e-02
1401 0 +3.256578744e+01 +1.563957874e+02 +1.563957874e+02 -2.7456e-02 +9.1606e-02 -9.0507e-02 +3.6823e-01 -3.3199e-02 +8.8946e-02 +2.1705e-01 -1.9382e-01 +5.1112e-01 +9.2109e-02
1714 0 +3.192244605e+01 +1.557524460e+02 +1.557524460e+02 -2.0869e-01 +2.4872e-01 +5.0307e-02 +2.8569e-01 -8.4071e-02 +2.4631e-01 +8.6500e-02 -2.3714e-01 +3.9112e-01 +1.4568e-02
1905 0 +3.115909783e+01 +1.549890978e+02 +1.549890978e+02 -1.3728e-01 +1.9551e-01 +1.0421e-01 +2.9802e-01 +3.8027e-02 +2.2539e-01 +7.5488e-02 -2.6032e-01 +4.4531e-01 -4.4061e-02
1958 0 +3.074739908e+01 +1.545773991e+02 +1.545773991e+02 +6.9518e-03 +2.4130e-01 -4.8024e-02 +2.4704e-01 -2.6824e-01 +1.4409e-01 +2.0887e-01 -1.4067e-02 +2.7553e-01 +8.4912e-02
2401 0 +2.814292932e+01 +1.519729293e+02 +1.519729293e+02 -5.5176e-02 +3.5155e-01 +1.2606e-02 +2.4336e-01 -2.2345e-01 +1.0734e-01 +3.4706e-01 -1.3290e-01 +4.5198e-01 +2.8631e-03
3812 0 +2.658223322e+01 +1.504122332e+02 +1.504122332e+02 -9.0930e-02 +3.0864e-01 -1.5392e-01 +4.0013e-01 -8.3947e-02 +2.4969e-01 +2.8753e-01 -1.0813e-01 +5.0820e-01 +1.1299e-01
4001 0 +2.612301136e+01 +1.499530114e+02 +1.499530114e+02 -3.9230e-02 +2.7718e-01 -1.0291e-01 +2.5066e-01 -2.1431e-01 +1.8628e-01 +2.2091e-01 -1.0852e-01 +3.0936e-01 +1.3944e-01
4305 0 +2.525220086e+01 +1.490822009e+02 +1.490822009e+02 -4.7758e-02 +2.8380e-01 -5.7466e-02 +2.5257e-01 -2.6917e-01 +1.8447e-01 +3.4540e-01 -1.0996e-01 +3.8757e-01 +1.5608e-01
4404 0 +2.305497016e+01 +1.468849702e+02 +1.468849702e+02 +1.7967e-01 +3.2406e-01 -6.8636e-02 +4.9123e-01 -2.6062e-01 +3.0224e-01 +3.5051e-01 -6.9748e-02 +4.6130e-01 +5.9080e-02
4631 0 +1.982053705e+01 +1.436505370e+02 +1.436505370e+02 +5.9983e-02 +3.3303e-01 -9.2319e-02 +3.6809e-01 -3.0130e-01 +3.7318e-01 +1.8155e-01 -7.6851e-02 +3.4080e-01 +1.0535e-01
4946 0 +1.899469274e+01 +1.428246927e+02 +1.428246927e+02 +1.0198e-01 +2.8904e-01 -7.1426e-02 +3.7958e-01 -2.7605e-01 +3.2701e-01 +2.3482e-01 -9.9264e-02 +4.8521e-01 +8.5936e-02
5004 0 +1.693764491e+01 +1.407676449e+02 +1.407676449e+02 -3.9989e-02 +2.9719e-01 -8.4946e-02 +4.2383e-01 -3.8333e-01 +4.9896e-01 +2.7697e-01 -1.1805e-01 +4.6093e-01 +1.2164e-01
5208 0 +1.533068736e+01 +1.391606874e+02 +1.391606874e+02 +1.1503e-01 +3.3300e-01 -6.2241e-02 +4.3092e-01 -2.1896e-01 +4.4242e-01 +2.5747e-01 -1.1521e-01 +5.6408e-01 +8.3056e-02
5601 0 +1.423169102e+01 +1.380616910e+02 +1.380616910e+02 +3.9839e-02 +3.7988e-01 +8.6300e-02 +4.8390e-01 -3.2723e-01 +4.4258e-01 +2.4931e-01 -1.1640e-01 +5.2995e-01 +4.0564e-01
6012 0 +1.322510638e+01 +1.370551064e+02 +1.370551064e+02 +1.9122e-02 +3.7835e-01 +5.3320e-02 +4.9689e-01 -1.7589e-01 +4.5938e-01 +4.1242e-01 -2.0302e-01 +5.2610e-01 +9.8757e-02
6201 0 +1.236972827e+01 +1.361997283e+02 +1.361997283e+02 -5.9295e-02 +3.0788e-01 +4.7741e-02 +4.3023e-01 -1.4813e-01 +3.4354e-01 +2.8140e-01 -1.9390e-01 +5.6296e-01 +1.3572e-01
6501 0 +1.111570016e+01 +1.349457002e+02 +1.349457002e+02 -7.8687e-02 +3.1026e-01 +9.8456e-02 +4.9462e-01 -2.0554e-01 +3.9602e-01 +2.3671e-01 -1.7548e-01 +6.5456e-01 +1.2514e-01
% f evaluations | g evaluations | best noise-free fitness - Fopt (4.751000000000e+01) + sum g_i+ | measured fitness | best measured fitness or single-digit g-values | x1 | x2...
1 0 +1.994181097e+05 +1.994656197e+05 +1.994656197e+05 +9.0528e-01 +3.5089e+00 +6.1209e-01 -4.8722e+00 -2.6638e+00 -4.6814e+00 +1.1635e+00 -4.2295e+00 +2.5384e-01 -2.4938e+00
3 0 +7.202097292e+04 +7.206848292e+04 +7.206848292e+04 -4.0661e-01 -1.7023e-01 -2.9755e+00 -4.8993e+00 +6.4259e-01 +2.2454e+00 +6.7358e-01 -1.1260e+00 +2.6638e+00 +3.9988e-01
15 0 +6.482414564e+04 +6.487165564e+04 +6.487165564e+04 +2.4036e+00 -9.6986e-01 -3.2269e+00 -2.6798e-01 -1.5870e+00 -2.7737e+00 -2.3733e+00 +3.5379e+00 +1.7321e+00 +8.0330e-01
17 0 +6.237501454e+04 +6.242252454e+04 +6.242252454e+04 +4.0414e-01 +4.5187e+00 -3.4194e+00 +4.4376e+00 +6.2753e-01 +9.5232e-01 +1.4671e+00 +1.9486e+00 +4.2099e+00 -2.9072e+00
33 0 +6.105326574e+04 +6.110077574e+04 +6.110077574e+04 -2.0198e-01 +4.7954e+00 -7.5834e-01 -1.9665e+00 +1.3406e+00 +4.8320e+00 -2.2877e+00 +9.5835e-01 +1.7497e+00 -1.3219e-01
41 0 +4.715155245e+04 +4.719906245e+04 +4.719906245e+04 -1.3663e+00 +1.4340e+00 -4.5816e-01 -8.0343e-01 -2.2727e+00 +1.0647e+00 -2.3894e+00 -3.9464e+00 -2.6192e+00 +3.6471e+00
58 0 +3.389942658e+04 +3.394693658e+04 +3.394693658e+04 -4.5883e+00 -2.9762e-01 -1.7436e+00 -1.6040e+00 -2.0670e+00 +3.7271e+00 +9.8639e-02 +5.8224e-01 -2.3383e-01 +1.6688e+00
67 0 +2.269672597e+04 +2.274423597e+04 +2.274423597e+04 +2.8680e+00 -1.2957e+00 -1.8630e+00 -2.6161e+00 +2.9804e+00 -2.6644e-02 +1.6752e+00 -6.3386e-01 +1.4779e+00 +2.4271e-01
126 0 +1.731524440e+03 +1.779034440e+03 +1.779034440e+03 +1.1939e+00 +2.6206e-01 -3.2187e-01 -1.2672e+00 +2.7721e-01 -7.3174e-01 +9.6705e-01 -3.8309e-01 +7.4053e-01 +4.8192e-01
127 0 +1.408662749e+03 +1.456172749e+03 +1.456172749e+03 +1.3150e+00 +2.7981e-01 -3.1454e-01 -1.2016e+00 +2.2314e-01 -7.8136e-01 +7.7148e-01 -3.6324e-01 +7.0216e-01 +4.5694e-01
128 0 +1.019975056e+02 +1.495075056e+02 +1.495075056e+02 +1.9353e-01 +3.6568e-02 -4.3839e-02 -1.2825e-01 +3.2839e-02 -4.5703e-02 +3.9831e-02 -1.2541e-02 +2.8385e-01 +6.7248e-02
146 0 +7.040984836e+01 +1.179198484e+02 +1.179198484e+02 -2.9871e-02 +3.8805e-02 -1.8532e-01 -3.5137e-02 +6.5251e-03 -2.2632e-02 -2.5070e-02 +7.4211e-02 +3.2995e-02 +1.3362e-02
203 0 +6.371468832e+01 +1.112246883e+02 +1.112246883e+02 -1.2457e-01 -2.0816e-01 +5.0827e-02 +3.1230e-02 -4.5777e-02 +1.2626e-01 +3.0767e-02 +1.8280e-02 -1.2834e-01 -2.2485e-02
226 0 +6.176154812e+01 +1.092715481e+02 +1.092715481e+02 -6.7100e-02 -1.1467e-01 -4.9294e-02 -1.3991e-01 +1.6490e-02 -2.0571e-01 +8.6189e-02 -5.5880e-02 -1.2944e-02 +8.0274e-02
237 0 +6.118560919e+01 +1.086956092e+02 +1.086956092e+02 +5.8393e-02 +1.3273e-02 +6.9080e-02 -5.5828e-02 +6.5801e-03 -2.1718e-02 +3.2249e-02 -1.3132e-02 +2.6332e-02 +1.9716e-02
268 0 +5.970708241e+01 +1.072170824e+02 +1.072170824e+02 +1.3123e-02 +2.9830e-03 -4.4205e-03 -1.2547e-02 +1.4788e-03 -8.0983e-03 +7.7291e-03 -4.6711e-02 +5.9177e-03 +4.5589e-02
278 0 +5.696036309e+01 +1.044703631e+02 +1.044703631e+02 -1.1499e-01 -1.5963e-01 -2.7938e-02 -4.7649e-03 +4.0144e-03 -1.6037e-01 +2.0982e-02 -8.0116e-03 +8.1980e-02 -5.1579e-02
301 0 +5.621687835e+01 +1.037268783e+02 +1.037268783e+02 -2.9989e-01 -9.3222e-02 -4.1528e-02 +1.6443e-02 +1.1655e-02 -1.7340e-01 -5.9808e-03 +9.9682e-02 +6.0051e-03 -1.0923e-01
403 0 +5.420257074e+01 +1.017125707e+02 +1.017125707e+02 +1.9862e-02 -1.6059e-01 +2.7389e-01 -9.4636e-02 +1.3079e-02 -2.0394e-01 +9.1583e-03 -9.0133e-02 -8.0665e-04 +1.0219e-02
404 0 +4.829832052e+01 +9.580832052e+01 +9.580832052e+01 -3.9559e-01 -2.2015e-01 +2.0595e-03 -5.1598e-02 +1.1305e-01 -3.7632e-01 -1.5376e-02 +3.3577e-01 -1.2220e-02 -6.2368e-02
705 0 +4.712458786e+01 +9.463458786e+01 +9.463458786e+01 -1.7774e-01 -1.9495e-01 -3.9744e-02 +1.4427e-01 +2.2556e-03 -9.5285e-02 +1.3911e-01 +9.8208e-02 -1.1643e-02 -8.2045e-02
717 0 +4.624957914e+01 +9.375957914e+01 +9.375957914e+01 -2.1912e-01 -1.4065e-01 +1.4541e-01 -9.6486e-03 +1.0726e-01 -2.5332e-01 +6.9868e-03 +6.0611e-02 -7.0566e-02 -1.0129e-01
801 0 +4.353061784e+01 +9.104061784e+01 +9.104061784e+01 -3.3683e-01 -2.0631e-01 +2.3932e-01 -6.7477e-02 +2.3431e-01 -4.1490e-01 +5.4991e-03 +1.5314e-02 -1.0480e-01 -7.0693e-02
1006 0 +4.241863661e+01 +8.992863661e+01 +8.992863661e+01 -8.6497e-02 -2.5682e-01 +2.5340e-01 -1.1613e-01 -2.9438e-01 -1.0057e-01 +1.7286e-01 +1.4348e-02 +7.5887e-02 -8.3574e-02
1101 0 +3.840073713e+01 +8.591073713e+01 +8.591073713e+01 -1.4533e-01 -1.1121e-01 +6.9562e-02 -5.5095e-02 -1.7307e-01 -2.3981e-01 +2.4597e-01 +3.5481e-02 -1.0214e-01 -2.7251e-02
1201 0 +3.721828706e+01 +8.472828706e+01 +8.472828706e+01 -1.9992e-01 -1.0892e-01 +1.0438e-01 -1.2345e-01 -1.9793e-01 -4.0393e-01 +3.0562e-01 +2.9939e-02 -1.2591e-01 -3.8151e-02
1501 0 +3.207827793e+01 +7.958827793e+01 +7.958827793e+01 -8.6250e-02 -2.1962e-01 +3.3835e-01 -2.5211e-01 -2.5756e-01 -2.0359e-01 +2.4963e-01 +1.2044e-01 -7.4125e-02 -5.5007e-02
2619 0 +3.106702937e+01 +7.857702937e+01 +7.857702937e+01 -9.0635e-02 -9.4536e-02 +2.5934e-01 -6.0498e-02 -3.3441e-01 -1.3321e-01 +2.1042e-01 +4.6852e-02 -2.3860e-01 -8.1720e-02
3303 0 +2.556423204e+01 +7.307423204e+01 +7.307423204e+01 -2.9530e-01 -5.5493e-01 +3.6112e-01 -2.3380e-01 -2.2873e-02 -2.5883e-01 +8.1819e-02 +3.8254e-01 +3.0494e-01 -4.3285e-01
3701 0 +2.285706481e+01 +7.036706481e+01 +7.036706481e+01 -4.4501e-01 -5.1883e-01 +2.3773e-01 -4.4990e-01 +2.4704e-01 -3.0568e-01 +4.1781e-02 +2.8720e-01 +1.2149e-01 -3.0298e-01
4018 0 +2.128210846e+01 +6.879210846e+01 +6.879210846e+01 -4.7363e-01 -4.3200e-01 +4.1118e-01 -4.9662e-01 +3.0840e-01 -5.0709e-01 +1.1967e-01 +3.3504e-01 +1.7099e-01 -3.5854e-01
4203 0 +2.083870623e+01 +6.834870623e+01 +6.834870623e+01 -4.7030e-01 -3.5052e-01 +3.8341e-01 -4.1620e-01 +1.0127e-01 -3.0807e-01 +1.6820e-01 +2.1537e-01 +4.9654e-02 -3.2019e-01
4401 0 +2.001997179e+01 +6.752997179e+01 +6.752997179e+01 -2.6476e-01 -4.7683e-01 +2.7319e-01 -2.8340e-01 +9.0866e-02 -3.4422e-01 +2.6099e-01 +2.4757e-01 -1.4823e-02 -2.2937e-01
4601 0 +1.963026967e+01 +6.714026967e+01 +6.714026967e+01 -4.3850e-01 -6.1420e-01 +3.2037e-01 -3.2560e-01 +1.2583e-01 -3.8111e-01 +3.1419e-01 +2.0393e-01 +1.6876e-02 -2.4238e-01
5301 0 +1.599089667e+01 +6.350089667e+01 +6.350089667e+01 -3.7058e-01 -5.3029e-01 +3.4145e-01 -2.9131e-01 +8.8930e-02 -3.8204e-01 +3.7939e-01 +3.2479e-01 -8.0743e-02 -4.6285e-01
5502 0 +1.059566247e+01 +5.810566247e+01 +5.810566247e+01 -2.9183e-01 -4.4983e-01 +4.8646e-01 -4.2224e-01 -1.2250e-01 -5.1922e-01 +2.8767e-01 +3.0627e-01 +6.8780e-02 -4.1248e-01
% f evaluations | g evaluations | best noise-free fitness - Fopt (5.534000000000e+01) + sum g_i+ | measured fitness | best measured fitness or single-digit g-values | x1 | x2...
1 0 +1.734957292e+05 +1.735510692e+05 +1.735510692e+05 +3.7783e+00 +3.0757e+00 +3.7500e+00 -4.0070e+00 -2.2934e+00 +3.0883e+00 +1.7971e+00 -4.0088e+00 +8.2696e-02 -1.1457e-01
3 0 +1.068421338e+05 +1.068974738e+05 +1.068974738e+05 -1.8747e+00 +2.8396e+00 +5.0300e-01 -4.5527e+00 +5.9315e-01 +2.6380e+00 +3.4894e+00 +5.2095e-01 +4.2965e+00 +3.8357e+00
7 0 +8.803933332e+04 +8.809467332e+04 +8.809467332e+04 -1.1382e+00 -2.7639e+00 +2.2837e+00 +2.4667e+00 -1.9981e-01 -3.4683e+00 +3.5787e+00 +2.8669e+00 +1.7367e+00 +9.8695e-01
9 0 +6.711416980e+04 +6.716950980e+04 +6.716950980e+04 +3.4824e+00 +1.5025e+00 -5.5029e-01 -1.0820e+00 -3.3345e+00 +2.4267e+00 -2.6454e-02 -4.7073e+00 +1.7599e+00 -5.7881e-01
14 0 +5.579233706e+04 +5.584767706e+04 +5.584767706e+04 -5.2034e-01 +2.4466e+00 -7.8023e-01 +8.5278e-01 -9.4969e-01 -4.3558e+00 -9.5557e-01 -3.0912e+00 +3.8355e+00 -3.6488e+00
20 0 +2.427988277e+04 +2.433522277e+04 +2.433522277e+04 +2.0615e+00 -3.3914e+00 +2.8140e+00 +3.4877e+00 +1.2676e+00 +2.6264e+00 -3.2278e+00 -2.3419e+00 +1.2660e+00 -6.0242e-01
53 0 +2.290009492e+04 +2.295543492e+04 +2.295543492e+04 -6.6972e-01 +2.6859e+00 -1.0444e-01 -1.1994e+00 +6.2302e-01 +4.4113e+00 +7.8151e-01 +1.6838e+00 +2.8455e+00 +7.7078e-01
99 0 +1.942824982e+04 +1.948358982e+04 +1.948358982e+04 +3.4610e-01 -2.5744e+00 -1.6002e+00 +5.5403e-01 -3.3478e+00 -1.5932e+00 -1.3949e+00 +1.1117e+00 +1.1624e+00 +5.6788e-01
126 0 +7.620876129e+01 +1.315487613e+02 +1.315487613e+02 +1.9350e-01 -1.2485e-03 +1.6103e-02 +3.0173e-02 -3.6235e-03 -3.5015e-02 +1.4002e-03 +3.0387e-02 +2.8718e-02 +2.4562e-01
144 0 +6.293868905e+01 +1.182786890e+02 +1.182786890e+02 -9.0068e-02 -2.1391e-03 +2.7591e-02 +5.1699e-02 -8.3618e-02 -8.2328e-02 +2.3991e-03 +1.1520e-01 +8.0552e-03 +5.5929e-02
200 0 +5.926736554e+01 +1.146073655e+02 +1.146073655e+02 -2.5653e-02 -1.4411e-03 +1.8588e-02 +3.4829e-02 -5.6333e-02 -1.2385e-01 +1.6162e-03 +3.5076e-02 +3.3150e-02 +5.3232e-02
302 0 +5.548589489e+01 +1.108258949e+02 +1.108258949e+02 -3.9642e-02 +4.5524e-02 -2.3288e-02 +1.9109e-02 -3.1550e-02 -4.2007e-02 -4.1547e-02 -2.3438e-01 +1.2832e-01 -4.9209e-02
329 0 +5.440378031e+01 +1.097437803e+02 +1.097437803e+02 -6.6524e-03 -1.0804e-01 -6.3352e-02 +1.0286e-02 -2.0175e-02 -3.6810e-02 -1.5822e-02 +1.5545e-02 -9.6524e-02 +1.9764e-02
392 0 +5.332834332e+01 +1.086683433e+02 +1.086683433e+02 -1.5879e-01 +5.1267e-03 -8.5730e-02 +1.8966e-02 -4.3694e-02 -2.0684e-02 -2.9174e-02 -1.6730e-02 -7.1159e-02 +3.6441e-02
445 0 +5.223520193e+01 +1.075752019e+02 +1.075752019e+02 -2.8810e-02 +4.4177e-02 -7.7452e-02 +1.8346e-02 -4.5965e-02 -8.6132e-03 -7.3219e-02 +2.3718e-03 -1.2780e-01 +4.3685e-02
482 0 +4.941671645e+01 +1.047567164e+02 +1.047567164e+02 -7.7252e-02 +6.1145e-02 -1.9695e-01 -5.3588e-02 -1.8442e-01 -1.1921e-02 -1.7353e-01 -1.0136e-01 -1.2264e-01 +6.0464e-02
529 0 +4.810179815e+01 +1.034417981e+02 +1.034417981e+02 -4.7403e-02 +3.2656e-02 -1.8784e-01 -3.3068e-02 -1.2261e-01 -1.6183e-02 -7.5338e-02 -8.0273e-03 -7.5916e-03 +6.7545e-03
606 0 +4.667700197e+01 +1.020170020e+02 +1.020170020e+02 -5.7265e-02 +3.9450e-02 -4.0159e-01 -3.9949e-02 -3.8018e-02 -1.9550e-02 -5.8787e-02 +7.2305e-02 -1.4259e-01 -2.9503e-03
723 0 +4.356156660e+01 +9.890156660e+01 +9.890156660e+01 +4.8788e-03 +4.5519e-03 -2.4964e-01 +8.2037e-03 -2.0053e-01 -2.9275e-02 -9.3445e-02 -1.1995e-01 -6.5406e-03 +7.9170e-03
1001 0 +4.094556084e+01 +9.628556084e+01 +9.628556084e+01 +1.4090e-02 +3.7263e-02 -3.1774e-01 +1.0887e-01 -9.1081e-02 -4.6198e-02 -1.3915e-01 -1.3469e-01 +3.3239e-02 +3.4417e-03
1302 0 +3.803553321e+01 +9.337553321e+01 +9.337553321e+01 +8.9810e-03 +5.4232e-02 -5.1280e-01 +2.8646e-02 -4.8172e-02 -1.5768e-01 -1.5034e-01 -9.6009e-02 -1.2283e-01 -2.3300e-02
1305 0 +3.509175544e+01 +9.043175544e+01 +9.043175544e+01 +2.0343e-01 +5.8952e-03 -4.2215e-01 +4.2114e-02 -2.8012e-01 -1.4449e-01 -4.1932e-01 -1.3995e-01 +1.3773e-01 -3.4255e-02
1803 0 +2.897664801e+01 +8.431664801e+01 +8.431664801e+01 +1.0704e-01 +5.7258e-02 -4.0987e-01 +1.3978e-01 -1.9432e-01 -2.5165e-01 -2.7763e-01 -1.5796e-01 -8.1607e-02 +5.4261e-02
2603 0 +2.683567155e+01 +8.217567155e+01 +8.217567155e+01 +1.2999e-01 +9.3109e-02 -6.5624e-01 +2.0249e-01 -4.4239e-01 -2.0478e-01 -3.9151e-01 -1.7774e-01 +4.7756e-02 +7.4306e-02
2770 0 +2.590471438e+01 +8.124471438e+01 +8.124471438e+01 +1.1379e-01 +6.6342e-02 -4.6208e-01 +1.6337e-01 -2.4603e-01 -1.6044e-01 -3.2337e-01 -1.6250e-01 -2.1566e-02 -2.9614e-02
2898 0 +2.546770990e+01 +8.080770990e+01 +8.080770990e+01 +8.7488e-02 +3.5531e-02 -3.9647e-01 +7.6976e-02 -2.0900e-01 -1.6107e-01 -1.9379e-01 -3.4334e-01 +4.1140e-02 -1.9137e-02
3107 0 +2.499327650e+01 +8.033327650e+01 +8.033327650e+01 +1.0941e-01 +4.7045e-02 -5.2887e-01 +9.0764e-02 -3.1027e-01 -1.7430e-01 -1.9777e-01 -4.2896e-01 -7.2116e-02 -1.3256e-02
4302 0 +2.248483620e+01 +7.782483620e+01 +7.782483620e+01 +5.7204e-02 +2.5435e-01 -4.3919e-01 -1.7095e-02 -3.1987e-01 -4.6723e-01 -3.7109e-01 +3.3537e-01 +5.2632e-01 +1.3981e-01
6102 0 +1.887414029e+01 +7.421414029e+01 +7.421414029e+01 +2.9661e-01 +1.9467e-01 -6.2948e-01 +1.8257e-01 -1.8672e-01 -3.7292e-01 -4.6039e-01 +1.8869e-01 +1.6675e-01 +1.1357e-01
7403 0 +1.798756380e+01 +7.332756380e+01 +7.332756380e+01 +1.2526e-01 +3.5095e-01 -8.6613e-01 +1.8854e-01 -3.0315e-01 -2.9481e-01 -4.8402e-01 +2.3909e-01 +2.0031e-01 +9.8780e-02
7901 0 +1.428063240e+01 +6.962063240e+01 +6.962063240e+01 +1.7321e-01 +3.1731e-01 -7.6216e-01 +4.6510e-02 -4.0489e-01 -2.9875e-01 -4.1260e-01 +1.3455e-01 +2.9844e-01 +1.4753e-01
9501 0 +1.292516639e+01 +6.826516639e+01 +6.826516639e+01 +1.1249e-01 +3.0708e-01 -6.1453e-01 +2.1700e-01 -3.8196e-01 -4.3016e-01 -3.9319e-01 -9.9314e-03 +3.4271e-01 +1.5195e-01
10002 0 +1.234313621e+01 +6.768313621e+01 +6.768313621e+01 +2.7637e-01 +2.4019e-01 -5.9786e-01 +9.6270e-02 -3.8314e-01 -5.0512e-01 -5.4658e-01 -1.1819e-03 +4.5025e-01 +2.1421e-01
% f evaluations | g evaluations | best noise-free fitness - Fopt (-9.033000000000e+01) + sum g_i+ | measured fitness | best measured fitness or single-digit g-values | x1 | x2...
1 0 +1.289468950e+05 +1.288565650e+05 +1.288565650e+05 +2.1244e-01 -2.6278e+00 +1.7235e+00 +1.1414e-01 -4.7586e+00 -2.5890e+00 +1.3528e+00 -2.5266e+00 -3.9815e+00 +1.5686e+00
7 0 +1.219826050e+05 +1.218922750e+05 +1.218922750e+05 -1.3942e+00 +5.8174e-01 -4.1130e+00 -4.6976e+00 +2.7040e+00 -4.9178e+00 +8.7732e-01 +2.3817e+00 +2.1467e+00 +1.3756e+00
9 0 +5.556619243e+04 +5.547586243e+04 +5.547586243e+04 -1.2193e+00 -2.9936e+00 -1.3714e+00 -9.9312e-01 +4.1342e+00 +1.2867e+00 -3.4418e+00 -4.5858e+00 +5.1908e-02 -9.7527e-01
12 0 +4.289607847e+04 +4.280574847e+04 +4.280574847e+04 +2.0285e+00 -2.2194e-01 +2.0493e+00 -4.2466e+00 -1.2209e+00 +5.9172e-01 +4.0546e+00 -1.7736e+00 +1.5383e+00 +5.1080e-02
20 0 +8.211117104e+03 +8.120787104e+03 +8.120787104e+03 -1.2266e+00 -3.8891e+00 +3.5263e+00 +4.1498e+00 +3.6262e+00 +3.4553e+00 -4.2422e+00 +1.5207e+00 +2.9302e+00 +2.1806e-02
126 0 +3.831172113e+02 +2.927872113e+02 +2.927872113e+02 -4.4974e-01 -8.6379e-01 -4.0418e-02 +5.0209e-01 +3.7963e-02 -1.5689e-02 -2.7600e-01 +7.1795e-02 +1.8818e-01 +8.5201e-02
131 0 +1.725178669e+02 +8.218786685e+01 +8.218786685e+01 -2.5373e-01 -5.1626e-01 -1.3993e-01 +3.1372e-01 +7.9808e-02 -2.5108e-01 -1.0997e-01 +1.8937e-01 +1.1095e-01 -2.5368e-02
137 0 +1.017769882e+02 +1.144698815e+01 +1.144698815e+01 -2.5228e-01 -1.9091e-01 +2.8306e-03 +1.1602e-01 +2.9513e-02 -1.0860e-01 -2.7799e-01 -8.6930e-02 -3.0094e-02 -2.8994e-02
140 0 +8.620716471e+01 -4.122835289e+00 -4.122835289e+00 -1.3763e-01 -2.7598e-01 +1.3999e-01 +1.0067e-01 +2.5610e-02 +8.9240e-02 -5.5341e-02 +1.4396e-02 -3.6508e-02 +1.5139e-01
160 0 +8.401646170e+01 -6.313538304e+00 -6.313538304e+00 -1.3451e-01 -2.7368e-01 -7.3360e-03 +1.6631e-01 +1.8881e-01 -5.2590e-02 -9.1421e-02 +2.3781e-02 +6.4723e-02 -5.3474e-02
165 0 +7.045750354e+01 -1.987249646e+01 -1.987249646e+01 -5.3586e-02 -9.0409e-02 +1.3404e-03 +5.4940e-02 +1.3976e-02 -1.7168e-03 -3.0201e-02 +7.8561e-03 +2.5171e-01 +6.1258e-03
176 0 +6.522758092e+01 -2.510241908e+01 -2.510241908e+01 -9.4998e-02 -2.2667e-02 +3.3607e-04 -1.7334e-01 +3.5040e-03 -4.3042e-04 -7.5718e-03 -5.5379e-02 +5.3606e-03 +1.0932e-01
211 0 +5.757061234e+01 -3.275938766e+01 -3.275938766e+01 +9.7774e-02 +4.4600e-02 -3.0079e-01 -9.4173e-02 -3.9146e-02 -3.3317e-02 +1.7949e-01 -7.9819e-02 -1.4106e-01 +1.4362e-01
331 0 +5.548849619e+01 -3.484150381e+01 -3.484150381e+01 -4.1574e-02 -1.7579e-02 +1.6870e-02 -8.3452e-03 -5.1819e-04 -1.6834e-02 +1.0129e-01 -1.6334e-02 -5.9200e-02 +1.7626e-02
335 0 +5.319646298e+01 -3.713353702e+01 -3.713353702e+01 -5.8602e-02 -2.4779e-02 -1.0676e-01 +4.8894e-02 -7.3044e-04 -2.2558e-01 +5.8847e-02 -2.3024e-02 -3.4666e-02 -1.1893e-02
363 0 +5.153477940e+01 -3.879522060e+01 -3.879522060e+01 -2.9339e-02 +1.1181e-01 -5.3449e-02 -5.8893e-03 +1.1488e-02 -8.9588e-02 +8.2863e-02 -1.1527e-02 -2.3644e-02 +1.2424e-01
450 0 +4.942281431e+01 -4.090718569e+01 -4.090718569e+01 -1.8631e-02 +4.7579e-02 -3.2596e-02 +1.4346e-02 +5.9473e-03 -8.3603e-02 +1.5996e-01 +2.4389e-02 -1.2394e-02 +3.3865e-02
513 0 +4.684507939e+01 -4.348492061e+01 -4.348492061e+01 -5.5247e-02 +1.6718e-01 -1.6379e-01 +7.2814e-02 +9.5828e-02 -2.0555e-01 +1.5433e-01 -6.4648e-02 -1.2214e-01 +7.2534e-02
516 0 +4.626255197e+01 -4.406744803e+01 -4.406744803e+01 +6.6933e-02 +1.1950e-01 -1.5372e-01 +9.0071e-02 +1.7886e-01 -9.0891e-02 +1.6440e-01 -1.6885e-02 +1.3563e-02 +7.4574e-02
801 0 +4.291358451e+01 -4.741641549e+01 -4.741641549e+01 +8.3721e-02 -9.8087e-02 +3.2460e-02 +2.7603e-01 +1.4504e-01 -1.8733e-02 +2.1756e-01 +5.0216e-02 +1.2781e-01 +5.0229e-02
901 0 +4.174920153e+01 -4.858079847e+01 -4.858079847e+01 +6.6602e-02 -1.3281e-01 +4.5762e-02 +3.9462e-01 +1.8106e-01 +5.0863e-03 +2.7601e-01 +6.1833e-02 +1.3957e-01 +1.1547e-01
1026 0 +4.069165287e+01 -4.963834713e+01 -4.963834713e+01 +3.0339e-02 -4.6481e-02 +7.7477e-03 +1.6752e-01 +8.2944e-02 -9.2634e-02 +2.2817e-01 +3.3874e-02 -2.1067e-02 +1.4721e-01
1505 0 +3.755218003e+01 -5.277781997e+01 -5.277781997e+01 +1.9765e-02 -1.5399e-02 -2.5757e-02 +1.1768e-01 +7.9735e-02 -2.7551e-01 +2.7558e-01 -1.8688e-02 +9.2203e-03 +2.1350e-01
1562 0 +3.517670690e+01 -5.515329310e+01 -5.515329310e+01 +6.5284e-02 -2.2292e-02 -4.9374e-02 +1.0005e-01 +2.0331e-02 -8.4691e-02 +3.9197e-01 +8.4373e-03 +8.5129e-02 +2.0040e-01
1601 0 +2.887577126e+01 -6.145422874e+01 -6.145422874e+01 +1.8887e-01 -8.6878e-02 -8.7244e-02 +1.4046e-01 +5.1351e-02 -1.1695e-01 +4.6404e-01 -3.3038e-02 +1.1205e-01 +3.0550e-01
3601 0 +2.117572324e+01 -6.915427676e+01 -6.915427676e+01 +1.0418e-01 -1.3475e-01 +9.5772e-02 +1.2644e-01 +6.8115e-02 -1.3712e-01 +5.2282e-01 -1.2127e-02 +4.7779e-03 +3.4266e-01
6502 0 +1.241185257e+01 -7.791814743e+01 -7.791814743e+01 +3.1313e-02 -1.8409e-01 +1.6755e-01 +1.8134e-01 +2.4811e-01 -9.7947e-02 +5.9015e-01 -5.1468e-02 -9.7657e-02 +6.8330e-01
% f evaluations | g evaluations | best noise-free fitness - Fopt (6.561000000000e+01) + sum g_i+ | measured fitness | best measured fitness or single-digit g-values | x1 | x2...
1 0 +8.821165981e+04 +8.827726981e+04 +8.827726981e+04 +3.3463e+00 +3.3772e+00 +9.6978e-01 -1.0239e+00 -2.8573e+00 +3.1690e+00 -4.8321e+00 +2.2713e+00 +1.7678e+00 -1.9853e+00
15 0 +7.462836335e+04 +7.469397335e+04 +7.469397335e+04 -8.8756e-01 +2.6020e+00 -9.7402e-03 -1.0805e+00 +2.5063e-01 -3.4380e+00 +4.7470e+00 -2.8120e+00 +4.1728e-01 -4.1593e-01
16 0 +4.487425413e+04 +4.493986413e+04 +4.493986413e+04 -3.1577e+00 +6.1144e-01 -1.7474e+00 -1.0577e+00 -4.9757e+00 +7.8248e-01 -9.1099e-01 -2.1021e-01 -3.5913e-01 +2.2625e+00
67 0 +2.986713022e+04 +2.993274022e+04 +2.993274022e+04 -1.7613e+00 -1.0944e+00 +1.9806e+00 +2.3098e+00 +3.1653e+00 +2.8440e+00 -2.9898e+00 +2.6398e+00 -2.2204e+00 +5.1320e-01
126 0 +4.502484558e+02 +5.158584558e+02 +5.158584558e+02 -3.6424e-01 -2.8887e-01 +3.5536e-01 +1.5817e-01 +3.5482e-02 +6.4788e-01 -4.6294e-01 +6.9112e-01 -7.0581e-01 +4.8841e-02
130 0 +8.726838006e+01 +1.528783801e+02 +1.528783801e+02 -8.5914e-02 -4.8912e-02 -5.5509e-02 +2.1803e-01 +4.3131e-02 +1.1949e-01 -1.1427e-01 +1.6987e-01 -6.2505e-02 +8.2697e-03
132 0 +6.067376246e+01 +1.262837625e+02 +1.262837625e+02 +1.0005e-01 -3.1930e-03 +3.2340e-02 +1.4394e-02 +3.2291e-03 +6.4227e-02 +8.2137e-03 +1.0379e-01 +3.1988e-02 +4.4448e-03
203 0 +5.708324507e+01 +1.226932451e+02 +1.226932451e+02 +1.9549e-01 -1.6518e-01 +5.8980e-03 -1.2439e-02 -1.9340e-01 -4.7368e-02 +1.3379e-01 -9.0248e-02 -5.2227e-03 +4.0585e-02
259 0 +5.490554061e+01 +1.205155406e+02 +1.205155406e+02 +1.6207e-01 -4.5435e-02 -3.8558e-02 +6.0653e-02 +5.3525e-04 +1.7994e-02 +1.3222e-01 +1.8613e-02 -8.2275e-02 -2.0208e-02
462 0 +5.246408974e+01 +1.180740897e+02 +1.180740897e+02 -2.0356e-03 -1.7301e-03 +3.5105e-03 -3.0306e-02 +6.0654e-04 -1.3190e-01 +8.1162e-02 -3.1866e-04 +1.7452e-02 -9.7614e-05
505 0 +5.055779474e+01 +1.161677947e+02 +1.161677947e+02 -7.4647e-02 -1.1457e-03 +1.3191e-01 +1.5170e-02 +8.3580e-03 -2.9156e-01 +1.7715e-01 -4.3911e-03 -2.0504e-02 -2.1993e-01
563 0 +4.792167031e+01 +1.135316703e+02 +1.135316703e+02 +1.0366e-02 -1.2869e-02 +5.2688e-02 -5.0352e-02 -2.5630e-02 -2.5438e-02 +2.8243e-01 +9.4177e-02 +1.2913e-02 +1.1251e-02
568 0 +4.778554526e+01 +1.133955453e+02 +1.133955453e+02 +2.0382e-02 -3.5326e-02 +1.9422e-01 -1.6870e-01 -1.4706e-01 -1.9249e-01 +1.6748e-01 -8.6614e-03 -2.4302e-02 -9.5620e-02
585 0 +4.587762734e+01 +1.114876273e+02 +1.114876273e+02 +4.3229e-02 -1.7641e-02 +1.9897e-01 -7.0729e-03 -3.5133e-02 -1.4080e-01 +1.3855e-01 -6.0385e-03 -2.8693e-02 -1.2438e-01
602 0 +3.365299195e+01 +9.926299195e+01 +9.926299195e+01 +2.5578e-03 -5.3858e-02 +3.2405e-01 -2.2253e-01 -2.1977e-01 -3.6145e-01 +4.9042e-01 +2.5765e-02 -4.2515e-02 -1.9757e-01
701 0 +2.962889809e+01 +9.523889809e+01 +9.523889809e+01 -4.6798e-02 -7.2396e-02 +4.5674e-01 -2.1329e-01 -2.7807e-01 -4.0773e-01 +6.2699e-01 +7.9162e-02 -3.4554e-02 -2.5869e-01
838 0 +2.855963226e+01 +9.416963226e+01 +9.416963226e+01 +5.1490e-02 -2.0390e-02 +2.1024e-01 -7.5875e-02 -1.2820e-01 -3.4358e-01 +5.0058e-01 +3.3572e-02 -8.0644e-02 -1.0988e-01
1301 0 +2.734372605e+01 +9.295372605e+01 +9.295372605e+01 -8.4894e-02 -1.7562e-01 +6.0067e-01 +2.7077e-02 -3.6426e-01 +1.4492e-02 +3.4389e-01 +8.3157e-02 -4.5452e-02 -7.3306e-02
1801 0 +1.835468166e+01 +8.396468166e+01 +8.396468166e+01 -1.5398e-01 -9.3998e-02 +8.2112e-01 +1.0235e-01 -3.5438e-01 +4.3041e-02 +4.6943e-01 +3.0471e-02 -6.1166e-02 -1.0482e-01
2501 0 +1.578870032e+01 +8.139870032e+01 +8.139870032e+01 -1.1795e-01 -3.8730e-02 +8.6427e-01 +1.6749e-01 -3.8730e-01 +1.6755e-01 +4.0087e-01 +4.3657e-02 -2.5463e-02 -1.2406e-01
3302 0 +1.506093659e+01 +8.067093659e+01 +8.067093659e+01 -1.0060e-01 +1.7329e-01 +7.3338e-01 +1.2980e-01 -3.6899e-01 +3.5095e-01 +4.2590e-01 +3.9003e-01 -1.1653e-02 -2.1704e-01
4201 0 +1.149840362e+01 +7.710840362e+01 +7.710840362e+01 -7.0478e-02 -6.2439e-03 +1.1475e+00 +1.0120e-01 -5.6626e-01 +2.6652e-01 +3.1113e-01 +2.6200e-01 -1.7902e-02 -4.4193e-02
% f evaluations | g evaluations | best noise-free fitness - Fopt (-4.806300000000e+02) + sum g_i+ | measured fitness | best measured fitness or single-digit g-values | x1 | x2...
1 0 +2.165058105e+05 +2.160251805e+05 +2.160251805e+05 -2.9977e+00 +3.5613e+00 +2.1845e+00 -3.1706e+00 +1.0332e+00 -2.3241e+00 +3.3846e+00 -1.9099e+00 -7.6356e-01 -3.4483e+00
2 0 +1.316796057e+05 +1.311989757e+05 +1.311989757e+05 +7.2477e-01 -2.3270e+00 +5.9891e-02 +4.5380e+00 -1.7640e+00 -4.2354e+00 -2.7476e+00 +3.9162e+00 -2.1646e+00 +1.9566e+00
3 0 +6.131919199e+04 +6.083856199e+04 +6.083856199e+04 -2.4263e+00 -3.4834e-01 -1.7695e+00 +4.4379e+00 +1.7849e+00 +2.6519e+00 +2.7304e+00 -7.8071e-01 -2.3534e+00 -2.0148e+00
9 0 +3.119174845e+04 +3.071111845e+04 +3.071111845e+04 +1.1749e+00 +1.7721e+00 +2.2184e+00 -1.4934e+00 +2.4334e+00 -3.4441e+00 -1.5335e+00 -4.9769e+00 -1.4334e+00 +1.7111e+00
18 0 +2.952773510e+04 +2.904710510e+04 +2.904710510e+04 -1.0486e+00 +3.7507e+00 -1.9490e+00 -2.7639e+00 -5.7861e-01 -2.4513e+00 -4.5030e-01 -2.3054e+00 -1.8035e-01 -3.9693e-01
36 0 +2.213067440e+04 +2.165004440e+04 +2.165004440e+04 -5.9416e-01 -3.2337e+00 -3.7851e-01 +2.7842e+00 -2.9793e-02 -4.3790e-01 +7.7781e-01 +5.1608e-01 +4.4804e+00 +2.3799e+00
38 0 +1.355429315e+04 +1.307366315e+04 +1.307366315e+04 +1.8899e+00 -5.0842e-01 +4.6764e-01 +6.2086e-01 +3.4754e+00 -5.7919e-01 -3.9820e-01 +1.9594e+00 -6.5865e-01 +1.5167e-01
126 0 +1.693603599e+02 -3.112696401e+02 -3.112696401e+02 -2.1365e-01 +1.8861e-01 +1.5583e-01 +1.2960e-01 -3.0214e-02 -6.1111e-01 +2.2699e-01 +1.3505e-01 +4.8751e-02 -3.3094e-01
129 0 +7.216282791e+01 -4.084671721e+02 -4.084671721e+02 -1.6299e-01 +6.8396e-02 +8.6155e-02 +6.3728e-02 -2.7479e-02 -2.8064e-01 +9.0660e-02 +1.0136e-01 -1.4113e-03 -1.1462e-01
133 0 +5.748093863e+01 -4.231490614e+02 -4.231490614e+02 -4.3547e-02 -9.2188e-02 +3.5726e-02 +2.6426e-02 -1.0234e-02 -1.1638e-01 +1.4234e-01 +4.2030e-02 -1.6623e-01 -5.4810e-02
298 0 +5.172731050e+01 -4.289026895e+02 -4.289026895e+02 -1.9029e-01 -6.4161e-02 +1.6075e-01 +2.6124e-02 -1.4219e-02 -1.4454e-01 +6.7648e-02 -2.1900e-01 -1.1601e-01 -8.1084e-02
480 0 +4.894361560e+01 -4.316863844e+02 -4.316863844e+02 +1.8328e-02 +3.2528e-03 +2.4827e-02 +3.0253e-02 -4.7717e-03 +7.9651e-02 +2.3621e-02 -1.4640e-01 -2.4313e-01 -1.2442e-01
536 0 +4.712363243e+01 -4.335063676e+02 -4.335063676e+02 +5.1980e-03 +5.8059e-02 +1.1176e-01 -5.4721e-02 +8.0078e-03 -2.7826e-02 +6.6990e-03 -1.0271e-01 -1.5190e-01 -3.6845e-02
601 0 +4.499988406e+01 -4.356301159e+02 -4.356301159e+02 +5.2867e-03 +9.4930e-02 +1.1240e-01 -5.3838e-02 +7.5048e-03 -8.5502e-02 +1.7342e-01 -1.0297e-01 -2.1698e-01 -3.6622e-02
802 0 +4.245364374e+01 -4.381763563e+02 -4.381763563e+02 +1.8778e-01 +5.0137e-02 +1.9375e-01 +6.1941e-02 -2.4722e-02 -2.5370e-02 -5.8832e-03 -2.5712e-01 -3.4708e-01 -1.2727e-02
901 0 +4.122058310e+01 -4.394094169e+02 -4.394094169e+02 +2.5268e-01 +4.8757e-02 +1.8712e-01 -6.2156e-02 -2.3926e-02 -2.7170e-02 -8.8125e-03 -2.7613e-01 -4.9596e-01 -1.2188e-02
1101 0 +3.680326421e+01 -4.438267358e+02 -4.438267358e+02 +6.2841e-02 -1.9252e-02 +3.5692e-01 -7.1904e-02 -8.4384e-02 +1.2641e-02 +3.8187e-01 -5.4083e-02 -2.8092e-01 -1.4085e-01
1301 0 +3.328840657e+01 -4.473415934e+02 -4.473415934e+02 +2.6569e-02 -1.5779e-03 +3.3435e-01 -2.0628e-01 -8.7670e-02 +1.0875e-01 +2.8722e-01 -1.7027e-01 -9.0681e-02 -1.8978e-01
4101 0 +2.900472110e+01 -4.516252789e+02 -4.516252789e+02 -7.1190e-02 -2.2832e-01 +2.3864e-01 +4.2460e-02 -1.0866e-01 +1.0161e-01 +2.1212e-01 -2.2756e-01 -3.2169e-01 -1.7131e-02
4273 0 +2.864020138e+01 -4.519897986e+02 -4.519897986e+02 -1.2834e-01 -1.3904e-01 +2.5739e-01 +1.1675e-02 -3.5387e-02 +9.1037e-02 +2.0818e-01 -2.8627e-01 -3.1768e-01 +1.9207e-02
4901 0 +2.376931331e+01 -4.568606867e+02 -4.568606867e+02 -2.2325e-01 -2.0850e-01 +2.2458e-01 +1.1083e-01 -7.4494e-02 +2.1069e-01 +4.2521e-01 -2.7420e-01 -3.9513e-01 +4.1704e-02
5201 0 +1.879169925e+01 -4.618383008e+02 -4.618383008e+02 -2.0428e-01 -2.3824e-01 +2.6422e-01 +6.1969e-02 -5.4241e-02 +1.0057e-01 +3.6640e-01 -4.5359e-01 -4.7912e-01 +1.9610e-02
% f evaluations | g evaluations | best noise-free fitness - Fopt (4.447000000000e+01) + sum g_i+ | measured fitness | best measured fitness or single-digit g-values | x1 | x2...
1 0 +1.373335269e+05 +1.373779969e+05 +1.373779969e+05 +2.6084e+00 +3.6365e+00 +5.9573e-01 -1.6788e+00 -1.3156e+00 +3.0125e+00 +1.2404e+00 +3.2481e+00 -2.5125e+00 -2.0642e-01
3 0 +1.012922962e+05 +1.013367662e+05 +1.013367662e+05 -1.2228e+00 -3.3188e+00 -1.6074e+00 -3.0509e-01 -4.9264e+00 +2.5896e+00 -3.3404e+00 +1.0413e+00 +8.2852e-01 +4.3446e+00
5 0 +7.733373174e+04 +7.737820174e+04 +7.737820174e+04 +4.1701e+00 -1.3884e+00 -4.2453e+00 -2.1824e+00 -1.0807e+00 -6.0928e-01 +2.0246e+00 +1.6637e+00 +9.9407e-02 -2.3950e+00
8 0 +7.120464717e+04 +7.124911717e+04 +7.124911717e+04 -5.3048e-01 -2.1260e-01 -4.2192e+00 +2.6829e+00 +2.2480e+00 +1.7090e+00 -1.0855e+00 +3.4535e+00 -2.2452e-01 -2.5648e+00
12 0 +4.190159337e+04 +4.194606337e+04 +4.194606337e+04 +4.2155e+00 -2.6119e+00 +1.9691e+00 +1.7563e+00 -7.6581e-01 -3.5472e-01 -4.2067e+00 +3.1579e+00 -1.5078e+00 -4.2669e+00
19 0 +3.153512898e+04 +3.157959898e+04 +3.157959898e+04 +2.5813e+00 -3.6905e+00 -8.5951e-01 -3.4897e+00 +7.9706e-01 -1.4097e-01 +2.4708e-01 +3.5786e+00 +2.6379e+00 +1.4519e+00
27 0 +1.447631945e+04 +1.452078945e+04 +1.452078945e+04 +3.8135e+00 -4.9510e+00 +1.9426e+00 +6.3224e-03 -3.6574e+00 -2.6261e+00 +2.4533e-01 -2.9159e-01 +2.4102e-01 -4.0009e-01
29 0 +1.419194849e+04 +1.423641849e+04 +1.423641849e+04 +2.4252e-01 -4.4373e+00 +2.7432e+00 -4.0639e+00 -1.2368e-01 -2.8599e+00 +1.4888e+00 +1.8764e+00 +7.1908e-01 -3.1104e-01
126 0 +4.587636132e+02 +5.032336132e+02 +5.032336132e+02 -5.4493e-02 -9.7767e-01 -2.3009e-01 -2.4546e-01 +4.6913e-01 -4.2105e-01 +7.8116e-02 +9.9337e-01 +2.2587e-01 -3.4727e-01
127 0 +3.538343642e+02 +3.983043642e+02 +3.983043642e+02 -4.1609e-02 -7.4651e-01 -2.0939e-01 -1.1013e-01 +3.9315e-01 -2.5951e-01 +1.3856e-02 +8.4473e-01 +1.7246e-01 -3.8778e-01
129 0 +3.225284152e+02 +3.669984152e+02 +3.669984152e+02 -1.5177e-01 -6.9502e-01 -2.3750e-01 -2.3508e-01 +4.0630e-01 -2.9435e-01 +6.7654e-02 +8.6237e-01 +3.1120e-01 -4.3433e-01
130 0 +1.442476814e+02 +1.887176814e+02 +1.887176814e+02 -1.6941e-02 -2.8574e-01 -8.5251e-02 -5.7991e-02 +1.2961e-01 -1.0565e-01 +6.2059e-02 +6.0241e-01 +1.4762e-01 -1.5590e-01
133 0 +7.931328636e+01 +1.237832864e+02 +1.237832864e+02 -4.3360e-03 -7.7793e-02 -2.1820e-02 -2.1598e-02 +1.1711e-01 -4.1850e-02 -1.1722e-02 +1.9475e-01 -7.5312e-02 -3.9904e-02
140 0 +7.554366378e+01 +1.200136638e+02 +1.200136638e+02 -1.1599e-02 -1.3582e-01 +8.3347e-02 +2.8036e-03 +9.9852e-02 -3.8065e-02 +1.6627e-02 +6.0844e-02 +4.8075e-02 -1.0674e-01
156 0 +6.881066153e+01 +1.132806615e+02 +1.132806615e+02 -9.6396e-03 -1.2346e-01 -2.3081e-02 -6.1650e-02 +8.2986e-02 -6.0121e-02 +3.4122e-02 +4.8031e-02 +3.9955e-02 -8.8711e-02
183 0 +6.208929279e+01 +1.065592928e+02 +1.065592928e+02 -4.4036e-04 +1.7388e-01 -2.2267e-03 -2.1934e-03 +3.7910e-03 -2.7465e-03 +7.0538e-03 +8.0275e-03 +1.8252e-03 -8.1870e-02
196 0 +5.797421858e+01 +1.024442186e+02 +1.024442186e+02 -1.1228e-03 -2.0144e-02 -5.6502e-03 +9.6401e-03 +2.3891e-02 -7.0025e-03 +6.6308e-02 +2.0467e-02 +4.6537e-03 -1.0333e-02
264 0 +5.745205271e+01 +1.019220527e+02 +1.019220527e+02 -1.1840e-01 -2.5496e-02 -7.7997e-02 -7.2418e-03 +1.4655e-02 +7.5103e-02 +4.4913e-03 +1.7790e-02 +7.0470e-03 +3.6959e-02
349 0 +5.035775634e+01 +9.482775634e+01 +9.482775634e+01 -4.1713e-02 +9.4068e-02 -1.6513e-01 -9.6773e-03 +1.7157e-02 -7.4694e-04 +8.9670e-03 -1.2506e-02 +1.7639e-02 -8.0832e-03
465 0 +4.982650320e+01 +9.429650320e+01 +9.429650320e+01 -5.3982e-03 +5.0494e-02 -1.5599e-01 -5.7182e-03 +2.9573e-02 -1.2984e-01 +8.7926e-03 -1.0081e-01 +7.0741e-02 +7.1131e-02
471 0 +4.836840791e+01 +9.283840791e+01 +9.283840791e+01 -5.9316e-02 +6.7962e-02 -1.9406e-01 -5.2024e-02 +1.0539e-01 -4.7327e-02 +5.4515e-03 -1.1979e-01 -4.2338e-02 -7.8822e-03
501 0 +4.714506561e+01 +9.161506561e+01 +9.161506561e+01 -7.1939e-02 +8.2723e-02 -2.1987e-01 -9.3978e-02 +1.0338e-01 -1.4041e-02 +1.4377e-01 +8.2103e-02 -6.4073e-02 -7.5821e-03
604 0 +4.461615950e+01 +8.908615950e+01 +8.908615950e+01 -5.1759e-02 +2.1872e-01 -1.5312e-01 -3.2765e-02 +9.9859e-02 -1.4214e-01 +4.5409e-03 -1.5992e-02 -3.4729e-03 -1.0233e-02
932 0 +4.135057497e+01 +8.582057497e+01 +8.582057497e+01 -6.6562e-02 +1.3441e-01 -2.0894e-01 -8.9346e-03 +8.1042e-02 -8.9908e-02 +4.1699e-02 -5.0452e-02 +3.8005e-02 +8.6781e-02
1343 0 +4.039808207e+01 +8.486808207e+01 +8.486808207e+01 -1.4845e-01 +8.6106e-02 -2.1102e-01 -6.3264e-02 +7.5746e-02 -2.6668e-02 +1.2820e-01 -5.2693e-02 -6.3247e-02 +8.6273e-02
1462 0 +3.847623475e+01 +8.294623475e+01 +8.294623475e+01 -8.0359e-02 +9.6476e-02 -3.7557e-01 -5.1703e-02 +1.1203e-01 -8.3899e-02 +1.3158e-01 -4.4460e-02 -3.8146e-03 +3.9644e-02
1501 0 +3.531102678e+01 +7.978102678e+01 +7.978102678e+01 -2.4310e-01 +7.6382e-02 -2.5557e-01 -6.1219e-02 +1.6868e-01 -3.5786e-01 +4.2426e-02 +4.9713e-02 +1.1802e-01 +8.7339e-02
1702 0 +3.267387457e+01 +7.714387457e+01 +7.714387457e+01 -2.9274e-01 +5.6643e-02 -3.2302e-01 +4.7408e-02 +5.2377e-02 -2.5092e-01 +1.9078e-01 -5.7697e-03 +2.2715e-01 +9.2449e-02
1801 0 +3.155980709e+01 +7.602980709e+01 +7.602980709e+01 -5.3120e-01 -1.1836e-01 -5.7821e-01 +1.2101e-01 +2.3283e-01 -4.6300e-01 +2.8073e-01 -3.8287e-02 +4.3508e-01 +2.6080e-01
1982 0 +3.086381002e+01 +7.533381002e+01 +7.533381002e+01 -3.3635e-01 -1.8381e-02 -3.1495e-01 +2.3644e-02 +1.3070e-01 -2.7910e-01 +1.5966e-01 +2.3290e-02 +1.7078e-01 +7.2186e-02
2000 0 +2.912405592e+01 +7.359405592e+01 +7.359405592e+01 -2.4530e-01 +2.4249e-01 -4.0912e-01 -5.9010e-02 +8.5917e-02 -1.6083e-01 +1.7109e-01 +4.8386e-02 +1.2402e-01 +1.2303e-01
2001 0 +2.437582652e+01 +6.884582652e+01 +6.884582652e+01 -3.2313e-01 +3.7509e-01 -6.6945e-01 -1.2296e-01 +1.1591e-01 -2.0422e-01 +1.9139e-01 +1.4716e-02 +9.1080e-03 +1.0038e-01
2402 0 +2.225296296e+01 +6.672296296e+01 +6.672296296e+01 -5.0905e-01 +2.4299e-01 -4.6566e-01 -1.8586e-02 +1.9730e-01 -3.4020e-01 +1.4783e-01 +1.9880e-01 +2.4781e-01 +8.4693e-02
3202 0 +1.762040238e+01 +6.209040238e+01 +6.209040238e+01 -4.5569e-01 +1.8067e-01 -7.6017e-01 -1.9283e-01 +1.0741e-01 -2.9340e-01 +4.0327e-01 +3.4324e-01 +1.2488e-01 +9.4079e-03
4301 0 +1.623231958e+01 +6.070231958e+01 +6.070231958e+01 -4.4185e-01 +2.0621e-01 -6.9192e-01 -2.1971e-01 +2.3934e-01 -6.6012e-01 +1.9512e-01 +1.8223e-01 +3.1957e-01 +1.1943e-01
9602 0 +1.398342645e+01 +5.845342645e+01 +5.845342645e+01 -3.5018e-01 +2.0314e-01 -7.6798e-01 -1.3949e-01 +7.8192e-02 -3.9811e-01 +2.2638e-01 +1.2369e-01 +3.4314e-01 +8.0693e-02
% f evaluations | g evaluations | best noise-free fitness - Fopt (-6.386000000000e+01) + sum g_i+ | measured fitness | best measured fitness or single-digit g-values | x1 | x2...
1 0 +6.960476133e+04 +6.954090133e+04 +6.954090133e+04 -1.8141e+00 -1.2908e+00 +2.9126e+00 -2.3202e+00 +3.1732e+00 +1.9155e+00 +1.0697e+00 -3.1163e+00 -2.9066e+00 -1.8479e+00
21 0 +5.041897042e+04 +5.035511042e+04 +5.035511042e+04 +4.5836e-01 -1.6786e+00 +4.8021e-01 +4.1951e+00 +4.2859e-01 -2.0872e+00 -3.2009e+00 +3.4302e+00 +1.5950e+00 +1.0091e+00
31 0 +3.829774667e+04 +3.823388667e+04 +3.823388667e+04 +4.3961e-01 -2.8080e+00 -2.6149e+00 -3.3796e+00 -2.0024e+00 +2.5075e+00 +4.1954e+00 -2.5398e-01 +3.9002e+00 -8.0580e-01
32 0 +7.761907043e+03 +7.698047043e+03 +7.698047043e+03 -6.3176e-01 -1.7736e+00 -2.4267e+00 -2.1571e+00 -1.2654e+00 +6.4293e-01 -8.7286e-01 +2.0305e+00 -8.7568e-01 +1.9959e-01
126 0 +1.675256045e+02 +1.036656045e+02 +1.036656045e+02 -3.2324e-01 -2.7288e-01 -2.1505e-01 +1.0833e-01 +2.3980e-02 +2.7485e-01 -1.1350e-01 -2.2645e-02 +2.0205e-01 -4.7783e-01
129 0 +8.451150356e+01 +2.065150356e+01 +2.065150356e+01 -2.5167e-01 -1.1601e-01 -1.5401e-01 +3.6825e-02 +1.6615e-01 -1.0326e-02 -8.1280e-02 +1.6633e-02 +9.3661e-02 -1.8526e-01
133 0 +5.508379558e+01 -8.776204420e+00 -8.776204420e+00 -2.9926e-02 -2.0867e-02 -1.6445e-02 +3.9321e-03 -1.5509e-01 -1.1696e-01 -3.6534e-02 -1.1159e-01 +5.7106e-02 -8.2873e-02
328 0 +5.472388257e+01 -9.136117433e+00 -9.136117433e+00 -1.3337e-01 -3.4885e-02 +7.9695e-02 -7.9284e-02 +5.0383e-02 -3.6793e-02 +5.5198e-02 -2.8274e-02 +4.4689e-02 -2.1354e-02
334 0 +5.237350505e+01 -1.148649495e+01 -1.148649495e+01 -1.2651e-01 -1.2997e-02 +7.5593e-02 -7.5203e-02 -1.6824e-02 -3.4899e-02 +2.1024e-01 -2.6819e-02 +4.2451e-02 +1.0747e-02
337 0 +4.676728658e+01 -1.709271342e+01 -1.709271342e+01 -1.4423e-01 -1.2232e-01 +3.0662e-02 -1.7309e-02 -2.0728e-01 -1.4746e-01 +2.1237e-02 -6.9509e-02 +2.1327e-02 -9.8603e-03
340 0 +4.560925341e+01 -1.825074659e+01 -1.825074659e+01 -1.6285e-01 -4.2095e-02 +4.1964e-02 -4.1748e-02 -2.2469e-02 -1.6606e-01 +2.9065e-02 -1.2699e-01 +1.0688e-01 -1.1244e-02
601 0 +4.212161997e+01 -2.173838003e+01 -2.173838003e+01 -1.3017e-01 -1.1072e-01 +2.5449e-02 -7.3154e-02 -1.7403e-01 -1.9744e-01 +1.8648e-01 -3.3457e-01 -2.7762e-02 -9.2212e-02
799 0 +4.090410215e+01 -2.295589785e+01 -2.295589785e+01 -1.8682e-01 -2.7528e-02 +7.9145e-02 -2.5860e-02 -1.0812e-01 -2.0933e-01 +7.0660e-02 -6.1023e-02 +5.1410e-02 -3.7422e-02
941 0 +3.827064261e+01 -2.558935739e+01 -2.558935739e+01 -2.6732e-01 -2.0210e-01 +1.1604e-01 -7.1152e-02 -6.0172e-02 -1.8441e-01 +1.0930e-01 -8.5039e-02 +9.0461e-02 -1.3548e-01
1002 0 +3.579057447e+01 -2.806942553e+01 -2.806942553e+01 -1.4226e-01 -5.4970e-02 -7.0891e-02 -9.3312e-02 -1.0375e-01 -3.0178e-01 +1.9518e-01 -9.9174e-02 -1.1611e-02 -1.1223e-01
1102 0 +3.123618749e+01 -3.262381251e+01 -3.262381251e+01 -2.6874e-01 -9.3365e-03 -2.6709e-01 -1.4495e-01 -1.4074e-01 -4.4467e-01 +2.7595e-01 -8.1279e-02 -1.4404e-01 -7.8262e-02
1405 0 +2.975117316e+01 -3.410882684e+01 -3.410882684e+01 -2.3490e-01 +3.3192e-02 -3.3601e-01 -2.1918e-01 -5.7374e-02 -7.6461e-01 +1.5188e-01 -1.6755e-01 +1.6324e-01 -1.4759e-01
1506 0 +2.913421236e+01 -3.472578764e+01 -3.472578764e+01 -1.7618e-01 -1.1351e-01 +3.3577e-02 -1.2344e-01 -1.4481e-01 -4.6147e-01 +1.0663e-01 -2.8549e-01 +2.3652e-01 -2.4416e-01
1604 0 +2.837966306e+01 -3.548033694e+01 -3.548033694e+01 -2.8884e-01 -5.8808e-02 -1.6167e-01 -1.0816e-01 -7.0122e-02 -4.0929e-01 +3.6764e-01 -2.2955e-01 +1.3575e-01 -2.2225e-01
1902 0 +2.487912794e+01 -3.898087206e+01 -3.898087206e+01 -3.6537e-01 -1.3489e-01 -1.8067e-01 -1.2121e-01 -1.7385e-01 -4.4361e-01 +1.5655e-01 -2.9948e-01 +2.1844e-01 -1.9905e-01
2281 0 +2.208538823e+01 -4.177461177e+01 -4.177461177e+01 -3.3465e-01 -1.6416e-01 +1.0093e-02 -8.5633e-02 -2.1898e-01 -3.8922e-01 +1.5994e-01 -1.2584e-01 +1.7631e-01 -3.1483e-01
2601 0 +1.956780565e+01 -4.429219435e+01 -4.429219435e+01 -3.8490e-01 -8.4754e-02 -5.6401e-02 -1.4461e-01 -1.6046e-01 -5.9218e-01 +1.3880e-01 -1.0058e-01 +3.2997e-01 -2.7472e-01
2701 0 +1.832421969e+01 -4.553578031e+01 -4.553578031e+01 -4.0183e-01 -1.5370e-01 -1.2818e-01 -2.0820e-01 -1.1517e-01 -6.6434e-01 +3.4077e-01 -1.3487e-01 +5.0589e-01 -3.6983e-01
3402 0 +1.537436481e+01 -4.848563519e+01 -4.848563519e+01 -3.3674e-01 -2.2866e-01 -4.3090e-02 -1.2649e-01 -2.3269e-01 -6.6594e-01 +1.2190e-01 -7.4369e-02 +2.8841e-01 -3.6894e-01
5002 0 +1.396639557e+01 -4.989360443e+01 -4.989360443e+01 -3.5216e-01 -1.4532e-01 -2.6337e-02 -6.2668e-02 -6.4032e-02 -5.5828e-01 +1.0534e-01 -2.0505e-01 +2.9158e-01 -3.4643e-01
5101 0 +1.031566247e+01 -5.354433753e+01 -5.354433753e+01 -4.9420e-01 -1.8655e-01 +5.3947e-02 -8.3622e-02 -6.4343e-02 -7.1094e-01 +1.3167e-01 -2.6445e-01 +5.1177e-01 -5.2213e-01
% f evaluations | g evaluations | best noise-free fitness - Fopt (6.890000000000e+00) + sum g_i+ | measured fitness | best measured fitness or single-digit g-values | x1 | x2...
1 0 +1.389653673e+05 +1.389722573e+05 +1.389722573e+05 -3.4906e+00 +3.8934e+00 +2.6984e+00 -2.0757e+00 -2.2994e+00 +1.0376e+00 -8.7749e-01 +4.8301e+00 +1.7337e+00 -2.6777e+00
3 0 +1.089541476e+05 +1.089610376e+05 +1.089610376e+05 +2.4687e+00 +3.0223e+00 -4.0819e+00 -2.2602e+00 -3.6422e+00 -4.0308e+00 +3.0527e+00 +4.0962e+00 -1.2702e+00 -1.8171e+00
4 0 +6.155476724e+04 +6.156165724e+04 +6.156165724e+04 +4.3619e-01 -1.9153e-01 +1.3563e+00 +9.1122e-01 +3.8518e+00 -3.9961e+00 -2.9652e+00 -2.4528e+00 +1.1283e+00 -8.2709e-01
11 0 +5.264735723e+04 +5.265424723e+04 +5.265424723e+04 +3.2101e+00 +2.3762e+00 +3.9221e+00 +1.8294e+00 +1.5610e+00 -1.9566e+00 +2.4029e+00 -8.9179e-01 -7.4118e-01 +3.1521e+00
15 0 +3.488989722e+04 +3.489678722e+04 +3.489678722e+04 -7.7717e-01 +2.4164e+00 -2.4186e+00 -1.5827e+00 +6.1398e-01 +2.6176e+00 +2.8417e+00 -1.6205e-01 +4.2756e-01 +3.7768e+00
45 0 +2.720072998e+04 +2.720761998e+04 +2.720761998e+04 +2.3486e+00 +5.5765e-02 +1.9105e+00 -9.8045e-01 +2.7599e+00 +3.3670e+00 +9.1851e-02 -6.6358e-01 +1.4513e+00 -2.3932e+00
126 0 +6.642675408e+01 +7.331675408e+01 +7.331675408e+01 -8.0031e-02 +3.0508e-03 +8.3900e-02 -7.0023e-03 +8.0115e-03 +5.7235e-02 -3.3448e-02 +8.5970e-02 -1.0774e-02 -1.5845e-02
149 0 +6.444693283e+01 +7.133693283e+01 +7.133693283e+01 +1.8065e-02 +2.1463e-03 -1.8817e-04 +3.0453e-02 +5.6364e-03 +4.9700e-03 +7.4588e-03 +4.7840e-02 -8.3439e-02 -1.1148e-02
201 0 +5.716900293e+01 +6.405900293e+01 +6.405900293e+01 -5.4366e-01 -6.4014e-02 -2.8874e-01 +2.0785e-01 -2.7066e-01 -2.0008e-01 +1.7327e-01 -1.5936e-01 +8.9534e-02 +3.2885e-01
202 0 +5.497431661e+01 +6.186431661e+01 +6.186431661e+01 -5.6950e-01 -4.9020e-02 -2.4111e-01 +1.1251e-01 -7.7237e-02 -1.6618e-01 +1.1913e-01 -1.7817e-01 +1.0654e-01 +2.5460e-01
304 0 +5.360693349e+01 +6.049693349e+01 +6.049693349e+01 -7.7648e-02 +6.9103e-02 -2.6045e-02 -3.6568e-02 +1.6258e-02 -1.3880e-01 -1.0652e-01 +1.7329e-02 -1.5385e-01 +1.9964e-01
334 0 +4.743469252e+01 +5.432469252e+01 +5.432469252e+01 -1.4200e-01 -3.7195e-02 -4.5796e-02 +2.1606e-02 -1.6992e-01 +8.2611e-02 +3.0133e-02 -6.7530e-02 +1.0471e-01 -8.4110e-03
411 0 +4.584878535e+01 +5.273878535e+01 +5.273878535e+01 -2.4390e-01 +6.5656e-02 -4.4176e-02 -5.7290e-02 -1.9861e-01 +1.4922e-01 -1.9359e-01 -1.8741e-01 -1.4125e-01 +6.8823e-02
713 0 +4.467940234e+01 +5.156940234e+01 +5.156940234e+01 -2.9220e-01 -1.8621e-01 -8.4379e-02 -8.2188e-02 -5.7997e-01 +2.8287e-01 +1.0895e-01 -1.1233e-01 +6.2950e-01 -4.8222e-02
749 0 +4.227851441e+01 +4.916851441e+01 +4.916851441e+01 -2.0718e-01 -6.5797e-02 -1.4881e-02 -5.0286e-03 -2.0375e-01 +1.0035e-02 -2.5130e-02 -1.9624e-01 +2.0354e-02 +1.0559e-01
902 0 +4.123580250e+01 +4.812580250e+01 +4.812580250e+01 -2.0687e-01 -2.3544e-02 -4.6738e-02 +6.9744e-03 -1.5829e-01 -2.7719e-02 -7.9485e-02 -2.5657e-01 -9.6662e-02 +4.0428e-02
908 0 +4.002844251e+01 +4.691844251e+01 +4.691844251e+01 -3.6964e-01 -7.6631e-02 -1.8058e-01 +2.2329e-01 -5.6826e-01 +3.0416e-01 +1.6094e-01 +1.3551e-02 +2.0895e-01 +1.7507e-02
1181 0 +3.570684410e+01 +4.259684410e+01 +4.259684410e+01 -2.7732e-01 -1.6622e-01 -3.3256e-02 +1.1472e-01 -1.9555e-01 +7.4933e-02 -8.1683e-03 -3.3216e-01 +6.8588e-02 +1.3646e-02
1421 0 +2.871936519e+01 +3.560936519e+01 +3.560936519e+01 -3.8689e-01 -2.2375e-01 -8.7525e-02 +2.1180e-01 -2.5647e-01 +2.3792e-01 -1.5666e-02 -3.0313e-01 +6.1333e-02 +9.9339e-03
2404 0 +2.604677342e+01 +3.293677342e+01 +3.293677342e+01 -2.4954e-01 -2.0012e-01 -1.3705e-01 +5.5772e-02 -3.1581e-01 +3.9654e-01 -6.1679e-02 -2.9364e-01 +5.8047e-02 -3.0747e-02
4701 0 +2.535627915e+01 +3.224627915e+01 +3.224627915e+01 -3.7421e-01 -4.4978e-02 -3.0514e-01 +2.5770e-01 -7.5020e-02 +4.9088e-01 -3.6704e-02 -4.6881e-01 -1.0515e-01 +3.2474e-01
4992 0 +2.276258727e+01 +2.965258727e+01 +2.965258727e+01 -4.3088e-01 -1.1257e-01 -1.9507e-01 +9.6411e-02 -2.3341e-01 +2.8229e-01 -5.6261e-02 -3.2235e-01 -3.3150e-02 +1.3217e-01
5819 0 +2.112198993e+01 +2.801198993e+01 +2.801198993e+01 -4.0766e-01 -2.1245e-01 -1.9876e-01 +1.8612e-02 -1.7152e-01 +7.0862e-01 -2.8637e-01 -5.0414e-01 -2.4433e-02 -1.3808e-01
6001 0 +2.001984642e+01 +2.690984642e+01 +2.690984642e+01 -3.6612e-01 -3.2093e-01 -1.1320e-01 +4.9316e-02 -2.9591e-01 +4.9696e-01 -2.1809e-01 -3.0172e-01 -2.0626e-03 -1.9259e-02
6002 0 +1.626115431e+01 +2.315115431e+01 +2.315115431e+01 -5.8795e-01 -1.7836e-01 -2.7364e-01 +2.3406e-02 -2.4313e-01 +6.3759e-01 -1.0466e-01 -4.2351e-01 -6.9405e-02 +9.7690e-02
8501 0 +1.463611516e+01 +2.152611516e+01 +2.152611516e+01 -3.6599e-01 -1.9352e-01 -1.4897e-01 +5.6679e-02 -2.5990e-01 +5.4738e-01 -2.5118e-01 -5.8942e-01 -1.2018e-02 -1.5916e-02
% f evaluations | g evaluations | best noise-free fitness - Fopt (-4.160800000000e+02) + sum g_i+ | measured fitness | best measured fitness or single-digit g-values | x1 | x2...
1 0 +5.162857548e+04 +5.121249548e+04 +5.121249548e+04 +1.7953e+00 +3.0762e+00 +1.2180e+00 -2.7877e+00 +1.2851e+00 -1.5609e+00 +1.7186e+00 +4.9355e+00 -3.8068e+00 -5.6182e-01
2 0 +5.123943351e+04 +5.082335351e+04 +5.082335351e+04 -1.1157e+00 +2.4963e+00 +4.5294e-01 -4.0827e-01 -7.9269e-02 -3.7541e+00 -8.8584e-01 -2.2539e+00 -4.3365e+00 +1.1942e+00
12 0 +4.116583779e+04 +4.074975779e+04 +4.074975779e+04 +2.5161e+00 -4.7640e+00 +2.7399e+00 +6.0110e-01 +1.3060e+00 -4.4728e+00 -1.2396e+00 -1.5187e-01 +1.3233e+00 -7.7313e-01
20 0 +1.483382330e+04 +1.441774330e+04 +1.441774330e+04 -3.8822e-01 +3.3099e-01 -3.2961e-01 +1.6406e+00 -3.5350e+00 -2.1770e+00 +5.2423e-01 -2.2368e+00 +2.2436e+00 -3.3555e-01
126 0 +4.019010929e+02 -1.417890711e+01 -1.417890711e+01 -3.4581e-01 +1.7563e-02 +4.2668e-01 +4.5186e-01 -9.5753e-01 -2.8582e-01 -6.9988e-01 -1.0836e+00 +9.0260e-01 +8.0781e-02
127 0 +2.809416678e+02 -1.351383322e+02 -1.351383322e+02 -2.4180e-01 -3.5753e-02 +2.9834e-01 +2.9094e-01 -7.1846e-01 -1.3721e-01 -5.9409e-01 -8.7748e-01 +6.9805e-01 -6.4993e-02
128 0 +7.969660455e+01 -3.363833954e+02 -3.363833954e+02 -1.4118e-02 -2.0875e-03 -3.0795e-02 +5.5051e-02 -4.1948e-02 -1.2347e-01 -1.1279e-01 -4.4238e-02 +1.6062e-01 +1.8296e-01
130 0 +7.115645123e+01 -3.449235488e+02 -3.449235488e+02 -4.9311e-02 +1.7010e-02 +6.0843e-02 +6.4992e-02 -1.4652e-01 -2.7982e-02 -3.1891e-02 -2.1135e-01 +1.2871e-01 +1.1519e-02
138 0 +7.078970695e+01 -3.452902931e+02 -3.452902931e+02 -1.3938e-02 -2.0610e-03 +1.7198e-02 -2.9188e-03 +1.8262e-02 -8.9664e-02 -2.8210e-02 -4.3677e-02 +1.4267e-01 -1.0859e-01
158 0 +6.830512235e+01 -3.477748776e+02 -3.477748776e+02 -3.6888e-02 +7.0242e-02 +4.5515e-02 +4.8201e-02 -9.5526e-02 +1.4868e-02 -7.4658e-02 -1.6997e-01 +1.4660e-01 +8.6171e-03
201 0 +6.428243347e+01 -3.517975665e+02 -3.517975665e+02 -2.3972e-02 +1.1561e-01 +3.1832e-02 +3.1323e-02 -3.5438e-02 +5.6390e-02 -4.8517e-02 -1.3079e-01 +1.1605e-01 +1.4492e-02
208 0 +5.916101285e+01 -3.569189872e+02 -3.569189872e+02 +1.2957e-01 -1.7864e-01 -6.8349e-02 -7.2382e-02 +1.6460e-01 +2.5470e-01 +1.1211e-01 +1.9761e-01 -1.0041e-01 +8.7604e-02
238 0 +5.696637862e+01 -3.591136214e+02 -3.591136214e+02 -4.8799e-02 +1.1798e-03 +5.9341e-03 +9.5626e-03 -8.3271e-02 -2.8941e-03 -1.4568e-02 -1.0887e-01 -8.0387e-02 +2.3555e-03
342 0 +5.366431293e+01 -3.624156871e+02 -3.624156871e+02 -8.5468e-02 +3.0472e-02 +1.9717e-02 -1.3887e-01 -1.8135e-01 +4.7544e-04 -7.7743e-02 -6.8952e-02 +1.2228e-02 +1.1238e-02
460 0 +4.747217924e+01 -3.686078208e+02 -3.686078208e+02 -2.6170e-02 +1.6010e-01 +5.3879e-03 -3.1273e-01 -8.6247e-02 +1.0168e-02 -3.8482e-02 -1.9250e-01 -9.4771e-02 -1.0727e-01
664 0 +4.646438564e+01 -3.696156144e+02 -3.696156144e+02 -7.5642e-02 +2.4278e-02 -8.2984e-02 -9.9027e-02 -1.0155e-01 +2.6470e-02 +5.3968e-02 -1.8087e-01 -1.4166e-01 +2.1804e-02
702 0 +3.900080458e+01 -3.770791954e+02 -3.770791954e+02 -5.5337e-02 +1.0765e-01 -1.6889e-01 -3.2253e-01 -9.7976e-02 -6.4179e-03 +1.1107e-01 -2.2446e-01 -1.8876e-01 +2.1003e-02
801 0 +3.326066929e+01 -3.828193307e+02 -3.828193307e+02 -2.5953e-02 +1.7975e-01 -1.2844e-01 -5.1819e-01 -1.5418e-01 +1.4603e-01 +1.2251e-01 -4.8459e-01 -1.5321e-01 +7.8591e-02
1001 0 +3.181452023e+01 -3.842654798e+02 -3.842654798e+02 -2.1808e-02 +3.0747e-01 -1.6238e-01 -6.0582e-01 -1.6763e-01 -9.4936e-03 +1.3163e-01 -5.1420e-01 -1.9004e-01 +1.1399e-01
1402 0 +3.146521089e+01 -3.846147891e+02 -3.846147891e+02 -9.3727e-02 -1.2554e-01 -1.4859e-01 -4.6184e-01 -5.3507e-02 +4.6258e-02 +1.1865e-01 -3.2619e-01 -1.4723e-01 +4.8575e-01
1905 0 +3.069941420e+01 -3.853805858e+02 -3.853805858e+02 -5.2633e-02 -1.3568e-02 -1.8713e-01 -4.5192e-01 +1.0772e-02 +1.8471e-02 +2.7816e-02 -3.2377e-01 -1.1335e-01 +2.9603e-01
2210 0 +2.882904036e+01 -3.872509596e+02 -3.872509596e+02 -2.2158e-02 +1.3266e-02 -2.0745e-01 -3.6723e-01 -1.2904e-01 +1.8546e-01 +6.5234e-02 -3.3092e-01 -3.0286e-01 +3.2804e-01
2620 0 +2.805788120e+01 -3.880221188e+02 -3.880221188e+02 +4.8903e-02 -2.7417e-02 -2.6926e-01 -6.2053e-01 +1.1049e-02 +1.8907e-01 +4.0335e-02 -2.7040e-01 -5.8902e-02 +2.7026e-01
2889 0 +2.676366871e+01 -3.893163313e+02 -3.893163313e+02 +5.7890e-02 -4.3957e-02 -2.2152e-01 -5.0258e-01 -1.9371e-02 +2.5522e-01 +3.4106e-02 -1.6631e-01 -2.5714e-01 +2.5828e-01
3148 0 +2.469274819e+01 -3.913872518e+02 -3.913872518e+02 -1.7573e-02 -6.2178e-02 -2.2989e-01 -4.6641e-01 -3.2865e-02 +1.6521e-01 +5.1765e-02 -2.3680e-01 -1.8202e-01 +2.6324e-01
3401 0 +2.277812382e+01 -3.933018762e+02 -3.933018762e+02 +4.7198e-02 -3.1868e-01 -3.9622e-01 -2.6523e-01 -1.2367e-02 +2.1836e-01 +1.2846e-01 -3.0750e-01 -2.0575e-01 +3.8319e-01
3404 0 +2.098605095e+01 -3.950939491e+02 -3.950939491e+02 +3.0880e-02 -1.6769e-01 -2.1338e-01 -4.5652e-01 -1.5897e-02 +1.7759e-01 +3.5072e-02 -2.9557e-01 -2.2254e-01 +3.6734e-01
3406 0 +1.512174605e+01 -4.009582540e+02 -4.009582540e+02 +2.1826e-01 -2.4201e-01 -2.9408e-01 -6.1280e-01 -1.0975e-01 +2.0868e-01 +1.8934e-02 -3.3000e-01 -1.8041e-01 +3.7549e-01
6303 0 +1.426418019e+01 -4.018158198e+02 -4.018158198e+02 +5.4389e-02 -1.1612e-01 -2.5500e-01 -7.6044e-01 -2.0729e-01 +1.5760e-01 +1.0378e-01 -3.8914e-01 -1.8892e-01 +4.3623e-01
6618 0 +1.113562733e+01 -4.049443727e+02 -4.049443727e+02 +8.7067e-02 -1.2741e-01 -3.8465e-01 -6.6839e-01 -1.4204e-01 +1.7468e-01 +1.2426e-01 -4.0297e-01 -1.9755e-01 +4.3447e-01
% f evaluations | g evaluations | best noise-free fitness - Fopt (7.394000000000e+01) + sum g_i+ | measured fitness | best measured fitness or single-digit g-values | x1 | x2...
1 0 +1.097176842e+05 +1.097916242e+05 +1.097916242e+05 -1.5540e+00 +1.9316e+00 -1.1269e-01 -2.3198e+00 -4.3085e+00 -3.9971e+00 -1.6319e+00 -1.7783e+00 +4.3773e+00 +7.8034e-01
4 0 +3.965725089e+04 +3.973119089e+04 +3.973119089e+04 +4.0643e+00 -2.0007e+00 +3.1107e-01 -2.6264e+00 +2.8263e-01 +1.7498e-01 -1.1951e+00 +3.9081e+00 +6.4607e-01 -1.3306e+00
14 0 +2.602917657e+04 +2.610311657e+04 +2.610311657e+04 +1.3211e+00 -9.9964e-01 +3.9707e+00 -9.9737e-01 +1.3976e+00 +3.1404e+00 +1.9865e-01 -1.5196e-01 -2.8605e+00 -1.3996e+00
22 0 +1.425444242e+04 +1.432838242e+04 +1.432838242e+04 -7.6264e-01 +5.1099e-01 +3.9011e+00 +1.1250e-01 +1.3912e+00 +1.7952e+00 -2.2784e+00 -1.6317e+00 -3.0102e+00 -2.7416e+00
126 0 +7.117435019e+02 +7.856835019e+02 +7.856835019e+02 -2.0706e-01 +5.7637e-01 +1.2706e+00 -6.4683e-01 -4.0251e-01 +7.8772e-01 -1.5237e-01 -2.4139e-01 -1.0523e+00 -3.9970e-01
131 0 +7.071909926e+02 +7.811309926e+02 +7.811309926e+02 -2.3660e-01 +6.5862e-01 +1.1541e+00 -7.3914e-01 -3.1659e-01 +9.0014e-01 -1.7411e-01 -2.7584e-01 -1.0716e+00 -6.3623e-01
137 0 +9.076969148e+01 +1.647096915e+02 +1.647096915e+02 -5.0330e-02 +1.4010e-01 +2.6685e-01 -1.5723e-01 -9.7839e-02 +2.2560e-01 -3.7037e-02 +3.2235e-02 -1.6901e-01 -1.3534e-01
166 0 +7.906151778e+01 +1.530015178e+02 +1.530015178e+02 -1.1995e-02 +1.3905e-01 +6.4341e-02 -3.7472e-02 -2.3318e-02 -1.6933e-01 -1.5727e-01 -1.3984e-02 -6.0959e-02 -3.2254e-02
170 0 +6.018469467e+01 +1.341246947e+02 +1.341246947e+02 -1.1444e-01 +1.9918e-02 +2.0451e-02 -2.2354e-02 -3.9308e-03 +2.7222e-02 +9.8687e-02 -8.3420e-03 +1.2153e-01 -1.9241e-02
209 0 +5.731925122e+01 +1.312592512e+02 +1.312592512e+02 -2.5080e-01 +7.5141e-02 +5.5209e-02 -1.7814e-01 -1.7687e-01 +1.8646e-02 +6.0021e-02 +8.1827e-03 -5.8887e-02 +1.2915e-01
308 0 +5.541170610e+01 +1.293517061e+02 +1.293517061e+02 +1.0210e-01 -2.3417e-02 +5.8011e-02 -3.4219e-02 -4.2953e-02 +2.9414e-02 +1.0346e-01 -4.0762e-02 -5.7163e-02 +1.4572e-01
361 0 +5.141158070e+01 +1.253515807e+02 +1.253515807e+02 +1.3785e-02 +1.0036e-02 -1.3633e-02 -8.7283e-03 -2.1466e-01 +2.9306e-02 +2.5040e-02 -6.3882e-02 -5.9752e-02 +1.1305e-01
447 0 +5.075390420e+01 +1.246939042e+02 +1.246939042e+02 +1.0334e-02 +3.3466e-02 -1.6749e-02 +4.6433e-03 -1.0859e-01 +2.8498e-02 +1.8642e-02 -1.5968e-02 -8.5738e-02 +9.9492e-02
516 0 +4.744145882e+01 +1.213814588e+02 +1.213814588e+02 +1.6044e-01 +3.0633e-02 -1.0136e-01 +8.4669e-03 -1.4010e-01 -1.3966e-01 +3.1369e-02 -4.8685e-02 -2.6269e-03 +1.0112e-01
588 0 +4.526656192e+01 +1.192065619e+02 +1.192065619e+02 +2.7200e-02 +1.6594e-01 +8.9164e-04 -3.0497e-02 -6.1768e-02 +1.6724e-02 +1.1379e-02 -1.4005e-02 -3.4210e-02 +2.7408e-01
651 0 +4.459235023e+01 +1.185323502e+02 +1.185323502e+02 -6.4095e-02 +7.2544e-02 -3.8123e-02 -7.9578e-03 -1.3691e-01 +1.7402e-01 +1.9690e-02 -5.2675e-03 +1.2739e-01 +2.0303e-01
702 0 +4.089265615e+01 +1.148326561e+02 +1.148326561e+02 +1.1236e-01 +1.8658e-01 -2.8417e-01 -1.0505e-02 -2.5922e-01 -9.2938e-02 +7.0552e-02 -6.4538e-02 -1.3599e-01 +1.4255e-01
803 0 +3.762115534e+01 +1.115611553e+02 +1.115611553e+02 -8.1214e-02 +2.0298e-01 +2.0081e-02 -2.0887e-01 -2.2735e-01 +5.4345e-02 -1.9054e-02 +2.8517e-02 -3.4125e-03 +3.3392e-01
1101 0 +3.542825548e+01 +1.093682555e+02 +1.093682555e+02 +9.6984e-02 +2.5729e-01 -4.8440e-02 -9.1190e-02 -1.8851e-01 +1.8436e-01 -6.6048e-02 -2.6921e-03 -1.4825e-02 +3.6688e-01
1501 0 +3.393714377e+01 +1.078771438e+02 +1.078771438e+02 -2.3788e-01 +3.0696e-01 +1.9010e-01 -1.3277e-01 +7.7179e-03 +3.5725e-01 -1.9546e-01 -1.1378e-01 +6.3315e-02 +4.0048e-01
1801 0 +3.040525462e+01 +1.043452546e+02 +1.043452546e+02 -3.0535e-01 +3.7449e-01 +1.8286e-01 -1.7616e-01 +5.7792e-02 +4.5779e-01 -2.5438e-01 -1.9484e-01 +1.1553e-01 +5.1000e-01
1802 0 +2.928409238e+01 +1.032240924e+02 +1.032240924e+02 -1.1661e-01 +3.6428e-01 +1.8356e-01 -1.5520e-01 -4.5922e-02 +3.5823e-01 +4.3752e-02 -1.9062e-01 +7.3026e-02 +3.7184e-01
1891 0 +2.553423111e+01 +9.947423111e+01 +9.947423111e+01 -2.2607e-01 +2.0934e-01 +4.9394e-02 -3.4291e-01 -1.9260e-01 +1.2343e-01 -8.8221e-02 -2.3411e-01 +7.2636e-02 +4.6537e-01
2201 0 +2.388200500e+01 +9.782200500e+01 +9.782200500e+01 -2.1621e-01 +2.5512e-01 +3.1504e-01 +1.6384e-02 -9.7249e-02 +6.9781e-01 -2.0198e-01 -1.5208e-01 +4.0199e-02 +5.0058e-01
2305 0 +2.324589011e+01 +9.718589011e+01 +9.718589011e+01 -1.5769e-01 +1.4222e-01 +3.1843e-01 -1.3646e-01 -9.0932e-02 +5.0016e-01 -8.5445e-02 -1.3052e-01 +4.3455e-02 +4.8910e-01
2483 0 +2.159255581e+01 +9.553255581e+01 +9.553255581e+01 -3.1028e-01 +3.6525e-01 +1.5366e-01 -1.4134e-01 -1.2822e-01 +3.6984e-01 -6.9012e-02 -9.3259e-02 +4.2823e-02 +5.2471e-01
2802 0 +1.836289723e+01 +9.230289723e+01 +9.230289723e+01 -7.9663e-02 +1.6850e-01 +3.3639e-01 -1.9778e-01 -1.4287e-01 +7.1824e-01 -1.7459e-01 -2.4209e-01 +5.4308e-02 +7.3895e-01
2993 0 +1.452906711e+01 +8.846906711e+01 +8.846906711e+01 -9.3628e-02 +3.6119e-01 +3.0901e-01 -1.3602e-01 -1.1025e-01 +6.6247e-01 -9.4288e-02 -2.0891e-01 +3.5528e-02 +5.7434e-01
5014 0 +1.263907534e+01 +8.657907534e+01 +8.657907534e+01 -1.4395e-01 +2.4853e-01 +3.3090e-01 -2.9881e-01 -5.0699e-02 +5.6692e-01 -2.4733e-02 -3.2785e-01 +7.1592e-02 +5.3800e-01
5101 0 +8.729035471e+00 +8.266903547e+01 +8.266903547e+01 -7.5760e-02 +4.1847e-01 +3.3199e-01 -3.2350e-01 -9.3881e-02 +6.3230e-01 -5.8667e-02 -4.3729e-01 +8.4613e-02 +7.1966e-01
% f evaluations | g evaluations | best noise-free fitness - Fopt (-5.308400000000e+02) + sum g_i+ | measured fitness | best measured fitness or single-digit g-values | x1 | x2...
1 0 +3.005625332e+05 +3.000316932e+05 +3.000316932e+05 +3.4909e+00 -2.2133e+00 +3.5063e+00 +4.0696e+00 +2.3107e+00 -4.1929e+00 -5.5089e-01 +7.0937e-01 +3.2200e+00 +2.5651e+00
2 0 +5.060243225e+04 +5.007159225e+04 +5.007159225e+04 +1.9131e+00 +4.1383e+00 -2.8435e+00 +3.6681e+00 -6.1733e-01 -4.8323e+00 +2.4524e+00 -3.1425e+00 -4.0510e-01 +1.6997e+00
12 0 +4.848985753e+04 +4.795901753e+04 +4.795901753e+04 -3.0119e+00 -3.1617e-01 +6.5239e-01 +3.0698e+00 -2.5312e+00 +1.7840e-01 +1.7764e+00 +2.6143e+00 -1.3537e+00 +9.2705e-01
42 0 +2.758446599e+04 +2.705362599e+04 +2.705362599e+04 -2.2547e+00 +6.2744e-01 -4.2396e+00 +7.3391e-01 +2.7614e+00 +1.6532e+00 -4.2760e+00 +2.5253e+00 -5.7294e-01 -4.0526e+00
60 0 +2.047875707e+04 +1.994791707e+04 +1.994791707e+04 +1.2226e+00 -3.9259e+00 -3.0695e+00 -1.9490e+00 +6.7124e-01 +1.0595e+00 -4.2885e+00 +3.3386e+00 +4.1503e-01 -2.3831e+00
101 0 +1.991230963e+04 +1.938146963e+04 +1.938146963e+04 +1.2173e+00 -3.9417e+00 -3.0681e+00 -1.9591e+00 +8.9783e-01 +9.2447e-01 -4.2994e+00 +3.3352e+00 +4.1358e-01 -2.3919e+00
126 0 +3.131506354e+03 +2.600666354e+03 +2.600666354e+03 +1.6173e+00 -2.0089e+00 +8.9060e-02 -5.4904e-01 +2.8567e-01 +7.3759e-02 -1.9611e-01 -3.6774e-01 +8.3787e-01 +7.9953e-01
127 0 +1.311381119e+02 -3.997018881e+02 -3.997018881e+02 +4.4703e-01 -4.4327e-01 +1.9651e-02 -1.2115e-01 +6.3035e-02 +1.0727e-01 -1.3435e-02 -8.1143e-02 +1.7877e-01 +1.6403e-01
144 0 +7.750182292e+01 -4.533381771e+02 -4.533381771e+02 +2.4392e-01 -3.4600e-01 -3.1255e-02 -1.2119e-01 +3.8208e-02 +8.5521e-03 -1.0310e-01 -1.6946e-02 +1.2953e-01 +9.2313e-02
156 0 +7.076952375e+01 -4.600704762e+02 -4.600704762e+02 +1.9816e-01 -3.6618e-01 +1.0912e-02 -3.3368e-02 +3.5002e-02 +6.0839e-03 -7.4603e-03 -4.5057e-02 +1.1370e-01 +9.9694e-02
169 0 +6.307241603e+01 -4.677675840e+02 -4.677675840e+02 +6.5344e-02 -2.2625e-02 -1.0755e-02 -9.1635e-02 -2.3293e-01 +5.5922e-04 -6.8575e-04 +1.1465e-01 +8.8583e-02 +6.3228e-02
183 0 +5.647470545e+01 -4.743652945e+02 -4.743652945e+02 +6.6762e-02 -8.2927e-02 +3.6764e-03 -2.2664e-02 +3.0752e-02 +1.3271e-01 -7.5480e-02 -6.1464e-02 +3.1046e-02 +3.0687e-02
207 0 +5.079751533e+01 -4.800424847e+02 -4.800424847e+02 +2.2338e-02 -1.2775e-01 +5.9135e-02 +1.6594e-01 -5.6086e-03 +5.7335e-02 +3.3007e-02 +7.2198e-03 +2.0686e-02 +4.9026e-02
290 0 +4.749938049e+01 -4.833406195e+02 -4.833406195e+02 +9.5817e-02 -3.0187e-01 -9.8635e-02 -1.5033e-02 +8.2989e-03 +7.4568e-03 -2.0802e-01 -1.2704e-02 +2.2825e-02 +2.1395e-02
301 0 +4.654580989e+01 -4.842941901e+02 -4.842941901e+02 +1.0841e-01 -3.6900e-01 -1.2484e-01 -7.0148e-03 -4.6488e-02 -4.5811e-02 -2.9675e-01 -6.8661e-02 -5.4939e-02 +4.9160e-02
601 0 +4.306370697e+01 -4.877762930e+02 -4.877762930e+02 +7.5122e-02 -1.3252e-01 -1.0721e-01 +3.6637e-02 +6.5560e-02 +4.9332e-02 -3.2653e-01 +2.1996e-02 +4.0507e-02 -6.9879e-03
808 0 +3.421632436e+01 -4.966236756e+02 -4.966236756e+02 +7.6844e-02 -4.5658e-01 +2.6387e-02 +1.4722e-01 -3.4699e-02 +1.5243e-01 -1.8802e-01 +2.2234e-01 +8.4291e-02 +1.5806e-01
1301 0 +3.096531076e+01 -4.998746892e+02 -4.998746892e+02 -8.0475e-02 -5.1151e-01 -5.4931e-02 -2.2886e-02 -1.4396e-01 -1.3294e-03 -3.0793e-01 +2.5542e-01 +6.5468e-02 +2.6662e-01
3901 0 +2.925663016e+01 -5.015833698e+02 -5.015833698e+02 -1.5165e-01 -3.7364e-01 -2.0058e-01 -8.6275e-02 -1.8960e-01 -3.8208e-02 -4.3516e-01 +1.8167e-01 +1.0650e-01 +1.6825e-01
4101 0 +2.533502307e+01 -5.055049769e+02 -5.055049769e+02 -2.7087e-01 -4.1444e-01 -4.3722e-01 -1.8124e-01 -1.3320e-01 -2.6516e-02 -6.2886e-01 +1.9917e-01 +3.8934e-02 +2.0456e-01
4610 0 +2.415656151e+01 -5.066834385e+02 -5.066834385e+02 -2.4936e-01 -3.6172e-01 -4.3883e-01 -1.8513e-01 +3.9608e-02 -1.8954e-01 -6.8928e-01 +3.0784e-01 +4.9469e-03 +1.9769e-01
4709 0 +2.324879040e+01 -5.075912096e+02 -5.075912096e+02 -1.6733e-01 -2.3450e-01 -4.0012e-01 -8.7752e-02 -1.9258e-01 -2.2482e-01 -4.9076e-01 +2.8290e-01 -5.4635e-02 +2.4646e-01
4905 0 +1.191366607e+01 -5.189263339e+02 -5.189263339e+02 -2.0001e-01 -4.8973e-01 -4.8629e-01 -1.1270e-01 -3.1072e-01 -3.0558e-01 -7.8289e-01 +3.5581e-01 -1.0066e-01 +3.3226e-01
% f evaluations | g evaluations | best noise-free fitness - Fopt (1.000000000000e+03) + sum g_i+ | measured fitness | best measured fitness or single-digit g-values | x1 | x2...
1 0 +1.360516168e+05 +1.370516168e+05 +1.370516168e+05 -3.2178e+00 -2.5652e+00 +2.9440e+00 +4.6663e+00 +3.0964e+00 +1.5150e+00 +2.9545e-01 -6.8105e-01 +4.0719e+00 -3.5734e+00
2 0 +5.070570096e+04 +5.170570096e+04 +5.170570096e+04 -2.9315e+00 +3.9518e+00 +4.7058e-01 -9.0515e-01 -2.3309e-01 -2.3601e+00 +4.0576e+00 -1.3494e+00 +4.0099e+00 +1.5977e+00
3 0 +4.184112467e+04 +4.284112467e+04 +4.284112467e+04 -1.9637e+00 -2.6830e+00 -1.7053e+00 -1.7705e-01 +2.3757e+00 +3.2816e+00 -9.5167e-01 -1.6910e+00 +3.8012e+00 +2.3024e+00
18 0 +2.654517335e+04 +2.754517335e+04 +2.754517335e+04 +8.2043e-01 +2.7628e+00 +1.0070e+00 +1.9705e+00 +7.0611e-01 +3.9223e+00 +2.4326e+00 -8.1107e-01 +3.7111e-01 +1.7759e+00
72 0 +1.605459406e+04 +1.705459406e+04 +1.705459406e+04 +3.0479e+00 +1.1610e-02 -3.4911e+00 -2.9146e+00 -3.3700e+00 +2.3226e+00 +2.6956e+00 -4.7276e+00 -3.9208e+00 +3.4746e-01
86 0 +1.530809146e+04 +1.630809146e+04 +1.630809146e+04 +2.8354e+00 -3.3148e+00 +5.1354e-01 +1.3378e-01 -4.3635e+00 +2.2006e+00 +2.2894e+00 -1.5718e+00 -3.0267e+00 +6.8118e-01
126 0 +2.200651386e+03 +3.200651386e+03 +3.200651386e+03 -2.2642e-02 -7.9854e-01 +1.2115e+00 -4.2790e-02 -1.1132e+00 +2.3071e-01 +4.0210e-01 -1.0336e+00 -1.3844e+00 +1.2022e+00
127 0 +1.714910623e+02 +1.171491062e+03 +1.171491062e+03 -4.4533e-02 -1.0692e-01 +4.1890e-01 -8.7656e-02 -4.7320e-01 -3.0543e-02 +3.1999e-02 -4.8526e-01 -5.2248e-01 +3.4185e-01
129 0 +8.603895417e+01 +1.086038954e+03 +1.086038954e+03 -1.3909e-01 -3.4439e-02 +1.9067e-02 -1.0624e-01 -1.1005e-01 +1.5729e-02 +1.7698e-01 -9.7112e-02 -2.5152e-01 +1.1884e-01
130 0 +6.549808344e+01 +1.065498083e+03 +1.065498083e+03 -1.8076e-03 -6.3750e-02 +1.0003e-01 -1.6463e-02 -8.8873e-02 +1.2703e-02 -3.9904e-02 +7.5513e-02 +7.0815e-03 +9.5973e-02
164 0 +6.340685633e+01 +1.063406856e+03 +1.063406856e+03 -3.8890e-02 +1.5697e-01 +4.9485e-02 -3.1816e-03 -1.7175e-02 +2.4549e-03 +6.2038e-03 -1.5157e-02 -1.8964e-02 +1.8547e-02
166 0 +5.041787503e+01 +1.050417875e+03 +1.050417875e+03 -9.0133e-02 -4.8491e-03 +7.6092e-03 +2.1334e-01 +1.9403e-01 +9.6626e-04 +2.4418e-03 -5.9656e-03 -1.3169e-01 +7.3002e-03
208 0 +2.319964099e+01 +1.023199641e+03 +1.023199641e+03 -4.7881e-02 +1.4071e-01 -7.4785e-02 +3.4068e-01 +6.5909e-01 -8.6052e-03 -4.5729e-01 +1.9528e-01 +3.4302e-01 -3.9465e-02
2501 0 +2.199738172e+01 +1.021997382e+03 +1.021997382e+03 -1.3073e-01 +1.5716e-02 -1.9375e-02 +2.0072e-01 +4.9284e-01 -7.2849e-02 -4.5135e-01 -2.2481e-02 +4.0570e-02 +2.3017e-03
2601 0 +1.887866885e+01 +1.018878669e+03 +1.018878669e+03 -2.7623e-02 +1.8028e-01 -4.5222e-02 +2.5582e-01 +6.9677e-01 -1.0952e-01 -5.1133e-01 -2.5820e-02 -5.6347e-02 -3.3039e-04
% f evaluations | g evaluations | best noise-free fitness - Fopt (1.767100000000e+02) + sum g_i+ | measured fitness | best measured fitness or single-digit g-values | x1 | x2...
1 0 +2.316214063e+05 +2.317981163e+05 +2.317981163e+05 +3.2798e+00 +2.7010e+00 -1.0613e+00 -4.9945e+00 +2.6009e+00 -3.6046e+00 -2.6685e-01 -1.3219e+00 +4.4195e+00 -5.4175e-01
2 0 +1.211329401e+05 +1.213096501e+05 +1.213096501e+05 +3.1394e+00 -4.8753e+00 -3.4204e+00 -3.2571e+00 +2.2526e+00 +3.6715e+00 +3.0351e+00 +1.7729e+00 -3.7500e+00 -3.1538e+00
4 0 +7.497502112e+04 +7.515173112e+04 +7.515173112e+04 +3.3736e+00 +3.9863e+00 -3.7624e+00 -2.8410e+00 -9.9239e-01 +4.2068e+00 -1.1356e+00 +1.9054e+00 -3.7619e+00 +2.7778e+00
9 0 +4.494785083e+04 +4.512456083e+04 +4.512456083e+04 -1.1290e+00 -3.9609e+00 -1.5743e+00 -1.9511e+00 -3.9345e+00 -6.6272e-02 -4.9759e+00 -5.6679e-01 -7.0879e-01 +2.7820e+00
14 0 +2.306485163e+04 +2.324156163e+04 +2.324156163e+04 +3.0898e+00 +2.7261e+00 -2.4391e+00 -9.5638e-01 +4.1256e+00 +4.4172e+00 +3.9551e+00 +3.6348e+00 -2.3093e+00 -3.6981e-01
18 0 +1.732649923e+04 +1.750320923e+04 +1.750320923e+04 +2.0106e+00 +2.7295e+00 -1.7172e-02 -8.0106e-01 +1.4104e+00 +1.8413e+00 +9.4304e-01 -2.9489e+00 -3.8814e+00 +1.4641e+00
126 0 +2.617459008e+03 +2.794169008e+03 +2.794169008e+03 +1.1053e+00 +1.2530e+00 -1.4282e-01 +7.5400e-01 +1.5646e+00 +1.9485e+00 -7.2460e-01 -8.5517e-01 -1.3059e+00 -5.4576e-01
127 0 +7.406809971e+02 +9.173909971e+02 +9.173909971e+02 +4.4225e-01 +7.3360e-01 -8.0216e-02 +4.2348e-01 +8.7876e-01 +9.7710e-01 -4.0590e-01 -5.0264e-01 -7.9923e-01 -3.0652e-01
128 0 +6.779059967e+01 +2.445005997e+02 +2.445005997e+02 -1.1764e-01 +5.1306e-02 -8.4325e-02 +3.5473e-02 +6.4064e-02 +7.5224e-02 +4.7282e-02 -6.5739e-02 -1.0286e-01 -2.2346e-02
199 0 +6.448565987e+01 +2.411956599e+02 +2.411956599e+02 -4.9255e-02 +6.7115e-02 +5.9266e-02 +4.0385e-02 +8.3804e-02 +9.8402e-02 -3.8710e-02 -4.5804e-02 -6.0446e-02 -2.9232e-02
203 0 +6.221463765e+01 +2.389246376e+02 +2.389246376e+02 -2.9381e-01 -4.3688e-02 -9.4702e-02 -8.2499e-02 -1.8477e-01 -2.0709e-01 +1.1038e-01 +5.7309e-02 +2.5955e-02 -9.6738e-04
207 0 +5.208630488e+01 +2.287963049e+02 +2.287963049e+02 -4.1751e-02 -5.4257e-02 +6.1843e-03 -1.3020e-01 -4.1749e-02 -1.1579e-01 +6.2802e-02 +1.4181e-02 +2.6705e-02 -9.4253e-02
535 0 +5.097919526e+01 +2.276891953e+02 +2.276891953e+02 -1.8198e-01 +1.0153e-01 +2.5303e-02 +1.6414e-02 -2.8421e-02 -1.7414e-01 +7.7688e-03 -2.9136e-03 +7.5063e-02 -5.6713e-02
595 0 +4.772044328e+01 +2.244304433e+02 +2.244304433e+02 -2.3067e-01 -1.3985e-02 +1.0088e-02 -4.3505e-02 -5.5652e-02 -4.0761e-02 +7.2101e-02 -1.0003e-01 +3.2646e-02 -5.3195e-02
634 0 +4.670803152e+01 +2.234180315e+02 +2.234180315e+02 -1.8579e-01 -1.5421e-02 +4.3529e-02 -8.1154e-02 -3.3741e-02 -7.2110e-02 +3.1011e-02 -3.3073e-02 +3.4552e-02 -4.6028e-02
856 0 +4.217725704e+01 +2.188872570e+02 +2.188872570e+02 -3.3635e-01 -4.4430e-02 +2.2195e-01 -3.5487e-02 -1.1133e-01 -5.5317e-02 +7.3947e-03 -2.6923e-02 -2.1451e-02 -3.2643e-02
1207 0 +4.005916989e+01 +2.167691699e+02 +2.167691699e+02 -4.6375e-01 -1.7766e-01 +1.5223e-01 -2.6788e-01 -1.2516e-01 -3.2362e-02 +4.7057e-02 -1.8172e-01 +7.9034e-02 +1.2226e-01
1340 0 +3.809780728e+01 +2.148078073e+02 +2.148078073e+02 -3.3712e-01 -6.5302e-02 +2.3004e-01 -2.0050e-02 -8.6821e-02 +2.2514e-01 +6.3171e-02 -5.0721e-02 +6.5284e-02 +1.3755e-02
1612 0 +3.574275449e+01 +2.124527545e+02 +2.124527545e+02 -4.0963e-01 -1.4937e-01 +2.6793e-01 +2.4632e-02 -1.5571e-01 +3.2163e-01 +4.1591e-02 -9.2348e-02 +6.9104e-02 +7.2172e-02
2901 0 +2.976013980e+01 +2.064701398e+02 +2.064701398e+02 -2.5648e-01 -3.8295e-01 +4.1296e-01 -3.4058e-01 +5.4823e-02 +4.7693e-01 +2.5314e-02 -1.9982e-01 +1.5537e-01 +2.6603e-01
3401 0 +2.629365739e+01 +2.030036574e+02 +2.030036574e+02 -3.3771e-01 -1.6581e-01 +5.8152e-01 -3.1996e-01 +5.1015e-02 +2.9286e-01 +1.0219e-02 -2.6677e-01 +3.3156e-01 -5.9523e-02
3593 0 +2.410920117e+01 +2.008192012e+02 +2.008192012e+02 -3.5743e-01 -1.7685e-01 +5.1319e-01 -2.3550e-01 +3.3811e-02 +2.2609e-01 +3.3795e-02 -1.5822e-01 +2.8666e-01 +3.7245e-02
3968 0 +2.082370288e+01 +1.975337029e+02 +1.975337029e+02 -4.6766e-01 -2.5565e-01 +4.1165e-01 -1.4951e-01 -1.0810e-03 +3.2635e-01 -5.3077e-03 -9.2404e-02 +2.0404e-01 +6.7935e-02
4101 0 +1.430525189e+01 +1.910152519e+02 +1.910152519e+02 -7.1025e-01 -3.0838e-01 +5.0386e-01 -1.7351e-01 -8.7388e-03 +5.2540e-01 -1.3027e-02 -1.0335e-01 +1.7302e-01 +8.6217e-02
6928 0 +1.325937079e+01 +1.899693708e+02 +1.899693708e+02 -5.3617e-01 -3.2060e-01 +5.1060e-01 -3.2319e-02 +1.4106e-02 +5.6163e-01 -1.1205e-01 -2.9990e-01 +3.0724e-01 +2.2195e-01
7002 0 +1.239116902e+01 +1.891011690e+02 +1.891011690e+02 -6.5286e-01 -2.1408e-01 +4.5439e-01 -1.6507e-01 +4.7188e-03 +3.5451e-01 -2.0038e-02 -1.9478e-01 +2.0559e-01 +5.6234e-02
7207 0 +9.679673730e+00 +1.863896737e+02 +1.863896737e+02 -6.5895e-01 -2.9709e-01 +4.4229e-01 -1.5910e-01 +3.2664e-02 +4.3992e-01 -1.0210e-01 -3.7910e-01 +1.6397e-01 +1.4771e-01
% f evaluations | g evaluations | best noise-free fitness - Fopt (2.566400000000e+02) + sum g_i+ | measured fitness | best measured fitness or single-digit g-values | x1 | x2...
1 0 +1.350745282e+05 +1.353311682e+05 +1.353311682e+05 +1.7225e-01 -5.5916e-01 +1.0788e+00 +4.2405e+00 -2.1433e+00 -4.2407e+00 -3.9285e+00 +2.2169e+00 +4.2970e+00 +1.1418e+00
2 0 +5.325067351e+04 +5.350731351e+04 +5.350731351e+04 +3.3328e-01 -1.6580e+00 +1.9430e+00 -2.8560e+00 +6.0181e-02 -7.6068e-01 +2.4223e+00 -1.4097e+00 -4.5464e+00 -2.5956e+00
9 0 +3.078719230e+04 +3.104383230e+04 +3.104383230e+04 -3.6647e+00 -1.5124e+00 -1.5010e-01 -2.8255e+00 -3.9359e-01 -2.2935e+00 +2.4080e+00 +7.8759e-01 +6.5537e-01 +4.8858e+00
16 0 +1.766148437e+04 +1.791812437e+04 +1.791812437e+04 -2.4980e+00 -2.6813e+00 -1.2043e+00 -1.3257e+00 +1.2180e+00 +3.3199e-01 -1.1418e+00 +3.6089e+00 +1.5561e+00 +2.5273e+00
126 0 +2.018056684e+03 +2.274696684e+03 +2.274696684e+03 -7.7412e-01 -1.2231e+00 -9.9975e-01 -9.6264e-01 +4.0468e-01 -1.5077e+00 -2.4984e-01 +1.5610e+00 -1.3228e-01 -3.4447e-01
127 0 +8.775820545e+01 +3.443982054e+02 +3.443982054e+02 -3.6043e-02 -1.0901e-01 -1.0745e-01 -1.5012e-01 +6.3106e-02 -2.0789e-01 -1.6428e-01 +2.4003e-01 -2.1609e-02 -3.6651e-02
134 0 +7.154612002e+01 +3.281861200e+02 +3.281861200e+02 -7.1238e-02 -7.6553e-02 -7.3472e-04 -8.8586e-02 +1.2560e-01 -1.2268e-01 -2.2992e-02 -2.3730e-02 -1.2752e-02 -2.1628e-02
139 0 +6.954399196e+01 +3.261839920e+02 +3.261839920e+02 -6.6873e-02 -3.4372e-02 -9.5444e-02 +1.4042e-01 +3.4959e-02 -1.2644e-01 -2.1583e-02 +1.6842e-01 +3.8390e-02 +6.8129e-02
203 0 +6.843639972e+01 +3.250763997e+02 +3.250763997e+02 -1.5370e-02 -4.3413e-03 +1.2252e-01 -1.9114e-02 +1.6103e-01 -2.6469e-02 -4.9608e-03 -2.8654e-01 +1.7003e-03 -1.0541e-01
233 0 +5.323307186e+01 +3.098730719e+02 +3.098730719e+02 -9.8662e-02 -3.8397e-02 -1.7301e-01 -7.8148e-02 +5.1789e-02 -2.5651e-02 -8.2035e-03 +2.1031e-01 -7.5535e-03 -3.7875e-01
436 0 +5.175623156e+01 +3.083962316e+02 +3.083962316e+02 +7.2661e-02 -4.9287e-02 +1.1244e-02 +1.8800e-01 +2.4086e-02 -5.4152e-02 +9.8726e-02 +4.3581e-02 -1.3791e-03 -7.1715e-02
444 0 +5.040729861e+01 +3.070472986e+02 +3.070472986e+02 -2.5092e-02 +7.1211e-02 +5.7405e-02 -2.1443e-02 +2.8090e-02 -7.0439e-03 +1.1260e-01 +2.3608e-02 -1.1590e-03 -2.1456e-01
462 0 +4.881564926e+01 +3.054556493e+02 +3.054556493e+02 -9.2097e-02 -8.0574e-02 +1.0881e-02 -3.6029e-03 +3.2287e-02 -4.3861e-02 +9.5538e-02 +2.7184e-02 -1.3346e-03 -3.0155e-01
499 0 +4.699824124e+01 +3.036382412e+02 +3.036382412e+02 -3.2203e-02 +7.9189e-02 +7.8912e-03 +1.3062e-01 +2.5979e-02 -5.7533e-02 +1.0649e-01 +1.3397e-01 -1.4875e-03 -8.9563e-02
501 0 +4.528352774e+01 +3.019235277e+02 +3.019235277e+02 -5.6123e-02 +6.8530e-02 +7.8148e-03 +1.3229e-01 +7.7620e-02 -6.1010e-02 +2.0431e-01 +9.0142e-02 +1.3290e-01 -2.2526e-01
660 0 +4.393259393e+01 +3.005725939e+02 +3.005725939e+02 +7.0423e-02 +3.3973e-02 +2.1504e-03 +5.6521e-02 +5.0935e-02 -2.6438e-02 +1.7831e-01 +5.6649e-02 +3.8226e-02 -2.2683e-01
702 0 +3.285079450e+01 +2.894907945e+02 +2.894907945e+02 +4.2422e-02 +8.5377e-02 -2.2377e-02 +1.9007e-01 +9.0310e-02 -2.5006e-01 +2.5931e-01 +2.1548e-01 -1.3309e-01 -2.5992e-01
801 0 +2.752188135e+01 +2.841618814e+02 +2.841618814e+02 +7.7612e-02 +1.4488e-01 -3.7539e-02 +3.6640e-01 +1.8204e-01 -4.0866e-01 +3.2939e-01 +4.2999e-01 -1.6832e-01 -4.2276e-01
1861 0 +2.465103398e+01 +2.812910340e+02 +2.812910340e+02 -2.6668e-02 +2.1950e-02 +4.7475e-02 +1.3348e-01 +1.7646e-01 -1.6789e-01 +4.4619e-01 +2.0096e-01 -3.2344e-02 -3.8197e-01
2542 0 +2.403247608e+01 +2.806724761e+02 +2.806724761e+02 +5.3349e-02 +1.8154e-01 -2.8445e-02 +2.1149e-01 +1.1196e-01 -8.8636e-02 +4.3533e-01 +3.2044e-01 -4.7543e-02 -3.4501e-01
3621 0 +2.317823539e+01 +2.798182354e+02 +2.798182354e+02 -2.0005e-02 +6.8047e-02 +4.7185e-02 +2.3034e-01 +7.5429e-02 -2.6506e-01 +4.2356e-01 +8.1348e-02 -1.6226e-01 -4.5712e-01
4101 0 +2.025868662e+01 +2.768986866e+02 +2.768986866e+02 -1.2037e-01 -6.3661e-02 +2.1988e-01 -5.3184e-03 -9.3550e-03 -3.6842e-01 +5.9809e-01 +1.4989e-01 -2.7235e-01 -5.2748e-01
4403 0 +1.871308385e+01 +2.753530839e+02 +2.753530839e+02 -1.3844e-01 +1.8075e-02 +3.2028e-01 +2.9315e-02 -2.9289e-02 -3.9739e-01 +6.0097e-01 +3.3956e-02 -1.3560e-01 -4.9306e-01
4902 0 +1.311346013e+01 +2.697534601e+02 +2.697534601e+02 -1.3396e-01 -8.8464e-03 +1.4941e-01 +5.3179e-02 +2.9808e-02 -4.1633e-01 +7.7684e-01 +2.4335e-01 -9.6388e-02 -6.4287e-01
