% f evaluations | g evaluations | best noise-free fitness - Fopt (6.870000000000e+00) + sum g_i+ | measured fitness | best measured fitness or single-digit g-values | x1 | x2...
1 0 +2.079911546e+01 +2.766911546e+01 +2.766911546e+01 +4.2007e-01 -3.6001e+00 -2.3808e+00 -1.0603e+00 +1.6192e+00 -1.4059e-01 -4.9673e+00 +2.4185e+00 -3.1999e+00 +3.0928e+00 -4.4837e+00 -2.9648e+00 +4.5668e+00 +5.4998e-01 -1.2461e+00 +1.8124e+00 +5.1463e-01 -1.5012e+00 -3.2151e+00 -2.6800e-02
2 0 +1.357411373e+01 +2.044411373e+01 +2.044411373e+01 +2.5130e-01 -2.2590e+00 +4.4431e+00 +7.3585e-01 +2.1671e+00 -2.5814e+00 +4.7786e+00 +8.1340e-01 +2.7834e+00 -3.8360e-01 -3.6118e+00 -4.9572e+00 +3.8577e+00 -3.8750e+00 +2.2630e+00 +2.2683e+00 +4.4453e+00 -3.0196e+00 -1.9741e+00 +3.1531e+00
5 0 +6.059108285e+00 +1.292910828e+01 +1.292910828e+01 -3.3347e+00 +4.6625e+00 -1.4822e+00 +3.5221e+00 -3.6355e+00 -3.9841e+00 -1.4378e+00 +1.6741e+00 -1.3703e+00 -2.6772e+00 +4.2336e+00 -2.5112e+00 +4.0115e+00 -1.2527e-01 -2.4113e+00 +2.6744e+00 -1.8456e+00 -4.5863e-01 -7.0979e-01 +2.7297e+00
47 0 +4.219861856e+00 +1.108986186e+01 +1.108986186e+01 -4.9763e+00 -3.3214e+00 -1.9371e+00 -3.3697e+00 -4.8639e+00 -4.2589e+00 -8.1719e-01 -2.8920e+00 +2.3274e+00 -2.5498e+00 -8.5722e-01 -2.1610e+00 -2.2757e+00 -9.9546e-01 -1.4272e+00 +4.4266e+00 +3.6953e+00 -2.0394e+00 -1.7409e+00 +4.5626e+00
1799 0 +3.422576029e+00 +1.029257603e+01 +1.029257603e+01 -1.0867e+00 -1.1226e+00 -1.0634e+00 -3.0118e-01 -8.0681e-01 -6.2094e-01 +1.5497e-01 -1.5231e+00 +1.4311e+00 -8.5782e-02 -3.7838e-02 -2.4632e-01 -1.4861e+00 +2.9549e-01 -6.5154e-01 +7.9416e-01 +1.1664e-02 -9.6357e-01 +2.1435e-01 +1.3555e+00
5741 0 +2.402550282e+00 +9.272550282e+00 +9.272550282e+00 -9.3013e-01 -1.0862e+00 -1.2847e+00 -5.3964e-01 -1.0604e+00 -6.0573e-01 +2.7328e-01 -1.4459e+00 +1.5576e+00 -5.5572e-03 -1.1905e-01 -3.4875e-01 -1.3045e+00 +1.6319e-01 -6.4320e-01 +6.3183e-01 +3.7609e-01 -8.9339e-01 +5.1565e-01 +1.2876e+00
% f evaluations | g evaluations | best noise-free fitness - Fopt (1.000000000000e-02) + sum g_i+ | measured fitness | best measured fitness or single-digit g-values | x1 | x2...
1 0 +1.708206578e+01 +1.709206578e+01 +1.709206578e+01 -2.5836e+00 +1.5023e+00 +2.2538e+00 -2.3551e+00 +1.5112e+00 +4.2500e+00 +4.2827e+00 -4.1210e+00 -1.9869e+00 +2.5251e+00 -1.2595e+00 +4.8817e+00 +2.2487e+00 -2.5908e+00 -2.2976e+00 -1.9261e+00 +3.1594e+00 +4.4099e+00 -3.9624e+00 +4.5543e+00
2 0 +1.403494928e+01 +1.404494928e+01 +1.404494928e+01 +4.1742e+00 +6.7828e-01 +1.4873e+00 +3.4342e+00 +4.7707e+00 +2.7354e+00 +3.3211e+00 +2.0907e+00 -3.1218e-01 +4.0160e+00 -2.4977e+00 -6.1752e-01 -4.3331e+00 -4.8825e+00 +2.2006e+00 -2.0133e+00 -5.1905e-01 +1.8085e+00 -4.6441e+00 -1.6064e+00
3 0 +1.069532995e+01 +1.070532995e+01 +1.070532995e+01 +3.3772e+00 +2.7903e+00 -3.0561e+00 -2.4399e+00 -4.3691e+00 -2.4743e+00 -2.1320e-01 +1.6117e+00 -2.9761e+00 -3.0311e+00 +1.5615e+00 +4.0962e-01 +2.7773e+00 -2.6927e+00 -3.1646e-01 -2.8945e+00 +2.6257e+00 -2.1450e-01 -1.7024e+00 -2.2582e+00
27 0 +1.009625139e+01 +1.010625139e+01 +1.010625139e+01 -4.6987e+00 -4.5803e+00 +1.2460e+00 -1.5474e+00 +3.9781e+00 -1.1596e+00 +2.9766e+00 -4.3023e+00 -2.8212e+00 -3.9436e-01 -4.5035e+00 +8.3013e-01 -1.1403e+00 +1.5091e+00 -2.8947e+00 +2.1166e+00 -4.4027e+00 -1.5203e+00 +4.7036e+00 +2.4766e-01
29 0 +9.205410988e+00 +9.215410988e+00 +9.215410988e+00 -1.1970e+00 -3.1123e-01 -1.1005e+00 +4.9877e+00 -1.3295e+00 +2.5789e+00 +1.3764e+00 +3.0248e-01 +4.9845e+00 -1.8237e+00 +3.4788e-01 +4.0864e+00 -3.8486e+00 +1.4787e+00 -4.2383e+00 -2.3366e+00 +3.9018e+00 -3.0666e+00 -3.5686e+00 +3.9755e+00
36 0 +7.684794213e+00 +7.694794213e+00 +7.694794213e+00 +1.9993e+00 -4.2553e+00 +2.1256e+00 +3.6093e+00 +1.8675e+00 +1.6972e+00 -3.7636e+00 -1.4343e+00 +3.4774e+00 -4.4007e+00 -3.2048e+00 +6.6590e-01 -2.7777e+00 +3.1648e+00 +3.8924e+00 +2.2731e+00 +1.8744e+00 +6.8223e-01 -1.3140e+00 -2.7218e+00
38 0 +6.156339495e+00 +6.166339495e+00 +6.166339495e+00 +6.0083e-01 -2.5067e+00 -4.0927e+00 +4.2498e+00 +4.2847e+00 -4.3444e+00 +3.0789e+00 +1.9719e+00 -4.1200e+00 +4.1977e+00 +4.8855e+00 +1.6536e+00 +2.9466e+00 +1.4239e+00 -1.9554e+00 -2.6694e+00 +4.3830e+00 +2.1727e-01 -4.5206e+00 -3.6873e+00
219 0 +5.565112642e+00 +5.575112642e+00 +5.575112642e+00 -3.8566e+00 -1.0076e+00 +3.0733e-01 +9.6223e-01 -1.5986e+00 +1.7595e-01 +2.9461e-01 +3.3827e+00 -2.6949e-01 -1.7747e+00 -1.6151e+00 -9.9391e-01 -7.9198e-01 -1.0185e+00 -2.6051e+00 +1.2856e+00 -4.6165e-02 +3.0821e+00 -1.0532e-01 +1.3284e+00
433 0 +4.917694795e+00 +4.927694795e+00 +4.927694795e+00 +5.9515e-01 -2.4060e+00 -4.0715e+00 +4.1413e+00 +4.2847e+00 -4.3746e+00 +3.0789e+00 +1.7166e+00 -4.2030e+00 +4.2003e+00 +4.8855e+00 +1.7296e+00 +2.9335e+00 +1.5340e+00 -1.8941e+00 -2.6694e+00 +4.4407e+00 +2.2752e-01 -4.7581e+00 -3.7376e+00
576 0 +4.877350601e+00 +4.887350601e+00 +4.887350601e+00 +1.3524e+00 -5.4695e-01 +7.4725e-01 +5.6486e-01 +1.4025e+00 -1.6526e+00 +2.8721e+00 -5.6536e-01 -6.5388e-01 +1.3890e+00 +2.4147e+00 +1.0418e+00 -8.1919e-01 +8.6300e-01 +1.6392e-01 -2.1710e+00 +3.6212e+00 -5.8150e-01 -3.3168e+00 -9.2523e-01
1184 0 +4.669595665e+00 +4.679595665e+00 +4.679595665e+00 -3.7487e-01 -3.5756e-01 -9.4555e-01 +6.1986e-01 -6.9299e-01 -8.2032e-01 +6.4723e-01 -2.3682e-01 +1.0653e+00 +3.8322e-01 -5.1100e-01 -9.7552e-01 -1.1096e+00 +2.4164e-01 -1.0727e+00 +3.2677e-01 +1.7857e+00 +5.1094e-01 +5.0033e-01 -1.3109e-01
1892 0 +3.754676372e+00 +3.764676372e+00 +3.764676372e+00 -8.5473e-01 -6.0617e-02 -5.3024e-01 +4.3344e-01 -4.4917e-01 -6.4514e-01 +1.5945e-01 -1.5006e-01 +1.5096e-01 +1.5995e+00 -6.1860e-02 -1.9030e-01 -7.3099e-01 +2.3326e-01 -1.2063e-01 -6.8187e-01 +1.5753e+00 +1.0427e+00 -7.3299e-02 -6.7210e-01
2203 0 +3.267299311e+00 +3.277299311e+00 +3.277299311e+00 -1.1280e+00 +2.9322e-01 -2.9512e-01 +4.1365e-01 -5.3836e-01 -6.6182e-01 +1.4821e-02 -1.6269e-01 -2.1533e-02 +1.7409e+00 -2.5426e-01 -2.4954e-01 -7.9427e-01 -5.0865e-03 +1.4648e-01 -5.6239e-01 +1.7176e+00 +6.9274e-01 -3.0960e-03 -6.7245e-01
5919 0 +2.229016501e+00 +2.239016501e+00 +2.239016501e+00 -1.0322e+00 +1.9208e-01 -1.7212e-01 +6.0633e-01 -3.7561e-01 -5.8720e-01 +1.0768e-01 -1.9539e-02 +9.0891e-02 +1.6489e+00 -1.6561e-01 -3.1351e-01 -7.1728e-01 +1.9562e-01 +1.1731e-01 -7.2564e-01 +1.5611e+00 +5.4334e-01 -6.6840e-02 -5.1192e-01
% f evaluations | g evaluations | best noise-free fitness - Fopt (-1.306100000000e+02) + sum g_i+ | measured fitness | best measured fitness or single-digit g-values | x1 | x2...
1 0 +1.169507643e+01 -1.189149236e+02 -1.189149236e+02 -1.9965e+00 +1.7224e+00 -2.7875e+00 -1.1029e+00 -2.4445e+00 -4.6005e+00 -1.3649e+00 +2.9521e+00 -2.8886e+00 -4.0174e+00 +1.9897e+00 -3.3185e+00 +3.4087e+00 -3.1016e+00 +3.0548e+00 -4.7153e+00 +1.8252e+00 +1.1530e+00 -1.2397e+00 +5.5011e-01
2 0 +1.073397322e+01 -1.198760268e+02 -1.198760268e+02 -7.7484e-01 +3.0735e+00 -5.4892e-01 +2.1790e+00 -3.7920e+00 +2.9761e+00 -5.7806e-01 +5.9649e-01 +2.1619e+00 -2.6132e+00 -4.1712e+00 -2.8554e+00 +2.2920e-01 -8.8389e-01 -5.3822e-01 -2.8864e+00 -8.7191e-01 -1.0314e+00 -3.3452e+00 -6.8886e-01
19 0 +8.186262369e+00 -1.224237376e+02 -1.224237376e+02 +3.8883e+00 +2.1511e+00 -2.7779e-01 -2.2607e+00 -2.9196e-01 +3.6896e+00 +2.2329e+00 +1.6240e+00 +4.1994e+00 +8.5478e-01 -2.1942e-03 -4.3180e+00 -3.7300e+00 +1.9351e+00 -1.6308e+00 -4.9064e+00 +1.6113e+00 -3.1497e+00 +3.5243e+00 -3.3872e+00
32 0 +6.621632558e+00 -1.239883674e+02 -1.239883674e+02 +3.0224e+00 -3.2709e+00 +1.3112e+00 -3.2486e+00 -2.8430e+00 +3.8834e+00 +2.0532e+00 -4.8260e+00 -1.5056e+00 -1.8623e+00 -3.8004e+00 +3.6736e+00 +3.7374e+00 -1.6898e+00 -2.2524e+00 -3.1159e+00 +1.2609e-01 +5.3683e-01 -4.1657e+00 -2.5379e+00
85 0 +6.013793629e+00 -1.245962064e+02 -1.245962064e+02 -2.5029e+00 +2.1302e+00 -1.0250e-01 +1.5719e-01 +2.9021e+00 -3.0916e+00 +4.3797e+00 -4.1085e+00 -1.0463e+00 +4.3292e+00 +1.3590e+00 +2.7211e+00 -1.2977e+00 -3.7559e+00 -2.0110e+00 -2.1670e+00 -3.2560e+00 -1.4089e+00 +5.4621e-01 +2.5306e+00
177 0 +5.690748686e+00 -1.249192513e+02 -1.249192513e+02 +1.7362e+00 -5.0145e-01 +4.9415e+00 -3.0582e+00 -1.8603e+00 +3.8288e+00 +1.9756e+00 -2.5860e+00 +3.3354e+00 -2.1442e-01 +8.5597e-02 -4.6957e+00 +2.6679e+00 +4.8909e+00 +3.8568e+00 -4.7533e+00 +4.3781e+00 -4.7893e+00 +2.4084e+00 -3.2608e+00
214 0 +3.432340395e+00 -1.271776596e+02 -1.271776596e+02 +4.1819e+00 +2.5288e-01 -4.2700e+00 +3.5426e+00 -2.2449e+00 +3.0143e+00 -3.7811e+00 -3.6347e-01 +2.5831e+00 +2.3810e+00 +4.3892e+00 +5.5180e-01 +4.2603e+00 +3.5679e-01 -2.9886e+00 -3.4331e+00 -1.9977e+00 +8.2586e-01 +1.2987e+00 +2.9684e+00
247 0 +2.694074154e+00 -1.279159258e+02 -1.279159258e+02 -1.7862e+00 -2.0178e+00 -1.6175e-01 +4.1957e-01 +1.9175e-01 -2.4885e+00 -1.9075e+00 -1.2727e+00 -4.7151e-01 +1.9187e+00 -2.3515e-01 +1.5767e+00 -2.2804e+00 +9.3987e-01 +4.1345e+00 +1.1401e+00 -3.5021e+00 -2.8861e+00 +2.2001e+00 +3.8864e-01
3143 0 +2.644433820e+00 -1.279655662e+02 -1.279655662e+02 -1.5287e-01 -5.0252e-01 -1.1481e-01 +2.9637e-01 +4.3329e-01 -6.8210e-01 -6.4305e-01 -1.2628e+00 -3.3410e-01 +1.0609e+00 -5.0897e-01 +7.0532e-01 -1.4364e+00 +3.1396e-01 +2.3118e+00 +4.2326e-03 -1.9379e+00 -1.8633e+00 +1.6236e+00 +2.3506e-01
7952 0 +2.481944317e+00 -1.281280557e+02 -1.281280557e+02 -1.7316e-01 -5.7742e-01 -6.5951e-02 +2.4025e-01 +3.4246e-01 -6.8255e-01 -7.9486e-01 -1.3848e+00 -2.8857e-01 +9.6672e-01 -4.6516e-01 +8.8721e-01 -1.4543e+00 +3.6937e-01 +2.3424e+00 -8.2404e-03 -1.8300e+00 -1.7132e+00 +1.5939e+00 -2.9149e-02
% f evaluations | g evaluations | best noise-free fitness - Fopt (-2.231200000000e+02) + sum g_i+ | measured fitness | best measured fitness or single-digit g-values | x1 | x2...
1 0 +2.057571875e+01 -2.025442813e+02 -2.025442813e+02 +3.5002e-01 -4.2131e-01 +8.4116e-01 -8.4414e-01 +3.6501e+00 -3.6290e+00 +3.0360e+00 +2.6487e+00 +3.9088e+00 -2.1536e+00 -3.0815e+00 +4.3551e+00 +1.0127e+00 -1.7289e+00 +1.2240e+00 +1.7775e-01 +8.5117e-01 +2.2581e+00 -4.3454e+00 -5.7245e-01
2 0 +1.356510475e+01 -2.095548952e+02 -2.095548952e+02 -2.5783e+00 +3.1352e-01 -1.9423e+00 -1.6210e+00 -4.9271e+00 -3.3158e+00 +2.5706e+00 -3.1772e+00 -1.5494e+00 -2.2069e+00 +3.8666e+00 +7.1504e-01 -7.0590e-01 -2.5220e-01 +1.4110e+00 -3.9280e+00 -4.6388e+00 +2.8757e+00 -4.6651e-01 +3.5824e+00
4 0 +1.276711641e+01 -2.103528836e+02 -2.103528836e+02 -3.2938e+00 -3.5856e+00 +1.9668e+00 -4.1794e+00 +2.1788e+00 -1.0588e+00 +1.6607e+00 -2.1526e+00 -4.2497e+00 -3.3650e+00 -2.9137e+00 -3.9762e+00 -2.1274e+00 +2.4122e+00 +3.0789e+00 +3.5783e+00 +3.9455e-01 -3.2451e+00 +4.5353e+00 -3.1384e+00
13 0 +1.025366818e+01 -2.128663318e+02 -2.128663318e+02 -3.2192e-01 +1.3349e+00 +4.9000e+00 -2.0250e+00 -1.4435e+00 +8.6520e-01 +2.7200e+00 -2.6972e+00 -1.4275e+00 -7.8847e-01 -1.2703e+00 -8.8689e-01 -7.6775e-01 -2.4959e+00 +4.9465e+00 -1.1992e+00 +1.8800e+00 -2.5590e+00 +4.6292e+00 -1.6132e+00
14 0 +9.124720605e+00 -2.139952794e+02 -2.139952794e+02 -3.9616e-01 +8.4882e-01 -1.4898e+00 -2.8583e+00 -9.6046e-01 +1.3781e+00 +4.2482e+00 +2.5299e+00 -2.2753e+00 +2.6460e+00 -2.7236e+00 -2.0446e+00 +2.1601e+00 +4.5538e-02 -1.9487e+00 +3.3451e-01 -2.7561e+00 +1.7935e+00 -4.6775e+00 +4.4282e+00
31 0 +7.935807282e+00 -2.151841927e+02 -2.151841927e+02 +1.9613e+00 +2.7001e+00 +2.3244e+00 -3.6693e+00 +1.5644e+00 -2.6261e+00 -1.0087e-01 +2.3868e+00 +6.8756e-01 -4.3674e+00 +3.3094e+00 +6.5266e-01 -2.2491e+00 -1.2121e+00 -1.9246e+00 -1.0135e+00 -4.4915e+00 +1.5922e+00 -6.1237e-01 -9.3668e-01
43 0 +7.068262674e+00 -2.160517373e+02 -2.160517373e+02 +4.3201e+00 -3.5323e+00 -2.2497e+00 +5.0535e-01 +2.1426e+00 +4.6699e+00 -4.2907e+00 -4.3745e+00 +2.3316e+00 +4.5646e+00 +1.2152e-01 +3.0380e+00 +3.6784e+00 -3.9673e+00 +2.5004e+00 -4.1527e+00 +8.0074e-01 +3.9107e+00 +4.4148e+00 -2.6731e+00
48 0 +4.870681421e+00 -2.182493186e+02 -2.182493186e+02 +2.2725e+00 +2.4744e+00 +2.6819e+00 -3.5598e+00 -4.4463e+00 -2.4689e+00 -3.3674e+00 +1.8303e+00 +1.9399e+00 +3.8747e+00 +1.4810e-01 +1.9389e+00 +1.4641e+00 +2.3361e+00 +4.0993e+00 -3.5182e+00 +3.0599e+00 +4.4877e+00 -9.2312e-01 +3.2644e-01
364 0 +4.379792962e+00 -2.187402070e+02 -2.187402070e+02 -1.4434e+00 +4.3268e+00 -1.0626e+00 -3.0475e+00 -7.8588e-01 -9.3312e-01 +1.9999e+00 -8.8646e-01 -2.7550e+00 +5.1947e-01 -3.1453e+00 +5.8217e-01 -1.6886e+00 -2.6943e+00 +4.2342e+00 +1.4392e+00 +1.2733e+00 +7.0404e-01 +9.6798e-01 -3.5475e-01
585 0 +3.036514730e+00 -2.200834853e+02 -2.200834853e+02 -9.1285e-01 +8.1192e-01 +2.0581e+00 -5.3211e-01 +2.8971e-01 -1.5406e+00 -1.8466e+00 +8.5335e-01 -6.9543e-01 -7.0243e-02 -1.6742e-01 +1.1611e+00 +1.2410e+00 +1.6549e+00 -2.0270e+00 +1.1638e+00 +2.1959e+00 +1.2051e+00 -3.9051e-01 +1.4868e-02
598 0 +2.385274845e+00 -2.207347252e+02 -2.207347252e+02 -1.7788e-01 +7.6033e-01 -4.2424e-01 +5.1858e-01 +1.8612e+00 -1.5726e-01 +2.1385e-01 +1.0335e-01 -1.3824e+00 +2.3960e+00 +8.4257e-01 -1.4292e+00 +5.6682e-02 +1.2073e+00 +6.2941e-01 +1.5082e-01 +3.5049e-01 -1.1846e-01 +1.1380e-01 +1.6736e+00
% f evaluations | g evaluations | best noise-free fitness - Fopt (-4.443000000000e+01) + sum g_i+ | measured fitness | best measured fitness or single-digit g-values | x1 | x2...
1 0 +1.056570991e+01 -3.386429009e+01 -3.386429009e+01 +7.2949e-03 -1.9789e+00 -2.5975e+00 +2.1061e+00 +1.9786e+00 -3.7995e+00 +1.1906e+00 +7.9248e-01 +2.4081e+00 -2.8439e+00 +2.7015e+00 +4.3978e+00 -7.1157e-01 +4.2426e-01 +4.4811e+00 -4.0265e+00 -2.9631e+00 -4.0778e+00 -3.8694e+00 +2.1149e+00
2 0 +6.955840080e+00 -3.747415992e+01 -3.747415992e+01 -2.2687e+00 -2.0560e-01 +4.2705e+00 -1.1976e+00 +3.6638e+00 -2.5053e+00 +3.5076e+00 +3.3976e-02 -4.5271e+00 +9.1449e-01 -3.5427e+00 -1.4961e+00 +2.8921e+00 +3.1627e+00 -1.7236e+00 -1.2081e+00 +3.3933e+00 +3.1149e+00 +4.6079e+00 -1.9039e-01
15 0 +5.839056929e+00 -3.859094307e+01 -3.859094307e+01 -4.9142e+00 -2.0229e+00 +1.5867e+00 -4.4999e+00 -1.9735e+00 -3.6580e+00 -2.2848e-01 +4.8569e+00 +2.9258e+00 +3.3286e+00 -2.5438e+00 +2.5621e+00 +3.9619e+00 +2.5010e+00 -2.9434e+00 +3.4901e+00 -3.3796e+00 -4.9264e+00 +3.2233e+00 -6.8835e-01
66 0 +4.777663915e+00 -3.965233608e+01 -3.965233608e+01 +1.9530e-02 +9.7207e-01 +4.0680e+00 +1.8433e+00 +4.2507e+00 -4.0778e+00 +2.9183e+00 -2.7723e+00 -4.4220e+00 -1.3583e+00 -9.5900e-02 +4.5269e+00 -3.9310e+00 +3.5676e+00 -1.8940e+00 +4.5875e+00 -4.2736e+00 -3.0346e+00 +4.0063e-01 -6.1706e-01
167 0 +4.617285701e+00 -3.981271430e+01 -3.981271430e+01 +2.3819e+00 -3.4585e+00 -1.6809e-01 +3.7042e+00 +5.4693e-01 +7.7651e-01 -1.8970e+00 +2.4776e+00 +3.9840e-01 +3.5527e-01 -8.8312e-01 +4.7608e+00 -5.7355e-01 -1.7321e+00 -5.4676e-01 +9.3744e-01 +1.9614e+00 +1.9039e+00 +2.2823e+00 -4.4649e+00
413 0 +3.612723240e+00 -4.081727676e+01 -4.081727676e+01 +2.8557e-02 +9.7207e-01 +4.0556e+00 +2.0219e+00 +4.2354e+00 -3.9391e+00 +2.9183e+00 -2.7158e+00 -4.2559e+00 -1.4936e+00 -1.7472e-01 +4.4199e+00 -4.1066e+00 +3.5676e+00 -1.8940e+00 +4.4032e+00 -4.0835e+00 -3.0954e+00 +5.8285e-01 -6.6629e-01
2177 0 +3.460209633e+00 -4.096979037e+01 -4.096979037e+01 -1.4114e-03 +4.8354e-02 +2.6081e+00 +8.5982e-01 +2.3254e+00 -2.5840e+00 +2.1133e+00 -1.5267e+00 -3.0924e+00 -1.0609e+00 -5.7852e-01 +2.9555e+00 -2.6763e+00 +2.6472e+00 -1.4539e+00 +3.3153e+00 -2.6662e+00 -2.4431e+00 +4.2805e-01 +3.8167e-02
4777 0 +3.075831662e+00 -4.135416834e+01 -4.135416834e+01 +2.9971e-02 -8.7430e-02 +2.2893e+00 +6.3004e-01 +2.0422e+00 -2.2998e+00 +1.9375e+00 -1.3070e+00 -3.0437e+00 -1.2103e+00 -5.9628e-01 +3.1464e+00 -2.4869e+00 +2.3544e+00 -1.3804e+00 +2.8853e+00 -2.4458e+00 -2.5264e+00 +3.0367e-01 -6.2174e-02
8428 0 +2.813421837e+00 -4.161657816e+01 -4.161657816e+01 +7.8246e-02 -1.0697e-01 +1.8914e+00 +4.1099e-01 +2.2627e+00 -2.3982e+00 +2.0557e+00 -1.0753e+00 -3.0702e+00 -1.3632e+00 -5.8282e-01 +2.7754e+00 -2.6130e+00 +2.0977e+00 -1.0736e+00 +2.9672e+00 -2.6247e+00 -2.5760e+00 +3.2942e-01 +1.6676e-01
14986 0 +2.644747358e+00 -4.178525264e+01 -4.178525264e+01 -8.6084e-02 -7.1731e-02 +1.7728e+00 +6.1922e-01 +2.1634e+00 -2.2088e+00 +2.1121e+00 -1.0799e+00 -3.1037e+00 -1.3748e+00 -6.6558e-01 +2.9464e+00 -2.4416e+00 +2.1674e+00 -9.9368e-01 +3.3343e+00 -2.8234e+00 -2.9976e+00 +2.7334e-01 +5.4492e-03
% f evaluations | g evaluations | best noise-free fitness - Fopt (-2.618400000000e+02) + sum g_i+ | measured fitness | best measured fitness or single-digit g-values | x1 | x2...
1 0 +2.326798762e+01 -2.385720124e+02 -2.385720124e+02 +4.9001e+00 +5.1445e-01 +1.3606e-02 +2.6667e+00 -1.8179e+00 +1.1440e+00 -7.9512e-01 +2.6972e+00 -3.2673e+00 +4.3314e+00 -1.6079e+00 +3.2634e+00 +3.7522e+00 +5.0113e-02 +1.0423e+00 +3.1349e+00 +2.4083e+00 +3.8825e+00 -3.9823e+00 +1.3969e+00
2 0 +2.221792015e+01 -2.396220799e+02 -2.396220799e+02 +8.3542e-01 +4.1478e+00 +1.4655e+00 +3.9304e+00 -2.5619e+00 -1.4470e+00 +1.0838e+00 +2.3449e+00 -3.8327e+00 +4.6363e+00 +6.0381e-01 -3.6620e+00 -9.5077e-01 -7.1865e-01 -4.9971e+00 +3.0653e+00 +3.3664e+00 +2.3655e+00 -1.8330e+00 +2.1158e+00
3 0 +1.770821503e+01 -2.441317850e+02 -2.441317850e+02 -1.5777e+00 -1.2538e+00 -5.5153e-01 -3.4143e+00 +3.0070e+00 -1.3907e+00 +2.2789e+00 -4.1078e+00 -1.8630e+00 -4.5924e-01 -4.4925e+00 -9.5225e-01 +4.1122e+00 +1.8077e+00 +1.3580e+00 +3.4273e+00 -2.4194e+00 +1.0573e+00 +4.2206e+00 +2.7871e+00
7 0 +5.578937383e+00 -2.562610626e+02 -2.562610626e+02 +3.5709e+00 -1.0989e+00 +3.3151e+00 +4.4382e+00 +1.5152e+00 -2.9246e-01 -7.4984e-01 +3.5335e+00 +8.9863e-01 +4.7668e+00 -2.7552e+00 +2.4424e+00 -7.9058e-01 -4.9947e+00 +3.0368e-01 -3.6616e+00 +1.7450e+00 +4.4848e+00 +1.2833e+00 +3.5303e+00
461 0 +5.137506582e+00 -2.567024934e+02 -2.567024934e+02 -1.2451e+00 +2.1535e+00 -7.7032e-01 -1.1191e+00 -4.8550e-01 +1.0073e+00 -9.0884e-01 +6.5511e-01 -2.0104e+00 -1.9056e+00 -5.5763e-01 +7.0219e-01 +5.3415e-01 +7.2435e-01 -1.9442e+00 +3.6677e-01 -1.1006e+00 +1.9253e+00 -5.8597e-01 -5.2781e-03
739 0 +4.635994847e+00 -2.572040052e+02 -2.572040052e+02 -2.1946e+00 -8.2247e-01 +2.8443e+00 -1.8423e-02 -1.6656e+00 -1.9089e+00 +5.6461e-01 +8.8507e-01 -1.3013e+00 +5.3326e-01 -1.0130e+00 +2.3881e+00 -1.3547e+00 +5.3027e-02 -1.6051e+00 +1.5104e+00 +5.2815e-01 +9.0824e-01 -6.6629e-01 -4.2292e-01
773 0 +4.342495686e+00 -2.574975043e+02 -2.574975043e+02 +3.6093e+00 -1.0879e+00 +3.1925e+00 +4.2246e+00 +1.7243e+00 -4.7233e-01 -6.5407e-01 +3.5095e+00 +9.7274e-01 +4.8494e+00 -2.8884e+00 +2.4874e+00 -9.7242e-01 -4.9075e+00 +6.3903e-01 -3.5512e+00 +1.5082e+00 +4.5696e+00 +1.2723e+00 +3.5753e+00
1272 0 +3.680400324e+00 -2.581595997e+02 -2.581595997e+02 +5.0851e-01 +1.1270e-01 +1.0749e+00 +1.2795e+00 -7.0822e-01 -5.6098e-01 -9.2985e-01 +5.6502e-01 -1.2506e+00 +1.3075e+00 -4.7115e-01 +1.5818e+00 -2.9855e-01 -4.1776e-01 -3.9538e-01 -4.0955e-01 +5.3903e-01 +9.7990e-01 -3.3761e-02 +5.6670e-01
2574 0 +3.273184361e+00 -2.585668156e+02 -2.585668156e+02 +1.6080e-01 +6.7468e-04 +1.1507e+00 +6.3845e-01 -4.2718e-01 -3.1524e-01 -8.0169e-01 +5.7812e-01 -1.2641e+00 +8.2701e-01 -5.7544e-01 +1.4848e+00 -2.4392e-01 -3.7188e-01 -5.1837e-01 -1.7241e-01 +2.7558e-01 +1.0013e+00 -8.4139e-02 +4.8372e-02
3381 0 +3.152385220e+00 -2.586876148e+02 -2.586876148e+02 +5.1090e-01 -2.8917e-02 +1.3074e+00 +1.0648e+00 -1.0544e+00 -3.1390e-01 -7.2335e-01 +5.8672e-01 -1.3881e+00 +9.4684e-01 -5.7506e-01 +1.4373e+00 -1.9568e-01 -2.8871e-01 -1.3510e-01 -2.8464e-01 +1.4779e-01 +8.2194e-01 +1.0275e-01 +5.5024e-01
5448 0 +2.281545086e+00 -2.595584549e+02 -2.595584549e+02 +4.7566e-01 +7.5011e-02 +1.2638e+00 +7.9818e-01 -8.3236e-01 -3.5324e-01 -6.6682e-01 +7.9448e-01 -1.4299e+00 +9.5683e-01 -4.9529e-01 +1.6549e+00 -2.7845e-01 -5.4783e-01 -2.3931e-01 -1.9594e-01 +4.0802e-01 +8.0866e-01 -9.8024e-02 +4.3971e-01
13544 0 +1.518508046e+00 -2.603214920e+02 -2.603214920e+02 +2.3481e-01 +4.0805e-02 +1.3446e+00 +6.4589e-01 -9.9972e-01 -5.5492e-01 -7.4799e-01 +6.6666e-01 -1.7450e+00 +8.1410e-01 -2.8030e-01 +1.4241e+00 -1.6146e-01 -6.9968e-01 -1.1163e-01 -1.6860e-01 +3.5556e-01 +8.9099e-01 -2.5754e-01 +1.8449e-01
% f evaluations | g evaluations | best noise-free fitness - Fopt (-1.707000000000e+02) + sum g_i+ | measured fitness | best measured fitness or single-digit g-values | x1 | x2...
1 0 +1.861749463e+01 -1.520825054e+02 -1.520825054e+02 -4.7197e+00 +4.2336e+00 -4.6700e+00 +3.2528e+00 -1.6461e+00 -2.0948e+00 -1.5672e+00 +1.6887e+00 +4.0050e+00 -2.5095e+00 -3.0104e+00 +4.5816e+00 +4.3466e+00 -1.2238e+00 +3.7471e+00 +1.7464e+00 -1.0308e+00 +1.1878e+00 +1.1469e+00 -1.9705e+00
3 0 +7.623947573e+00 -1.630760524e+02 -1.630760524e+02 +4.8435e+00 +3.8591e+00 -2.5061e+00 +3.3470e+00 -3.3774e+00 -9.8990e-01 +1.9021e+00 -2.4764e+00 -3.2394e+00 -2.7885e-01 -3.3530e+00 +3.1478e+00 -1.5978e+00 +7.3402e-01 +3.3277e+00 +7.3162e-02 +3.7480e+00 +2.4835e-01 +4.1673e+00 -2.7937e+00
18 0 +7.442485217e+00 -1.632575148e+02 -1.632575148e+02 -2.7941e+00 +3.6872e+00 +2.4626e+00 +1.9795e+00 +3.6586e+00 -4.4942e+00 -3.3899e+00 +4.1172e+00 -3.9727e+00 -1.0248e-01 -4.8753e+00 +2.4650e-01 -5.3843e-01 +7.2257e-01 -2.0542e+00 -4.1553e+00 -5.2452e-01 +2.8733e+00 +1.9108e+00 -4.8473e+00
38 0 +5.292010029e+00 -1.654079900e+02 -1.654079900e+02 +3.7407e+00 -1.4818e+00 -3.4407e+00 -3.2726e+00 -3.2636e+00 -4.0495e+00 +2.9161e+00 -4.0911e+00 -1.9353e+00 +3.2076e+00 +2.9544e-01 -2.5545e-01 -4.3264e+00 -2.0277e+00 -7.3196e-01 -2.6281e-01 +3.1038e+00 +2.7872e+00 -2.5196e+00 +3.5587e+00
46 0 +5.185478023e+00 -1.655145220e+02 -1.655145220e+02 +3.9793e+00 -4.3905e+00 +2.2859e+00 -3.6476e+00 -2.6002e+00 -4.1561e+00 +4.8069e+00 +1.7730e+00 +4.5433e+00 +4.6378e+00 +4.8704e+00 -2.0236e+00 +1.7928e+00 -1.7862e+00 +1.2487e+00 -2.9334e+00 -4.3177e-01 -3.5649e+00 -2.8221e+00 +3.2961e-01
121 0 +4.765644750e+00 -1.659343553e+02 -1.659343553e+02 +4.6929e+00 -3.7851e+00 -1.2416e+00 -2.0686e+00 +9.7851e-01 +1.8874e+00 +1.4401e-01 -1.3731e-01 -4.9166e+00 -4.6563e-01 +3.9077e+00 +2.0281e+00 +5.3291e-01 -4.0550e+00 -2.7633e+00 +3.2020e+00 +1.1841e+00 +2.8694e+00 +1.8765e+00 -4.6387e+00
288 0 +4.146768434e+00 -1.665532316e+02 -1.665532316e+02 +4.6118e+00 -4.1190e+00 -1.2416e+00 -2.0686e+00 +9.5242e-01 +1.8874e+00 +1.4401e-01 -4.2023e-02 -4.8441e+00 -5.2299e-01 +3.9077e+00 +2.0281e+00 +5.3291e-01 -4.0550e+00 -2.7633e+00 +3.2020e+00 +1.3036e+00 +2.8694e+00 +1.6717e+00 -4.4836e+00
783 0 +3.990025880e+00 -1.667099741e+02 -1.667099741e+02 +6.9331e-01 +1.7198e+00 -3.3580e-01 +8.7371e-01 -1.0196e+00 -1.0997e-01 -3.9730e-02 -5.5654e-02 -2.1248e+00 -8.6340e-01 +1.4454e+00 -1.0678e+00 -1.4911e+00 -6.9641e-01 +2.3396e-01 +3.5267e-01 +7.4797e-01 +2.3732e-01 -4.0149e-01 -4.9365e-01
886 0 +3.533507030e+00 -1.671664930e+02 -1.671664930e+02 +2.0500e+00 -1.0905e+00 +6.8981e-01 -6.1096e-01 -7.8991e-01 +1.7252e+00 +1.2074e+00 +2.0888e-01 -9.5080e-01 -1.2967e+00 +7.8486e-01 -1.2668e-01 +1.8454e-01 +7.0742e-01 +5.8559e-01 +1.5003e+00 +9.3254e-01 +1.7409e+00 +1.2137e+00 -1.7992e+00
1722 0 +3.393785711e+00 -1.673062143e+02 -1.673062143e+02 +1.4806e+00 -1.3540e+00 +1.1937e+00 +1.4727e-01 -4.4671e-01 +5.2665e-01 +8.2789e-01 -3.3843e-01 -1.9389e+00 -7.8623e-01 +3.6768e-01 +6.2607e-01 -2.4476e-01 +8.9428e-01 -5.4080e-01 +1.2117e+00 +9.8413e-01 +6.5997e-01 +5.2369e-01 -1.8668e+00
3235 0 +3.203075014e+00 -1.674969250e+02 -1.674969250e+02 +1.3485e+00 -9.9733e-01 +9.3952e-01 -4.6137e-02 -4.2745e-01 +6.6065e-01 +1.1666e+00 -4.2759e-01 -1.5037e+00 -7.3248e-01 +6.3649e-01 +5.3657e-01 -3.4172e-01 +1.0417e+00 -4.3135e-01 +1.3221e+00 +7.1734e-01 +7.7993e-01 +7.5120e-01 -1.8460e+00
10786 0 +2.985720627e+00 -1.677142794e+02 -1.677142794e+02 +1.5351e+00 -1.0962e+00 +8.1079e-01 -1.7702e-01 -3.5468e-01 +1.0975e+00 +1.2403e+00 -9.0851e-01 -1.4673e+00 -5.4980e-01 +7.1966e-01 +4.6768e-01 -3.9198e-01 +1.1012e+00 -2.1479e-01 +1.2962e+00 +9.4880e-01 +7.4252e-01 +8.9152e-01 -2.0414e+00
% f evaluations | g evaluations | best noise-free fitness - Fopt (1.970000000000e+00) + sum g_i+ | measured fitness | best measured fitness or single-digit g-values | x1 | x2...
1 0 +8.888614301e+00 +1.085861430e+01 +1.085861430e+01 -2.3281e+00 -4.0943e+00 -4.1648e+00 +2.9734e+00 -9.6626e-01 -8.6155e-01 -1.7872e+00 +1.6732e+00 +2.1460e+00 +3.7030e+00 +4.6888e-01 -3.1884e+00 +3.9823e+00 -4.5658e+00 -3.4021e+00 +1.3812e+00 -4.6327e+00 -2.0981e+00 -1.5137e+00 +3.5865e+00
4 0 +6.213272444e+00 +8.183272444e+00 +8.183272444e+00 -5.6245e-01 +3.4513e+00 -1.0539e+00 -4.5855e+00 +5.1799e-01 +1.8741e+00 -4.3717e+00 -1.8092e+00 -1.6360e+00 -1.7951e-01 +2.2800e+00 +2.7262e+00 +4.8901e-01 +1.5857e+00 -2.9604e+00 +2.1686e+00 -8.6708e-01 -1.0473e+00 +2.7647e+00 -2.2883e+00
97 0 +6.008488349e+00 +7.978488349e+00 +7.978488349e+00 -2.3417e+00 +1.7188e-02 -4.1716e+00 +2.3116e+00 -2.1883e+00 +1.4609e+00 -2.0879e-01 -3.6961e+00 -9.6544e-01 -3.2887e+00 -2.8913e+00 +1.2299e-01 +3.6744e+00 -4.1092e+00 -4.0694e+00 -1.4782e+00 +1.0453e+00 -1.0455e+00 -3.2219e+00 +4.3051e+00
104 0 +4.851546248e+00 +6.821546248e+00 +6.821546248e+00 +1.0497e+00 +1.8573e+00 -1.2286e+00 -1.9974e+00 +4.2768e+00 -4.8850e+00 -8.6881e-01 -2.7002e+00 +5.9334e-01 +4.6411e+00 +1.8553e+00 +1.2108e+00 +9.5590e-01 +2.1852e+00 +2.3143e+00 +4.3522e+00 +2.4677e+00 -3.5611e+00 +4.6058e+00 +4.7424e+00
184 0 +2.766943106e+00 +4.736943106e+00 +4.736943106e+00 -3.6016e+00 +4.1338e+00 -1.9295e+00 -4.1513e+00 -4.6672e-01 -2.0567e+00 +3.6875e+00 +7.3710e-01 -2.5642e+00 -3.0119e+00 -9.1598e-01 -4.2762e+00 +1.5583e+00 -4.8766e+00 -2.0232e+00 -1.3642e+00 -3.6999e+00 +2.0604e+00 +2.4110e+00 -1.2083e+00
4405 0 +2.110200993e+00 +4.080200993e+00 +4.080200993e+00 -3.2509e+00 +3.3823e+00 -1.9419e+00 -2.9618e+00 -1.7669e-01 -1.9509e+00 +3.0250e+00 +2.4096e-01 -2.0960e+00 -2.3555e+00 -8.3447e-01 -3.2135e+00 +1.2412e+00 -3.7367e+00 -1.6469e+00 -1.1968e+00 -2.7663e+00 +1.8490e+00 +2.1225e+00 -1.0573e+00
% f evaluations | g evaluations | best noise-free fitness - Fopt (3.808900000000e+02) + sum g_i+ | measured fitness | best measured fitness or single-digit g-values | x1 | x2...
1 0 +1.795188836e+01 +3.988418884e+02 +3.988418884e+02 +2.2937e+00 -4.6693e+00 -1.0750e+00 +1.6227e+00 +2.9322e+00 +6.6116e-01 -3.7599e+00 +2.2129e+00 +3.8655e+00 -4.9199e+00 -1.0616e+00 +2.2503e+00 +2.4772e+00 -4.5428e+00 -3.3322e+00 +4.8593e+00 -2.0032e+00 -4.1921e+00 -1.7151e+00 +3.6183e+00
2 0 +1.480232728e+01 +3.956923273e+02 +3.956923273e+02 +2.6326e+00 +4.6753e+00 -4.2713e+00 -1.4056e+00 -1.4897e+00 +4.1847e+00 +4.7920e+00 +3.0285e+00 +4.6418e+00 +4.7598e+00 +3.1237e-01 -8.6221e-01 -3.2722e+00 -1.5360e+00 +3.9774e+00 -3.8280e-01 -1.1749e+00 -1.1800e-01 +8.2155e-01 +9.3680e-01
3 0 +1.177960827e+01 +3.926696083e+02 +3.926696083e+02 -7.1405e-01 +6.1662e-01 +1.7473e+00 -4.7056e+00 +3.7306e+00 -2.6810e+00 +3.5145e+00 -2.5612e+00 -2.0394e+00 +2.8257e+00 +7.6777e-01 -1.9468e+00 +3.4435e+00 +8.5719e-01 -3.1827e+00 +3.7892e+00 -3.5856e+00 +3.3328e+00 +2.3603e+00 -2.2427e-01
4 0 +8.260576287e+00 +3.891505763e+02 +3.891505763e+02 +4.7388e+00 -2.2580e+00 -4.7091e+00 +1.2863e+00 +8.8354e-01 +4.6834e+00 -2.9466e+00 +3.1048e+00 -1.4507e+00 +3.9463e+00 +2.5741e+00 +2.1397e+00 -6.8607e-01 +2.7594e+00 -4.6134e+00 +2.3779e+00 +2.4409e+00 +2.1837e+00 -8.4772e-01 +1.4503e+00
35 0 +7.900717760e+00 +3.887907178e+02 +3.887907178e+02 -1.1116e+00 +9.5111e-01 +2.0925e+00 +3.3688e+00 +2.4600e+00 -3.9706e-01 +1.3624e+00 +3.2698e+00 +4.5802e+00 +4.4533e+00 -3.9378e+00 +2.9512e+00 +3.9444e+00 -5.8841e-01 +3.5128e+00 -4.0424e+00 -3.5328e+00 -2.9712e-01 +4.9253e+00 -3.2294e+00
39 0 +6.932693961e+00 +3.878226940e+02 +3.878226940e+02 -3.5083e+00 -1.0375e+00 -2.1004e+00 +1.7576e-01 -3.0382e-01 -2.6182e+00 +2.3933e+00 +4.0327e+00 -1.6904e+00 +2.1943e+00 -3.7468e+00 -3.1708e+00 -2.4252e+00 -1.5604e+00 -3.4968e+00 +3.7758e+00 +2.5997e+00 +4.0351e+00 +3.3296e+00 -3.2696e+00
59 0 +6.742135119e+00 +3.876321351e+02 +3.876321351e+02 +4.8473e+00 +4.3577e+00 -3.5359e-01 -5.7025e-01 -2.1019e+00 +6.7642e-01 +5.2221e-01 -1.9553e-02 -3.0235e+00 -2.6140e+00 +2.8830e+00 -1.8537e-01 -4.6281e+00 +1.0545e+00 +4.6430e+00 -2.4697e+00 -3.3505e+00 +4.6961e+00 +4.5095e+00 -1.4819e+00
83 0 +5.495362541e+00 +3.863853625e+02 +3.863853625e+02 -2.6254e+00 +3.1035e+00 -3.6344e+00 +4.4387e+00 +2.6132e+00 -4.4294e+00 -1.6201e+00 +4.0569e+00 +3.3633e+00 -1.1083e+00 +1.6612e+00 +2.4934e+00 +3.7978e+00 +4.0553e+00 -4.9817e-01 -1.0987e+00 -1.1177e+00 +9.0257e-01 -2.5768e+00 +9.2932e-01
260 0 +5.345193651e+00 +3.862351937e+02 +3.862351937e+02 -6.8037e-01 +3.1853e+00 -4.0725e+00 +3.8034e-01 -1.1628e+00 -8.1865e-01 -1.7697e+00 +4.2861e-01 -1.0016e-01 -9.8062e-01 -5.6674e-01 +3.3804e+00 -1.5603e+00 -1.3446e+00 +7.8564e-01 -8.6211e-01 +1.5302e-02 +2.6768e+00 +5.0135e-01 -7.6057e-01
280 0 +3.474236513e+00 +3.843642365e+02 +3.843642365e+02 -1.6729e-01 -4.4475e+00 -4.9811e+00 -4.2693e+00 +2.6801e+00 -3.6352e+00 -3.3881e+00 +1.0453e+00 +4.1588e+00 -3.9956e+00 +8.1974e-03 -2.2668e+00 +2.9833e+00 +4.9422e+00 +3.4711e+00 +9.1661e-01 +3.5979e+00 -1.0074e+00 -2.1732e+00 -1.6856e+00
2415 0 +2.361718805e+00 +3.832517188e+02 +3.832517188e+02 -1.9398e-01 -2.5840e+00 -3.2556e+00 -2.7812e+00 +1.5795e+00 -2.3329e+00 -2.1594e+00 +4.8456e-01 +2.3495e+00 -3.0300e+00 -3.6389e-01 -1.5791e+00 +1.5000e+00 +2.8459e+00 +2.0637e+00 +2.3875e-01 +2.7739e+00 -6.8784e-02 -1.2298e+00 -1.2791e+00
9247 0 +1.444336260e+00 +3.823343363e+02 +3.823343363e+02 -3.6649e-02 -2.3441e+00 -3.3591e+00 -2.6845e+00 +1.7329e+00 -2.0826e+00 -2.1189e+00 +4.8989e-01 +2.1202e+00 -2.9415e+00 -2.4353e-01 -1.6151e+00 +1.5261e+00 +2.9497e+00 +2.1641e+00 +4.7360e-01 +3.0376e+00 +6.3676e-03 -1.4397e+00 -1.5690e+00
% f evaluations | g evaluations | best noise-free fitness - Fopt (3.790000000000e+01) + sum g_i+ | measured fitness | best measured fitness or single-digit g-values | x1 | x2...
1 0 +2.413732774e+01 +6.203732774e+01 +6.203732774e+01 -2.6355e+00 +2.0244e+00 +4.3009e+00 -3.9754e+00 +2.7820e+00 +3.7420e+00 -1.1953e-01 +1.8473e+00 +4.8145e+00 +2.2288e+00 +9.7537e-01 +3.7963e-01 +1.5319e+00 +4.7420e-01 -4.2442e+00 -2.5398e+00 +4.1629e+00 +4.0720e+00 -1.4831e+00 +4.4121e+00
2 0 +1.852246262e+01 +5.642246262e+01 +5.642246262e+01 +2.6781e+00 -4.0026e+00 +1.8541e+00 +4.4811e+00 -2.8936e+00 -8.7294e-01 -1.6354e+00 -4.1667e+00 +2.0754e-01 -6.5163e-01 -4.7437e+00 +5.6478e-01 +4.6613e+00 +4.1578e+00 +4.5858e+00 -5.9108e-02 +3.9781e+00 +2.1210e+00 +1.9572e+00 -1.2909e+00
3 0 +1.270609531e+01 +5.060609531e+01 +5.060609531e+01 +4.8014e+00 -9.1547e-01 +1.4387e+00 +2.0594e+00 -1.7439e+00 -1.7558e+00 -3.5626e+00 +6.5185e-01 +7.0670e-01 +8.4004e-01 -3.1244e+00 -3.9115e+00 +4.1784e+00 -1.3804e+00 +3.1091e+00 +4.7395e+00 +1.3562e+00 +3.2288e+00 -1.3721e+00 -2.3081e+00
5 0 +6.038601106e+00 +4.393860111e+01 +4.393860111e+01 -1.2820e-01 +4.6374e+00 -3.1983e+00 +3.5252e+00 -2.1450e+00 +4.2388e-01 -2.1350e+00 +8.3935e-01 +4.5605e-01 +4.8843e+00 -3.2560e+00 +4.4753e+00 -3.4389e+00 -4.4912e+00 +3.3692e+00 +3.5290e+00 +2.0030e+00 -3.8388e+00 -9.6351e-01 +7.0594e-02
94 0 +5.491757760e+00 +4.339175776e+01 +4.339175776e+01 +3.3120e+00 -3.1925e+00 +4.0963e-01 -4.3180e-01 +2.0413e+00 -1.1105e+00 +8.3107e-01 +4.3320e+00 +3.9211e+00 +3.0842e+00 -2.6637e+00 +1.6756e+00 +2.4671e+00 -3.1323e+00 -4.7089e+00 +1.4454e+00 -2.1153e+00 -4.4902e+00 -2.8666e+00 +2.1123e+00
219 0 +4.901780486e+00 +4.280178049e+01 +4.280178049e+01 +2.3334e+00 -1.9929e+00 -3.1450e-01 +7.0252e-01 +1.3724e+00 +1.6821e+00 +6.1564e-01 -1.8897e+00 -2.6000e+00 -3.5169e+00 -2.4921e+00 +8.0957e-01 +1.3244e+00 +2.9069e+00 -6.8668e-01 -5.2838e-01 -1.9584e+00 +1.2855e+00 -1.2405e-01 +1.6446e-01
236 0 +4.706314871e+00 +4.260631487e+01 +4.260631487e+01 -4.0906e+00 -2.7619e+00 +4.4633e+00 -4.5175e+00 +4.5959e+00 -4.5716e+00 +4.8308e+00 +4.1946e+00 -2.1244e+00 +3.8699e+00 +4.8624e+00 -9.4497e-01 -1.8337e+00 -4.0349e+00 -2.1152e+00 -2.7185e+00 -1.7898e+00 -2.8362e+00 -1.9504e+00 +1.6649e+00
306 0 +4.450631390e+00 +4.235063139e+01 +4.235063139e+01 +1.8409e+00 -2.8775e+00 +2.7430e+00 -1.0621e+00 +6.7965e-01 +5.7808e-01 +3.5014e+00 +7.6863e-01 +4.7631e+00 -4.1945e+00 -1.8023e+00 +4.4182e+00 +3.5351e+00 -1.7193e+00 +1.3827e+00 +4.5244e+00 +3.5569e+00 -2.0774e-01 -1.2696e+00 -3.0789e+00
1350 0 +4.276437111e+00 +4.217643711e+01 +4.217643711e+01 +6.5036e-01 -2.1464e+00 +1.7769e+00 -4.8667e-01 +3.9729e-01 +4.4981e-01 +1.6052e+00 +2.9512e-01 +2.5685e+00 -2.0432e+00 -2.1413e+00 +2.1270e+00 +1.6089e+00 -1.3941e+00 +7.2152e-01 +2.5702e+00 +1.4948e+00 -1.1991e+00 -5.2001e-01 -2.3187e+00
2155 0 +3.946255284e+00 +4.184625528e+01 +4.184625528e+01 +7.5400e-01 -1.8745e+00 +1.3608e+00 -7.0883e-01 +3.3510e-01 +4.3712e-01 +1.7074e+00 +3.8263e-01 +2.5095e+00 -2.1805e+00 -1.7724e+00 +1.6672e+00 +1.2385e+00 -1.5809e+00 +1.2049e+00 +2.6337e+00 +1.8230e+00 -8.9782e-01 -1.1642e-01 -1.5710e+00
2458 0 +3.716784611e+00 +4.161678461e+01 +4.161678461e+01 +6.1645e-01 -1.9200e+00 +1.0776e+00 -4.8042e-01 +2.4016e-01 +5.8531e-01 +1.4271e+00 +7.9031e-02 +2.2661e+00 -1.9231e+00 -2.1004e+00 +1.7458e+00 +1.3104e+00 -1.4257e+00 +1.1019e+00 +2.6258e+00 +1.9597e+00 -9.2505e-01 +1.3911e-01 -1.5494e+00
5420 0 +1.895176550e+00 +3.979517655e+01 +3.979517655e+01 +6.1645e-01 -1.9200e+00 +1.0776e+00 -4.8042e-01 +2.4016e-01 +6.3031e-01 +1.4271e+00 -5.6940e-02 +2.4550e+00 -1.9422e+00 -1.9450e+00 +1.7763e+00 +1.4600e+00 -1.1833e+00 +8.4632e-01 +2.4550e+00 +1.9597e+00 -9.2505e-01 +1.2825e-01 -1.5494e+00
% f evaluations | g evaluations | best noise-free fitness - Fopt (3.759800000000e+02) + sum g_i+ | measured fitness | best measured fitness or single-digit g-values | x1 | x2...
1 0 +2.154782807e+01 +3.975278281e+02 +3.975278281e+02 +4.5631e+00 -3.3899e+00 -2.3462e+00 +1.5009e+00 +3.1888e+00 +4.5060e+00 -2.4517e+00 -2.6322e+00 +1.8491e+00 -8.0063e-01 -2.3136e+00 -2.0566e+00 +2.4994e+00 +2.2800e+00 -1.8321e+00 -4.4556e+00 -1.7160e+00 -6.2695e-03 -5.3172e-01 +4.7609e-01
2 0 +1.416404120e+01 +3.901440412e+02 +3.901440412e+02 +6.5525e-01 -8.4422e-01 +2.0800e+00 -3.9714e+00 -3.3370e+00 -4.7494e+00 +3.0103e+00 -4.1059e+00 -1.3796e+00 -4.8223e-01 -6.5679e-01 +2.4366e+00 +3.1844e+00 +1.4590e+00 -3.7115e+00 -4.9276e+00 +4.7888e+00 -1.0989e+00 -3.1220e+00 +2.2012e+00
3 0 +8.900655580e+00 +3.848806556e+02 +3.848806556e+02 +4.1906e+00 -4.7633e+00 -9.0102e-01 -2.4300e+00 +1.3372e+00 -2.5769e+00 -6.4092e-01 -3.0498e-01 -3.7971e-01 -2.0353e+00 -4.9106e-01 +1.0402e+00 +7.0020e-01 +3.6075e-01 -3.7343e+00 +5.4998e-01 -3.2282e+00 +3.4164e+00 -2.2532e+00 +7.2375e-01
28 0 +6.421054256e+00 +3.824010543e+02 +3.824010543e+02 -6.0620e-03 -1.0093e+00 -9.8730e-01 -4.5572e+00 +3.0507e+00 +3.6228e-01 -1.2660e+00 -7.7783e-01 +1.9070e-01 +2.5800e+00 +1.8305e+00 -2.1965e+00 +3.8611e+00 +4.7922e+00 -4.4639e+00 -2.7491e+00 -2.8665e+00 +2.9215e+00 -3.4620e+00 +1.3024e+00
39 0 +5.388657004e+00 +3.813686570e+02 +3.813686570e+02 +1.6779e+00 -2.9859e+00 -8.2093e-01 -1.3166e+00 +4.1275e+00 -3.0405e+00 +4.0645e+00 -3.5810e+00 -7.3094e-01 -3.6886e+00 +4.8839e+00 +4.2112e+00 -4.9753e+00 -2.4930e+00 +1.4396e+00 -3.7293e+00 -3.4351e+00 -2.3595e+00 +2.8862e-01 -4.5519e+00
54 0 +3.850865056e+00 +3.798308651e+02 +3.798308651e+02 +9.5226e-01 +4.0706e+00 +1.3552e+00 +4.8344e+00 -2.8221e+00 +3.0094e+00 -3.9341e+00 +8.9068e-02 -4.1293e+00 +1.2038e+00 -3.0933e+00 +3.4883e-01 +4.6817e+00 -3.3496e+00 +1.1881e+00 +2.7427e+00 +5.4730e-01 +5.8690e-01 -3.2216e+00 -9.8808e-01
2548 0 +3.459898438e+00 +3.794398984e+02 +3.794398984e+02 +8.9170e-01 +2.6099e+00 +7.9040e-01 +3.0434e+00 -1.9884e+00 +2.1969e+00 -2.5071e+00 +3.6204e-01 -3.2495e+00 +8.7266e-01 -1.6968e+00 +4.3362e-01 +3.3890e+00 -2.0319e+00 +4.4423e-01 +1.5947e+00 +2.7120e-01 +1.5021e-01 -2.6166e+00 -2.6684e-01
3688 0 +3.114008961e+00 +3.790940090e+02 +3.790940090e+02 +7.3913e-01 +2.1356e+00 +3.6453e-01 +2.5180e+00 -1.7415e+00 +2.1248e+00 -1.9592e+00 +2.9482e-01 -2.7441e+00 +7.5674e-01 -1.5003e+00 +9.7487e-01 +2.9406e+00 -1.6141e+00 +2.3730e-01 +1.0272e+00 +2.5212e-01 -1.3966e-01 -2.3115e+00 -1.1592e-01
6588 0 +2.732438202e+00 +3.787124382e+02 +3.787124382e+02 +1.0018e+00 +2.0587e+00 +4.5927e-01 +2.5426e+00 -1.8035e+00 +2.2165e+00 -1.9643e+00 +3.5933e-01 -2.6551e+00 +1.4754e-02 -1.5136e+00 +7.5465e-01 +2.9754e+00 -1.7515e+00 +6.0402e-02 +7.1582e-01 +4.1145e-01 +4.8890e-02 -2.3600e+00 +1.5232e-02
18668 0 +1.884646458e+00 +3.778646465e+02 +3.778646465e+02 +9.0725e-01 +2.0925e+00 +4.1117e-01 +2.3140e+00 -1.5423e+00 +2.0102e+00 -1.6805e+00 +4.2530e-01 -2.6165e+00 -1.0814e-01 -1.4117e+00 +6.9934e-01 +2.9884e+00 -1.6519e+00 +1.4804e-02 +6.5613e-01 +5.2692e-01 +1.7843e-02 -2.2119e+00 +3.2473e-01
% f evaluations | g evaluations | best noise-free fitness - Fopt (-2.460000000000e+00) + sum g_i+ | measured fitness | best measured fitness or single-digit g-values | x1 | x2...
1 0 +2.136579043e+01 +1.890579043e+01 +1.890579043e+01 -4.7720e+00 -1.0385e+00 +1.5502e+00 +4.6874e-01 -1.5498e+00 -1.7984e+00 +2.1207e+00 -4.8819e+00 +4.2553e+00 -1.5045e+00 -3.6764e+00 +6.5423e-01 +3.1144e+00 -7.8621e-01 -2.1200e+00 +3.5524e+00 +3.2826e+00 -1.4023e+00 -3.1458e+00 +3.5851e+00
2 0 +1.607846683e+01 +1.361846683e+01 +1.361846683e+01 +1.4013e+00 -3.7981e+00 -6.7185e-01 +5.9022e-01 +3.7842e+00 -2.8023e+00 +3.8847e+00 +9.4602e-01 +4.1040e+00 +3.8007e+00 +1.0226e+00 +8.1825e-02 -5.4780e-01 -3.8649e+00 -1.8610e+00 +3.3600e-01 +2.8180e+00 +1.5091e+00 -2.6905e+00 -4.2441e+00
7 0 +1.120349970e+01 +8.743499695e+00 +8.743499695e+00 +2.2132e+00 -3.7407e+00 -3.7236e+00 -4.2171e+00 +4.4505e+00 +2.4329e+00 +1.4885e+00 +2.0070e-01 -7.0379e-01 -4.8266e+00 +2.2774e+00 +3.6995e+00 +1.3206e+00 +4.2896e+00 -3.2434e+00 +4.9038e-01 +8.4812e-01 +3.1587e+00 +1.5450e+00 -2.1891e+00
8 0 +1.025288774e+01 +7.792887737e+00 +7.792887737e+00 -2.0981e+00 -8.3885e-02 +1.5340e+00 -1.8193e+00 -8.2495e-01 -3.1353e+00 +3.5369e+00 -5.4781e-01 +1.6805e-01 +3.5629e+00 -2.3471e+00 +9.3951e-01 +4.5851e+00 +3.1125e+00 -1.8047e+00 +2.2257e+00 +2.6074e+00 +3.0795e-01 -3.2871e+00 +4.3001e+00
15 0 +7.840011469e+00 +5.380011469e+00 +5.380011469e+00 +3.0437e+00 +1.0535e+00 +2.1983e+00 +4.5610e+00 -2.3721e+00 +2.9029e+00 +6.5137e-01 +1.0367e+00 +4.1204e+00 -1.3778e+00 +3.6291e+00 -1.8321e+00 +4.1549e+00 +2.6990e+00 +1.2789e+00 +4.1002e-01 -4.3636e+00 +3.1466e+00 -1.7866e+00 -4.3211e+00
26 0 +6.556727081e+00 +4.096727081e+00 +4.096727081e+00 +1.6874e+00 +3.8560e+00 -3.3518e+00 -3.2299e+00 -2.7300e+00 +3.9712e+00 +3.0694e+00 -2.3002e+00 -1.1158e+00 -1.0172e+00 +3.0125e+00 +4.6711e+00 +2.5996e+00 +4.3122e+00 +8.7242e-01 -2.1685e+00 +3.6880e+00 -4.1977e+00 +8.3959e-01 +9.8114e-01
92 0 +6.301555101e+00 +3.841555101e+00 +3.841555101e+00 -2.1995e+00 +2.7415e+00 +2.6047e+00 -1.6557e+00 -1.5133e+00 -1.7369e-01 -1.6693e+00 -2.2531e+00 +2.7232e-01 -3.6751e+00 -5.5774e-01 -3.1710e+00 -4.0079e+00 +4.4686e+00 -1.5243e+00 -3.3021e+00 +3.8264e+00 -4.9306e+00 -3.3308e+00 -1.0119e+00
130 0 +5.052508653e+00 +2.592508653e+00 +2.592508653e+00 +1.7988e+00 -7.8289e-01 -8.3164e-02 +8.3986e-01 -3.8767e+00 +1.8315e-01 +1.1671e+00 +2.8719e+00 -1.3274e-01 -1.0400e+00 +1.0809e+00 +2.2418e+00 +6.3728e-01 +1.7911e+00 +2.0118e+00 +1.2568e+00 -5.1123e-01 +1.5415e+00 -6.1641e-01 -4.7106e+00
248 0 +4.595505113e+00 +2.135505113e+00 +2.135505113e+00 -2.9192e+00 +6.7685e-01 -2.3955e-03 -7.0575e-01 -7.3362e-01 -3.9703e-01 +1.1793e+00 -6.5576e-01 +4.9688e-01 -3.2835e+00 +1.2040e-01 -1.3483e+00 -1.5644e+00 +1.8794e+00 -4.9726e-01 -2.2147e+00 +2.7289e-01 -4.7316e+00 -6.9253e-01 -1.6910e+00
841 0 +3.542528682e+00 +1.082528682e+00 +1.082528682e+00 -3.2203e-01 +2.4109e+00 -4.8633e-01 -1.1415e+00 -2.9672e+00 -1.2025e+00 -1.0882e-01 -8.2773e-01 +3.6565e-01 -8.0637e-01 +8.3163e-01 -1.3668e-01 -3.3479e-01 -5.7783e-01 -2.9020e-03 -5.6607e-01 +4.7107e-01 -1.9320e+00 +2.9013e-01 +1.3143e+00
4249 0 +3.217417892e+00 +7.574178916e-01 +7.574178916e-01 -5.1966e-01 +1.9045e+00 +1.3867e-01 -8.3779e-01 -2.6056e+00 -1.2462e-01 -2.2342e-01 -6.0785e-01 +5.7899e-01 -1.3250e+00 +9.4026e-01 -2.4503e-01 +4.1595e-02 +4.7125e-01 +1.9917e-02 -6.8370e-01 +3.2409e-01 -1.6148e+00 -1.9400e-01 +5.1427e-01
11409 0 +2.938959314e+00 +4.789593143e-01 +4.789593143e-01 -4.7955e-01 +1.9348e+00 +3.0655e-01 -1.0554e+00 -2.7104e+00 -5.5369e-02 -5.0518e-02 -7.4648e-01 +6.7480e-01 -1.1582e+00 +7.8506e-01 -3.7200e-01 +2.0904e-01 +6.2997e-01 +6.9861e-02 -5.2410e-01 +1.0989e-01 -1.6246e+00 -6.1091e-02 +5.4930e-01
% f evaluations | g evaluations | best noise-free fitness - Fopt (1.000000000000e+03) + sum g_i+ | measured fitness | best measured fitness or single-digit g-values | x1 | x2...
1 0 +2.127569966e+01 +1.021275700e+03 +1.021275700e+03 -3.8861e-01 +6.8424e-01 +2.4118e+00 +8.5463e-01 +3.0211e-01 +2.7818e+00 -9.7205e-03 +7.5473e-02 -1.0300e+00 -4.9071e+00 -1.1151e+00 +1.8458e+00 +1.9846e+00 -6.4730e-01 +3.1419e+00 -4.5766e+00 +3.8803e+00 +2.3033e-01 -3.3627e+00 +3.1856e+00
2 0 +1.396506229e+01 +1.013965062e+03 +1.013965062e+03 -3.8779e+00 +3.9982e+00 +4.5193e+00 +1.7531e+00 -3.2928e+00 +2.9287e+00 +1.1666e+00 -1.2817e+00 +1.9614e+00 -3.1096e+00 +4.8829e+00 +5.9761e-01 -3.4657e-01 -2.0714e+00 +1.4855e+00 -2.7881e+00 +2.0041e+00 +1.7928e+00 +3.9578e+00 +7.6243e-01
8 0 +1.134934800e+01 +1.011349348e+03 +1.011349348e+03 -4.0386e+00 -8.0683e-03 -3.9406e+00 -4.9170e+00 -1.2329e+00 -4.8380e+00 +1.6434e-02 -3.0629e+00 -1.5668e+00 +3.1962e+00 -1.3069e-01 -3.4051e+00 +1.2821e-01 -4.5862e+00 -4.1252e+00 -4.1104e+00 +3.9539e+00 -2.3341e+00 -5.7829e-01 +2.6731e+00
11 0 +9.615042815e+00 +1.009615043e+03 +1.009615043e+03 +4.5152e-01 -2.5193e+00 -1.6644e+00 +5.1227e-01 -3.6192e+00 -3.4135e+00 -3.9473e+00 +4.8682e+00 +1.9676e+00 -8.2063e-01 +3.2862e+00 +2.8569e-01 +3.5802e+00 -3.8489e+00 -9.0597e-01 -6.2772e-01 -3.2843e+00 +2.6974e+00 -4.4308e+00 +3.6496e+00
23 0 +6.459422602e+00 +1.006459423e+03 +1.006459423e+03 +3.6278e+00 +2.9813e+00 -1.2089e+00 +3.2857e+00 -3.4668e+00 +2.2444e+00 -2.5094e+00 -2.5084e+00 -3.1404e-01 -3.9609e+00 +4.4147e+00 +2.9882e-01 +6.3587e-01 -8.1412e-01 +1.1083e+00 +1.7223e+00 +2.4231e+00 -1.9441e+00 -2.1721e+00 -3.5176e+00
100 0 +5.878896944e+00 +1.005878897e+03 +1.005878897e+03 +2.6838e+00 +1.3704e+00 -4.2751e+00 -2.7742e+00 -2.4159e+00 -3.8814e+00 +1.3417e+00 -1.0311e+00 +4.2755e+00 -2.0900e+00 +1.5441e+00 +3.5166e+00 -2.8678e+00 +4.6598e+00 +2.2023e+00 -4.0539e+00 +4.1867e+00 -5.7557e-01 +4.6813e+00 +1.0213e+00
305 0 +5.412161718e+00 +1.005412162e+03 +1.005412162e+03 -1.2727e+00 -5.0088e-01 +2.2518e-01 -1.2481e+00 -3.6882e+00 -1.2971e+00 -1.0697e+00 +8.7376e-01 -2.6765e-01 +1.2709e+00 +3.9897e+00 +4.0164e-01 +2.7363e+00 -2.3320e+00 -3.0311e+00 -9.8379e-01 -4.1473e+00 -1.6214e-01 -4.1419e+00 +1.8879e+00
329 0 +4.121856548e+00 +1.004121857e+03 +1.004121857e+03 -3.4560e+00 -4.4261e-01 +1.8806e+00 +1.6982e+00 +3.4557e+00 -9.3110e-01 -3.9016e+00 +4.2996e+00 +4.8317e+00 -1.9167e+00 +2.7878e-01 -3.8547e+00 -1.5286e+00 -6.7562e-01 -9.3480e-03 +4.3292e+00 -1.3584e+00 +3.9691e+00 -4.0835e+00 -1.0821e+00
2020 0 +3.324420154e+00 +1.003324420e+03 +1.003324420e+03 -1.1643e+00 +9.2684e-01 -3.7648e-01 +6.9305e-01 -1.2178e+00 -9.5089e-01 -9.7215e-01 +9.3707e-01 +2.1024e+00 -1.1797e+00 +1.2354e+00 -1.5975e-01 -6.3048e-01 +3.4231e-01 +3.9555e-01 +1.0120e+00 -1.0929e-01 +8.5718e-01 -1.3929e+00 +4.5547e-02
3007 0 +2.972256256e+00 +1.002972256e+03 +1.002972256e+03 -1.4538e+00 +8.3836e-01 +1.1485e-02 +8.0377e-01 +4.7517e-01 -6.3304e-01 -2.0129e+00 +1.7252e+00 +3.0822e+00 -1.4446e+00 +7.7563e-01 -1.4265e+00 -9.7300e-01 -2.5948e-01 +3.8664e-01 +2.0952e+00 -2.0081e-01 +1.7997e+00 -2.1757e+00 -6.8957e-01
6849 0 +2.928507356e+00 +1.002928507e+03 +1.002928507e+03 -1.5693e+00 +7.2848e-01 +8.3220e-02 +8.9329e-01 +7.2978e-01 -7.4791e-01 -1.8214e+00 +1.6359e+00 +3.0986e+00 -1.3798e+00 +1.0839e+00 -1.1149e+00 -9.9856e-01 -2.7846e-01 +5.9847e-01 +2.0551e+00 -3.5703e-01 +1.6622e+00 -2.2043e+00 -7.0501e-01
8400 0 +2.669681278e+00 +1.002669681e+03 +1.002669681e+03 -1.5632e+00 +1.1328e+00 +7.6013e-02 +7.1563e-01 +6.2030e-01 -5.6514e-01 -1.9093e+00 +1.6082e+00 +3.0812e+00 -1.4118e+00 +1.0427e+00 -1.1637e+00 -7.4578e-01 -1.1762e-01 +5.3190e-01 +1.7088e+00 -2.4630e-01 +1.5589e+00 -2.2066e+00 -8.5314e-01
% f evaluations | g evaluations | best noise-free fitness - Fopt (-2.845100000000e+02) + sum g_i+ | measured fitness | best measured fitness or single-digit g-values | x1 | x2...
1 0 +1.030855352e+01 -2.742014465e+02 -2.742014465e+02 +4.3224e+00 +2.7660e+00 -2.0728e+00 -2.6102e+00 +2.3528e+00 -9.9567e-01 +3.8950e+00 -2.8862e+00 +1.6691e-01 -3.5857e+00 -8.1450e-01 +2.2059e+00 -3.4958e+00 +2.7113e+00 -1.3145e+00 +5.2682e-01 -1.4381e+00 -1.4966e-01 -2.2404e+00 -2.2990e+00
7 0 +1.006718867e+01 -2.744428113e+02 -2.744428113e+02 -9.3492e-01 -3.7554e+00 -3.9987e+00 +3.6567e+00 +3.1606e-01 -1.4904e+00 +4.5779e+00 -3.9126e+00 -3.3638e+00 -2.4220e+00 +7.0169e-01 -3.4809e+00 -1.3394e+00 +3.2063e+00 -2.6044e+00 +6.6797e-01 +2.4712e+00 -3.6746e-01 -4.5745e+00 -6.2163e-01
18 0 +6.217812153e+00 -2.782921878e+02 -2.782921878e+02 -2.1026e+00 -2.6477e-01 -2.4558e+00 -2.0116e+00 +3.2515e+00 -1.1227e+00 +2.9769e+00 -1.8197e+00 -2.3173e+00 +1.1383e+00 +2.8942e+00 -3.3540e+00 -1.0541e+00 +2.7636e+00 -8.4144e-02 +4.5289e+00 +1.6416e+00 +3.6068e+00 +4.5433e+00 +2.3175e+00
34 0 +4.461525799e+00 -2.800484742e+02 -2.800484742e+02 -2.4378e+00 -2.3115e+00 -1.6451e+00 +4.7014e+00 +2.7373e+00 -4.8412e+00 -2.8293e+00 +2.0485e+00 +2.1824e+00 +3.4049e+00 -2.8461e-01 -4.8346e+00 +3.4626e+00 +4.4849e+00 -2.4286e+00 -1.0051e+00 -1.0669e+00 +3.8915e+00 -1.4267e+00 -3.0041e+00
299 0 +3.675107123e+00 -2.808348929e+02 -2.808348929e+02 -2.0286e+00 +2.5439e+00 -1.5840e+00 +3.0565e+00 -4.0758e+00 +3.0079e-01 +2.4013e+00 -1.4118e+00 +3.8800e+00 +8.1655e-01 -1.3592e-01 +7.7570e-01 -2.0486e+00 -4.5043e+00 +1.3968e+00 +7.9970e-01 +9.8510e-01 +2.4521e+00 -9.1631e-01 -1.9386e-01
463 0 +2.421129497e+00 -2.820888705e+02 -2.820888705e+02 -3.9230e+00 -2.5982e-02 +5.5797e-02 +2.8496e+00 -3.6395e+00 -9.4845e-01 +2.2997e+00 -2.4236e-01 +4.0510e-01 -2.7478e+00 +3.6937e-01 -2.8684e+00 -2.8847e+00 -3.9128e+00 -3.0252e+00 +1.4454e-01 +3.9391e+00 +3.8867e+00 -2.4373e+00 -1.9694e+00
% f evaluations | g evaluations | best noise-free fitness - Fopt (-1.946000000000e+01) + sum g_i+ | measured fitness | best measured fitness or single-digit g-values | x1 | x2...
1 0 +1.249284751e+01 -6.967152494e+00 -6.967152494e+00 +4.6087e+00 +2.5867e-01 +1.1813e+00 -4.9078e+00 -1.6965e+00 -5.5118e-01 -3.2787e+00 -1.1263e+00 +2.5896e-01 +4.4253e+00 +5.7797e-01 -4.7025e+00 -7.1787e-01 +1.2451e+00 +7.0670e-01 +1.4181e+00 +2.0165e+00 -4.8847e+00 -4.2666e+00 +8.3417e-01
2 0 +8.128070762e+00 -1.133192924e+01 -1.133192924e+01 +1.5990e+00 +4.3090e+00 -2.0153e+00 -1.4681e+00 +4.5453e-01 -6.5651e-01 -3.2910e+00 -3.5002e+00 +1.4931e+00 -2.4632e+00 +2.5210e+00 +3.4523e+00 -2.5050e+00 -1.6021e+00 -2.4230e+00 +4.9907e+00 +4.9519e+00 -2.9805e+00 -2.6963e+00 -5.0658e-01
5 0 +7.722126348e+00 -1.173787365e+01 -1.173787365e+01 +4.2277e-01 -1.4071e+00 -9.8933e-02 +1.3840e+00 +3.4671e+00 +2.1355e+00 -9.7950e-01 +2.3318e+00 -2.5295e+00 -2.0341e+00 +3.5422e+00 +4.6811e+00 -1.2892e+00 +1.8066e+00 +2.0968e+00 +9.0891e-01 -2.4958e+00 +4.7958e+00 +2.2085e+00 +7.1599e-03
10 0 +7.269068963e+00 -1.219093104e+01 -1.219093104e+01 -6.0778e-01 -3.3171e+00 +3.8207e+00 -1.0403e+00 -2.9949e+00 -6.0255e-01 +4.6908e+00 -4.3378e+00 +1.6234e+00 +6.4363e-01 -3.0965e+00 +4.8672e+00 +3.2342e+00 -3.6575e+00 +1.8532e-01 -4.0376e+00 -7.8605e-01 +3.7193e+00 -8.0522e-01 +6.8313e-01
23 0 +6.472531108e+00 -1.298746889e+01 -1.298746889e+01 +2.4296e+00 +2.3464e+00 +3.8321e+00 +4.8106e+00 -1.9526e+00 +3.8786e+00 +2.4694e+00 -3.4286e+00 +4.1486e+00 -1.8083e+00 -3.8196e+00 +4.8795e+00 -2.0270e+00 -4.7899e+00 -3.2632e+00 +3.3400e+00 -3.4032e+00 +1.4888e+00 -4.6009e-01 -4.3895e+00
145 0 +5.943519061e+00 -1.351648094e+01 -1.351648094e+01 -4.9420e+00 -3.6464e+00 -4.5408e-01 -3.8362e+00 -3.1436e+00 -4.5540e+00 +4.0442e+00 +4.0180e+00 +4.0708e-01 +2.2775e+00 +9.4391e-01 +3.2470e+00 -6.1472e-01 +2.2481e+00 -4.4814e-01 -3.0331e+00 -3.0144e+00 -3.1217e+00 +1.3423e-01 -1.7170e+00
188 0 +4.905252362e+00 -1.455474764e+01 -1.455474764e+01 +1.7479e-01 +1.5655e+00 +1.5256e+00 -1.3270e+00 -1.8369e+00 -1.2804e+00 +2.8989e+00 -2.9054e+00 -8.0833e-01 +3.5176e+00 +2.9633e+00 -3.6348e+00 -1.5114e+00 -2.3873e+00 -4.2127e-01 -1.9981e+00 +2.3622e-01 +4.8441e-01 -2.1047e+00 +1.1711e+00
302 0 +4.817518368e+00 -1.464248163e+01 -1.464248163e+01 +4.0828e+00 +2.8948e+00 +1.1711e+00 -1.9740e-01 +6.5650e-01 +1.3100e-01 -9.3913e-01 -3.6290e+00 +2.2375e+00 +8.7151e-01 +1.5736e-01 -4.0298e+00 -1.4324e+00 -8.0262e-01 -6.3957e-01 +1.3230e+00 +8.9739e-01 -4.8734e-02 +1.4412e+00 +2.3250e+00
611 0 +3.543043184e+00 -1.591695682e+01 -1.591695682e+01 +5.1578e-01 +2.1387e+00 +2.0505e-01 +8.1529e-01 -6.6856e-01 -6.1070e-01 -1.6699e+00 +5.6947e-01 +7.6974e-01 +2.6897e-01 -7.6896e-01 +2.3967e-01 -1.5917e+00 -4.8085e-01 -1.4015e+00 -7.1586e-01 +3.0313e-01 -4.4642e-02 +4.3469e-01 -1.6340e-01
942 0 +2.652412134e+00 -1.680758787e+01 -1.680758787e+01 +7.2699e-01 +3.8342e-01 +1.2948e-02 +1.1747e+00 +1.0123e-01 +1.1801e-01 -1.7085e-02 -1.9965e-01 +6.3357e-01 +9.2884e-01 -5.9390e-01 -8.5613e-01 -1.0707e-01 -3.6664e-02 -1.1032e+00 +2.5519e-01 -2.0905e-01 -3.2400e-02 -6.5773e-02 +7.8828e-01
