% f evaluations | g evaluations | best noise-free fitness - Fopt (1.000000000000e+03) + sum g_i+ | measured fitness | best measured fitness or single-digit g-values | x1 | x2...
1 0 +3.019146222e+03 +4.019146222e+03 +4.019146222e+03 -9.2509e-01 +4.7503e+00 -4.3402e+00 -2.2272e+00 +6.1801e-01
2 0 +3.013122773e+02 +1.301312277e+03 +1.301312277e+03 +2.7472e+00 +4.6191e+00 +4.8573e+00 +2.2340e+00 -1.2674e+00
8 0 +1.943835365e+02 +1.194383536e+03 +1.194383536e+03 -3.8595e+00 +3.3926e+00 +1.4934e-01 +1.2731e+00 +3.1114e+00
16 0 +7.698374682e+01 +1.076983747e+03 +1.076983747e+03 -4.8569e+00 -5.6866e-01 +3.1466e+00 +2.0216e+00 +4.3489e+00
213 0 +7.155859436e+01 +1.071558594e+03 +1.071558594e+03 -1.2568e+00 +1.1450e+00 +3.6546e+00 +3.9301e+00 +1.7994e+00
227 0 +6.452233020e+01 +1.064522330e+03 +1.064522330e+03 -1.7659e+00 +1.7256e+00 +2.8851e+00 +2.9631e+00 +2.2038e+00
266 0 +4.709217759e+01 +1.047092178e+03 +1.047092178e+03 -1.7937e+00 +3.1073e+00 +2.5243e+00 +1.7781e+00 +2.6360e+00
384 0 +4.250632697e+01 +1.042506327e+03 +1.042506327e+03 -1.6530e+00 +2.6486e+00 +2.7665e+00 +2.7609e+00 +1.9061e+00
412 0 +4.065836731e+01 +1.040658367e+03 +1.040658367e+03 -2.3664e+00 +1.9167e+00 +2.4391e+00 +3.1559e+00 +3.2127e+00
499 0 +2.470469494e+01 +1.024704695e+03 +1.024704695e+03 -1.2414e+00 +3.3259e+00 +2.0494e+00 +3.5693e+00 +3.6924e+00
602 0 +2.100253698e+01 +1.021002537e+03 +1.021002537e+03 -9.6982e-01 +3.4539e+00 +2.0509e+00 +3.7159e+00 +3.7496e+00
857 0 +1.873784297e+01 +1.018737843e+03 +1.018737843e+03 -9.4069e-01 +2.9659e+00 +1.8381e+00 +3.6889e+00 +3.4934e+00
1033 0 +1.846935839e+01 +1.018469358e+03 +1.018469358e+03 -9.6959e-01 +2.9854e+00 +1.8381e+00 +3.6889e+00 +3.4934e+00
1193 0 +1.726336388e+01 +1.017263364e+03 +1.017263364e+03 -1.2078e+00 +3.4854e+00 +2.0532e+00 +3.6950e+00 +3.8203e+00
1212 0 +1.680395215e+01 +1.016803952e+03 +1.016803952e+03 -1.0528e+00 +3.3917e+00 +2.0512e+00 +3.6834e+00 +3.8339e+00
1317 0 +1.588150208e+01 +1.015881502e+03 +1.015881502e+03 -1.1219e+00 +3.4188e+00 +2.1770e+00 +3.6643e+00 +3.8038e+00
1468 0 +1.510051098e+01 +1.015100511e+03 +1.015100511e+03 -1.1493e+00 +3.4188e+00 +2.1770e+00 +3.6643e+00 +3.8038e+00
1588 0 +1.466408051e+01 +1.014664081e+03 +1.014664081e+03 -1.1493e+00 +3.3720e+00 +2.1371e+00 +3.7204e+00 +3.7948e+00
1764 0 +1.279896571e+01 +1.012798966e+03 +1.012798966e+03 -1.1658e+00 +3.3952e+00 +2.1522e+00 +3.6849e+00 +3.8040e+00
2179 0 +1.154097463e+01 +1.011540975e+03 +1.011540975e+03 -1.1429e+00 +3.4276e+00 +2.0952e+00 +3.6548e+00 +3.7886e+00
4347 0 +1.141868186e+01 +1.011418682e+03 +1.011418682e+03 -1.1474e+00 +3.4030e+00 +2.1330e+00 +3.6469e+00 +3.7935e+00
% f evaluations | g evaluations | best noise-free fitness - Fopt (7.003000000000e+01) + sum g_i+ | measured fitness | best measured fitness or single-digit g-values | x1 | x2...
1 0 +2.871042987e+02 +3.571342987e+02 +3.571342987e+02 +1.0981e+00 +7.5753e-03 -2.6584e+00 +2.8555e+00 -2.4761e+00
3 0 +2.101465057e+02 +2.801765057e+02 +2.801765057e+02 +5.5607e-01 -2.0818e+00 -4.2147e+00 +1.9496e+00 -3.3607e+00
6 0 +1.063786969e+02 +1.764086969e+02 +1.764086969e+02 +9.5811e-01 -1.3114e+00 -1.5050e+00 -1.7911e+00 -2.9903e+00
38 0 +6.511555372e+01 +1.351455537e+02 +1.351455537e+02 -2.8995e+00 -3.7791e+00 -4.7691e+00 +7.8569e-02 -7.8627e-01
175 0 +5.357880398e+01 +1.236088040e+02 +1.236088040e+02 -9.0207e-01 -1.6123e+00 -1.9710e+00 -3.2641e+00 -8.6581e-01
188 0 +2.400424188e+01 +9.403424188e+01 +9.403424188e+01 -8.6616e-01 -2.3114e+00 -1.8605e+00 -2.3776e+00 -2.3635e+00
231 0 +2.331840585e+01 +9.334840585e+01 +9.334840585e+01 -8.6616e-01 -2.3114e+00 -1.8605e+00 -2.3640e+00 -2.3635e+00
362 0 +2.129158110e+01 +9.132158110e+01 +9.132158110e+01 -8.7043e-01 -2.3114e+00 -1.9037e+00 -2.3776e+00 -2.3206e+00
532 0 +1.820905748e+01 +8.823905748e+01 +8.823905748e+01 -8.7043e-01 -2.3138e+00 -1.9037e+00 -2.3017e+00 -2.3206e+00
716 0 +1.565511281e+01 +8.568511281e+01 +8.568511281e+01 -8.7043e-01 -2.2861e+00 -1.9037e+00 -2.3017e+00 -2.3206e+00
740 0 +1.419413277e+01 +8.422413277e+01 +8.422413277e+01 -9.7600e-01 -2.3114e+00 -1.9814e+00 -2.2072e+00 -2.2568e+00
835 0 +1.270792221e+01 +8.273792221e+01 +8.273792221e+01 -9.4815e-01 -2.3139e+00 -1.9958e+00 -2.2085e+00 -2.3369e+00
923 0 +1.239976977e+01 +8.242976977e+01 +8.242976977e+01 -9.1015e-01 -2.2338e+00 -1.9724e+00 -2.3132e+00 -2.2753e+00
999 0 +1.027464797e+01 +8.030464797e+01 +8.030464797e+01 -9.4348e-01 -2.2904e+00 -2.0175e+00 -2.2452e+00 -2.2420e+00
1241 0 +1.013783549e+01 +8.016783549e+01 +8.016783549e+01 -9.4348e-01 -2.2904e+00 -2.0175e+00 -2.2452e+00 -2.2561e+00
% f evaluations | g evaluations | best noise-free fitness - Fopt (-4.822000000000e+01) + sum g_i+ | measured fitness | best measured fitness or single-digit g-values | x1 | x2...
1 0 +1.915237268e+02 +1.433037268e+02 +1.433037268e+02 +1.2153e+00 +4.4760e-01 +2.7483e+00 +4.8042e-01 -5.3946e-01
2 0 +1.455551596e+02 +9.733515957e+01 +9.733515957e+01 -4.6224e+00 -4.6936e-01 -3.0880e-01 -3.6278e+00 -2.1809e+00
24 0 +1.431834594e+02 +9.496345945e+01 +9.496345945e+01 -1.5841e+00 -4.7045e+00 -3.9149e+00 +1.6386e+00 -2.7805e+00
25 0 +1.404506984e+02 +9.223069843e+01 +9.223069843e+01 +4.0629e+00 -2.4135e-01 -3.2844e+00 +2.3005e-01 +8.8742e-01
39 0 +1.063234013e+02 +5.810340129e+01 +5.810340129e+01 -4.2119e+00 -2.6459e+00 -1.8963e+00 -3.1293e+00 -1.7187e+00
65 0 +1.020858512e+02 +5.386585116e+01 +5.386585116e+01 -1.5482e+00 +1.1886e+00 -1.3195e+00 -3.8471e-02 -2.5633e+00
112 0 +9.345106453e+01 +4.523106453e+01 +4.523106453e+01 +2.8044e+00 +2.5411e-01 -4.0954e+00 +6.6191e-01 -2.1514e-01
121 0 +7.283965823e+01 +2.461965823e+01 +2.461965823e+01 +1.2422e+00 -3.8330e-01 -3.4243e+00 -4.6224e-01 -1.7893e+00
155 0 +7.210299843e+01 +2.388299843e+01 +2.388299843e+01 +1.2902e+00 -7.9401e-01 -1.7056e+00 +9.0080e-02 -3.1967e+00
177 0 +5.680421922e+01 +8.584219219e+00 +8.584219219e+00 -2.6751e+00 -6.2957e-01 -1.9703e+00 -1.9905e-01 -2.9581e+00
212 0 +5.579113928e+01 +7.571139284e+00 +7.571139284e+00 -2.7187e+00 -8.9429e-01 -1.4032e+00 -1.0717e+00 -1.8733e+00
228 0 +4.515875874e+01 -3.061241264e+00 -3.061241264e+00 +1.1671e+00 -2.8528e-01 -3.4276e+00 -3.0191e-01 -1.7893e+00
339 0 +4.031994539e+01 -7.900054615e+00 -7.900054615e+00 -5.6234e-01 -6.2769e-01 -1.8411e+00 -6.9744e-02 -2.9557e+00
415 0 +3.842985816e+01 -9.790141837e+00 -9.790141837e+00 -2.5442e+00 -7.6558e-01 -1.8366e+00 -3.0345e-01 -2.8547e+00
475 0 +3.256301108e+01 -1.565698892e+01 -1.565698892e+01 -8.9929e-01 -1.3335e+00 -2.5111e+00 +3.2863e-02 -2.2955e+00
499 0 +3.036477283e+01 -1.785522717e+01 -1.785522717e+01 -2.6953e-01 -7.0660e-01 -1.8517e+00 -2.1347e-01 -2.0468e+00
533 0 +2.905845221e+01 -1.916154779e+01 -1.916154779e+01 -1.1663e+00 -1.7233e+00 -2.0685e+00 -4.3746e-02 -2.3304e+00
664 0 +2.392801255e+01 -2.429198745e+01 -2.429198745e+01 -1.0055e+00 -1.3335e+00 -2.5111e+00 +3.2863e-02 -2.2263e+00
850 0 +2.212746388e+01 -2.609253612e+01 -2.609253612e+01 -1.0167e+00 -1.6397e+00 -2.3935e+00 -6.1471e-02 -2.1470e+00
1107 0 +1.698054823e+01 -3.123945177e+01 -3.123945177e+01 -8.9952e-01 -8.8944e-01 -1.8257e+00 -1.8415e-01 -2.1071e+00
1439 0 +1.492783018e+01 -3.329216982e+01 -3.329216982e+01 -9.4355e-01 -9.1976e-01 -1.7560e+00 -1.9291e-01 -2.1071e+00
1546 0 +9.192978915e+00 -3.902702109e+01 -3.902702109e+01 -9.5804e-01 -1.2549e+00 -2.3878e+00 -8.5502e-02 -2.2901e+00
2193 0 +8.367892504e+00 -3.985210750e+01 -3.985210750e+01 -9.2417e-01 -1.2169e+00 -2.4416e+00 -4.3356e-03 -2.2905e+00
2381 0 +8.236459956e+00 -3.998354004e+01 -3.998354004e+01 -9.2522e-01 -1.2459e+00 -2.3975e+00 -5.0822e-02 -2.2629e+00
2505 0 +8.035541852e+00 -4.018445815e+01 -4.018445815e+01 -9.2522e-01 -1.2254e+00 -2.3975e+00 -5.0822e-02 -2.2629e+00
2552 0 +7.027237481e+00 -4.119276252e+01 -4.119276252e+01 -9.5353e-01 -1.2335e+00 -2.3741e+00 -5.3373e-02 -2.2943e+00
% f evaluations | g evaluations | best noise-free fitness - Fopt (2.547000000000e+01) + sum g_i+ | measured fitness | best measured fitness or single-digit g-values | x1 | x2...
1 0 +3.703707971e+02 +3.958407971e+02 +3.958407971e+02 -4.5976e-02 -4.5787e+00 -4.0427e+00 +9.3171e-02 +1.1041e+00
3 0 +1.183541291e+02 +1.438241291e+02 +1.438241291e+02 +2.8741e-01 -3.3940e+00 -8.0021e-01 -2.7977e+00 +1.9253e+00
5 0 +8.572210409e+01 +1.111921041e+02 +1.111921041e+02 +9.5019e-01 -1.0954e+00 -2.5757e+00 -1.5981e+00 -2.0827e+00
21 0 +6.177066739e+01 +8.724066739e+01 +8.724066739e+01 -2.4168e+00 -1.7621e+00 -5.1068e-01 -5.3187e-01 -5.0338e-01
61 0 +5.995139844e+01 +8.542139844e+01 +8.542139844e+01 -1.2083e+00 -2.0909e+00 -1.7773e+00 -1.5628e+00 -1.5423e+00
106 0 +5.701617436e+01 +8.248617436e+01 +8.248617436e+01 -3.6185e+00 -2.3083e+00 -5.6421e-01 -1.9967e+00 -1.9152e+00
195 0 +5.618642606e+01 +8.165642606e+01 +8.165642606e+01 -2.1660e+00 -1.0454e+00 -2.6285e-01 -9.0358e-01 -4.0813e-01
211 0 +5.066009491e+01 +7.613009491e+01 +7.613009491e+01 -3.0745e+00 -2.8846e+00 -2.1899e-01 -1.8588e+00 +1.4969e+00
216 0 +4.141302969e+01 +6.688302969e+01 +6.688302969e+01 -3.4684e+00 -2.6241e+00 -1.0289e+00 -1.9410e+00 -1.1121e+00
242 0 +3.289372895e+01 +5.836372895e+01 +5.836372895e+01 -3.6185e+00 -2.3083e+00 -6.9484e-01 -2.1782e+00 -1.7270e+00
275 0 +2.873004473e+01 +5.420004473e+01 +5.420004473e+01 -3.6781e+00 -2.3083e+00 -5.6421e-01 -2.1799e+00 -1.8417e+00
310 0 +2.613924428e+01 +5.160924428e+01 +5.160924428e+01 -3.7416e+00 -2.3083e+00 -4.6880e-01 -2.0604e+00 -1.9625e+00
348 0 +2.230038577e+01 +4.777038577e+01 +4.777038577e+01 -3.6649e+00 -2.3083e+00 -4.5194e-01 -2.1393e+00 -1.8417e+00
508 0 +1.026349183e+01 +3.573349183e+01 +3.573349183e+01 -3.7839e+00 -2.2674e+00 -3.1645e-01 -2.0604e+00 -1.9625e+00
925 0 +8.990277136e+00 +3.446027714e+01 +3.446027714e+01 -3.7839e+00 -2.2674e+00 -3.1645e-01 -2.0088e+00 -2.0774e+00
1472 0 +8.300877782e+00 +3.377087778e+01 +3.377087778e+01 -3.8013e+00 -2.2674e+00 -3.4433e-01 -2.0321e+00 -2.0774e+00
1556 0 +4.650690788e+00 +3.012069079e+01 +3.012069079e+01 -3.9886e+00 -2.3692e+00 -1.7423e-01 -2.0024e+00 -2.0925e+00
1812 0 +3.847088994e+00 +2.931708899e+01 +2.931708899e+01 -3.9081e+00 -2.3209e+00 -2.5131e-01 -2.0425e+00 -2.0452e+00
2234 0 +3.763233737e+00 +2.923323374e+01 +2.923323374e+01 -3.8967e+00 -2.3134e+00 -2.2106e-01 -2.0274e+00 -2.0712e+00
2846 0 +3.639871327e+00 +2.910987133e+01 +2.910987133e+01 -3.8967e+00 -2.3059e+00 -2.2106e-01 -2.0274e+00 -2.0712e+00
3340 0 +3.594023503e+00 +2.906402350e+01 +2.906402350e+01 -3.9803e+00 -2.3223e+00 -2.3384e-01 -2.0098e+00 -2.0784e+00
3547 0 +3.539284761e+00 +2.900928476e+01 +2.900928476e+01 -3.9803e+00 -2.3223e+00 -2.3384e-01 -2.0098e+00 -2.0582e+00
3624 0 +3.371142243e+00 +2.884114224e+01 +2.884114224e+01 -3.9473e+00 -2.3284e+00 -2.1177e-01 -2.0131e+00 -2.0647e+00
% f evaluations | g evaluations | best noise-free fitness - Fopt (-1.008100000000e+02) + sum g_i+ | measured fitness | best measured fitness or single-digit g-values | x1 | x2...
1 0 +1.390341672e+02 +3.822416716e+01 +3.822416716e+01 +4.8979e+00 +1.6481e+00 -1.4708e+00 +2.3168e+00 +3.2940e+00
9 0 +5.647766037e+01 -4.433233963e+01 -4.433233963e+01 +2.1220e+00 +3.6094e+00 +1.4847e+00 +1.2814e-01 +4.0328e+00
31 0 +5.440365980e+01 -4.640634020e+01 -4.640634020e+01 +4.2524e+00 +8.7339e-02 +1.1221e+00 +6.3026e-01 +2.8141e+00
143 0 +3.121109976e+01 -6.959890024e+01 -6.959890024e+01 +2.3333e+00 +2.2501e+00 +1.4151e+00 -2.3246e-01 +3.2688e+00
266 0 +2.957271466e+01 -7.123728534e+01 -7.123728534e+01 +2.9077e+00 +8.1479e-02 +3.1188e-01 +1.5247e+00 +5.1035e-01
309 0 +2.792217672e+01 -7.288782328e+01 -7.288782328e+01 +2.3333e+00 +2.0990e+00 +1.5100e+00 -2.3246e-01 +3.2688e+00
411 0 +2.391787641e+01 -7.689212359e+01 -7.689212359e+01 +2.1196e+00 -3.3961e-01 +7.5189e-01 +4.2856e-01 +8.0250e-01
518 0 +2.334024736e+01 -7.746975264e+01 -7.746975264e+01 +1.5991e+00 +5.7258e-01 +1.1159e+00 -8.1887e-01 +1.9396e+00
524 0 +2.242920264e+01 -7.838079736e+01 -7.838079736e+01 +1.7767e+00 +5.9034e-01 +7.7116e-01 +4.0898e-01 +1.7484e+00
597 0 +1.569523301e+01 -8.511476699e+01 -8.511476699e+01 +2.1698e+00 -3.3961e-01 +8.1504e-01 +4.3926e-01 +8.4468e-01
851 0 +1.481544609e+01 -8.599455391e+01 -8.599455391e+01 +3.3344e-01 +1.0495e+00 +1.2282e+00 +2.8066e-01 +2.7953e+00
919 0 +7.937398111e+00 -9.287260189e+01 -9.287260189e+01 +3.3344e-01 +1.2505e+00 +1.2757e+00 +2.8066e-01 +2.7953e+00
1088 0 +6.951955184e+00 -9.385804482e+01 -9.385804482e+01 +3.9949e-01 +1.2505e+00 +1.2757e+00 +2.9105e-01 +2.8684e+00
1545 0 +6.791842407e+00 -9.401815759e+01 -9.401815759e+01 +3.9949e-01 +1.2505e+00 +1.2757e+00 +2.4322e-01 +2.8710e+00
1625 0 +5.580687471e+00 -9.522931253e+01 -9.522931253e+01 +4.1647e-01 +1.2478e+00 +1.2214e+00 +2.5626e-01 +2.7663e+00
2023 0 +4.922622930e+00 -9.588737707e+01 -9.588737707e+01 +3.7000e-01 +1.2322e+00 +1.2437e+00 +2.5024e-01 +2.7696e+00
2812 0 +4.202219886e+00 -9.660778011e+01 -9.660778011e+01 +4.0282e-01 +1.1905e+00 +1.2375e+00 +2.6199e-01 +2.7587e+00
% f evaluations | g evaluations | best noise-free fitness - Fopt (7.739000000000e+01) + sum g_i+ | measured fitness | best measured fitness or single-digit g-values | x1 | x2...
1 0 +1.122294368e+03 +1.199684368e+03 +1.199684368e+03 -3.6415e+00 -2.1708e+00 -4.1659e+00 +4.2151e+00 +3.8753e+00
2 0 +6.587662563e+02 +7.361562563e+02 +7.361562563e+02 -2.5271e+00 -2.9406e+00 -4.8536e+00 +1.8727e+00 -1.2481e+00
3 0 +1.541467807e+02 +2.315367807e+02 +2.315367807e+02 +4.4816e+00 +2.2937e+00 +2.6640e+00 +1.4060e+00 -4.8085e+00
12 0 +1.084852706e+02 +1.858752706e+02 +1.858752706e+02 +4.5315e+00 +1.0338e+00 +4.6125e+00 -1.1011e+00 -1.6907e+00
31 0 +7.403917169e+01 +1.514291717e+02 +1.514291717e+02 +3.9352e+00 +3.4918e+00 +1.0384e+00 -4.7023e-02 -1.9606e+00
143 0 +6.528479564e+01 +1.426747956e+02 +1.426747956e+02 +2.4408e+00 +5.0146e-01 +1.4808e+00 -2.3513e+00 -3.1383e+00
198 0 +5.923613923e+01 +1.366261392e+02 +1.366261392e+02 +4.1328e+00 +7.4791e-02 +3.1644e-01 -1.9351e+00 -2.0321e+00
276 0 +5.709091592e+01 +1.344809159e+02 +1.344809159e+02 +1.9980e+00 +1.9199e+00 +3.3120e+00 +6.0230e-02 -7.9926e-01
333 0 +5.539066264e+01 +1.327806626e+02 +1.327806626e+02 +2.5582e+00 +1.1062e+00 +2.4740e+00 -3.7051e-01 -1.7986e+00
338 0 +5.478405530e+01 +1.321740553e+02 +1.321740553e+02 +2.9819e+00 +1.2513e+00 +6.6347e-01 -1.3770e+00 -2.6156e+00
354 0 +5.102418204e+01 +1.284141820e+02 +1.284141820e+02 +3.4724e+00 +8.4021e-01 +2.7066e+00 -8.1460e-01 -1.7321e+00
421 0 +4.802651926e+01 +1.254165193e+02 +1.254165193e+02 +2.5288e+00 +1.1092e+00 +2.4740e+00 -3.7051e-01 -1.7027e+00
474 0 +4.406894270e+01 +1.214589427e+02 +1.214589427e+02 +2.7498e+00 +9.9453e-01 +2.7910e+00 -1.8635e-01 -1.7509e+00
497 0 +4.058154075e+01 +1.179715407e+02 +1.179715407e+02 +2.1330e+00 +1.3842e+00 +2.7621e+00 -4.5096e-01 -1.8266e+00
509 0 +2.858609240e+01 +1.059760924e+02 +1.059760924e+02 +3.2190e+00 +2.1295e+00 +5.8175e-01 -5.2642e-01 -2.9571e+00
705 0 +2.748070087e+01 +1.048707009e+02 +1.048707009e+02 +3.1216e+00 +1.0025e+00 +1.6791e+00 -9.9694e-01 -2.1104e+00
797 0 +2.350583793e+01 +1.008958379e+02 +1.008958379e+02 +3.1171e+00 +2.0066e+00 +5.8175e-01 -5.2642e-01 -2.9571e+00
932 0 +2.137173007e+01 +9.876173007e+01 +9.876173007e+01 +3.2301e+00 +1.1982e+00 +1.9867e+00 -6.2085e-01 -1.7014e+00
1000 0 +2.013666490e+01 +9.752666490e+01 +9.752666490e+01 +3.1600e+00 +2.0066e+00 +4.9994e-01 -5.5250e-01 -3.0070e+00
1375 0 +1.784619675e+01 +9.523619675e+01 +9.523619675e+01 +3.1600e+00 +2.0066e+00 +5.4577e-01 -5.5250e-01 -3.0070e+00
1525 0 +1.770056680e+01 +9.509056680e+01 +9.509056680e+01 +3.1445e+00 +2.0689e+00 +5.0920e-01 -5.5776e-01 -3.0023e+00
1666 0 +1.451536497e+01 +9.190536497e+01 +9.190536497e+01 +3.1600e+00 +2.0565e+00 +5.3548e-01 -5.3655e-01 -3.0299e+00
1883 0 +1.204860618e+01 +8.943860618e+01 +8.943860618e+01 +3.1445e+00 +2.1240e+00 +4.6509e-01 -5.2246e-01 -3.1259e+00
% f evaluations | g evaluations | best noise-free fitness - Fopt (-7.828000000000e+01) + sum g_i+ | measured fitness | best measured fitness or single-digit g-values | x1 | x2...
1 0 +1.183035499e+03 +1.104755499e+03 +1.104755499e+03 +4.9638e+00 -1.8381e-01 -3.4928e+00 -1.9698e-02 +2.7031e+00
2 0 +1.226885431e+02 +4.440854310e+01 +4.440854310e+01 -4.9519e-01 -1.8508e+00 +2.3325e+00 +2.8623e-01 -1.0016e+00
5 0 +1.083586103e+02 +3.007861035e+01 +3.007861035e+01 +3.4063e+00 +3.4283e+00 +3.6101e+00 +2.9028e+00 -3.3886e+00
36 0 +7.918960354e+01 +9.096035433e-01 +9.096035433e-01 +2.5283e+00 +1.7754e+00 +4.6388e+00 +3.0076e+00 -2.0884e+00
102 0 +4.752185079e+01 -3.075814921e+01 -3.075814921e+01 -5.4958e-01 +2.1162e+00 +1.4482e+00 +2.2271e+00 -4.0761e+00
201 0 +3.772603690e+01 -4.055396310e+01 -4.055396310e+01 -1.2738e+00 +1.8425e-01 +3.1261e+00 +2.5469e-01 -1.5515e+00
239 0 +2.850664190e+01 -4.977335810e+01 -4.977335810e+01 -1.7640e+00 +2.0778e-01 +2.3363e+00 +9.7283e-01 -9.0944e-01
310 0 +2.369269809e+01 -5.458730191e+01 -5.458730191e+01 -1.0953e+00 +9.8556e-01 +1.9137e+00 +1.7402e+00 -2.5216e+00
352 0 +9.502187344e+00 -6.877781266e+01 -6.877781266e+01 -1.3329e+00 +6.1274e-01 +2.2926e+00 +1.5229e+00 -2.5482e+00
1078 0 +8.152631934e+00 -7.012736807e+01 -7.012736807e+01 -1.3329e+00 +6.3845e-01 +2.2926e+00 +1.5229e+00 -2.5482e+00
1382 0 +7.932115488e+00 -7.034788451e+01 -7.034788451e+01 -1.2791e+00 +6.7347e-01 +2.3501e+00 +1.5671e+00 -2.5222e+00
1441 0 +7.030766221e+00 -7.124923378e+01 -7.124923378e+01 -1.3619e+00 +6.7330e-01 +2.3051e+00 +1.5295e+00 -2.6451e+00
1709 0 +6.306935632e+00 -7.197306437e+01 -7.197306437e+01 -1.3319e+00 +6.7913e-01 +2.3119e+00 +1.5361e+00 -2.5606e+00
2366 0 +5.902725929e+00 -7.237727407e+01 -7.237727407e+01 -1.3512e+00 +6.4911e-01 +2.3173e+00 +1.5384e+00 -2.5835e+00
2421 0 +5.838044722e+00 -7.244195528e+01 -7.244195528e+01 -1.3288e+00 +6.8384e-01 +2.3228e+00 +1.5574e+00 -2.5635e+00
3260 0 +5.670675140e+00 -7.260932486e+01 -7.260932486e+01 -1.2975e+00 +6.6763e-01 +2.3221e+00 +1.5549e+00 -2.6049e+00
3823 0 +5.438838471e+00 -7.284116153e+01 -7.284116153e+01 -1.3392e+00 +6.6344e-01 +2.3183e+00 +1.5387e+00 -2.6054e+00
% f evaluations | g evaluations | best noise-free fitness - Fopt (-1.853000000000e+01) + sum g_i+ | measured fitness | best measured fitness or single-digit g-values | x1 | x2...
1 0 +7.908463201e+02 +7.723163201e+02 +7.723163201e+02 -4.4591e+00 +1.0906e+00 -1.5103e+00 -1.9653e+00 -4.7377e+00
4 0 +1.830564821e+02 +1.645264821e+02 +1.645264821e+02 -2.1231e+00 -2.8971e+00 -3.2421e+00 -4.3196e+00 +3.1593e+00
21 0 +1.363001182e+02 +1.177701182e+02 +1.177701182e+02 +1.0146e+00 -4.9689e+00 -4.2133e+00 -5.6194e-01 +1.9423e+00
33 0 +1.053403119e+02 +8.681031188e+01 +8.681031188e+01 +3.3262e+00 +5.4776e-01 -2.0877e+00 -3.8635e+00 +3.0900e+00
41 0 +1.019333768e+02 +8.340337681e+01 +8.340337681e+01 -4.0609e+00 -4.6351e-01 -4.6361e+00 +1.2496e+00 +4.4106e+00
117 0 +5.336268859e+01 +3.483268859e+01 +3.483268859e+01 +4.5968e+00 -2.7937e+00 -3.2503e+00 -1.2379e+00 +1.5470e-02
290 0 +4.837928990e+01 +2.984928990e+01 +2.984928990e+01 -4.6338e-01 -9.0858e-01 -3.8464e+00 -1.5598e-01 +3.1079e+00
314 0 +4.155990519e+01 +2.302990519e+01 +2.302990519e+01 +2.4598e-01 -7.2184e-01 -3.1759e+00 +6.2884e-01 +3.0560e+00
359 0 +3.526275807e+01 +1.673275807e+01 +1.673275807e+01 +1.3807e+00 -1.4373e+00 -2.4974e+00 +4.0696e-01 +2.5929e+00
535 0 +2.500533944e+01 +6.475339438e+00 +6.475339438e+00 +1.4804e+00 -1.6933e+00 -3.3623e+00 +2.0764e-01 +2.7084e+00
619 0 +2.373866833e+01 +5.208668329e+00 +5.208668329e+00 +5.8438e-01 -1.0245e+00 -2.6674e+00 +1.3587e-02 +2.8964e+00
686 0 +2.305814351e+01 +4.528143512e+00 +4.528143512e+00 +1.4804e+00 -1.6933e+00 -3.2996e+00 +2.0764e-01 +2.7084e+00
741 0 +2.286468246e+01 +4.334682462e+00 +4.334682462e+00 +5.8438e-01 -1.0245e+00 -2.6041e+00 -4.6595e-02 +2.8964e+00
759 0 +1.996884993e+01 +1.438849926e+00 +1.438849926e+00 +6.8962e-01 -1.0731e+00 -2.6674e+00 -1.3449e-01 +2.7996e+00
778 0 +1.175863469e+01 -6.771365314e+00 -6.771365314e+00 +3.0275e+00 -1.3795e+00 -3.4259e+00 +8.6161e-02 +1.7429e+00
1162 0 +1.114740187e+01 -7.382598133e+00 -7.382598133e+00 +2.9730e+00 -1.3045e+00 -3.4220e+00 +4.4357e-02 +1.6757e+00
1234 0 +9.284778821e+00 -9.245221179e+00 -9.245221179e+00 +2.1937e+00 -1.2006e+00 -3.1729e+00 -2.2148e-02 +1.9639e+00
1331 0 +8.415876086e+00 -1.011412391e+01 -1.011412391e+01 +2.9529e+00 -1.4436e+00 -3.4699e+00 +1.3637e-01 +1.7044e+00
1454 0 +6.943702705e+00 -1.158629730e+01 -1.158629730e+01 +2.9011e+00 -1.4116e+00 -3.4479e+00 +1.1828e-01 +1.7237e+00
2632 0 +6.851786316e+00 -1.167821368e+01 -1.167821368e+01 +2.9249e+00 -1.3616e+00 -3.4747e+00 +1.1204e-01 +1.6930e+00
2746 0 +6.535462119e+00 -1.199453788e+01 -1.199453788e+01 +2.9367e+00 -1.4100e+00 -3.4722e+00 +1.3614e-01 +1.7075e+00
2835 0 +6.364036039e+00 -1.216596396e+01 -1.216596396e+01 +2.9255e+00 -1.4100e+00 -3.4722e+00 +1.3614e-01 +1.7181e+00
4298 0 +6.247383233e+00 -1.228261677e+01 -1.228261677e+01 +2.9070e+00 -1.4100e+00 -3.4722e+00 +1.3614e-01 +1.7181e+00
4845 0 +6.090882671e+00 -1.243911733e+01 -1.243911733e+01 +2.9070e+00 -1.4100e+00 -3.4722e+00 +1.1749e-01 +1.7181e+00
% f evaluations | g evaluations | best noise-free fitness - Fopt (-4.502000000000e+01) + sum g_i+ | measured fitness | best measured fitness or single-digit g-values | x1 | x2...
1 0 +1.764144479e+02 +1.313944479e+02 +1.313944479e+02 -3.5893e-01 +3.4786e+00 +2.9601e+00 -1.8883e+00 -2.3974e+00
6 0 +1.665474835e+02 +1.215274835e+02 +1.215274835e+02 -3.3531e+00 -3.1989e+00 -2.7377e+00 +3.6699e-01 -1.8212e+00
10 0 +1.560210314e+02 +1.110010314e+02 +1.110010314e+02 -3.6137e+00 -3.9033e+00 +3.4803e+00 -4.8628e+00 +8.7952e-02
21 0 +1.022954043e+02 +5.727540431e+01 +5.727540431e+01 +1.9761e+00 -1.9247e+00 +3.2873e-01 -1.1382e+00 -2.4607e+00
36 0 +8.927616227e+01 +4.425616227e+01 +4.425616227e+01 -3.2215e+00 -1.8354e+00 +3.8728e+00 -4.5967e+00 -5.6483e-01
87 0 +8.502090723e+01 +4.000090723e+01 +4.000090723e+01 -2.0432e+00 -1.7163e+00 -2.0352e-01 -1.2149e+00 -3.9432e+00
106 0 +4.731303825e+01 +2.293038247e+00 +2.293038247e+00 -2.5075e+00 -1.1217e+00 +3.0757e+00 -4.5861e+00 -1.3140e+00
253 0 +2.952054066e+01 -1.549945934e+01 -1.549945934e+01 -2.5075e+00 -1.1217e+00 +3.2185e+00 -4.5861e+00 -1.3140e+00
463 0 +2.822064005e+01 -1.679935995e+01 -1.679935995e+01 -2.4935e+00 -1.2286e+00 +3.2185e+00 -4.5409e+00 -1.3775e+00
561 0 +2.632215858e+01 -1.869784142e+01 -1.869784142e+01 -2.5523e+00 -1.1235e+00 +3.1915e+00 -4.4690e+00 -1.3669e+00
630 0 +2.571141339e+01 -1.930858661e+01 -1.930858661e+01 -1.5838e+00 -1.4139e+00 +1.3288e+00 -1.8930e+00 -2.0992e+00
696 0 +1.947208063e+01 -2.554791937e+01 -2.554791937e+01 -2.8993e+00 -1.2182e+00 +2.6163e+00 -3.1255e+00 -1.5260e+00
733 0 +1.852472367e+01 -2.649527633e+01 -2.649527633e+01 -9.8476e-01 -2.0153e+00 +1.0304e+00 -2.7859e+00 -1.9104e+00
1248 0 +1.776834950e+01 -2.725165050e+01 -2.725165050e+01 -9.6267e-01 -1.9757e+00 +9.8743e-01 -2.8802e+00 -1.9104e+00
1361 0 +1.651620232e+01 -2.850379768e+01 -2.850379768e+01 -1.5805e+00 -1.7885e+00 +1.3944e+00 -2.5070e+00 -1.9580e+00
1553 0 +1.315799072e+01 -3.186200928e+01 -3.186200928e+01 -1.7075e+00 -1.7885e+00 +1.3827e+00 -2.3973e+00 -2.0577e+00
1612 0 +1.068308226e+01 -3.433691774e+01 -3.433691774e+01 -1.5805e+00 -1.7885e+00 +1.3944e+00 -2.4812e+00 -2.0041e+00
2211 0 +9.897916128e+00 -3.512208387e+01 -3.512208387e+01 -1.6568e+00 -1.8249e+00 +1.3230e+00 -2.3678e+00 -2.0050e+00
2505 0 +9.753494773e+00 -3.526650523e+01 -3.526650523e+01 -1.5328e+00 -1.8101e+00 +1.3751e+00 -2.4343e+00 -2.0371e+00
2555 0 +8.060004117e+00 -3.695999588e+01 -3.695999588e+01 -1.6286e+00 -1.8404e+00 +1.3309e+00 -2.4206e+00 -2.0389e+00
2697 0 +6.506812337e+00 -3.851318766e+01 -3.851318766e+01 -1.6047e+00 -1.8275e+00 +1.3751e+00 -2.4343e+00 -2.0371e+00
4120 0 +6.179228618e+00 -3.884077138e+01 -3.884077138e+01 -1.6144e+00 -1.8276e+00 +1.3567e+00 -2.4160e+00 -2.0274e+00
% f evaluations | g evaluations | best noise-free fitness - Fopt (3.000000000000e-02) + sum g_i+ | measured fitness | best measured fitness or single-digit g-values | x1 | x2...
1 0 +8.058192739e+02 +8.058492739e+02 +8.058492739e+02 -4.2174e+00 -1.4580e+00 +3.3256e+00 -1.0582e-02 +3.4322e+00
2 0 +4.075704084e+02 +4.076004084e+02 +4.076004084e+02 -2.8380e+00 +2.3753e+00 -4.4049e+00 +1.1205e+00 -1.3653e+00
3 0 +1.966217723e+02 +1.966517723e+02 +1.966517723e+02 +2.5732e+00 +1.1948e+00 -1.4150e-01 +2.1281e+00 +9.0525e-01
15 0 +1.623908615e+02 +1.624208615e+02 +1.624208615e+02 +3.4675e+00 +1.0875e+00 -2.1228e+00 +2.5575e+00 -1.7716e-01
23 0 +1.271668960e+02 +1.271968960e+02 +1.271968960e+02 +4.7546e-01 +6.1945e-01 -2.6686e+00 -5.0494e-01 -3.3002e+00
31 0 +1.083737771e+02 +1.084037771e+02 +1.084037771e+02 +1.5016e+00 +3.5697e+00 -2.2236e+00 -3.1984e+00 -2.2614e+00
74 0 +8.281632087e+01 +8.284632087e+01 +8.284632087e+01 +4.8665e+00 +3.0961e+00 -1.7592e+00 -2.6090e+00 -3.1798e+00
91 0 +4.839455411e+01 +4.842455411e+01 +4.842455411e+01 +2.7209e+00 +3.6703e+00 -3.0729e+00 -6.5992e-01 -1.6324e+00
114 0 +2.940390342e+01 +2.943390342e+01 +2.943390342e+01 +2.6111e+00 +3.6703e+00 -3.0729e+00 -6.5992e-01 -1.6807e+00
425 0 +2.473440896e+01 +2.476440896e+01 +2.476440896e+01 +2.6111e+00 +3.7055e+00 -3.1646e+00 -5.5083e-01 -1.6807e+00
461 0 +1.161922651e+01 +1.164922651e+01 +1.164922651e+01 +2.3109e+00 +2.1017e+00 -1.8675e+00 -9.5419e-01 -1.6950e+00
630 0 +1.085554284e+01 +1.088554284e+01 +1.088554284e+01 +2.8497e+00 +2.6724e+00 -2.6332e+00 -8.2106e-01 -1.9025e+00
1092 0 +9.421255986e+00 +9.451255986e+00 +9.451255986e+00 +2.8622e+00 +2.6721e+00 -2.5406e+00 -8.6640e-01 -1.8205e+00
1675 0 +7.245419013e+00 +7.275419013e+00 +7.275419013e+00 +2.7626e+00 +2.7150e+00 -2.5508e+00 -8.9333e-01 -1.7430e+00
1746 0 +7.095843462e+00 +7.125843462e+00 +7.125843462e+00 +2.8174e+00 +2.6258e+00 -2.5379e+00 -8.9770e-01 -1.7877e+00
1831 0 +6.126993747e+00 +6.156993747e+00 +6.156993747e+00 +2.7900e+00 +2.6549e+00 -2.5444e+00 -8.9551e-01 -1.7654e+00
1905 0 +5.445012986e+00 +5.475012986e+00 +5.475012986e+00 +2.7775e+00 +2.6903e+00 -2.5299e+00 -8.8061e-01 -1.8618e+00
2139 0 +4.901343358e+00 +4.931343358e+00 +4.931343358e+00 +2.7992e+00 +2.6695e+00 -2.4891e+00 -9.0502e-01 -1.7925e+00
2217 0 +4.598748362e+00 +4.628748362e+00 +4.628748362e+00 +2.7822e+00 +2.6848e+00 -2.4986e+00 -8.8993e-01 -1.8066e+00
3994 0 +4.427121690e+00 +4.457121690e+00 +4.457121690e+00 +2.7923e+00 +2.7098e+00 -2.5295e+00 -8.9417e-01 -1.7940e+00
4404 0 +4.305702190e+00 +4.335702190e+00 +4.335702190e+00 +2.7988e+00 +2.6837e+00 -2.5384e+00 -8.8197e-01 -1.7768e+00
% f evaluations | g evaluations | best noise-free fitness - Fopt (4.822900000000e+02) + sum g_i+ | measured fitness | best measured fitness or single-digit g-values | x1 | x2...
1 0 +3.317283719e+02 +8.140183719e+02 +8.140183719e+02 -1.6625e+00 -1.9435e+00 -3.4173e+00 +5.1030e-01 +3.2226e-01
5 0 +2.148345994e+02 +6.971245994e+02 +6.971245994e+02 -5.9353e-02 +7.5420e-01 -3.3156e+00 +1.7200e+00 +4.6831e+00
15 0 +1.141267492e+02 +5.964167492e+02 +5.964167492e+02 +3.1200e+00 +1.4965e+00 -6.6889e-01 +3.4442e+00 -4.7100e-01
23 0 +9.975929414e+01 +5.820492941e+02 +5.820492941e+02 +4.8147e+00 +3.9126e+00 +1.1785e+00 +2.7469e+00 +1.4079e+00
83 0 +7.910289842e+01 +5.613928984e+02 +5.613928984e+02 -4.0998e-01 +3.4998e+00 +1.3226e+00 +2.8085e+00 +4.9092e+00
135 0 +5.991798473e+01 +5.422079847e+02 +5.422079847e+02 +9.5548e-01 +3.0626e+00 +8.3842e-01 +8.3777e-01 +1.9831e+00
218 0 +5.563762505e+01 +5.379276251e+02 +5.379276251e+02 +1.0308e+00 +3.1668e+00 +8.3842e-01 +8.1592e-01 +1.9831e+00
221 0 +4.957310832e+01 +5.318631083e+02 +5.318631083e+02 +1.7432e+00 +2.4731e+00 +3.8459e-01 +5.5724e-01 +2.8221e+00
315 0 +4.402018511e+01 +5.263101851e+02 +5.263101851e+02 +4.8736e-01 +3.3330e+00 +1.0278e+00 +6.6129e-01 +3.8762e+00
335 0 +4.331373037e+01 +5.256037304e+02 +5.256037304e+02 +7.7665e-01 +3.6853e+00 +1.8864e+00 +5.1537e-01 +2.7624e+00
403 0 +3.247381924e+01 +5.147638192e+02 +5.147638192e+02 +1.7432e+00 +2.4399e+00 +3.0985e-01 +5.5606e-01 +2.9350e+00
417 0 +2.979714152e+01 +5.120871415e+02 +5.120871415e+02 +2.9319e-01 +3.3003e+00 +6.1835e-01 +1.6209e+00 +2.0220e+00
518 0 +2.235137023e+01 +5.046413702e+02 +5.046413702e+02 +1.6081e+00 +2.4731e+00 +4.8431e-01 +6.1527e-01 +2.7178e+00
630 0 +2.130349408e+01 +5.035934941e+02 +5.035934941e+02 +1.2498e+00 +3.0511e+00 +1.2700e+00 +2.0047e+00 +2.6925e+00
646 0 +1.286541674e+01 +4.951554167e+02 +4.951554167e+02 +1.4136e+00 +2.9249e+00 +6.1050e-01 +1.9114e+00 +2.3148e+00
1471 0 +1.159266098e+01 +4.938826610e+02 +4.938826610e+02 +1.3971e+00 +2.8954e+00 +6.0227e-01 +1.9409e+00 +2.2419e+00
3253 0 +1.147559641e+01 +4.937655964e+02 +4.937655964e+02 +1.4248e+00 +2.8883e+00 +5.9514e-01 +1.9371e+00 +2.2298e+00
% f evaluations | g evaluations | best noise-free fitness - Fopt (-2.724000000000e+01) + sum g_i+ | measured fitness | best measured fitness or single-digit g-values | x1 | x2...
1 0 +2.450801188e+02 +2.178401188e+02 +2.178401188e+02 +8.6674e-01 -2.1872e+00 +2.9564e+00 +1.5431e+00 -7.1735e-01
4 0 +2.291827409e+02 +2.019427409e+02 +2.019427409e+02 +6.4764e-01 -3.7894e+00 +3.1527e+00 +4.2802e+00 +2.2730e-01
5 0 +1.239991973e+02 +9.675919734e+01 +9.675919734e+01 +6.9726e-01 +3.9284e+00 -8.8564e-01 +9.1544e-01 +1.7354e+00
9 0 +9.726662898e+01 +7.002662898e+01 +7.002662898e+01 +1.6112e+00 +2.7347e-01 +2.7194e+00 +2.7952e+00 +3.6653e+00
51 0 +8.608879817e+01 +5.884879817e+01 +5.884879817e+01 +1.3949e+00 -2.0232e+00 +8.8370e-01 -2.4733e+00 +4.2377e+00
90 0 +2.384797064e+01 -3.392029360e+00 -3.392029360e+00 +1.4514e+00 -9.4520e-01 +1.1925e+00 +6.1671e-01 +2.2080e+00
361 0 +8.832007591e+00 -1.840799241e+01 -1.840799241e+01 +1.2429e+00 -9.5905e-01 +3.2968e-01 +4.3148e-01 +2.9716e+00
1042 0 +8.417606234e+00 -1.882239377e+01 -1.882239377e+01 +1.0361e+00 -8.0857e-01 +3.9980e-01 +5.1852e-01 +2.8264e+00
1240 0 +7.251111920e+00 -1.998888808e+01 -1.998888808e+01 +1.1431e+00 -9.3420e-01 +2.7791e-01 +4.3148e-01 +2.8871e+00
1311 0 +4.649355913e+00 -2.259064409e+01 -2.259064409e+01 +9.6444e-01 -6.7102e-01 +3.9296e-01 +4.9162e-01 +2.7854e+00
1493 0 +4.379367255e+00 -2.286063275e+01 -2.286063275e+01 +1.0361e+00 -6.8132e-01 +4.0385e-01 +5.0577e-01 +2.8528e+00
2380 0 +3.747390487e+00 -2.349260951e+01 -2.349260951e+01 +1.0361e+00 -6.8132e-01 +3.9739e-01 +4.7193e-01 +2.8442e+00
2903 0 +3.589569743e+00 -2.365043026e+01 -2.365043026e+01 +1.0265e+00 -6.9677e-01 +4.0943e-01 +4.9681e-01 +2.8378e+00
3016 0 +3.320322008e+00 -2.391967799e+01 -2.391967799e+01 +1.0350e+00 -6.9098e-01 +3.9210e-01 +4.9646e-01 +2.8150e+00
% f evaluations | g evaluations | best noise-free fitness - Fopt (9.868000000000e+01) + sum g_i+ | measured fitness | best measured fitness or single-digit g-values | x1 | x2...
1 0 +8.067656328e+02 +9.054456328e+02 +9.054456328e+02 +2.4211e+00 -2.2950e+00 +2.5703e+00 +3.5728e+00 -1.0096e-01
2 0 +3.842284636e+02 +4.829084636e+02 +4.829084636e+02 -1.3196e-02 +2.4281e+00 +6.7849e-01 -4.0159e+00 +2.1764e+00
6 0 +2.478597157e+02 +3.465397157e+02 +3.465397157e+02 -2.4716e+00 -7.8264e-01 -1.0197e+00 -4.1898e+00 -9.7146e-01
8 0 +2.369161140e+02 +3.355961140e+02 +3.355961140e+02 -7.1921e-01 +2.7808e+00 +3.0979e+00 +1.2614e+00 -2.9609e+00
18 0 +2.241241864e+02 +3.228041864e+02 +3.228041864e+02 +1.8449e-01 -3.6268e+00 -2.0544e+00 +2.9126e-02 +8.3980e-01
20 0 +1.612288135e+02 +2.599088135e+02 +2.599088135e+02 +3.7203e-01 +2.1222e+00 +1.3465e-01 +3.5860e-01 +3.9898e-01
28 0 +1.580210964e+02 +2.567010964e+02 +2.567010964e+02 +2.9938e+00 +4.3901e+00 +3.2363e-01 -1.6284e+00 -3.4666e+00
31 0 +7.621883679e+01 +1.748988368e+02 +1.748988368e+02 -1.6668e+00 +3.7816e+00 -3.4004e+00 -1.4398e+00 -4.4488e+00
54 0 +6.536374470e+01 +1.640437447e+02 +1.640437447e+02 +1.7189e+00 +1.5481e+00 -6.8532e-02 -8.8138e-01 -2.1048e+00
128 0 +4.727211338e+01 +1.459521134e+02 +1.459521134e+02 -6.4738e-01 +2.9519e+00 -1.6329e+00 -5.4060e-01 -2.0249e+00
216 0 +4.333656681e+01 +1.420165668e+02 +1.420165668e+02 -6.4738e-01 +3.0312e+00 -1.6329e+00 -5.5746e-01 -2.0731e+00
368 0 +3.133846761e+01 +1.300184676e+02 +1.300184676e+02 -5.1511e-01 +2.2094e+00 -4.5277e-01 -1.2920e+00 -2.5508e+00
435 0 +2.728048175e+01 +1.259604817e+02 +1.259604817e+02 -4.1998e-01 +1.8120e+00 -2.0864e+00 -8.9669e-01 -2.3436e+00
440 0 +1.715110525e+01 +1.158311052e+02 +1.158311052e+02 -7.2639e-01 +1.7360e+00 -1.5692e+00 -1.3489e+00 -2.5708e+00
689 0 +1.498279597e+01 +1.136627960e+02 +1.136627960e+02 -7.2639e-01 +1.6337e+00 -1.5692e+00 -1.3489e+00 -2.4986e+00
1227 0 +1.301904222e+01 +1.116990422e+02 +1.116990422e+02 -7.5585e-01 +1.6608e+00 -1.5833e+00 -1.3335e+00 -2.4910e+00
1351 0 +1.115368280e+01 +1.098336828e+02 +1.098336828e+02 -6.8181e-01 +2.2361e+00 -2.0143e+00 -1.2249e+00 -2.5355e+00
1397 0 +9.019951011e+00 +1.076999510e+02 +1.076999510e+02 -3.6670e-01 +2.0352e+00 -2.0750e+00 -8.2297e-01 -2.3460e+00
2243 0 +8.476724545e+00 +1.071567245e+02 +1.071567245e+02 -3.5384e-01 +2.0254e+00 -2.0144e+00 -8.0577e-01 -2.3379e+00
% f evaluations | g evaluations | best noise-free fitness - Fopt (-3.705000000000e+01) + sum g_i+ | measured fitness | best measured fitness or single-digit g-values | x1 | x2...
1 0 +1.830997358e+03 +1.793947358e+03 +1.793947358e+03 +2.9593e+00 +2.0038e+00 -2.8261e+00 +2.1041e+00 -4.2807e+00
2 0 +4.981149993e+02 +4.610649993e+02 +4.610649993e+02 -2.0011e+00 -2.9392e+00 +4.2190e+00 +3.8836e+00 -4.6425e+00
3 0 +4.528978362e+02 +4.158478362e+02 +4.158478362e+02 +2.3404e-01 -4.7507e+00 +3.6965e+00 +3.9714e+00 +6.6521e-01
8 0 +4.936843770e+01 +1.231843770e+01 +1.231843770e+01 -2.9450e+00 +1.2027e+00 +1.8390e+00 +3.1134e+00 +3.6787e+00
150 0 +3.595251380e+01 -1.097486202e+00 -1.097486202e+00 -3.0315e+00 +1.3073e+00 +1.7840e+00 +3.1134e+00 +3.6787e+00
307 0 +3.018512750e+01 -6.864872499e+00 -6.864872499e+00 -2.9306e+00 +1.3621e+00 +1.8390e+00 +2.9234e+00 +3.6787e+00
483 0 +2.580930147e+01 -1.124069853e+01 -1.124069853e+01 -3.3213e+00 +2.2430e+00 +2.4550e+00 +2.4118e+00 +2.7739e+00
508 0 +2.164137551e+01 -1.540862449e+01 -1.540862449e+01 -3.3213e+00 +2.2430e+00 +2.5183e+00 +2.3946e+00 +2.7739e+00
609 0 +1.811072522e+01 -1.893927478e+01 -1.893927478e+01 -2.8209e+00 +1.3254e+00 +2.0971e+00 +2.7386e+00 +3.1192e+00
782 0 +1.777727358e+01 -1.927272642e+01 -1.927272642e+01 -3.0111e+00 +1.5173e+00 +1.9360e+00 +2.8809e+00 +3.4981e+00
804 0 +1.580345190e+01 -2.124654810e+01 -2.124654810e+01 -3.9341e+00 +1.9112e+00 +1.9768e+00 +3.1195e+00 +3.0786e+00
836 0 +9.524513927e+00 -2.752548607e+01 -2.752548607e+01 -3.3164e+00 +2.3786e+00 +2.5153e+00 +2.3708e+00 +2.8088e+00
1214 0 +9.091543985e+00 -2.795845601e+01 -2.795845601e+01 -3.3164e+00 +2.3786e+00 +2.5456e+00 +2.3708e+00 +2.8182e+00
1461 0 +7.759895414e+00 -2.929010459e+01 -2.929010459e+01 -3.2593e+00 +2.3759e+00 +2.5689e+00 +2.4013e+00 +2.8343e+00
1547 0 +6.039967706e+00 -3.101003229e+01 -3.101003229e+01 -3.2593e+00 +2.3759e+00 +2.5689e+00 +2.3655e+00 +2.8343e+00
1790 0 +4.947359543e+00 -3.210264046e+01 -3.210264046e+01 -3.2626e+00 +2.3346e+00 +2.5922e+00 +2.3609e+00 +2.8041e+00
1932 0 +4.136572610e+00 -3.291342739e+01 -3.291342739e+01 -3.2101e+00 +2.3451e+00 +2.5843e+00 +2.3516e+00 +2.8320e+00
2109 0 +3.730035058e+00 -3.331996494e+01 -3.331996494e+01 -3.1960e+00 +2.3535e+00 +2.6463e+00 +2.3249e+00 +2.8288e+00
4300 0 +3.442240416e+00 -3.360775958e+01 -3.360775958e+01 -3.1802e+00 +2.3482e+00 +2.6293e+00 +2.3253e+00 +2.8260e+00
% f evaluations | g evaluations | best noise-free fitness - Fopt (1.324500000000e+02) + sum g_i+ | measured fitness | best measured fitness or single-digit g-values | x1 | x2...
1 0 +1.209581952e+03 +1.342031952e+03 +1.342031952e+03 +4.1786e+00 +2.0952e+00 +4.2310e+00 -1.9686e-01 +3.6669e+00
2 0 +2.068750472e+02 +3.393250472e+02 +3.393250472e+02 -4.4174e+00 +3.5005e+00 -3.5158e+00 +2.1921e+00 +1.3697e+00
3 0 +1.410489815e+02 +2.734989815e+02 +2.734989815e+02 -3.0928e+00 +4.8132e+00 -3.9242e+00 -2.9822e+00 -1.3266e-01
4 0 +1.043260187e+02 +2.367760187e+02 +2.367760187e+02 -6.1496e-01 +4.7903e+00 -4.6457e+00 -1.4674e+00 -1.9148e+00
11 0 +9.468491922e+01 +2.271349192e+02 +2.271349192e+02 -2.2555e+00 -1.4072e+00 -3.6610e-01 -3.2920e+00 -3.8137e+00
118 0 +7.755878485e+01 +2.100087848e+02 +2.100087848e+02 -2.2555e+00 -1.2529e+00 -2.5768e-01 -3.2920e+00 -3.8004e+00
301 0 +7.209332818e+01 +2.045433282e+02 +2.045433282e+02 -9.8097e-01 +1.0676e+00 -1.7334e+00 -2.2962e+00 -3.1087e+00
306 0 +7.037754587e+01 +2.028275459e+02 +2.028275459e+02 -2.4622e+00 +8.1533e-01 -1.5427e+00 -1.5231e+00 -1.8690e+00
314 0 +6.270281922e+01 +1.951528192e+02 +1.951528192e+02 -1.0180e+00 +1.5605e+00 -2.5025e+00 -1.9192e+00 -2.1312e+00
386 0 +5.178812015e+01 +1.842381202e+02 +1.842381202e+02 -1.1662e+00 +9.0722e-01 -1.6608e+00 -2.2941e+00 -3.1128e+00
603 0 +4.227740170e+01 +1.747274017e+02 +1.747274017e+02 -1.5985e+00 +2.5029e-01 -1.4981e+00 -2.5007e+00 -3.0443e+00
865 0 +3.969988264e+01 +1.721498826e+02 +1.721498826e+02 -1.5985e+00 +2.5029e-01 -1.4981e+00 -2.5007e+00 -3.1829e+00
1041 0 +3.732246609e+01 +1.697724661e+02 +1.697724661e+02 -1.5985e+00 +1.3410e-01 -1.4757e+00 -2.5007e+00 -3.1555e+00
1099 0 +3.659859414e+01 +1.690485941e+02 +1.690485941e+02 -1.4882e+00 +3.1614e-01 -1.5769e+00 -2.4091e+00 -3.1071e+00
1394 0 +3.627896983e+01 +1.687289698e+02 +1.687289698e+02 -1.5849e+00 +2.2485e-01 -1.4651e+00 -2.4965e+00 -3.1582e+00
1481 0 +3.311508461e+01 +1.655650846e+02 +1.655650846e+02 -1.8125e+00 -4.3930e-01 -1.3849e+00 -2.6131e+00 -3.1499e+00
1524 0 +3.289444042e+01 +1.653444404e+02 +1.653444404e+02 -1.8125e+00 -4.3930e-01 -1.4320e+00 -2.6131e+00 -3.1499e+00
