% f evaluations | g evaluations | best noise-free fitness - Fopt (1.000000000000e+03) + sum g_i+ | measured fitness | best measured fitness or single-digit g-values | x1 | x2...
1 0 +1.349947511e+03 +2.349947511e+03 +2.349947511e+03 -1.5303e+00 +8.5332e-01 +1.8666e+00 -4.5152e+00 -4.6157e+00 -3.0607e+00 +3.4800e+00 -3.4017e+00 -4.9938e+00 -9.2252e-01
2 0 +1.239250854e+03 +2.239250854e+03 +2.239250854e+03 -4.2448e+00 -3.1713e+00 +2.7702e+00 -3.4367e+00 -2.4736e+00 -1.1767e+00 +2.5320e+00 +9.4524e-01 +3.4485e+00 +3.4789e+00
4 0 +4.352659553e+02 +1.435265955e+03 +1.435265955e+03 +2.4835e+00 +2.0495e+00 +1.1264e+00 -4.2556e+00 -3.5373e+00 +3.8143e-01 -4.0214e+00 -7.1895e-01 -3.9161e+00 -7.6219e-01
15 0 +3.979205764e+02 +1.397920576e+03 +1.397920576e+03 +4.5193e+00 +3.2913e-01 -1.5707e+00 +2.9852e+00 -2.6856e+00 -1.5756e+00 -1.8486e+00 +3.5005e+00 -4.5084e+00 +7.7402e-01
40 0 +3.652084073e+02 +1.365208407e+03 +1.365208407e+03 +7.4337e-01 +7.9172e-01 +5.4933e-01 -4.1277e-02 +3.0281e+00 -4.6535e+00 -3.4555e+00 -2.5673e+00 +4.9671e-01 -1.6990e+00
47 0 +3.297599713e+02 +1.329759971e+03 +1.329759971e+03 +3.8104e+00 +7.8368e-01 -1.0232e-01 +1.5448e+00 +2.4034e+00 +6.3231e-01 -5.7137e-01 +2.5389e+00 +4.6490e-01 -8.9776e-03
74 0 +2.251908992e+02 +1.225190899e+03 +1.225190899e+03 -9.8318e-01 +1.8037e+00 +3.8874e+00 +2.1147e+00 -2.8242e-01 -1.6238e+00 -2.8924e+00 -7.7238e-01 -4.9895e+00 -2.6143e+00
77 0 +1.792400854e+02 +1.179240085e+03 +1.179240085e+03 +1.0075e+00 +1.8745e+00 +2.8403e+00 +1.5216e-01 +2.6300e+00 -4.1347e+00 -9.9878e-02 +9.6698e-01 -1.8230e+00 -1.8860e+00
109 0 +1.761870702e+02 +1.176187070e+03 +1.176187070e+03 +1.0075e+00 +1.8745e+00 +2.6969e+00 +1.5216e-01 +2.6300e+00 -4.1347e+00 -9.9878e-02 +9.6440e-01 -1.8952e+00 -1.8783e+00
207 0 +1.380283415e+02 +1.138028341e+03 +1.138028341e+03 +5.3035e-01 +3.5427e-01 +1.0965e+00 +3.1859e+00 +3.4665e+00 -7.2217e-01 -1.3441e+00 -2.4849e-01 +2.4662e-01 +5.5576e-01
357 0 +8.248368771e+01 +1.082483688e+03 +1.082483688e+03 +3.9769e-01 +1.4737e+00 +1.7508e+00 +1.7064e+00 +7.3042e-01 -2.1585e+00 -1.0311e+00 +2.0733e-01 -1.3791e+00 -1.0904e+00
450 0 +7.361363364e+01 +1.073613634e+03 +1.073613634e+03 +3.9769e-01 +1.4737e+00 +1.7508e+00 +1.8501e+00 +7.3042e-01 -2.1585e+00 -9.3619e-01 +2.0733e-01 -1.5343e+00 -1.0904e+00
916 0 +7.201777216e+01 +1.072017772e+03 +1.072017772e+03 +4.1559e-01 +1.4805e+00 +1.8209e+00 +1.8027e+00 +7.9443e-01 -2.2408e+00 -9.8322e-01 +1.4741e-01 -1.5103e+00 -1.0350e+00
1021 0 +6.489136411e+01 +1.064891364e+03 +1.064891364e+03 +4.1559e-01 +1.5302e+00 +1.8862e+00 +1.8027e+00 +7.5327e-01 -2.2408e+00 -9.8322e-01 +1.1628e-01 -1.4049e+00 -1.0383e+00
1097 0 +6.225751638e+01 +1.062257516e+03 +1.062257516e+03 +5.0443e-01 +1.4082e+00 +1.8403e+00 +1.9388e+00 +8.4237e-01 -2.2361e+00 -9.5563e-01 +2.0382e-01 -1.3789e+00 -9.9458e-01
1556 0 +6.076596167e+01 +1.060765962e+03 +1.060765962e+03 +5.0443e-01 +1.4082e+00 +1.8403e+00 +1.9388e+00 +8.1568e-01 -2.2361e+00 -9.5563e-01 +2.0382e-01 -1.3789e+00 -9.9458e-01
1654 0 +5.405721336e+01 +1.054057213e+03 +1.054057213e+03 +5.0443e-01 +1.4345e+00 +1.9116e+00 +2.0508e+00 +7.7467e-01 -2.3331e+00 -8.9009e-01 +2.5011e-01 -1.3276e+00 -9.9449e-01
1892 0 +5.252682542e+01 +1.052526825e+03 +1.052526825e+03 +5.4934e-01 +1.3925e+00 +1.7175e+00 +2.1082e+00 +8.0389e-01 -2.2768e+00 -9.4197e-01 +1.5684e-01 -1.3328e+00 -1.0539e+00
2091 0 +5.054892729e+01 +1.050548927e+03 +1.050548927e+03 +5.7038e-01 +1.4178e+00 +1.8081e+00 +2.0601e+00 +8.1145e-01 -2.2951e+00 -9.4581e-01 +2.2957e-01 -1.2535e+00 -9.6958e-01
3319 0 +4.869227058e+01 +1.048692271e+03 +1.048692271e+03 +5.7390e-01 +1.4397e+00 +1.7368e+00 +2.0807e+00 +7.9479e-01 -2.2877e+00 -9.6505e-01 +2.0010e-01 -1.2677e+00 -1.0020e+00
3473 0 +4.623910773e+01 +1.046239108e+03 +1.046239108e+03 +5.7390e-01 +1.4397e+00 +1.7368e+00 +2.0807e+00 +7.9479e-01 -2.2877e+00 -9.6505e-01 +2.0010e-01 -1.3533e+00 -1.0020e+00
3983 0 +4.329516260e+01 +1.043295163e+03 +1.043295163e+03 +5.1053e-01 +1.4209e+00 +1.7562e+00 +2.0579e+00 +7.3853e-01 -2.3126e+00 -9.4102e-01 +1.6536e-01 -1.3157e+00 -9.8652e-01
6348 0 +4.224989813e+01 +1.042249898e+03 +1.042249898e+03 +5.1192e-01 +1.4775e+00 +1.8255e+00 +2.0646e+00 +8.0085e-01 -2.3123e+00 -9.3871e-01 +1.7990e-01 -1.3402e+00 -1.0105e+00
% f evaluations | g evaluations | best noise-free fitness - Fopt (7.003000000000e+01) + sum g_i+ | measured fitness | best measured fitness or single-digit g-values | x1 | x2...
1 0 +2.225652729e+03 +2.295682729e+03 +2.295682729e+03 -3.6476e+00 -4.6294e+00 -2.0052e+00 +4.1692e+00 -1.2779e+00 +3.4380e+00 -4.6308e+00 +3.4648e+00 +1.9632e+00 -7.6096e-02
2 0 +1.102614595e+03 +1.172644595e+03 +1.172644595e+03 +4.7896e+00 +7.0372e-02 +2.2776e+00 +1.2115e+00 -1.3425e+00 +2.4020e+00 -1.6424e+00 +2.6213e+00 -4.7351e+00 +3.1303e+00
4 0 +7.318955798e+02 +8.019255798e+02 +8.019255798e+02 -2.6086e+00 +3.5394e+00 -4.4541e+00 +2.6741e+00 +4.9977e+00 -3.4060e+00 -1.4637e+00 -4.9273e+00 +2.0876e+00 -2.8116e+00
8 0 +4.598916664e+02 +5.299216664e+02 +5.299216664e+02 +3.9113e+00 -3.2863e+00 -1.2986e+00 -3.0223e+00 +1.2371e+00 +9.3449e-02 -3.8679e+00 +3.3446e-01 -2.6555e+00 -2.8237e+00
10 0 +3.191093457e+02 +3.891393457e+02 +3.891393457e+02 +1.5872e+00 -4.1387e-01 -8.9776e-01 -1.6965e+00 -1.1927e+00 -8.6684e-01 -6.4218e-01 +2.9669e+00 -3.5031e+00 -3.3219e+00
130 0 +2.051879521e+02 +2.752179521e+02 +2.752179521e+02 -1.1836e+00 -3.9217e-02 -2.1509e+00 -1.6258e+00 +2.4571e-01 -1.5753e+00 +3.5707e-02 -1.1920e+00 -1.6676e+00 -1.4596e+00
244 0 +1.889144927e+02 +2.589444927e+02 +2.589444927e+02 +4.4444e-01 -2.7708e+00 -3.8074e+00 +7.8407e-02 -1.5857e+00 +1.2021e-01 -1.0010e+00 -1.2011e+00 +2.3838e-03 -7.6269e-01
265 0 +1.843499200e+02 +2.543799200e+02 +2.543799200e+02 +1.8374e+00 -2.2908e+00 -1.9286e+00 -1.2152e+00 +1.5664e+00 -2.6404e+00 -2.5452e-01 -2.0898e+00 -6.3904e-01 +2.3406e+00
303 0 +1.294274171e+02 +1.994574171e+02 +1.994574171e+02 -2.0556e-01 -1.9687e+00 -2.8066e+00 -1.1113e+00 +7.3736e-01 -2.1829e+00 -2.5975e-01 -4.9234e-01 -1.9478e+00 +9.7316e-01
437 0 +1.213216175e+02 +1.913516175e+02 +1.913516175e+02 +3.9151e-01 -1.3764e+00 -2.2420e+00 -1.2638e+00 -2.5975e-03 -1.6321e+00 -5.9432e-01 -1.6321e-04 -1.7260e+00 -7.6496e-01
541 0 +1.186912082e+02 +1.887212082e+02 +1.887212082e+02 +4.5588e-01 -1.9774e+00 -2.3834e+00 -8.2326e-01 +4.6361e-01 -9.9529e-01 -3.1249e-01 -1.0952e-01 -1.2911e+00 -2.2933e-01
579 0 +9.711430510e+01 +1.671443051e+02 +1.671443051e+02 +1.6971e-02 -2.3416e+00 -3.3501e+00 -4.9103e-01 -4.3579e-01 -1.0632e+00 -3.1321e-01 -1.0345e+00 -1.1102e+00 +1.4616e-01
666 0 +9.516723435e+01 +1.651972344e+02 +1.651972344e+02 -2.2683e-01 -1.8818e+00 -2.9936e+00 -1.0596e+00 +9.6687e-01 -2.2479e+00 -2.6064e-01 -5.6886e-01 -1.9150e+00 +9.7316e-01
720 0 +8.496655086e+01 +1.549965509e+02 +1.549965509e+02 -7.5756e-02 -2.3416e+00 -3.3377e+00 -4.7356e-01 -4.3579e-01 -1.0632e+00 -3.5859e-01 -9.3025e-01 -1.1535e+00 +1.6792e-01
760 0 +8.075277250e+01 +1.507827725e+02 +1.507827725e+02 +3.3128e-01 -1.8822e+00 -2.5978e+00 -2.1517e-01 +4.0757e-01 -1.0821e+00 -9.5355e-02 -1.6904e-01 -1.2427e+00 -1.4602e-01
998 0 +6.183357692e+01 +1.318635769e+02 +1.318635769e+02 +4.2166e-01 -2.5973e+00 -2.6844e+00 -3.0535e-01 +2.2349e-01 -1.4181e+00 -3.7284e-01 -3.7004e-01 -1.1845e+00 +2.2908e-01
1920 0 +6.155092606e+01 +1.315809261e+02 +1.315809261e+02 -2.3653e-02 -1.8553e+00 -2.7963e+00 -9.6418e-01 +1.4285e-01 -1.6023e+00 -3.6485e-01 -4.5718e-01 -1.7062e+00 -2.1636e-02
2349 0 +5.974159551e+01 +1.297715955e+02 +1.297715955e+02 +4.7340e-01 -2.6360e+00 -2.6871e+00 -3.1323e-01 +2.3229e-01 -1.4282e+00 -2.5671e-01 -4.2159e-01 -1.0593e+00 +2.0221e-01
2511 0 +5.477419812e+01 +1.248041981e+02 +1.248041981e+02 +4.2106e-01 -2.4710e+00 -2.6461e+00 -2.7249e-01 +2.1671e-01 -1.4896e+00 -3.3586e-01 -4.1365e-01 -1.1387e+00 +1.2833e-01
2789 0 +5.218014937e+01 +1.222101494e+02 +1.222101494e+02 +4.3931e-01 -2.6037e+00 -2.6983e+00 -3.1942e-01 +3.2724e-01 -1.3835e+00 -3.6365e-01 -3.3578e-01 -1.0334e+00 +7.9164e-02
3162 0 +4.905905907e+01 +1.190890591e+02 +1.190890591e+02 +3.9308e-01 -2.5079e+00 -2.7356e+00 -3.0452e-01 +2.5782e-01 -1.4756e+00 -3.4384e-01 -3.6164e-01 -1.0589e+00 +7.6942e-02
8940 0 +4.896803641e+01 +1.189980364e+02 +1.189980364e+02 +3.9308e-01 -2.5079e+00 -2.7226e+00 -3.0452e-01 +2.5579e-01 -1.4623e+00 -3.4384e-01 -3.6164e-01 -1.0589e+00 +7.8534e-02
% f evaluations | g evaluations | best noise-free fitness - Fopt (-4.822000000000e+01) + sum g_i+ | measured fitness | best measured fitness or single-digit g-values | x1 | x2...
1 0 +1.708219355e+04 +1.703397355e+04 +1.703397355e+04 +1.0337e+00 -3.1641e+00 +3.7048e+00 -1.7137e+00 +2.6949e+00 -4.1688e+00 +4.7068e+00 -4.2766e+00 +4.8818e+00 -2.1220e+00
2 0 +1.358759223e+03 +1.310539223e+03 +1.310539223e+03 +1.8309e+00 -3.6777e+00 +7.1402e-01 -3.2683e-01 -3.8906e+00 -3.4887e+00 -3.5891e+00 -3.8458e+00 -9.2780e-01 -4.9655e-01
3 0 +2.641926357e+02 +2.159726357e+02 +2.159726357e+02 -9.8812e-01 -2.1101e-01 -4.0578e+00 +3.6460e+00 -4.5028e+00 +1.9536e+00 +2.1033e-01 -4.5475e-02 -8.3615e-01 +3.5821e+00
103 0 +1.537428785e+02 +1.055228785e+02 +1.055228785e+02 -2.9760e+00 -2.3478e+00 -1.0434e-01 +9.5471e-01 -2.7548e+00 +1.5530e+00 +3.3084e-01 +2.6179e-01 -2.8785e+00 +3.4571e+00
205 0 +1.386798021e+02 +9.045980210e+01 +9.045980210e+01 -2.9354e+00 -2.3478e+00 -6.8368e-02 +8.6334e-01 -2.6923e+00 +1.5530e+00 +3.5474e-01 +3.9348e-01 -2.7678e+00 +3.4955e+00
325 0 +1.357064658e+02 +8.748646584e+01 +8.748646584e+01 -3.3733e-01 +4.8855e-02 -2.9784e+00 +2.1214e+00 -3.3010e+00 +2.0239e+00 -8.5074e-01 +3.4329e-01 -9.0761e-01 +2.4171e+00
343 0 +1.214931295e+02 +7.327312949e+01 +7.327312949e+01 -1.4242e+00 -1.1906e+00 -6.5490e-01 +3.2600e-01 -2.4309e+00 +1.0334e+00 -1.1112e+00 +8.3104e-01 -2.3719e+00 +2.5492e+00
404 0 +1.102480179e+02 +6.202801792e+01 +6.202801792e+01 -1.4489e+00 -2.1617e+00 -1.4315e+00 +1.3344e+00 -2.7882e+00 +1.8428e+00 +5.5604e-02 +9.0190e-01 -1.9855e+00 +3.3205e+00
420 0 +1.051348958e+02 +5.691489585e+01 +5.691489585e+01 -1.5361e+00 -1.8740e+00 -1.4315e+00 +1.3013e+00 -2.8135e+00 +1.8103e+00 +1.4293e-02 +8.7394e-01 -2.2577e+00 +3.2241e+00
527 0 +9.800383553e+01 +4.978383553e+01 +4.978383553e+01 -1.5084e+00 -1.6353e+00 -1.9063e+00 +9.7865e-01 -1.6860e+00 +1.6704e+00 -8.0348e-01 +2.0780e+00 -2.2855e+00 +2.8104e+00
694 0 +9.728561586e+01 +4.906561586e+01 +4.906561586e+01 -1.5599e+00 -1.6353e+00 -1.9063e+00 +9.7865e-01 -1.7768e+00 +1.6704e+00 -8.7092e-01 +2.0780e+00 -2.2855e+00 +2.8104e+00
737 0 +9.066042249e+01 +4.244042249e+01 +4.244042249e+01 -1.3269e+00 -6.2889e-01 -1.6409e+00 +1.2480e+00 -2.5342e+00 +1.2125e+00 -9.0772e-01 +1.3630e+00 -1.9070e+00 +2.7884e+00
821 0 +8.711594409e+01 +3.889594409e+01 +3.889594409e+01 -1.4204e+00 -1.2180e+00 -2.0746e+00 +1.2765e+00 -2.6613e+00 +1.9017e+00 -6.1360e-01 +1.0595e+00 -1.8617e+00 +2.8099e+00
1081 0 +8.592534885e+01 +3.770534885e+01 +3.770534885e+01 -1.0749e+00 -9.2035e-01 -2.3153e+00 +9.5202e-01 -2.5496e+00 +1.6957e+00 -7.8695e-01 +9.9924e-01 -1.8912e+00 +2.3778e+00
1084 0 +7.844362599e+01 +3.022362599e+01 +3.022362599e+01 -1.3071e+00 -1.1404e+00 -2.2093e+00 +1.0120e+00 -1.9111e+00 +1.7304e+00 -9.8743e-01 +1.6317e+00 -1.9288e+00 +2.5807e+00
1288 0 +7.201807915e+01 +2.379807915e+01 +2.379807915e+01 -1.2496e+00 -1.0822e+00 -2.6166e+00 +1.0225e+00 -1.9140e+00 +2.1116e+00 -1.0389e+00 +1.9409e+00 -1.8263e+00 +2.4198e+00
1299 0 +6.674969047e+01 +1.852969047e+01 +1.852969047e+01 -1.3349e+00 -1.1738e+00 -2.1468e+00 +1.0111e+00 -2.0024e+00 +1.8175e+00 -8.3386e-01 +1.5905e+00 -1.9810e+00 +2.8048e+00
1348 0 +6.603497298e+01 +1.781497298e+01 +1.781497298e+01 -1.2456e+00 -1.1302e+00 -2.2496e+00 +8.2398e-01 -1.9670e+00 +1.8098e+00 -8.9386e-01 +1.6231e+00 -1.9916e+00 +2.6829e+00
1360 0 +5.996409081e+01 +1.174409081e+01 +1.174409081e+01 -1.2496e+00 -1.1112e+00 -2.5819e+00 +1.0225e+00 -2.0094e+00 +2.1116e+00 -9.1469e-01 +1.8148e+00 -1.7534e+00 +2.4198e+00
1413 0 +5.367822898e+01 +5.458228982e+00 +5.458228982e+00 -1.2496e+00 -1.1112e+00 -2.5701e+00 +1.0225e+00 -2.0134e+00 +2.2377e+00 -9.1469e-01 +1.8148e+00 -1.7534e+00 +2.4198e+00
2612 0 +5.224992179e+01 +4.029921794e+00 +4.029921794e+00 -1.2827e+00 -1.1848e+00 -2.5106e+00 +9.5641e-01 -1.9124e+00 +2.3214e+00 -9.4568e-01 +1.8140e+00 -1.8441e+00 +2.4004e+00
3516 0 +5.113727819e+01 +2.917278194e+00 +2.917278194e+00 -1.3170e+00 -1.1544e+00 -2.4715e+00 +1.0047e+00 -1.9363e+00 +2.1396e+00 -9.0413e-01 +1.8671e+00 -1.8372e+00 +2.4163e+00
3970 0 +4.875322422e+01 +5.332242174e-01 +5.332242174e-01 -1.3170e+00 -1.1544e+00 -2.4715e+00 +1.0047e+00 -1.9363e+00 +2.1749e+00 -9.0413e-01 +1.8671e+00 -1.8372e+00 +2.4163e+00
6571 0 +4.644865998e+01 -1.771340015e+00 -1.771340015e+00 -1.3384e+00 -1.1878e+00 -2.4772e+00 +9.8242e-01 -1.9390e+00 +2.2935e+00 -8.5674e-01 +1.9103e+00 -1.8170e+00 +2.4375e+00
7475 0 +4.510610068e+01 -3.113899325e+00 -3.113899325e+00 -1.2960e+00 -1.2023e+00 -2.5415e+00 +9.7399e-01 -1.9123e+00 +2.1922e+00 -8.8358e-01 +1.8417e+00 -1.8270e+00 +2.3684e+00
8244 0 +4.218796618e+01 -6.032033819e+00 -6.032033819e+00 -1.3278e+00 -1.1965e+00 -2.5060e+00 +9.8968e-01 -1.8982e+00 +2.2404e+00 -9.0188e-01 +1.9141e+00 -1.8488e+00 +2.3956e+00
% f evaluations | g evaluations | best noise-free fitness - Fopt (2.547000000000e+01) + sum g_i+ | measured fitness | best measured fitness or single-digit g-values | x1 | x2...
1 0 +1.484627240e+03 +1.510097240e+03 +1.510097240e+03 +3.5380e+00 +6.4447e-02 -1.6873e+00 +3.4548e+00 -4.1500e+00 -1.7746e+00 +2.6224e+00 +4.4036e+00 +3.4189e+00 +3.4269e+00
2 0 +1.298635129e+03 +1.324105129e+03 +1.324105129e+03 +4.6398e+00 -4.3072e+00 +2.2896e+00 -1.3437e+00 -3.9808e+00 -3.6281e+00 +9.7675e-02 +3.6216e-01 +4.8025e+00 +1.5145e+00
3 0 +8.580556422e+02 +8.835256422e+02 +8.835256422e+02 +1.0832e+00 +1.9230e+00 -2.4502e+00 -2.9499e-01 +7.5255e-01 +1.0896e+00 +3.2601e+00 +3.5249e+00 +1.7266e+00 +4.5577e+00
6 0 +4.130705119e+02 +4.385405119e+02 +4.385405119e+02 +4.3595e-01 +1.8764e+00 +1.4915e+00 +4.0941e-01 -2.3405e+00 -4.1765e-01 -1.9840e+00 +3.8508e+00 +2.4383e+00 -2.0351e-01
13 0 +3.185122990e+02 +3.439822990e+02 +3.439822990e+02 -3.7423e+00 -1.8253e+00 -5.5602e-01 +4.5295e+00 +2.6650e+00 -2.0379e-01 -4.4733e+00 -1.6233e+00 +1.3278e+00 -3.1738e+00
19 0 +2.000141852e+02 +2.254841852e+02 +2.254841852e+02 -4.0350e+00 -2.9469e+00 +1.0603e+00 -3.6655e+00 +4.9747e+00 -2.2598e+00 -1.4089e+00 +1.5763e+00 +2.1690e+00 -2.5193e-01
110 0 +1.909528343e+02 +2.164228343e+02 +2.164228343e+02 -4.0350e+00 -2.9469e+00 +1.0603e+00 -3.6368e+00 +4.9747e+00 -2.2517e+00 -1.3583e+00 +1.5763e+00 +2.1690e+00 -2.5193e-01
215 0 +1.168797291e+02 +1.423497291e+02 +1.423497291e+02 -3.0704e+00 -2.9037e+00 +4.5741e-01 -3.9889e+00 +9.2784e-01 -3.7377e-01 -1.5547e+00 +1.0920e+00 +1.4453e+00 +1.0970e-01
377 0 +1.019509319e+02 +1.274209319e+02 +1.274209319e+02 -3.0704e+00 -2.9037e+00 +5.4950e-01 -3.9889e+00 +9.2784e-01 -4.4983e-01 -1.5547e+00 +1.0486e+00 +1.6054e+00 +1.0209e-01
399 0 +8.282525609e+01 +1.082952561e+02 +1.082952561e+02 -2.0021e+00 -2.3158e+00 -1.0060e+00 -2.4436e+00 +8.4479e-01 -4.8149e-01 -1.5946e+00 +1.2992e+00 +1.3284e+00 +5.6510e-01
687 0 +6.750216936e+01 +9.297216936e+01 +9.297216936e+01 -2.9691e+00 -2.9244e+00 +1.2074e-01 -3.2981e+00 +1.2480e+00 -7.5114e-01 -1.5187e+00 +1.0645e+00 +1.6390e+00 +6.4739e-02
966 0 +6.366595787e+01 +8.913595787e+01 +8.913595787e+01 -2.5771e+00 -2.5891e+00 -1.1328e+00 -2.8309e+00 +9.3754e-01 -5.2752e-02 -7.2467e-01 +1.5337e+00 +1.2802e+00 +6.7442e-01
1336 0 +6.011737792e+01 +8.558737792e+01 +8.558737792e+01 -3.0235e+00 -2.9398e+00 +1.8760e-01 -3.4467e+00 +1.0110e+00 -6.6644e-01 -1.6549e+00 +9.9973e-01 +1.6760e+00 +6.4171e-02
1413 0 +5.328470077e+01 +7.875470077e+01 +7.875470077e+01 -2.9543e+00 -3.0633e+00 +1.0846e-01 -3.3107e+00 +9.4023e-01 -7.7895e-01 -1.5174e+00 +1.0703e+00 +1.6746e+00 +1.7884e-01
1489 0 +4.507490624e+01 +7.054490624e+01 +7.054490624e+01 -2.9543e+00 -3.0285e+00 +1.4698e-01 -3.3037e+00 +1.0470e+00 -8.0371e-01 -1.5174e+00 +1.0703e+00 +1.7073e+00 +1.7884e-01
2609 0 +4.163389788e+01 +6.710389788e+01 +6.710389788e+01 -2.9203e+00 -3.0051e+00 +5.5269e-02 -3.4107e+00 +9.9236e-01 -8.7410e-01 -1.5793e+00 +1.0452e+00 +1.7428e+00 +9.5751e-02
3378 0 +4.004643840e+01 +6.551643840e+01 +6.551643840e+01 -2.9351e+00 -3.0690e+00 +4.5541e-02 -3.3165e+00 +1.0065e+00 -8.2699e-01 -1.6250e+00 +1.0600e+00 +1.8193e+00 +1.5525e-01
4389 0 +3.856905599e+01 +6.403905599e+01 +6.403905599e+01 -2.8871e+00 -3.0762e+00 +1.0025e-01 -3.4423e+00 +1.0149e+00 -8.0099e-01 -1.6589e+00 +1.0813e+00 +1.7930e+00 +2.2278e-01
4758 0 +3.749278478e+01 +6.296278478e+01 +6.296278478e+01 -2.8066e+00 -3.0493e+00 +6.5098e-02 -3.5462e+00 +1.0216e+00 -7.6750e-01 -1.6848e+00 +1.1419e+00 +1.8183e+00 +2.4605e-01
5771 0 +3.675875309e+01 +6.222875309e+01 +6.222875309e+01 -2.8727e+00 -3.0242e+00 +8.3748e-02 -3.4793e+00 +1.1433e+00 -7.1942e-01 -1.7375e+00 +1.1567e+00 +1.8954e+00 +1.5494e-01
5934 0 +3.376651956e+01 +5.923651956e+01 +5.923651956e+01 -2.8727e+00 -3.0848e+00 +8.3748e-02 -3.4793e+00 +1.1469e+00 -7.7803e-01 -1.7375e+00 +1.1567e+00 +1.8954e+00 +2.5218e-01
% f evaluations | g evaluations | best noise-free fitness - Fopt (-1.008100000000e+02) + sum g_i+ | measured fitness | best measured fitness or single-digit g-values | x1 | x2...
1 0 +9.197215955e+02 +8.189115955e+02 +8.189115955e+02 +2.8408e+00 +2.4868e+00 -4.9470e+00 -2.7764e+00 -3.2348e+00 -3.1899e+00 +2.4284e+00 -2.7679e+00 +1.6285e+00 -3.5449e+00
2 0 +3.721842269e+02 +2.713742269e+02 +2.713742269e+02 +1.2038e-01 +1.0288e+00 +8.7661e-01 -2.7043e+00 +4.4297e+00 -6.7991e-01 -2.6177e+00 +3.3628e+00 +2.1617e+00 -2.5992e+00
5 0 +2.530663585e+02 +1.522563585e+02 +1.522563585e+02 +2.7409e+00 -3.6335e-01 -2.1251e+00 -1.4872e+00 +4.7569e+00 +4.9024e+00 -3.4540e-01 -2.7968e+00 -3.8477e+00 +2.4918e+00
90 0 +1.671845708e+02 +6.637457077e+01 +6.637457077e+01 +3.8138e+00 +4.9872e-01 -1.5522e+00 -2.7177e+00 +1.9139e+00 +1.7576e+00 -9.6088e-01 +2.0523e+00 -2.7686e+00 +1.8190e+00
113 0 +1.428549299e+02 +4.204492991e+01 +4.204492991e+01 +5.1885e-02 +3.5280e-02 -2.9026e+00 +4.8574e-01 +2.2125e+00 +2.9808e+00 +1.4393e+00 +1.6469e+00 -1.3348e+00 +1.9088e-01
207 0 +1.388400371e+02 +3.803003712e+01 +3.803003712e+01 +1.7429e+00 +7.2622e-01 -2.5126e+00 -1.4161e+00 +1.0017e+00 +3.4659e-02 +6.9945e-02 +1.1196e+00 -5.1593e-01 +2.4867e+00
217 0 +1.273845003e+02 +2.657450028e+01 +2.657450028e+01 -3.7498e-01 -5.5133e-02 -7.2604e-01 +2.0713e+00 +1.3080e+00 +1.9622e+00 +1.4744e+00 +1.4922e+00 -1.7173e+00 +8.5312e-01
326 0 +1.238105224e+02 +2.300052240e+01 +2.300052240e+01 +2.3771e-01 +6.3993e-01 -9.7091e-01 -2.1828e-01 +1.3381e+00 +1.1525e+00 -1.1033e-01 +1.5723e+00 -2.1905e+00 +1.3679e+00
327 0 +1.101409732e+02 +9.330973212e+00 +9.330973212e+00 +1.6069e+00 -3.9029e-02 -1.3953e+00 -9.0121e-01 +2.0370e+00 +2.4886e+00 +9.1359e-01 -1.1061e-01 -7.2378e-01 +5.1595e-03
360 0 +9.811342780e+01 -2.696572196e+00 -2.696572196e+00 -4.7712e-01 +8.8301e-01 +9.3016e-02 -9.0326e-01 +8.1078e-01 +8.2743e-02 -5.2509e-02 +7.7200e-01 -1.6175e+00 +8.5244e-01
385 0 +9.598511922e+01 -4.824880781e+00 -4.824880781e+00 +7.7386e-02 +4.3692e-01 -8.0943e-01 -2.1828e-01 +1.4323e+00 +1.2749e+00 -1.1033e-01 +1.4824e+00 -2.2110e+00 +1.2655e+00
400 0 +9.406041070e+01 -6.749589300e+00 -6.749589300e+00 -7.7025e-02 +1.6541e-01 -8.4998e-01 -7.4250e-01 +1.8537e+00 +1.5830e+00 +2.4047e-01 +5.3274e-01 -1.4554e+00 +4.8543e-01
458 0 +9.046045681e+01 -1.034954319e+01 -1.034954319e+01 +7.7386e-02 +4.3692e-01 -9.1617e-01 -8.5778e-02 +1.4130e+00 +1.2041e+00 -1.8879e-02 +1.6489e+00 -2.2110e+00 +1.2770e+00
478 0 +8.626568246e+01 -1.454431754e+01 -1.454431754e+01 -7.2322e-02 +4.1141e-01 -8.7315e-01 -6.0494e-02 +1.7141e+00 +1.5283e+00 +4.2594e-01 +5.7655e-01 -1.9785e+00 +1.0611e+00
479 0 +8.377963545e+01 -1.703036455e+01 -1.703036455e+01 +1.0772e+00 +6.2700e-01 -5.7002e-01 -7.2404e-01 +1.6051e+00 +1.4650e+00 -7.1853e-01 +1.0003e+00 -2.6969e+00 +1.6502e+00
602 0 +6.471468748e+01 -3.609531252e+01 -3.609531252e+01 +1.0161e+00 +4.4127e-01 -6.2668e-01 -8.3364e-01 +1.4374e+00 +1.2234e+00 -6.9790e-01 +1.4427e+00 -2.6041e+00 +1.6799e+00
751 0 +5.371593175e+01 -4.709406825e+01 -4.709406825e+01 +1.0161e+00 +3.7512e-01 -6.2668e-01 -8.3364e-01 +1.4374e+00 +1.2234e+00 -6.2861e-01 +1.4835e+00 -2.7095e+00 +1.6799e+00
1558 0 +5.274325806e+01 -4.806674194e+01 -4.806674194e+01 +6.3736e-01 +4.0051e-01 -4.9807e-01 -7.1103e-01 +1.3323e+00 +1.4789e+00 -2.8656e-01 +9.7484e-01 -2.2421e+00 +1.4732e+00
2083 0 +5.207898921e+01 -4.873101079e+01 -4.873101079e+01 +1.2893e+00 +3.3136e-01 -1.9925e-01 -7.3989e-01 +1.0611e+00 +1.3126e+00 -1.9430e-01 +1.0853e+00 -1.8740e+00 +8.4655e-01
2265 0 +4.066319219e+01 -6.014680781e+01 -6.014680781e+01 +6.3856e-01 +4.3964e-01 -4.6809e-01 -7.8655e-01 +1.3530e+00 +1.5772e+00 -1.9237e-01 +8.8480e-01 -2.3214e+00 +1.4661e+00
3082 0 +3.924029422e+01 -6.156970578e+01 -6.156970578e+01 +6.3856e-01 +4.1238e-01 -5.1468e-01 -7.8655e-01 +1.3530e+00 +1.5772e+00 -1.9237e-01 +8.8480e-01 -2.3214e+00 +1.4885e+00
3393 0 +3.746713402e+01 -6.334286598e+01 -6.334286598e+01 +7.7401e-01 +1.5668e-01 -5.0797e-02 -5.2127e-01 +1.1928e+00 +1.3907e+00 -6.0113e-01 +9.7397e-01 -2.1175e+00 +1.2963e+00
3570 0 +3.463998909e+01 -6.617001091e+01 -6.617001091e+01 +7.4350e-01 +1.8945e-01 -4.7037e-02 -4.8991e-01 +1.2634e+00 +1.4726e+00 -4.4162e-01 +9.5025e-01 -2.1205e+00 +1.2253e+00
3678 0 +3.375641837e+01 -6.705358163e+01 -6.705358163e+01 +7.6618e-01 +1.8818e-01 -1.7546e-01 -5.7944e-01 +1.2487e+00 +1.4377e+00 -5.4060e-01 +9.4926e-01 -2.1271e+00 +1.2747e+00
3803 0 +3.083903978e+01 -6.997096022e+01 -6.997096022e+01 +7.4597e-01 +1.9234e-01 -1.0130e-01 -4.8628e-01 +1.2011e+00 +1.4017e+00 -5.2626e-01 +9.7412e-01 -2.0705e+00 +1.2386e+00
4906 0 +2.939916808e+01 -7.141083192e+01 -7.141083192e+01 +6.8886e-01 +1.6413e-01 -6.9192e-02 -5.3910e-01 +1.2386e+00 +1.3856e+00 -5.1948e-01 +1.0241e+00 -2.0971e+00 +1.2309e+00
7711 0 +2.811902500e+01 -7.269097500e+01 -7.269097500e+01 +6.4515e-01 +1.3760e-01 -8.7779e-02 -5.5462e-01 +1.1852e+00 +1.4772e+00 -4.4562e-01 +1.0154e+00 -2.1183e+00 +1.1260e+00
% f evaluations | g evaluations | best noise-free fitness - Fopt (7.739000000000e+01) + sum g_i+ | measured fitness | best measured fitness or single-digit g-values | x1 | x2...
1 0 +1.699432411e+03 +1.776822411e+03 +1.776822411e+03 -4.4125e+00 +5.4559e-01 +4.1660e+00 +2.4307e+00 +3.8194e+00 +3.3213e+00 +2.9872e+00 -3.8859e+00 -3.6881e+00 +4.6730e+00
2 0 +8.068807317e+02 +8.842707317e+02 +8.842707317e+02 -2.8327e+00 +4.6253e+00 -2.3615e+00 -3.5677e+00 +4.4205e+00 +2.1109e+00 +5.4808e-01 +4.6225e+00 -4.4155e-01 -3.0843e+00
3 0 +7.620496015e+02 +8.394396015e+02 +8.394396015e+02 -2.0017e+00 +6.8899e-01 -3.0940e+00 +2.8121e+00 -2.4473e+00 +1.2347e+00 -2.1586e-01 +9.5849e-01 +9.5542e-01 +3.1950e+00
5 0 +3.900701106e+02 +4.674601106e+02 +4.674601106e+02 -2.3061e+00 +2.7903e-01 +2.8900e+00 -3.8640e+00 +1.0667e+00 +2.9755e+00 -1.7801e-02 +4.0719e+00 -5.4091e-01 -4.2963e+00
100 0 +3.625827709e+02 +4.399727709e+02 +4.399727709e+02 +4.5965e+00 +1.8647e+00 -4.9338e+00 +1.6575e+00 -2.0448e+00 +9.6278e-01 -1.5231e+00 +9.6997e-01 +9.9256e-01 -2.8423e+00
108 0 +3.167271243e+02 +3.941171243e+02 +3.941171243e+02 +2.4368e-01 +3.6181e+00 +5.8028e-01 -3.5775e+00 -2.7066e+00 +1.7938e-01 +1.6616e+00 +3.9771e+00 +3.0890e+00 -3.0448e+00
115 0 +2.243131710e+02 +3.017031710e+02 +3.017031710e+02 -5.6940e-01 +1.5240e+00 -8.0153e-01 +5.6951e-01 -2.4296e+00 +1.0253e+00 +6.7457e-01 +1.8346e+00 +2.3621e+00 -3.6640e+00
155 0 +2.179374559e+02 +2.953274559e+02 +2.953274559e+02 +1.7655e+00 +2.9307e+00 -1.1681e-02 -1.7678e+00 -3.2188e+00 +2.1834e+00 +2.3059e+00 +4.7444e-01 -8.6003e-01 -1.3450e+00
210 0 +1.994716359e+02 +2.768616359e+02 +2.768616359e+02 +1.6208e+00 +2.9307e+00 -2.2284e-02 -1.7678e+00 -3.2188e+00 +2.1834e+00 +2.1842e+00 +4.7444e-01 -8.6003e-01 -1.2624e+00
211 0 +1.903932628e+02 +2.677832628e+02 +2.677832628e+02 +5.5805e-01 +2.5924e+00 +6.2210e-01 -1.3972e+00 -3.1956e+00 +5.0892e-01 +1.2533e+00 +3.6228e+00 +1.6671e+00 -3.7599e+00
237 0 +1.608272342e+02 +2.382172342e+02 +2.382172342e+02 +5.2150e-01 +2.5419e+00 -1.6892e+00 +6.1988e-01 -6.0838e-02 +2.6318e+00 -1.1991e+00 +3.2155e-01 +2.2843e+00 -2.4960e+00
331 0 +1.514579405e+02 +2.288479405e+02 +2.288479405e+02 +1.2726e+00 +2.8003e+00 +8.9252e-01 +2.5443e-01 -1.3475e+00 +2.3863e+00 -8.9736e-01 +1.3618e+00 +5.7803e-02 -3.0180e-01
424 0 +1.510726622e+02 +2.284626622e+02 +2.284626622e+02 +1.1005e+00 +2.3666e+00 -5.0585e-01 -8.5477e-03 -2.4557e+00 +1.4332e+00 +1.0177e+00 +7.9158e-01 +1.1364e-01 -1.1770e+00
434 0 +1.411604037e+02 +2.185504037e+02 +2.185504037e+02 +7.8275e-01 +2.6391e+00 -1.2833e+00 +2.4106e-01 -7.6799e-01 +2.4407e+00 -2.7551e-01 +3.5110e-01 +1.5064e+00 -2.1132e+00
464 0 +1.369507280e+02 +2.143407280e+02 +2.143407280e+02 +1.2576e+00 +2.7363e+00 -9.6412e-01 -4.6519e-01 -1.7109e+00 +2.4411e+00 +4.9255e-01 +4.4549e-01 +7.1712e-01 -1.9096e+00
597 0 +1.306457230e+02 +2.080357230e+02 +2.080357230e+02 +6.1117e-01 +2.1921e+00 -6.2569e-01 -1.4004e-01 -1.7103e+00 +1.6662e+00 +7.6567e-01 +7.4014e-01 +7.8350e-01 -2.3743e+00
630 0 +9.218949349e+01 +1.695794935e+02 +1.695794935e+02 +7.3550e-01 +2.2158e+00 -1.4369e-02 -5.9111e-02 -1.9737e+00 +2.2201e+00 +5.3513e-01 +1.1558e+00 +1.0597e+00 -1.7736e+00
676 0 +8.982992205e+01 +1.672199220e+02 +1.672199220e+02 +1.1353e+00 +2.7202e+00 -8.7733e-01 -3.0660e-01 -1.9317e+00 +2.3979e+00 +3.5945e-01 +3.9896e-01 +5.8318e-01 -1.8332e+00
1226 0 +8.727194640e+01 +1.646619464e+02 +1.646619464e+02 +1.0311e+00 +2.4511e+00 +4.3111e-01 -2.6216e-01 -1.8756e+00 +2.1674e+00 -1.1358e-02 +8.2098e-01 +5.9633e-01 -1.7023e+00
1229 0 +8.565685040e+01 +1.630468504e+02 +1.630468504e+02 +7.5780e-01 +2.1533e+00 +6.8190e-02 -8.4113e-02 -1.9983e+00 +2.1731e+00 +5.6726e-01 +1.2061e+00 +1.0702e+00 -1.4921e+00
1361 0 +8.067575536e+01 +1.580657554e+02 +1.580657554e+02 +1.0311e+00 +2.4511e+00 +4.7627e-01 -2.4984e-01 -1.8284e+00 +2.1674e+00 -1.1358e-02 +8.2098e-01 +5.7319e-01 -1.6443e+00
2492 0 +7.712492178e+01 +1.545149218e+02 +1.545149218e+02 +8.8598e-01 +2.2575e+00 +1.2007e-02 -9.1532e-02 -2.1463e+00 +2.1903e+00 +3.5996e-01 +1.0727e+00 +9.0947e-01 -1.7754e+00
2724 0 +7.488906063e+01 +1.522790606e+02 +1.522790606e+02 +8.9565e-01 +2.2647e+00 +2.1741e-02 -1.1492e-01 -2.1632e+00 +2.1866e+00 +3.8309e-01 +9.0517e-01 +8.9807e-01 -1.7878e+00
2960 0 +7.353751352e+01 +1.509275135e+02 +1.509275135e+02 +8.8164e-01 +2.3311e+00 -1.7906e-02 -1.1012e-01 -2.0915e+00 +2.1885e+00 +3.0392e-01 +9.8892e-01 +9.0377e-01 -1.7816e+00
3078 0 +7.020453978e+01 +1.475945398e+02 +1.475945398e+02 +8.9318e-01 +2.3648e+00 -5.9656e-02 -1.0314e-01 -2.1741e+00 +2.1978e+00 +3.2083e-01 +1.0773e+00 +9.5399e-01 -1.7528e+00
3662 0 +6.668858840e+01 +1.440785884e+02 +1.440785884e+02 +9.2159e-01 +2.3072e+00 -7.1902e-02 -9.4953e-02 -2.1165e+00 +2.2000e+00 +2.8910e-01 +1.0378e+00 +9.2307e-01 -1.8520e+00
4305 0 +6.480072604e+01 +1.421907260e+02 +1.421907260e+02 +8.8094e-01 +2.3573e+00 -1.8156e-01 -6.5743e-02 -2.2114e+00 +2.2393e+00 +3.3994e-01 +1.0689e+00 +9.9861e-01 -1.8574e+00
6585 0 +6.441635145e+01 +1.418063515e+02 +1.418063515e+02 +8.8094e-01 +2.3573e+00 -1.8156e-01 -6.5743e-02 -2.1821e+00 +2.2393e+00 +3.4947e-01 +1.0689e+00 +9.9861e-01 -1.8574e+00
% f evaluations | g evaluations | best noise-free fitness - Fopt (-7.828000000000e+01) + sum g_i+ | measured fitness | best measured fitness or single-digit g-values | x1 | x2...
1 0 +1.596090130e+03 +1.517810130e+03 +1.517810130e+03 -2.5330e+00 -7.9212e-01 -1.3517e+00 -1.8627e+00 +4.2032e+00 -4.3852e+00 +2.3635e+00 +3.4366e+00 -4.3863e+00 +9.4308e-01
3 0 +7.198586391e+02 +6.415786391e+02 +6.415786391e+02 +3.1908e+00 -1.1106e-01 +3.7983e+00 -2.8822e+00 -1.9198e+00 -4.4585e+00 -2.6831e+00 -2.5883e+00 +4.9291e-01 -1.8004e+00
5 0 +6.017548234e+02 +5.234748234e+02 +5.234748234e+02 -3.7902e+00 -2.8720e+00 -3.4736e+00 +4.5619e+00 -4.8512e+00 -1.4151e+00 +4.8529e+00 +3.3796e+00 +1.1946e+00 +3.8646e+00
7 0 +3.702821347e+02 +2.920021347e+02 +2.920021347e+02 -4.0983e+00 -1.7887e+00 +5.8168e-01 +2.0220e-01 +1.5919e+00 -7.7227e-01 +3.5855e+00 -2.1309e+00 +5.0110e-01 -2.9203e+00
9 0 +3.127270432e+02 +2.344470432e+02 +2.344470432e+02 -2.6179e+00 -7.8479e-01 +1.6736e+00 -4.1390e+00 +1.4515e+00 -1.9506e+00 -3.6373e-01 +4.9619e+00 +7.9379e-01 -1.8335e+00
31 0 +2.300522178e+02 +1.517722178e+02 +1.517722178e+02 -7.4093e-01 +1.6834e+00 +3.5606e-01 +2.2045e+00 -2.4815e+00 +1.4572e+00 +1.4387e+00 -7.7698e-01 +3.7370e+00 -9.3447e-02
128 0 +1.932424696e+02 +1.149624696e+02 +1.149624696e+02 -3.3581e+00 -1.2146e+00 +1.1276e+00 -1.9684e+00 +1.5217e+00 -1.3614e+00 +1.7435e+00 +1.3400e+00 +6.4744e-01 -2.3235e+00
131 0 +1.479872001e+02 +6.970720009e+01 +6.970720009e+01 -8.8696e-01 +1.7185e+00 +1.2172e+00 -1.1961e+00 -2.2842e+00 -2.8832e-01 +1.1623e+00 +1.4115e+00 +1.5457e+00 -6.3882e-01
186 0 +1.471852548e+02 +6.890525480e+01 +6.890525480e+01 -1.6794e+00 +4.5259e-01 +1.0148e+00 -7.9014e-01 -5.1498e-01 -2.7169e-01 +5.3749e-01 +2.1410e+00 +2.2045e+00 -1.0000e+00
227 0 +1.430498141e+02 +6.476981415e+01 +6.476981415e+01 -1.7346e+00 +4.5259e-01 +1.0095e+00 -7.9014e-01 -4.7465e-01 -2.7169e-01 +6.3208e-01 +2.1042e+00 +2.2007e+00 -1.0000e+00
310 0 +1.406604518e+02 +6.238045176e+01 +6.238045176e+01 -2.4367e+00 -9.7627e-01 +1.5343e+00 +8.8286e-01 -1.9918e-01 -1.1542e+00 +9.5439e-01 +1.4027e+00 +1.2106e+00 -3.5886e-01
376 0 +1.372770511e+02 +5.899705107e+01 +5.899705107e+01 -1.4187e+00 -1.1614e+00 +1.6965e+00 +3.9150e-01 +2.5865e-01 -1.2277e+00 +9.4838e-01 +2.3045e+00 +1.5209e+00 -1.4475e-01
435 0 +1.348107449e+02 +5.653074491e+01 +5.653074491e+01 -2.3215e+00 -1.1841e+00 +1.3824e+00 -7.2490e-01 +8.7711e-01 -1.2819e+00 +1.4211e+00 +1.8597e+00 +1.1107e+00 -1.1992e+00
506 0 +1.138174533e+02 +3.553745325e+01 +3.553745325e+01 -1.9966e+00 -3.8103e-01 +1.3122e+00 +4.0272e-01 -7.8088e-01 -4.6249e-01 +1.1348e+00 +1.5176e+00 +1.5372e+00 -9.4529e-01
670 0 +1.045470886e+02 +2.626708863e+01 +2.626708863e+01 -2.4521e+00 -5.1853e-01 +9.1361e-01 +2.7975e-01 -6.4508e-01 -6.3991e-01 +1.3803e+00 +1.0969e+00 +1.4659e+00 -7.9055e-01
771 0 +9.745504847e+01 +1.917504847e+01 +1.917504847e+01 -1.5862e+00 -9.1871e-02 +1.7330e+00 -4.3946e-01 -1.3353e-01 -1.2111e+00 +1.1917e+00 +1.6012e+00 +1.6387e+00 -8.3899e-01
1052 0 +8.921315545e+01 +1.093315545e+01 +1.093315545e+01 -1.4089e+00 -1.5955e+00 +1.7517e+00 +4.3725e-01 +1.8555e-01 -1.2901e+00 +9.7152e-01 +2.3046e+00 +1.5368e+00 +3.1739e-02
1315 0 +8.226764630e+01 +3.987646297e+00 +3.987646297e+00 -1.4089e+00 -1.5889e+00 +1.6523e+00 +3.4972e-01 +1.8555e-01 -1.2958e+00 +9.7152e-01 +2.3046e+00 +1.6786e+00 +3.1739e-02
1495 0 +8.121220021e+01 +2.932200213e+00 +2.932200213e+00 -1.4053e+00 -6.6801e-01 +1.3129e+00 +1.5298e-01 -9.2916e-04 -9.4872e-01 +1.1239e+00 +1.6685e+00 +1.7484e+00 -3.6011e-01
2820 0 +7.507758023e+01 -3.202419766e+00 -3.202419766e+00 -1.4159e+00 -5.9296e-01 +1.2890e+00 +1.9318e-01 +4.9106e-02 -1.0383e+00 +1.1518e+00 +1.7455e+00 +1.7601e+00 -4.5246e-01
3438 0 +7.368627757e+01 -4.593722429e+00 -4.593722429e+00 -1.4200e+00 -6.2213e-01 +1.3117e+00 +2.8089e-01 +7.4204e-02 -1.0523e+00 +1.1298e+00 +1.7964e+00 +1.7807e+00 -2.9410e-01
4547 0 +7.203424125e+01 -6.245758755e+00 -6.245758755e+00 -1.3298e+00 -6.1840e-01 +1.2908e+00 +2.8316e-01 +4.2791e-02 -1.0414e+00 +1.1470e+00 +1.7874e+00 +1.7993e+00 -3.2536e-01
% f evaluations | g evaluations | best noise-free fitness - Fopt (-1.853000000000e+01) + sum g_i+ | measured fitness | best measured fitness or single-digit g-values | x1 | x2...
1 0 +5.504990096e+02 +5.319690096e+02 +5.319690096e+02 +1.8788e-01 -8.6898e-01 +1.3912e+00 -7.0129e-01 -2.5524e+00 -1.3942e+00 -3.4724e+00 +3.3239e+00 -3.2123e+00 -2.3308e+00
13 0 +5.357097529e+02 +5.171797529e+02 +5.171797529e+02 -3.7835e+00 +1.4634e+00 -4.9943e+00 +4.9364e+00 -1.0054e+00 -4.4039e+00 -3.0369e+00 -4.9191e-01 -2.3174e+00 -1.9652e+00
19 0 +3.336333420e+02 +3.151033420e+02 +3.151033420e+02 +4.0426e+00 -3.7055e+00 -1.5237e+00 -1.6055e+00 +3.0158e+00 -3.1103e+00 -2.5375e+00 -4.4961e-01 -2.4531e+00 +9.8559e-02
59 0 +3.141840480e+02 +2.956540480e+02 +2.956540480e+02 +7.4312e-01 -4.7872e+00 -3.4825e+00 +1.8610e+00 +4.1091e+00 -1.1086e+00 -6.2681e-01 -4.4422e+00 -3.9570e-01 +2.7186e+00
116 0 +3.034587445e+02 +2.849287445e+02 +2.849287445e+02 -1.3337e+00 +6.3465e-01 -3.9441e+00 +1.1149e+00 +3.4627e+00 -2.0770e-01 -4.0831e-01 -1.5903e+00 -3.8821e-01 +3.9464e+00
139 0 +2.406990094e+02 +2.221690094e+02 +2.221690094e+02 +1.7076e+00 -1.3173e+00 -7.6047e-01 -1.7849e+00 +2.6896e+00 +1.9685e+00 -1.7935e+00 +2.5851e+00 -4.4805e+00 -4.2929e-01
143 0 +2.364660972e+02 +2.179360972e+02 +2.179360972e+02 -1.5613e+00 -1.4070e+00 -3.4173e+00 -2.1911e+00 +2.6430e+00 -1.4402e-01 +1.5981e+00 +1.4304e+00 -4.0099e+00 +1.2807e-01
171 0 +1.885973919e+02 +1.700673919e+02 +1.700673919e+02 +1.0695e+00 -1.8165e+00 -7.2339e-01 -2.0442e+00 +3.4925e+00 -7.1585e-01 +1.3377e-01 +3.0158e+00 -3.6372e+00 +5.8946e-01
243 0 +1.775018705e+02 +1.589718705e+02 +1.589718705e+02 +9.5263e-01 -1.9822e+00 -7.2339e-01 -2.0442e+00 +3.3813e+00 -7.1585e-01 +2.4162e-01 +3.0158e+00 -3.6679e+00 +6.5017e-01
270 0 +1.668969677e+02 +1.483669677e+02 +1.483669677e+02 +9.1266e-01 -1.8165e+00 -7.2339e-01 -2.0122e+00 +3.5833e+00 -7.1585e-01 +1.3377e-01 +3.0158e+00 -3.7172e+00 +7.1367e-01
311 0 +1.642580896e+02 +1.457280896e+02 +1.457280896e+02 -8.3879e-01 -1.4340e+00 -1.6771e+00 -7.5995e-01 +1.3158e+00 -1.7354e+00 -4.6826e-01 +6.7713e-01 -2.4348e+00 +1.2119e+00
314 0 +1.516425309e+02 +1.331125309e+02 +1.331125309e+02 -2.0146e-01 -1.2454e-01 -2.7511e+00 -4.3641e-01 +2.4127e+00 -3.1519e-02 -1.4329e+00 +1.0362e+00 -2.3798e+00 +1.5962e+00
352 0 +1.509231249e+02 +1.323931249e+02 +1.323931249e+02 +4.3202e-01 -1.4729e+00 -1.4353e+00 -1.2732e+00 +1.5036e+00 -3.9347e-01 -1.2979e+00 +3.2198e+00 -3.7522e+00 +2.6164e-01
430 0 +1.337109339e+02 +1.151809339e+02 +1.151809339e+02 -3.0051e-02 -5.9926e-01 -1.8672e+00 -1.6278e+00 +4.5110e-01 -1.4425e+00 -1.3115e+00 +1.9422e+00 -3.5364e+00 +2.0258e-01
435 0 +1.257121088e+02 +1.071821088e+02 +1.071821088e+02 +2.6587e-01 -8.2004e-01 -1.6014e+00 -2.1386e+00 +1.4176e+00 -1.7421e+00 -6.7567e-01 +1.9051e+00 -3.4774e+00 +2.7335e-01
542 0 +1.098353852e+02 +9.130538524e+01 +9.130538524e+01 -3.9792e-01 -1.9147e+00 -2.0877e+00 -9.7579e-01 +1.6945e+00 -1.5030e+00 +4.6232e-01 +2.7190e+00 -3.4678e+00 +5.0566e-01
805 0 +1.083823677e+02 +8.985236769e+01 +8.985236769e+01 -3.9792e-01 -1.9147e+00 -2.0877e+00 -1.0418e+00 +1.6945e+00 -1.4652e+00 +4.6232e-01 +2.7190e+00 -3.3990e+00 +5.0566e-01
1036 0 +1.020168172e+02 +8.348681723e+01 +8.348681723e+01 -3.9792e-01 -1.8863e+00 -2.0586e+00 -1.0418e+00 +1.6587e+00 -1.4720e+00 +4.1022e-01 +2.7837e+00 -3.3999e+00 +4.1603e-01
1328 0 +9.912749501e+01 +8.059749501e+01 +8.059749501e+01 +1.6909e-04 -1.4981e+00 -1.9586e+00 -6.2669e-01 +1.6045e+00 -1.1156e+00 -7.0859e-01 +2.2275e+00 -3.4674e+00 +8.9003e-01
1387 0 +9.424552372e+01 +7.571552372e+01 +7.571552372e+01 +2.1275e-02 -1.4981e+00 -2.0236e+00 -7.2827e-01 +1.6045e+00 -9.8909e-01 -7.0859e-01 +2.3660e+00 -3.3860e+00 +8.9003e-01
1680 0 +8.408286477e+01 +6.555286477e+01 +6.555286477e+01 +8.2112e-02 -1.5117e+00 -2.0070e+00 -7.2574e-01 +1.6452e+00 -1.0345e+00 -6.0263e-01 +2.3377e+00 -3.3165e+00 +8.5341e-01
1843 0 +8.257819480e+01 +6.404819480e+01 +6.404819480e+01 +1.1996e-01 -1.6017e+00 -2.2587e+00 -7.2907e-01 +1.5704e+00 -9.7287e-01 -6.3062e-01 +2.3853e+00 -3.4562e+00 +8.6521e-01
1870 0 +7.684388689e+01 +5.831388689e+01 +5.831388689e+01 +8.0410e-02 -1.4778e+00 -2.1076e+00 -8.4178e-01 +1.6721e+00 -9.4496e-01 -5.4673e-01 +2.4795e+00 -3.3733e+00 +9.5478e-01
2190 0 +6.980414943e+01 +5.127414943e+01 +5.127414943e+01 +4.4105e-02 -1.5308e+00 -1.9991e+00 -6.6286e-01 +1.5127e+00 -1.0956e+00 -7.6759e-01 +2.3780e+00 -3.5079e+00 +7.6240e-01
2366 0 +6.692476629e+01 +4.839476629e+01 +4.839476629e+01 +1.8009e-01 -1.4968e+00 -2.2907e+00 -9.0888e-01 +1.5891e+00 -9.9296e-01 -5.1084e-01 +2.2443e+00 -3.5549e+00 +7.5549e-01
2528 0 +6.295936648e+01 +4.442936648e+01 +4.442936648e+01 +1.8009e-01 -1.4797e+00 -2.2883e+00 -8.0261e-01 +1.5844e+00 -9.6957e-01 -5.1084e-01 +2.4184e+00 -3.5304e+00 +7.1669e-01
2669 0 +6.062198534e+01 +4.209198534e+01 +4.209198534e+01 +1.3257e-01 -1.4464e+00 -2.2604e+00 -8.4291e-01 +1.5688e+00 -1.0597e+00 -5.7806e-01 +2.3119e+00 -3.5968e+00 +8.5089e-01
3197 0 +6.021233442e+01 +4.168233442e+01 +4.168233442e+01 +1.4075e-01 -1.4552e+00 -2.2416e+00 -8.9437e-01 +1.5901e+00 -9.7577e-01 -6.1106e-01 +2.2972e+00 -3.5650e+00 +8.0518e-01
3328 0 +5.807048314e+01 +3.954048314e+01 +3.954048314e+01 +1.2229e-01 -1.4569e+00 -2.2966e+00 -8.2426e-01 +1.6017e+00 -9.5922e-01 -5.5462e-01 +2.3233e+00 -3.6018e+00 +8.0001e-01
3566 0 +5.670757790e+01 +3.817757790e+01 +3.817757790e+01 +6.9724e-02 -1.5264e+00 -2.1987e+00 -7.5990e-01 +1.5684e+00 -9.9980e-01 -5.7997e-01 +2.1880e+00 -3.6152e+00 +8.5922e-01
3696 0 +5.612572782e+01 +3.759572782e+01 +3.759572782e+01 +1.8110e-01 -1.4730e+00 -2.2449e+00 -8.8017e-01 +1.6294e+00 -9.4280e-01 -5.9036e-01 +2.2297e+00 -3.5973e+00 +7.6681e-01
4251 0 +5.302141880e+01 +3.449141880e+01 +3.449141880e+01 +1.0400e-01 -1.4799e+00 -2.2809e+00 -8.6400e-01 +1.5683e+00 -9.6430e-01 -6.0901e-01 +2.2333e+00 -3.5984e+00 +8.6559e-01
% f evaluations | g evaluations | best noise-free fitness - Fopt (-4.502000000000e+01) + sum g_i+ | measured fitness | best measured fitness or single-digit g-values | x1 | x2...
1 0 +4.312281230e+03 +4.267261230e+03 +4.267261230e+03 +3.8428e+00 -2.2921e+00 -1.5564e+00 +8.9374e-01 +4.3049e-01 +3.2381e+00 -1.4755e+00 -1.2242e+00 -2.5079e+00 -4.5829e+00
2 0 +1.420857283e+03 +1.375837283e+03 +1.375837283e+03 -2.4005e+00 -4.0794e+00 +1.8088e+00 -4.6492e+00 +3.2730e+00 +3.5951e-01 +2.6499e+00 -1.3551e+00 +4.3717e+00 +1.7918e+00
3 0 +5.104747013e+02 +4.654547013e+02 +4.654547013e+02 -3.8256e+00 -4.5450e+00 -1.4960e+00 -4.5840e-01 +2.8246e-01 -4.3807e+00 -4.7565e+00 +4.0898e-01 +3.5574e+00 +1.7636e+00
6 0 +3.755005043e+02 +3.304805043e+02 +3.304805043e+02 -1.5880e+00 +2.4439e+00 +1.3488e+00 +4.1703e+00 -3.7961e+00 +3.3554e+00 -3.9745e+00 -3.0170e+00 +1.1111e+00 +3.7001e+00
17 0 +2.440468010e+02 +1.990268010e+02 +1.990268010e+02 -1.0447e+00 -5.6163e-01 +4.7940e+00 +2.0599e+00 -1.4623e+00 +2.0367e+00 -1.2213e+00 +2.7849e+00 +2.3917e+00 +6.7988e-01
103 0 +2.073654212e+02 +1.623454212e+02 +1.623454212e+02 +4.6806e-01 +1.9451e+00 +7.7788e-01 -1.8956e+00 -3.6481e+00 +1.1269e+00 +3.3070e-01 +4.0016e-01 +2.0167e+00 +6.1021e-01
111 0 +2.000127995e+02 +1.549927995e+02 +1.549927995e+02 -3.5704e+00 -1.6898e+00 +2.2600e+00 -3.0356e+00 -7.9044e-01 -1.1939e+00 -1.6771e+00 -6.5309e-01 -4.3767e-01 +1.7267e+00
126 0 +1.758286824e+02 +1.308086824e+02 +1.308086824e+02 -2.9271e+00 +3.4879e-01 +4.4653e+00 +2.1909e-01 -5.4442e-01 +3.0316e+00 -2.5305e-01 -3.9136e-01 +9.7785e-01 +2.8516e-01
163 0 +1.466874987e+02 +1.016674987e+02 +1.016674987e+02 -2.9338e+00 +2.7313e-01 +4.5987e+00 +2.4658e-01 -5.4442e-01 +3.1602e+00 -2.8296e-01 -5.6134e-01 +8.9914e-01 +2.8516e-01
206 0 +1.320269276e+02 +8.700692759e+01 +8.700692759e+01 -1.8039e+00 +1.5189e+00 +2.2153e+00 -3.0559e+00 -3.5796e+00 -1.2793e+00 +1.1481e+00 -1.0981e+00 -4.7774e-01 +6.6171e-01
243 0 +1.217555154e+02 +7.673551541e+01 +7.673551541e+01 -7.6311e-01 +8.1007e-01 +1.2708e+00 -1.1910e+00 -2.0550e+00 +1.6384e+00 -1.1109e-01 -8.6696e-01 +2.4788e+00 +1.6584e+00
351 0 +1.148153860e+02 +6.979538597e+01 +6.979538597e+01 -1.5893e+00 -1.1291e+00 +2.7069e+00 +3.3585e-01 -1.3278e+00 +1.9482e+00 -8.7754e-01 -1.7285e+00 +1.6355e+00 +1.7193e+00
362 0 +1.090379620e+02 +6.401796205e+01 +6.401796205e+01 -1.7299e+00 -1.0689e+00 +3.9515e+00 +5.5992e-01 -1.3631e+00 +2.0352e+00 -9.0454e-01 +6.9747e-01 +1.1844e+00 +1.3840e+00
363 0 +6.387329859e+01 +1.885329859e+01 +1.885329859e+01 -2.1921e+00 -1.5459e+00 +2.5688e+00 -6.2977e-01 -2.2939e+00 +4.3183e-01 +1.0574e-01 -5.7054e-01 +2.4484e-01 +1.0139e+00
910 0 +6.256880838e+01 +1.754880838e+01 +1.754880838e+01 -2.0922e+00 -1.6020e+00 +2.2667e+00 -4.1325e-01 -2.0179e+00 +1.1674e+00 -1.9478e-02 -7.2691e-01 +6.6084e-01 +1.4881e+00
1111 0 +5.621766942e+01 +1.119766942e+01 +1.119766942e+01 -2.0110e+00 -1.6158e+00 +2.3599e+00 -3.7204e-01 -2.1001e+00 +1.1667e+00 -2.2883e-01 -7.7199e-01 +7.4569e-01 +1.6057e+00
1497 0 +5.251807870e+01 +7.498078700e+00 +7.498078700e+00 -1.8748e+00 -1.3283e+00 +2.6186e+00 -1.3430e-01 -2.1122e+00 +1.1232e+00 -3.9044e-01 -6.6682e-01 +7.9210e-01 +1.4193e+00
1541 0 +4.891132131e+01 +3.891321313e+00 +3.891321313e+00 -1.8482e+00 -1.3598e+00 +2.7191e+00 -3.6924e-01 -2.2211e+00 +1.2079e+00 -2.5963e-01 -6.0168e-01 +8.5075e-01 +1.2803e+00
1755 0 +4.248971601e+01 -2.530283990e+00 -2.530283990e+00 -1.9722e+00 -1.2670e+00 +2.5765e+00 -3.4352e-01 -2.0813e+00 +1.1122e+00 -2.7467e-01 -5.7213e-01 +7.9637e-01 +1.3515e+00
1828 0 +4.040525081e+01 -4.614749191e+00 -4.614749191e+00 -1.9339e+00 -1.2185e+00 +2.5387e+00 -1.9719e-01 -2.0281e+00 +1.1821e+00 -2.3237e-01 -6.0149e-01 +8.0050e-01 +1.4040e+00
2115 0 +3.698980770e+01 -8.030192302e+00 -8.030192302e+00 -1.8168e+00 -1.2572e+00 +2.6053e+00 -4.7407e-01 -2.1838e+00 +1.1900e+00 -2.6293e-01 -5.1430e-01 +8.5267e-01 +1.3838e+00
2208 0 +3.547118655e+01 -9.548813446e+00 -9.548813446e+00 -1.8608e+00 -1.2360e+00 +2.5190e+00 -3.9968e-01 -2.1076e+00 +1.2035e+00 -2.7293e-01 -5.6486e-01 +8.4702e-01 +1.4862e+00
2315 0 +3.232362694e+01 -1.269637306e+01 -1.269637306e+01 -1.8026e+00 -1.1990e+00 +2.5552e+00 -3.2047e-01 -2.1799e+00 +1.1564e+00 -2.0852e-01 -6.5530e-01 +8.0613e-01 +1.4484e+00
2904 0 +3.159792772e+01 -1.342207228e+01 -1.342207228e+01 -1.8026e+00 -1.1990e+00 +2.5717e+00 -3.2047e-01 -2.1799e+00 +1.1564e+00 -2.5316e-01 -6.5530e-01 +8.0613e-01 +1.4484e+00
6428 0 +3.040567424e+01 -1.461432576e+01 -1.461432576e+01 -1.8219e+00 -1.2587e+00 +2.5515e+00 -3.3503e-01 -2.2082e+00 +1.1212e+00 -2.0563e-01 -6.1289e-01 +8.2470e-01 +1.4687e+00
6495 0 +3.011617006e+01 -1.490382994e+01 -1.490382994e+01 -1.8226e+00 -1.2441e+00 +2.5804e+00 -3.7867e-01 -2.1651e+00 +1.1840e+00 -2.2334e-01 -5.9510e-01 +7.9410e-01 +1.4224e+00
7688 0 +2.939339079e+01 -1.562660921e+01 -1.562660921e+01 -1.8150e+00 -1.2447e+00 +2.6097e+00 -2.5021e-01 -2.1449e+00 +1.2276e+00 -2.6556e-01 -6.2573e-01 +8.2198e-01 +1.4994e+00
9214 0 +2.863354553e+01 -1.638645447e+01 -1.638645447e+01 -1.7658e+00 -1.1840e+00 +2.5681e+00 -3.2705e-01 -2.1426e+00 +1.1755e+00 -2.8068e-01 -5.9698e-01 +8.2603e-01 +1.4871e+00
% f evaluations | g evaluations | best noise-free fitness - Fopt (3.000000000000e-02) + sum g_i+ | measured fitness | best measured fitness or single-digit g-values | x1 | x2...
1 0 +1.016675382e+03 +1.016705382e+03 +1.016705382e+03 -5.3394e-01 +3.6499e+00 +3.9975e+00 +3.7993e+00 +2.0207e+00 +1.2776e+00 +2.2332e+00 +4.9029e-02 +4.8115e+00 +1.6331e+00
2 0 +1.015961113e+03 +1.015991113e+03 +1.015991113e+03 +2.4135e+00 -3.1419e+00 -4.4012e+00 -3.9135e+00 -4.5384e+00 +3.9057e+00 -8.7457e-01 -3.5316e+00 -1.5326e+00 +2.1478e+00
4 0 +9.176714251e+02 +9.177014251e+02 +9.177014251e+02 +3.9204e+00 +7.2986e-02 -4.8820e+00 +2.6910e+00 +3.8357e+00 -4.6739e+00 +2.8959e+00 -9.9531e-01 -4.7577e+00 -1.7248e+00
5 0 +5.888355030e+02 +5.888655030e+02 +5.888655030e+02 +4.5128e+00 +2.2186e+00 +4.8118e+00 +3.4483e+00 +2.0854e+00 +1.0496e+00 +2.2185e+00 -9.2856e-01 -6.0326e-01 -2.2382e+00
6 0 +5.280755088e+02 +5.281055088e+02 +5.281055088e+02 -3.0077e+00 +2.2274e-01 -4.4032e+00 +2.3666e+00 +4.9921e+00 -3.7872e+00 +5.5939e-01 +4.2725e+00 -2.8350e+00 -8.8723e-01
7 0 +2.265495693e+02 +2.265795693e+02 +2.265795693e+02 +4.7466e+00 +5.3343e-01 -2.6012e+00 -6.1129e-01 +1.5065e-01 -1.8010e+00 +1.9194e+00 +2.1888e+00 +3.0008e+00 +1.5218e+00
69 0 +2.222173926e+02 +2.222473926e+02 +2.222473926e+02 +1.7972e+00 -9.4389e-01 -2.6983e+00 +1.6384e+00 -2.3123e+00 -1.0122e+00 +1.9294e-01 +5.4054e-01 -3.5362e-01 +1.7296e+00
137 0 +2.102142950e+02 +2.102442950e+02 +2.102442950e+02 +4.8131e+00 +5.3343e-01 -2.6012e+00 -6.1129e-01 +1.5065e-01 -1.8010e+00 +2.0217e+00 +2.1888e+00 +2.9929e+00 +1.5218e+00
138 0 +2.077858863e+02 +2.078158863e+02 +2.078158863e+02 +4.4183e+00 +1.7538e+00 -1.9591e+00 -1.2171e+00 +6.7439e-01 -2.2979e+00 +6.4783e-01 +5.8195e-01 +4.0299e-01 -1.1412e-01
173 0 +1.827042836e+02 +1.827342836e+02 +1.827342836e+02 +1.7318e+00 -4.5064e-01 -1.1981e+00 +2.4703e+00 +7.0261e-01 -1.1837e+00 -4.1544e-01 +9.8033e-01 +1.5583e+00 +3.3444e-01
200 0 +1.818785844e+02 +1.819085844e+02 +1.819085844e+02 +3.0992e+00 -2.0838e-01 -1.4847e+00 +2.4002e-01 -1.7674e+00 -3.7861e+00 -1.1108e+00 +4.2823e-01 +6.5989e-01 +4.6410e-01
240 0 +1.683018829e+02 +1.683318829e+02 +1.683318829e+02 +1.1910e+00 +7.2909e-01 -4.8164e-01 +1.3594e+00 -3.8863e-01 -1.4143e+00 -2.2866e+00 +1.8669e+00 +1.8278e+00 +1.2687e+00
299 0 +1.654337661e+02 +1.654637661e+02 +1.654637661e+02 +4.4183e+00 +1.7244e+00 -2.0998e+00 -1.1500e+00 +6.3100e-01 -2.2979e+00 +5.2450e-01 +5.1379e-01 +4.0299e-01 -8.7751e-02
316 0 +1.477569289e+02 +1.477869289e+02 +1.477869289e+02 +1.2471e+00 +1.2779e+00 +4.3043e-01 +6.9315e-01 +6.7218e-02 -2.3704e+00 -1.4461e+00 +5.1930e-01 +1.2881e+00 -3.0907e-01
332 0 +1.300016813e+02 +1.300316813e+02 +1.300316813e+02 +4.1927e+00 +3.5321e-01 -2.4977e+00 -1.9024e-01 +2.1190e-01 -1.8020e+00 +7.4781e-01 +9.7456e-01 +8.9571e-01 +7.5249e-01
357 0 +1.063704342e+02 +1.064004342e+02 +1.064004342e+02 +3.3448e+00 +6.1302e-01 -9.0995e-01 +1.3792e+00 -1.0788e-01 -2.0983e+00 -3.5277e-01 +2.5697e+00 +1.0376e+00 +6.8947e-01
795 0 +9.288524716e+01 +9.291524716e+01 +9.291524716e+01 +2.9308e+00 +8.5690e-01 -1.4796e+00 +8.9012e-01 -3.1673e-01 -1.2104e+00 -5.9377e-01 +5.1390e-01 +1.3204e+00 -2.1138e-02
1167 0 +9.043988315e+01 +9.046988315e+01 +9.046988315e+01 +2.8288e+00 +8.6747e-01 -1.4110e+00 +9.4027e-01 -3.3574e-01 -1.2128e+00 -5.2294e-01 +5.2002e-01 +1.3204e+00 +2.4940e-02
1350 0 +8.204674434e+01 +8.207674434e+01 +8.207674434e+01 +2.8191e+00 +8.1274e-01 -1.4678e+00 +8.1545e-01 -4.7636e-01 -1.2395e+00 -3.7164e-01 +4.2433e-01 +1.2312e+00 -1.9618e-01
1567 0 +7.779506617e+01 +7.782506617e+01 +7.782506617e+01 +2.9868e+00 +1.0442e+00 -1.3544e+00 +7.9074e-01 -2.9605e-01 -1.2705e+00 -6.9680e-01 +4.5104e-01 +1.2884e+00 -7.7492e-02
1788 0 +7.322818932e+01 +7.325818932e+01 +7.325818932e+01 +2.7932e+00 +6.2801e-01 -1.6171e+00 +8.7699e-01 -5.1815e-01 -1.2249e+00 -4.1283e-01 +4.6461e-01 +1.3328e+00 -1.3174e-01
1994 0 +7.236420592e+01 +7.239420592e+01 +7.239420592e+01 +2.8448e+00 +9.4112e-01 -1.2571e+00 +9.2811e-01 -5.2452e-01 -1.2267e+00 -6.1276e-01 +5.1836e-01 +1.2428e+00 -9.4611e-02
2041 0 +7.041272326e+01 +7.044272326e+01 +7.044272326e+01 +2.8301e+00 +6.4924e-01 -1.6313e+00 +9.4497e-01 -5.4001e-01 -1.3308e+00 -4.6095e-01 +4.0872e-01 +1.3424e+00 -1.4421e-01
2267 0 +6.537892870e+01 +6.540892870e+01 +6.540892870e+01 +2.8096e+00 +7.2748e-01 -1.6803e+00 +8.0436e-01 -5.0996e-01 -1.3527e+00 -3.3032e-01 +3.3173e-01 +1.2830e+00 -1.7455e-01
2421 0 +6.344695687e+01 +6.347695687e+01 +6.347695687e+01 +2.7012e+00 +6.8199e-01 -1.5787e+00 +9.3800e-01 -5.6397e-01 -1.2905e+00 -4.6143e-01 +3.7372e-01 +1.2671e+00 -8.2263e-02
2509 0 +6.131380820e+01 +6.134380820e+01 +6.134380820e+01 +2.7012e+00 +6.8199e-01 -1.6266e+00 +9.4440e-01 -5.6397e-01 -1.2905e+00 -4.7617e-01 +3.7372e-01 +1.2671e+00 -8.0433e-02
3653 0 +5.929494694e+01 +5.932494694e+01 +5.932494694e+01 +2.6794e+00 +7.1762e-01 -1.6409e+00 +9.2480e-01 -5.5391e-01 -1.3147e+00 -4.6800e-01 +3.8278e-01 +1.2997e+00 -1.6052e-01
3976 0 +5.878766132e+01 +5.881766132e+01 +5.881766132e+01 +2.5491e+00 +6.4375e-01 -1.6776e+00 +9.5808e-01 -5.8344e-01 -1.2914e+00 -4.8949e-01 +3.7910e-01 +1.2685e+00 -1.1889e-01
4014 0 +5.451842059e+01 +5.454842059e+01 +5.454842059e+01 +2.5329e+00 +6.6773e-01 -1.6810e+00 +1.0027e+00 -6.2929e-01 -1.2675e+00 -3.8964e-01 +2.7486e-01 +1.2547e+00 -1.0379e-01
4513 0 +5.362471736e+01 +5.365471736e+01 +5.365471736e+01 +2.5802e+00 +6.2568e-01 -1.6722e+00 +9.8208e-01 -6.2907e-01 -1.2859e+00 -4.6935e-01 +3.7364e-01 +1.3046e+00 -1.2490e-01
5033 0 +5.216508304e+01 +5.219508304e+01 +5.219508304e+01 +2.5834e+00 +6.6530e-01 -1.6778e+00 +1.0651e+00 -6.1448e-01 -1.2306e+00 -4.7947e-01 +3.8765e-01 +1.2443e+00 -9.5801e-02
6541 0 +5.118405450e+01 +5.121405450e+01 +5.121405450e+01 +2.5854e+00 +6.3691e-01 -1.6916e+00 +1.0279e+00 -6.4725e-01 -1.2795e+00 -4.6944e-01 +3.8777e-01 +1.3232e+00 -1.0084e-01
% f evaluations | g evaluations | best noise-free fitness - Fopt (4.822900000000e+02) + sum g_i+ | measured fitness | best measured fitness or single-digit g-values | x1 | x2...
1 0 +2.855981016e+03 +3.338271016e+03 +3.338271016e+03 -3.9014e-02 -3.5453e+00 -4.9913e-01 +4.9299e+00 -3.8075e+00 -1.4599e+00 -4.7390e+00 -1.3120e+00 -3.6056e+00 +1.5675e+00
2 0 +1.133365325e+03 +1.615655325e+03 +1.615655325e+03 -8.8284e-01 -3.0354e+00 -4.9660e-01 +4.7795e-02 -4.7101e+00 -2.2354e+00 +2.5808e+00 +3.1701e-01 +3.8992e+00 +3.2798e+00
3 0 +9.251474342e+02 +1.407437434e+03 +1.407437434e+03 -3.1795e+00 -1.9716e+00 +1.6285e+00 -5.6627e-01 +6.6834e-01 -5.0868e-02 -4.5255e+00 -2.4691e+00 -3.8705e+00 -3.2852e+00
4 0 +3.676250070e+02 +8.499150070e+02 +8.499150070e+02 +3.2665e+00 +3.1399e+00 +4.0691e+00 -4.7703e+00 -7.5186e-02 +2.1959e+00 +3.2659e+00 +5.8919e-01 +4.0893e-01 -4.5540e+00
6 0 +2.965067533e+02 +7.787967533e+02 +7.787967533e+02 +4.3595e+00 +2.9952e+00 +8.9884e-01 +2.1979e+00 +1.3435e+00 +4.1268e+00 +1.3881e-01 +1.2716e+00 +9.4177e-01 +4.1612e+00
11 0 +1.862719036e+02 +6.685619036e+02 +6.685619036e+02 +5.4067e-01 +3.8333e+00 +3.2215e+00 -1.6005e+00 +2.6075e+00 +1.2904e+00 +3.9087e+00 -4.0144e+00 +2.8685e+00 -2.4651e+00
173 0 +1.496856935e+02 +6.319756935e+02 +6.319756935e+02 -2.0348e-01 +3.1500e+00 +1.9282e+00 -1.4292e+00 +2.5810e+00 +3.2003e-02 +1.0706e+00 -1.6113e+00 +5.1281e-01 -6.5287e-01
202 0 +1.112332292e+02 +5.935232292e+02 +5.935232292e+02 +1.9218e+00 +1.9920e+00 +1.5668e+00 -1.3491e+00 +2.2322e+00 -3.0272e-01 +9.3536e-01 -2.0642e+00 +2.1577e+00 -1.8772e+00
388 0 +1.033043945e+02 +5.855943945e+02 +5.855943945e+02 +1.7450e+00 +1.3544e+00 +1.0597e+00 -1.7993e+00 +1.9211e+00 +2.5889e-01 +1.3527e+00 -8.9201e-01 +1.6485e+00 -9.4539e-01
404 0 +9.234915598e+01 +5.746391560e+02 +5.746391560e+02 +1.7450e+00 +1.4957e+00 +1.1521e+00 -1.7993e+00 +2.1677e+00 +3.8475e-01 +1.3527e+00 -7.1718e-01 +1.4423e+00 -1.1233e+00
503 0 +8.746785584e+01 +5.697578558e+02 +5.697578558e+02 +9.3482e-01 +2.3787e+00 +2.0079e+00 -1.1167e+00 +2.0701e+00 +1.9699e-01 +2.1129e+00 -1.3745e+00 +2.0005e+00 -1.1327e+00
622 0 +7.454711170e+01 +5.568371117e+02 +5.568371117e+02 +1.2398e+00 +2.6313e+00 +1.7449e+00 -4.5418e-01 +2.0985e+00 +7.7916e-01 +1.8304e+00 -1.7800e+00 +2.2143e+00 -1.2429e+00
853 0 +6.729513526e+01 +5.495851353e+02 +5.495851353e+02 +1.1418e+00 +2.0956e+00 +1.3259e+00 -1.1322e+00 +1.9552e+00 +5.1350e-01 +1.5272e+00 -1.6666e+00 +1.8010e+00 -1.0205e+00
1000 0 +6.334011284e+01 +5.456301128e+02 +5.456301128e+02 +1.1453e+00 +2.0956e+00 +1.3259e+00 -1.1818e+00 +1.7934e+00 +5.1350e-01 +1.4452e+00 -1.6666e+00 +1.8010e+00 -9.9871e-01
1607 0 +5.886963139e+01 +5.411596314e+02 +5.411596314e+02 +1.2531e+00 +2.3500e+00 +1.5250e+00 -8.3536e-01 +2.3975e+00 +4.9506e-01 +2.2956e+00 -1.7439e+00 +1.8368e+00 -8.6069e-01
1733 0 +5.637511317e+01 +5.386651132e+02 +5.386651132e+02 +1.2066e+00 +2.3645e+00 +1.5324e+00 -8.4865e-01 +2.3261e+00 +4.4973e-01 +2.3691e+00 -1.7434e+00 +1.8144e+00 -8.5421e-01
1931 0 +4.422368727e+01 +5.265136873e+02 +5.265136873e+02 +1.2395e+00 +2.3926e+00 +1.6083e+00 -7.9678e-01 +2.5111e+00 +5.0228e-01 +2.3465e+00 -1.6972e+00 +1.7439e+00 -8.0583e-01
2565 0 +4.282456707e+01 +5.251145671e+02 +5.251145671e+02 +1.1584e+00 +2.4266e+00 +1.5479e+00 -7.5525e-01 +2.4112e+00 +4.1643e-01 +2.2992e+00 -1.7566e+00 +1.7483e+00 -8.5206e-01
2658 0 +4.134798645e+01 +5.236379865e+02 +5.236379865e+02 +1.1902e+00 +2.4168e+00 +1.6731e+00 -7.6480e-01 +2.4549e+00 +4.7769e-01 +2.3227e+00 -1.7669e+00 +1.6965e+00 -8.7015e-01
3538 0 +3.899553669e+01 +5.212855367e+02 +5.212855367e+02 +1.2122e+00 +2.3932e+00 +1.7232e+00 -7.1274e-01 +2.5003e+00 +4.3924e-01 +2.3085e+00 -1.8040e+00 +1.7476e+00 -8.0217e-01
3546 0 +3.814792835e+01 +5.204379283e+02 +5.204379283e+02 +1.1613e+00 +2.3806e+00 +1.6982e+00 -7.5073e-01 +2.5245e+00 +4.7571e-01 +2.3016e+00 -1.7324e+00 +1.7708e+00 -8.8781e-01
4400 0 +3.724544841e+01 +5.195354484e+02 +5.195354484e+02 +1.2247e+00 +2.4063e+00 +1.7150e+00 -7.2701e-01 +2.4878e+00 +4.2811e-01 +2.3362e+00 -1.6922e+00 +1.7747e+00 -8.2558e-01
% f evaluations | g evaluations | best noise-free fitness - Fopt (-2.724000000000e+01) + sum g_i+ | measured fitness | best measured fitness or single-digit g-values | x1 | x2...
1 0 +4.594448085e+03 +4.567208085e+03 +4.567208085e+03 -3.1569e+00 +8.3753e-01 +2.3778e+00 +3.8752e+00 -3.9205e+00 -1.3273e+00 -1.7264e+00 +4.6994e+00 +3.9524e+00 -1.8308e+00
2 0 +2.659945267e+03 +2.632705267e+03 +2.632705267e+03 -2.0301e+00 +1.7546e+00 +2.3350e+00 +3.9860e+00 +2.4140e+00 -4.5388e-02 +2.2676e+00 -4.6710e+00 -3.5706e+00 +1.6690e-01
3 0 +5.257079688e+02 +4.984679688e+02 +4.984679688e+02 +2.9176e+00 +1.5054e+00 -2.7125e+00 -1.0032e+00 -2.4826e+00 -3.6766e-01 -3.5228e+00 -1.8148e+00 +2.5220e+00 -3.9176e+00
5 0 +4.375603859e+02 +4.103203859e+02 +4.103203859e+02 +1.8583e-02 -2.9171e+00 -3.1980e+00 -3.9105e+00 +3.3493e+00 +1.0575e+00 -5.8316e-01 -3.4364e+00 -3.4916e-01 -1.2631e+00
10 0 +3.461150111e+02 +3.188750111e+02 +3.188750111e+02 +2.2078e+00 -1.4466e-01 -6.3636e-01 -2.3041e+00 +2.6525e+00 +4.8814e+00 -1.8893e+00 +2.5622e+00 +1.9997e+00 -2.1892e-02
32 0 +3.188131970e+02 +2.915731970e+02 +2.915731970e+02 -3.7906e+00 -1.9495e+00 +2.7688e-01 +7.9510e-01 +3.3190e+00 +3.9614e+00 -2.0273e+00 -2.9699e+00 +1.1673e+00 -1.9553e+00
86 0 +2.615517905e+02 +2.343117905e+02 +2.343117905e+02 +4.4168e+00 -2.0781e+00 -1.3638e+00 -4.7114e-02 +3.0453e+00 +4.9976e+00 -3.3962e-01 +1.1149e+00 +4.3249e-01 +3.1357e+00
124 0 +2.301808434e+02 +2.029408434e+02 +2.029408434e+02 -2.6340e+00 -3.3691e+00 -1.1332e+00 +6.0474e-01 +1.2322e+00 -6.1155e-01 -3.0893e+00 -2.3851e+00 +3.4841e+00 +5.7788e-01
126 0 +2.140909293e+02 +1.868509293e+02 +1.868509293e+02 +2.6092e+00 -2.7089e+00 -1.1546e+00 -3.6530e-01 +5.4728e-01 +2.5481e-01 -8.2111e-01 -1.8291e+00 +1.4975e+00 +2.5714e+00
217 0 +2.044235897e+02 +1.771835897e+02 +1.771835897e+02 +1.3238e+00 -1.2508e+00 -1.6711e+00 +4.9671e-01 +2.4340e+00 +4.4108e+00 -2.1305e+00 +1.5062e+00 +2.1097e+00 +3.8651e+00
242 0 +1.359625921e+02 +1.087225921e+02 +1.087225921e+02 +1.1243e+00 -1.8924e+00 +3.6222e-01 +2.8860e+00 +2.7244e+00 +1.3059e+00 -2.2522e+00 -1.1684e+00 +2.5656e+00 -6.8182e-02
424 0 +1.289340572e+02 +1.016940572e+02 +1.016940572e+02 +5.9903e-02 -1.9989e+00 -8.5099e-02 +1.2571e+00 +1.8038e+00 +3.3815e-01 -2.1973e+00 -1.9367e+00 +2.6973e+00 +1.0442e-03
488 0 +1.199028240e+02 +9.266282404e+01 +9.266282404e+01 +4.3009e-01 -2.8259e+00 -1.2509e+00 +1.5744e-01 +1.5124e+00 +1.0755e+00 -1.7295e+00 -1.3402e+00 +2.1260e+00 +1.8892e+00
641 0 +1.095702992e+02 +8.233029917e+01 +8.233029917e+01 +4.3009e-01 -2.7205e+00 -1.2509e+00 +1.5744e-01 +1.5124e+00 +1.0910e+00 -1.7295e+00 -1.3402e+00 +2.1260e+00 +1.8591e+00
746 0 +1.041276828e+02 +7.688768276e+01 +7.688768276e+01 +9.2187e-01 -2.1548e+00 -4.7869e-01 +8.9120e-01 +1.1554e+00 +1.2035e+00 -2.0996e+00 -7.9070e-01 +1.9898e+00 +1.6410e+00
779 0 +1.009630027e+02 +7.372300274e+01 +7.372300274e+01 +9.9124e-01 -2.0650e+00 -4.7704e-01 +1.0287e+00 +1.1554e+00 +1.1195e+00 -2.0996e+00 -8.4788e-01 +1.9898e+00 +1.5595e+00
783 0 +9.041404722e+01 +6.317404722e+01 +6.317404722e+01 +4.5837e-01 -2.7732e+00 -1.2287e+00 +5.5821e-03 +1.5837e+00 +1.1016e+00 -1.6343e+00 -1.4614e+00 +2.1015e+00 +2.0867e+00
1080 0 +8.824054647e+01 +6.100054647e+01 +6.100054647e+01 +1.2211e+00 -2.0954e+00 -2.9900e-01 +1.6709e+00 +2.1669e+00 +1.6995e+00 -2.0228e+00 -1.1040e+00 +2.0215e+00 +8.1105e-01
1095 0 +8.510139964e+01 +5.786139964e+01 +5.786139964e+01 +1.2211e+00 -2.0954e+00 -2.9900e-01 +1.6709e+00 +2.1669e+00 +1.6995e+00 -1.9805e+00 -1.0216e+00 +2.0215e+00 +8.4458e-01
1182 0 +7.264262785e+01 +4.540262785e+01 +4.540262785e+01 +1.2211e+00 -2.0954e+00 -2.9900e-01 +1.5701e+00 +2.1669e+00 +1.8406e+00 -2.0228e+00 -1.0706e+00 +2.0529e+00 +8.1105e-01
1372 0 +6.850741996e+01 +4.126741996e+01 +4.126741996e+01 +1.3050e+00 -2.0954e+00 -2.9900e-01 +1.6023e+00 +2.1584e+00 +1.7759e+00 -2.0228e+00 -1.0389e+00 +2.1555e+00 +7.3834e-01
1898 0 +6.147966752e+01 +3.423966752e+01 +3.423966752e+01 +1.2683e+00 -2.0590e+00 -1.9052e-01 +1.6558e+00 +2.2015e+00 +1.9068e+00 -1.9722e+00 -9.9960e-01 +2.1997e+00 +6.9859e-01
2065 0 +5.689120361e+01 +2.965120361e+01 +2.965120361e+01 +1.1664e+00 -2.0669e+00 -2.1519e-01 +1.5976e+00 +2.1761e+00 +1.8521e+00 -2.0017e+00 -1.0474e+00 +2.2526e+00 +6.7354e-01
3425 0 +5.561404301e+01 +2.837404301e+01 +2.837404301e+01 +1.1844e+00 -2.0128e+00 -1.6915e-01 +1.5992e+00 +2.2284e+00 +1.9139e+00 -1.9792e+00 -1.0579e+00 +2.1841e+00 +7.1878e-01
4438 0 +5.419138105e+01 +2.695138105e+01 +2.695138105e+01 +1.1844e+00 -2.0128e+00 -1.7202e-01 +1.5992e+00 +2.1765e+00 +1.9200e+00 -1.9973e+00 -9.9603e-01 +2.1841e+00 +7.1878e-01
4473 0 +5.129290474e+01 +2.405290474e+01 +2.405290474e+01 +1.1844e+00 -2.0128e+00 -1.7202e-01 +1.5992e+00 +2.1765e+00 +1.9200e+00 -2.0528e+00 -9.9603e-01 +2.1841e+00 +7.1878e-01
% f evaluations | g evaluations | best noise-free fitness - Fopt (9.868000000000e+01) + sum g_i+ | measured fitness | best measured fitness or single-digit g-values | x1 | x2...
1 0 +1.027670446e+03 +1.126350446e+03 +1.126350446e+03 +1.1904e+00 +4.8747e-01 -1.8392e+00 +1.2464e+00 +1.6953e+00 -7.1948e-02 -2.7816e-01 -1.1689e+00 +4.3757e+00 -2.6160e+00
7 0 +4.064592750e+02 +5.051392750e+02 +5.051392750e+02 -1.7076e+00 -1.2227e-03 -5.6668e-01 -3.8763e+00 +2.5806e-01 -3.8463e+00 -2.2878e+00 -1.1174e+00 +2.4149e+00 -2.1360e+00
28 0 +3.861650334e+02 +4.848450334e+02 +4.848450334e+02 -3.5579e-01 -4.8444e-01 -2.5176e-01 +5.8018e-01 +7.8411e-02 -2.0905e+00 -3.3867e+00 +1.2231e+00 -3.5957e+00 +1.2310e+00
39 0 +3.420592037e+02 +4.407392037e+02 +4.407392037e+02 +4.4965e+00 -5.2318e-01 +3.2556e+00 -3.4413e+00 -4.2766e+00 -1.1141e+00 -1.9462e+00 -4.0884e-01 +1.4739e+00 -1.8320e+00
58 0 +2.596664097e+02 +3.583464097e+02 +3.583464097e+02 -1.8644e+00 +3.0226e+00 -4.4400e+00 -1.3154e+00 -2.0974e+00 -8.5925e-03 +2.7225e+00 +4.0215e-01 +2.1475e+00 -3.1510e+00
137 0 +2.513308982e+02 +3.500108982e+02 +3.500108982e+02 +2.2771e-01 +1.6553e+00 -2.7318e+00 -2.6991e+00 -3.4638e+00 -2.6397e+00 -1.3359e+00 -1.1406e+00 +1.4183e+00 -7.0616e-01
155 0 +1.999150575e+02 +2.985950575e+02 +2.985950575e+02 -1.1909e+00 -6.6632e-01 -2.7642e+00 +2.7105e-01 -1.4997e+00 +9.4530e-01 -2.9936e+00 +1.9739e+00 -2.2066e-01 -1.9633e+00
211 0 +1.960033745e+02 +2.946833745e+02 +2.946833745e+02 -1.1408e-01 +1.8918e+00 -2.1727e+00 -2.9128e+00 -6.5591e-01 +2.9927e-01 -1.7086e-01 +2.5441e+00 -1.3234e+00 +3.5395e-02
225 0 +1.386099279e+02 +2.372899279e+02 +2.372899279e+02 -8.4545e-01 +2.4951e+00 -2.3653e+00 -2.3570e+00 -2.8840e+00 -9.3926e-01 +1.3577e+00 -3.8822e-01 +4.9982e-03 -2.3330e+00
249 0 +1.344166836e+02 +2.330966836e+02 +2.330966836e+02 -9.7325e-01 +1.2340e-01 -1.6955e+00 -7.9662e-01 -9.7669e-01 -4.5576e-01 +6.5297e-01 +1.6889e+00 -1.0044e+00 -1.4338e+00
329 0 +1.208661488e+02 +2.195461488e+02 +2.195461488e+02 +1.6550e-01 +1.9269e+00 -2.3914e+00 -1.1378e+00 -1.9627e+00 +6.8582e-01 +1.8712e-03 +3.6816e-01 -1.3438e-01 -2.2733e+00
334 0 +1.086746187e+02 +2.073546187e+02 +2.073546187e+02 -1.0182e+00 +9.1439e-01 -2.5481e+00 -1.0088e+00 -2.2497e+00 -2.5772e-02 -8.2880e-01 +6.7011e-01 -1.0783e-01 -2.0404e+00
360 0 +9.900317509e+01 +1.976831751e+02 +1.976831751e+02 -1.9945e-01 -3.0615e-01 -1.0753e+00 -1.3977e+00 -1.5055e+00 -4.9693e-01 -3.3273e-01 +8.4564e-01 -4.7915e-01 -5.5050e-01
440 0 +9.431732735e+01 +1.929973273e+02 +1.929973273e+02 -9.5637e-01 -6.6469e-02 -1.9966e+00 -1.1245e+00 -1.1501e+00 +4.2798e-01 -1.3589e+00 +1.0887e+00 -5.9894e-01 -1.6844e+00
497 0 +8.728889540e+01 +1.859688954e+02 +1.859688954e+02 -2.3161e-01 +1.5032e+00 -2.1948e+00 -1.5679e+00 -2.0350e+00 +5.2219e-01 +2.4931e-01 +8.8345e-01 +7.5562e-02 -2.1885e+00
614 0 +8.581152538e+01 +1.844915254e+02 +1.844915254e+02 -6.4370e-01 +1.6719e+00 -2.4772e+00 -1.3754e+00 -2.2076e+00 +3.6466e-01 +2.9133e-01 +9.8361e-01 +2.2349e-01 -2.1111e+00
656 0 +7.632919719e+01 +1.750091972e+02 +1.750091972e+02 -4.4721e-01 +7.9477e-01 -1.8667e+00 -1.6067e+00 -1.6783e+00 +4.7991e-01 +1.2128e-01 +3.3236e-01 -2.2610e-01 -1.8392e+00
699 0 +7.521918906e+01 +1.738991891e+02 +1.738991891e+02 -2.3161e-01 +1.5032e+00 -2.1392e+00 -1.5524e+00 -2.0897e+00 +4.4440e-01 +3.7639e-01 +8.8345e-01 +7.5562e-02 -2.1364e+00
830 0 +6.198088038e+01 +1.606608804e+02 +1.606608804e+02 -1.9291e-01 +1.7308e+00 -2.4525e+00 -1.2365e+00 -2.0827e+00 +4.2910e-01 -5.8417e-03 +7.5805e-01 +1.5693e-01 -2.3176e+00
1053 0 +5.517505305e+01 +1.538550530e+02 +1.538550530e+02 -7.1984e-02 +1.8510e+00 -2.2066e+00 -1.1667e+00 -1.9557e+00 +6.3071e-01 +1.7797e-01 +7.3029e-01 -3.1887e-01 -2.2904e+00
1153 0 +5.328624122e+01 +1.519662412e+02 +1.519662412e+02 -6.2906e-01 +1.3671e+00 -1.9109e+00 -1.7646e+00 -1.7420e+00 +6.0926e-01 +4.8558e-01 +6.2029e-01 -6.0237e-02 -2.1019e+00
1267 0 +4.882296945e+01 +1.475029694e+02 +1.475029694e+02 -5.7120e-01 +1.3671e+00 -1.9109e+00 -1.8100e+00 -1.6578e+00 +4.8253e-01 +5.5860e-01 +6.2029e-01 -6.0237e-02 -2.2051e+00
1370 0 +4.153188717e+01 +1.402118872e+02 +1.402118872e+02 -5.7120e-01 +1.3673e+00 -1.8540e+00 -1.7858e+00 -1.7574e+00 +5.5587e-01 +5.7913e-01 +6.2029e-01 -6.0237e-02 -2.2051e+00
1966 0 +3.896322387e+01 +1.376432239e+02 +1.376432239e+02 -5.2483e-01 +1.4656e+00 -1.8301e+00 -1.8682e+00 -1.7423e+00 +5.8438e-01 +6.2325e-01 +4.9408e-01 +1.5259e-02 -2.1423e+00
2313 0 +3.482813914e+01 +1.335081391e+02 +1.335081391e+02 -5.4379e-01 +1.2998e+00 -1.7849e+00 -1.8022e+00 -1.7111e+00 +4.4897e-01 +5.3356e-01 +6.3665e-01 -4.5523e-02 -2.1643e+00
3543 0 +3.346904683e+01 +1.321490468e+02 +1.321490468e+02 -5.1539e-01 +1.3360e+00 -1.7712e+00 -1.7601e+00 -1.6899e+00 +5.4197e-01 +6.0653e-01 +5.0957e-01 +1.5230e-02 -2.1467e+00
3998 0 +3.293047307e+01 +1.316104731e+02 +1.316104731e+02 -5.6274e-01 +1.4249e+00 -1.7371e+00 -1.8268e+00 -1.7369e+00 +4.7398e-01 +5.3986e-01 +6.3288e-01 -5.7772e-02 -2.1984e+00
4317 0 +3.208787157e+01 +1.307678716e+02 +1.307678716e+02 -5.8871e-01 +1.4249e+00 -1.7881e+00 -1.8268e+00 -1.7048e+00 +4.7398e-01 +5.9598e-01 +6.0424e-01 -6.8795e-02 -2.1984e+00
6601 0 +3.074260610e+01 +1.294226061e+02 +1.294226061e+02 -5.5267e-01 +1.3891e+00 -1.7807e+00 -1.8538e+00 -1.7004e+00 +5.2771e-01 +5.6288e-01 +5.0948e-01 -3.7952e-02 -2.1193e+00
% f evaluations | g evaluations | best noise-free fitness - Fopt (-3.705000000000e+01) + sum g_i+ | measured fitness | best measured fitness or single-digit g-values | x1 | x2...
1 0 +1.470511083e+03 +1.433461083e+03 +1.433461083e+03 +4.5993e+00 -1.5688e+00 -4.1855e+00 +2.4689e+00 +1.8328e+00 +9.6257e-01 -3.0912e+00 +3.1077e+00 +4.0360e+00 +1.3315e+00
2 0 +8.853134549e+02 +8.482634549e+02 +8.482634549e+02 -4.9934e+00 -9.9218e-01 +1.4160e+00 -3.9188e+00 +2.7238e+00 +4.5223e+00 +2.9634e-01 -2.0920e+00 -2.5186e+00 -3.9095e-01
4 0 +7.038723728e+02 +6.668223728e+02 +6.668223728e+02 +8.8753e-01 +2.6552e+00 -3.8481e+00 -1.4260e+00 +2.7165e+00 -1.2475e+00 +1.6592e-01 -1.0450e+00 +4.2906e+00 +3.7840e+00
5 0 +4.749555728e+02 +4.379055728e+02 +4.379055728e+02 -3.0224e+00 +7.1056e-01 -1.5472e+00 +4.2397e+00 +2.2889e+00 -1.7790e+00 +4.1584e+00 +2.8773e+00 +3.5277e+00 -3.6405e+00
13 0 +2.863895541e+02 +2.493395541e+02 +2.493395541e+02 -4.8997e+00 +3.7249e+00 -3.0181e+00 +6.2505e-01 +3.6306e+00 -1.5644e+00 +3.7603e+00 +9.2989e-01 +2.3111e+00 -4.8774e+00
119 0 +1.725622469e+02 +1.355122469e+02 +1.355122469e+02 -2.3270e+00 +3.3752e+00 +4.1276e-01 +4.1018e-01 +1.6742e+00 +1.2060e+00 -2.0480e-02 +6.1559e-01 -9.8509e-01 -3.0527e+00
229 0 +1.619767959e+02 +1.249267959e+02 +1.249267959e+02 -2.3270e+00 +3.3752e+00 +4.1276e-01 +4.1018e-01 +1.6628e+00 +1.2060e+00 -1.3799e-02 +7.7000e-01 -9.2468e-01 -2.8878e+00
332 0 +1.500502409e+02 +1.130002409e+02 +1.130002409e+02 -2.4859e+00 +2.1562e+00 +3.6695e-03 -8.5071e-01 +2.9449e+00 -5.8853e-02 +2.1115e+00 +7.2881e-01 +6.3661e-01 -1.2806e+00
380 0 +1.387101419e+02 +1.016601419e+02 +1.016601419e+02 -1.0256e+00 +2.9225e+00 -3.6649e-01 +3.9425e-01 +2.2879e+00 +1.3776e+00 +9.0852e-01 +3.6976e-01 -5.3769e-01 -6.3449e-01
398 0 +1.100510510e+02 +7.300105097e+01 +7.300105097e+01 -2.3211e+00 +2.8552e+00 +4.2183e-01 +1.4316e-01 +2.3091e+00 +3.9716e-01 +2.0284e-01 +1.3253e+00 -1.0388e+00 -1.0754e+00
504 0 +1.032075845e+02 +6.615758454e+01 +6.615758454e+01 -2.6757e+00 +2.0275e+00 +1.4835e-01 +5.7261e-01 +2.4203e+00 -5.4297e-01 +2.4119e-01 +1.5103e+00 -3.5077e-01 -1.8457e+00
709 0 +9.933848482e+01 +6.228848482e+01 +6.228848482e+01 -2.8657e+00 +3.1562e+00 +7.9679e-01 -1.0946e-01 +1.8631e+00 +2.9297e-01 +1.8825e-01 +1.2951e+00 -1.3841e+00 -2.0035e+00
765 0 +8.997863333e+01 +5.292863333e+01 +5.292863333e+01 -2.7784e+00 +2.0419e+00 +8.2498e-02 +6.6177e-01 +2.5032e+00 -4.1836e-01 +1.5872e-01 +1.5653e+00 -3.5077e-01 -1.9018e+00
849 0 +8.417411574e+01 +4.712411574e+01 +4.712411574e+01 -1.8953e+00 +2.1244e+00 +1.1547e-01 +6.8649e-01 +2.7483e+00 -2.5699e-01 +6.0363e-01 +1.0242e+00 -3.1825e-01 -9.8132e-01
2108 0 +7.790300908e+01 +4.085300908e+01 +4.085300908e+01 -2.4351e+00 +2.6813e+00 -3.0854e-01 +5.8833e-01 +2.3364e+00 +2.2167e-02 +4.0914e-01 +8.2431e-01 -5.4829e-01 -1.6473e+00
2285 0 +7.117664354e+01 +3.412664354e+01 +3.412664354e+01 -2.4162e+00 +2.5674e+00 +2.9221e-01 +6.5927e-01 +2.5964e+00 +1.8173e-01 +4.4226e-01 +7.7164e-01 -6.9737e-01 -1.7225e+00
2525 0 +6.644298859e+01 +2.939298859e+01 +2.939298859e+01 -2.4024e+00 +2.2864e+00 +7.0748e-02 +6.9081e-01 +2.2692e+00 -3.6680e-01 +4.6547e-01 +1.0685e+00 -4.6723e-01 -1.6998e+00
2795 0 +6.369692736e+01 +2.664692736e+01 +2.664692736e+01 -2.3753e+00 +2.6200e+00 +4.1706e-01 +7.3392e-01 +2.5273e+00 +2.6336e-01 +6.5416e-01 +6.0929e-01 -7.9113e-01 -1.5611e+00
3017 0 +6.242801830e+01 +2.537801830e+01 +2.537801830e+01 -2.3453e+00 +2.6067e+00 +4.9885e-01 +6.6984e-01 +2.5084e+00 +3.4950e-01 +5.4619e-01 +7.2889e-01 -5.5665e-01 -1.7467e+00
3039 0 +5.900303048e+01 +2.195303048e+01 +2.195303048e+01 -2.3635e+00 +2.5324e+00 +5.1389e-01 +7.0587e-01 +2.5182e+00 +3.1359e-01 +4.5176e-01 +7.8846e-01 -7.4600e-01 -1.8537e+00
3048 0 +5.750777590e+01 +2.045777590e+01 +2.045777590e+01 -2.3968e+00 +2.5115e+00 +5.3463e-01 +7.5878e-01 +2.5345e+00 +3.1125e-01 +4.9900e-01 +7.8546e-01 -7.6180e-01 -1.5859e+00
3114 0 +5.352048652e+01 +1.647048652e+01 +1.647048652e+01 -2.3968e+00 +2.5115e+00 +5.3463e-01 +7.5878e-01 +2.5345e+00 +3.1125e-01 +6.0980e-01 +7.0490e-01 -7.9216e-01 -1.6827e+00
3271 0 +5.023387951e+01 +1.318387951e+01 +1.318387951e+01 -2.2769e+00 +2.5416e+00 +4.3258e-01 +6.6390e-01 +2.4855e+00 +3.3096e-01 +5.6140e-01 +6.6808e-01 -7.6187e-01 -1.6843e+00
3294 0 +4.914277269e+01 +1.209277269e+01 +1.209277269e+01 -2.2748e+00 +2.5453e+00 +5.3069e-01 +6.8535e-01 +2.5915e+00 +3.1471e-01 +5.1263e-01 +7.1071e-01 -7.0634e-01 -1.6455e+00
3843 0 +4.484190847e+01 +7.791908473e+00 +7.791908473e+00 -2.2815e+00 +2.5182e+00 +4.8685e-01 +7.1918e-01 +2.5435e+00 +2.6058e-01 +6.0123e-01 +6.6315e-01 -7.2283e-01 -1.6839e+00
% f evaluations | g evaluations | best noise-free fitness - Fopt (1.324500000000e+02) + sum g_i+ | measured fitness | best measured fitness or single-digit g-values | x1 | x2...
1 0 +1.299295551e+03 +1.431745551e+03 +1.431745551e+03 +3.2293e+00 +3.4016e-01 +3.7663e+00 +3.0139e+00 +3.6398e+00 -2.9544e+00 +3.0378e+00 +4.8470e+00 -3.6625e+00 -6.7567e-01
2 0 +6.247142873e+02 +7.571642873e+02 +7.571642873e+02 -3.5623e+00 -5.5486e-01 +4.2279e+00 +1.0128e+00 -2.3084e+00 +2.6527e+00 +3.7989e+00 -3.3047e+00 -3.4617e+00 -1.8926e+00
4 0 +5.832191951e+02 +7.156691951e+02 +7.156691951e+02 +1.4494e+00 +3.5596e+00 +4.8127e+00 +4.2976e-01 -1.6314e-01 +7.4044e-01 -2.8908e+00 -3.7574e+00 +1.8753e+00 +2.3693e+00
7 0 +5.084337585e+02 +6.408837585e+02 +6.408837585e+02 +1.5652e+00 -5.9150e-01 +1.4479e+00 -4.9807e+00 -4.3332e+00 -4.2816e+00 +1.6941e+00 +1.8523e+00 +1.2640e+00 +1.7374e+00
10 0 +4.242361026e+02 +5.566861026e+02 +5.566861026e+02 -9.6238e-01 +2.5476e+00 +3.5828e+00 +6.5701e-01 +1.1185e+00 +1.4154e+00 -4.1335e+00 +2.0459e+00 -3.2281e+00 -9.0614e-01
15 0 +3.653845149e+02 +4.978345149e+02 +4.978345149e+02 +4.9521e-01 -3.0251e+00 -1.2160e+00 -2.6870e+00 -4.3539e-01 -4.6232e+00 +7.4964e-02 -3.7000e+00 +5.3346e-01 +2.6259e+00
22 0 +1.837918838e+02 +3.162418838e+02 +3.162418838e+02 -1.1497e+00 +2.5664e+00 -1.6864e+00 -7.0137e-01 -3.7417e+00 -2.8593e+00 -2.0822e+00 +1.0826e+00 -2.0347e-01 +4.4897e+00
129 0 +1.669561379e+02 +2.994061379e+02 +2.994061379e+02 +3.6901e-02 -2.7195e-01 -1.9463e+00 -3.7402e+00 -1.4916e+00 -9.1087e-01 -1.0234e-01 +8.4251e-01 -1.5886e+00 +1.2681e+00
148 0 +1.620399512e+02 +2.944899512e+02 +2.944899512e+02 -1.1678e+00 +5.1111e-01 +6.1700e-02 -2.2600e+00 -1.6777e+00 -3.0168e+00 -2.0052e+00 +5.9052e-01 -2.1677e+00 +2.8311e+00
194 0 +1.525391804e+02 +2.849891804e+02 +2.849891804e+02 +3.4562e-01 +1.1670e+00 -2.5730e+00 -2.7968e+00 -2.0647e+00 -3.1694e+00 -1.1577e+00 -1.5950e+00 -1.6238e-02 +4.2274e+00
202 0 +1.437252496e+02 +2.761752496e+02 +2.761752496e+02 -1.6271e+00 +3.5782e-01 -2.2144e+00 -2.7480e+00 -2.2009e+00 -2.0822e-01 -9.6391e-01 +5.2538e-01 +1.5906e-01 +1.4145e+00
262 0 +1.320097810e+02 +2.644597810e+02 +2.644597810e+02 +4.1304e-01 +1.9867e+00 -9.8875e-01 -9.7785e-01 -1.4570e+00 -1.8650e+00 -2.9243e+00 -1.3908e+00 -1.6277e+00 +2.1092e+00
266 0 +1.263068968e+02 +2.587568968e+02 +2.587568968e+02 +3.6609e-01 +1.1611e+00 -2.5019e+00 -2.6363e+00 -2.0647e+00 -3.3014e+00 -1.1577e+00 -1.5764e+00 -2.0297e-02 +4.2274e+00
370 0 +1.253863669e+02 +2.578363669e+02 +2.578363669e+02 -1.6007e+00 +1.5695e-01 -1.0618e+00 -1.7820e+00 -9.7299e-01 -3.0038e+00 -1.0631e+00 +7.4709e-01 -1.1028e+00 +7.4609e-01
423 0 +1.053499874e+02 +2.377999874e+02 +2.377999874e+02 +3.8957e-01 +1.5739e+00 -1.9041e+00 -1.7684e+00 -1.7534e+00 -2.6047e+00 -2.0051e+00 -1.4836e+00 -8.2109e-01 +3.1413e+00
593 0 +1.001314080e+02 +2.325814080e+02 +2.325814080e+02 -8.4814e-01 +4.9139e-01 -1.1967e+00 -2.0052e+00 -9.4366e-01 -2.7050e+00 -1.4872e+00 -6.2688e-01 -1.6115e+00 +1.6044e+00
872 0 +9.975370205e+01 +2.322037020e+02 +2.322037020e+02 -9.3883e-01 +5.8252e-01 -1.5710e+00 -2.1731e+00 -1.1700e+00 -2.6985e+00 -1.4845e+00 -5.4344e-02 -8.3951e-01 +1.6454e+00
914 0 +9.236636996e+01 +2.248163700e+02 +2.248163700e+02 -7.7534e-01 +6.4445e-01 -1.2076e+00 -1.9062e+00 -1.2359e+00 -2.4418e+00 -1.5472e+00 -3.8532e-02 -1.6149e+00 +1.8841e+00
1023 0 +8.344066369e+01 +2.158906637e+02 +2.158906637e+02 -7.7534e-01 +4.3710e-01 -1.2076e+00 -1.9062e+00 -1.1775e+00 -2.3720e+00 -1.4210e+00 -3.8532e-02 -1.6013e+00 +1.8315e+00
1112 0 +8.292211588e+01 +2.153721159e+02 +2.153721159e+02 -8.1660e-01 +6.6154e-01 -1.3832e+00 -2.0384e+00 -1.3931e+00 -2.7032e+00 -1.4308e+00 +5.3152e-02 -1.0472e+00 +1.7076e+00
1192 0 +7.800988423e+01 +2.104598842e+02 +2.104598842e+02 -7.7534e-01 +6.4445e-01 -1.2122e+00 -2.0223e+00 -1.1840e+00 -2.4418e+00 -1.4066e+00 +2.9261e-02 -1.5470e+00 +1.9770e+00
1359 0 +7.738345550e+01 +2.098334555e+02 +2.098334555e+02 -9.0818e-01 +7.2678e-01 -1.3646e+00 -2.2487e+00 -1.5093e+00 -2.6093e+00 -1.1707e+00 -3.8027e-01 -1.1649e+00 +2.2686e+00
1502 0 +7.527452835e+01 +2.077245284e+02 +2.077245284e+02 -2.7114e-01 +1.1802e+00 -1.4268e+00 -2.0237e+00 -1.4249e+00 -2.3170e+00 -1.6678e+00 -6.6171e-01 -1.3601e+00 +2.1230e+00
1661 0 +6.937988419e+01 +2.018298842e+02 +2.018298842e+02 -8.3539e-01 +7.0583e-01 -1.2196e+00 -2.0942e+00 -1.0908e+00 -2.5003e+00 -1.4185e+00 -1.5028e-01 -1.4085e+00 +2.0946e+00
1798 0 +6.192116284e+01 +1.943711628e+02 +1.943711628e+02 -7.9926e-01 +7.4850e-01 -1.4034e+00 -2.1268e+00 -1.1783e+00 -2.5763e+00 -1.3695e+00 -2.3312e-01 -1.4168e+00 +2.0416e+00
2121 0 +5.647837242e+01 +1.889283724e+02 +1.889283724e+02 -7.8332e-01 +7.4673e-01 -1.3484e+00 -2.0757e+00 -1.1105e+00 -2.4585e+00 -1.4440e+00 -1.8417e-01 -1.4552e+00 +1.9897e+00
2170 0 +5.035308171e+01 +1.828030817e+02 +1.828030817e+02 -8.3189e-01 +7.4789e-01 -1.4615e+00 -2.1158e+00 -1.1327e+00 -2.5355e+00 -1.4406e+00 -1.4983e-01 -1.3183e+00 +2.0837e+00
2336 0 +4.582123194e+01 +1.782712319e+02 +1.782712319e+02 -8.6807e-01 +7.5839e-01 -1.4480e+00 -2.0704e+00 -1.2044e+00 -2.4746e+00 -1.4532e+00 -1.4934e-01 -1.3808e+00 +2.1085e+00
4457 0 +4.522758999e+01 +1.776775900e+02 +1.776775900e+02 -8.5267e-01 +7.8210e-01 -1.3337e+00 -2.1381e+00 -1.1415e+00 -2.4924e+00 -1.4547e+00 -1.7715e-01 -1.4981e+00 +2.0882e+00
5993 0 +4.350210084e+01 +1.759521008e+02 +1.759521008e+02 -8.4221e-01 +7.7540e-01 -1.4008e+00 -2.1213e+00 -1.1790e+00 -2.5113e+00 -1.4862e+00 -1.4558e-01 -1.4864e+00 +2.0935e+00
7351 0 +4.233718897e+01 +1.747871890e+02 +1.747871890e+02 -8.4221e-01 +7.7540e-01 -1.4086e+00 -2.1213e+00 -1.1531e+00 -2.4849e+00 -1.4862e+00 -1.8124e-01 -1.4316e+00 +2.0935e+00
