% f evaluations | g evaluations | best noise-free fitness - Fopt (7.627000000000e+01) + sum g_i+ | measured fitness | best measured fitness or single-digit g-values | x1 | x2...
1 0 +2.900535403e+07 +2.900543030e+07 +2.900543030e+07 +2.4917e+00 +2.4603e+00 -1.0423e-01
2 0 +1.470044180e+07 +1.470051807e+07 +1.470051807e+07 +2.9684e+00 -1.3142e-01 +5.0238e-01
4 0 +5.903087947e+05 +5.903850647e+05 +5.903850647e+05 +3.1394e+00 -6.7668e-01 -4.2326e+00
5 0 +1.339597195e+05 +1.340359895e+05 +1.340359895e+05 -3.4190e+00 -2.5275e+00 -1.1272e+00
16 0 +7.580421883e+03 +7.656691883e+03 +7.656691883e+03 -3.3745e+00 -3.8087e+00 +3.6008e-01
65 0 +2.569922990e+03 +2.646192990e+03 +2.646192990e+03 +6.6728e-01 -1.4492e+00 -4.2294e+00
108 0 +1.649826415e+03 +1.726096415e+03 +1.726096415e+03 +1.5046e+00 -2.2831e+00 -2.9271e+00
114 0 +1.358796204e+02 +2.121496204e+02 +2.121496204e+02 +2.9155e+00 -2.2665e+00 -3.2822e+00
133 0 +4.935391677e+01 +1.256239168e+02 +1.256239168e+02 -4.6466e+00 -2.0477e+00 -2.3271e+00
325 0 +4.029809185e+01 +1.165680919e+02 +1.165680919e+02 +1.5046e+00 -2.2831e+00 -2.9872e+00
363 0 +2.463528024e+01 +1.009052802e+02 +1.009052802e+02 -4.6436e+00 -2.1705e+00 -2.1327e+00
417 0 +1.032467274e+01 +8.659467274e+01 +8.659467274e+01 +1.3669e+00 -2.1593e+00 -3.1663e+00
452 0 +5.867191589e+00 +8.213719159e+01 +8.213719159e+01 -1.5869e+00 -2.1035e+00 -2.7467e+00
569 0 +2.835335210e+00 +7.910533521e+01 +7.910533521e+01 -1.2674e+00 -2.2907e+00 -2.5138e+00
627 0 +2.733654763e+00 +7.900365476e+01 +7.900365476e+01 -9.2759e-02 -2.5746e+00 -2.2763e+00
953 0 +2.193450031e+00 +7.846345003e+01 +7.846345003e+01 -1.0534e+00 -2.3866e+00 -2.4018e+00
1840 0 +1.879167804e+00 +7.814916780e+01 +7.814916780e+01 -1.0064e+00 -2.4281e+00 -2.3474e+00
2517 0 +1.802134316e+00 +7.807213432e+01 +7.807213432e+01 -8.1221e-01 -2.4514e+00 -2.3443e+00
2923 0 +1.435744143e+00 +7.770574414e+01 +7.770574414e+01 -9.1945e-01 -2.5562e+00 -2.1647e+00
% f evaluations | g evaluations | best noise-free fitness - Fopt (-2.255000000000e+01) + sum g_i+ | measured fitness | best measured fitness or single-digit g-values | x1 | x2...
1 0 +1.355178125e+07 +1.355175870e+07 +1.355175870e+07 -2.1150e+00 +3.2273e+00 -2.8459e+00
4 0 +1.092746832e+07 +1.092744577e+07 +1.092744577e+07 -2.2990e+00 +4.9509e+00 -4.1794e+00
6 0 +1.060757800e+07 +1.060755545e+07 +1.060755545e+07 -9.6409e-01 +3.6036e+00 +3.0205e+00
8 0 +3.949140478e+05 +3.948914978e+05 +3.948914978e+05 +1.8936e+00 +3.3712e-01 -4.3635e-01
14 0 +3.990586863e+04 +3.988331863e+04 +3.988331863e+04 +2.7384e+00 +6.0839e-01 -5.1031e-01
21 0 +2.881808011e+04 +2.879553011e+04 +2.879553011e+04 +2.1047e+00 +1.2702e+00 -1.4455e+00
106 0 +1.527328070e+04 +1.525073070e+04 +1.525073070e+04 +3.0176e+00 +2.7900e-02 +1.1609e+00
110 0 +1.005784707e+04 +1.003529707e+04 +1.003529707e+04 +2.7009e+00 -1.9052e+00 -2.1647e+00
125 0 +5.112410061e+01 +2.857410061e+01 +2.857410061e+01 +2.9810e+00 -1.2762e+00 -3.4427e-03
393 0 +4.039832614e+01 +1.784832614e+01 +1.784832614e+01 +2.7725e+00 -1.9205e+00 -2.4376e+00
402 0 +1.856450940e+01 -3.985490603e+00 -3.985490603e+00 +2.2726e+00 +1.3296e+00 -1.3296e+00
427 0 +4.191295152e+00 -1.835870485e+01 -1.835870485e+01 +2.1980e+00 +3.2202e+00 +8.1466e-01
1537 0 +3.968882561e+00 -1.858111744e+01 -1.858111744e+01 +2.1980e+00 +3.2202e+00 +8.3025e-01
% f evaluations | g evaluations | best noise-free fitness - Fopt (1.366000000000e+01) + sum g_i+ | measured fitness | best measured fitness or single-digit g-values | x1 | x2...
1 0 +5.721925417e+06 +5.721939077e+06 +5.721939077e+06 -4.6024e+00 -4.1810e+00 +4.3147e+00
2 0 +4.960779646e+05 +4.960916246e+05 +4.960916246e+05 +7.1070e-01 -2.5075e-01 -1.3607e+00
7 0 +4.473219733e+05 +4.473356333e+05 +4.473356333e+05 -2.8588e+00 +1.6290e+00 +3.7689e+00
8 0 +1.614836902e+05 +1.614973502e+05 +1.614973502e+05 -4.2637e+00 -4.0187e+00 +7.1344e-01
22 0 +3.650607730e+03 +3.664267730e+03 +3.664267730e+03 +3.7245e+00 +4.2148e+00 +1.8691e+00
84 0 +3.437920065e+03 +3.451580065e+03 +3.451580065e+03 +2.2027e+00 +3.3791e+00 +2.2852e+00
87 0 +5.311472287e+02 +5.448072287e+02 +5.448072287e+02 -4.8069e+00 -3.7225e+00 +8.6680e-01
137 0 +1.611033772e+01 +2.977033772e+01 +2.977033772e+01 +2.3044e-01 -5.1537e-01 -4.8402e-02
395 0 +1.456947267e+01 +2.822947267e+01 +2.822947267e+01 -1.0219e+00 -5.6369e-02 +1.4841e+00
579 0 +7.587042946e+00 +2.124704295e+01 +2.124704295e+01 +1.6079e+00 +1.5789e+00 +9.8463e-01
957 0 +5.714809584e+00 +1.937480958e+01 +1.937480958e+01 +5.8600e-01 +7.8568e-01 +1.0146e+00
% f evaluations | g evaluations | best noise-free fitness - Fopt (9.378400000000e+02) + sum g_i+ | measured fitness | best measured fitness or single-digit g-values | x1 | x2...
1 0 +3.461400075e+04 +3.555184075e+04 +3.555184075e+04 +8.6571e-01 +1.6407e+00 +2.5801e+00
31 0 +4.167132079e+03 +5.104972079e+03 +5.104972079e+03 -1.8161e-01 -3.9447e+00 +1.7794e+00
84 0 +1.372993855e+02 +1.075139385e+03 +1.075139385e+03 -1.8341e-01 -2.0496e+00 +2.2485e+00
127 0 +1.189553752e+02 +1.056795375e+03 +1.056795375e+03 +1.6182e+00 +6.1893e-01 +1.3306e+00
191 0 +8.064646566e+01 +1.018486466e+03 +1.018486466e+03 -3.6420e-01 -2.9273e+00 +2.1578e+00
258 0 +2.291747918e+01 +9.607574792e+02 +9.607574792e+02 +9.4288e-01 -1.7734e-01 +1.7181e+00
276 0 +2.209632457e+01 +9.599363246e+02 +9.599363246e+02 -1.2606e+00 -1.9278e-01 +3.7916e+00
313 0 +9.959693055e+00 +9.477996931e+02 +9.477996931e+02 +1.7873e+00 +2.7043e+00 +1.7636e+00
1706 0 +9.575115164e+00 +9.474151152e+02 +9.474151152e+02 +1.7873e+00 +2.7024e+00 +1.7636e+00
2515 0 +8.875843202e+00 +9.467158432e+02 +9.467158432e+02 +1.4069e+00 +2.0969e+00 +1.9452e+00
% f evaluations | g evaluations | best noise-free fitness - Fopt (-7.872000000000e+01) + sum g_i+ | measured fitness | best measured fitness or single-digit g-values | x1 | x2...
1 0 +7.126362522e+06 +7.126283802e+06 +7.126283802e+06 -4.7929e+00 -1.5459e+00 +3.9872e+00
2 0 +1.891395314e+06 +1.891316594e+06 +1.891316594e+06 +9.0075e-01 -4.8181e+00 -1.6417e-01
3 0 +6.126991261e+03 +6.048271261e+03 +6.048271261e+03 -1.0261e+00 -3.5110e+00 +1.1550e+00
18 0 +3.603468793e+03 +3.524748793e+03 +3.524748793e+03 -3.3247e+00 +2.7079e+00 -3.3045e+00
26 0 +3.166757759e+03 +3.088037759e+03 +3.088037759e+03 +4.5199e+00 -3.8341e-01 -3.3370e+00
52 0 +4.410255699e+02 +3.623055699e+02 +3.623055699e+02 +1.9354e+00 -2.1252e+00 -1.0460e+00
147 0 +1.005882154e+02 +2.186821539e+01 +2.186821539e+01 +6.4007e-01 +1.1623e+00 -3.3208e+00
268 0 +3.563388864e+01 -4.308611136e+01 -4.308611136e+01 +4.5030e+00 -1.9117e-01 -3.4203e+00
367 0 +1.388264625e+01 -6.483735375e+01 -6.483735375e+01 +6.6874e-02 -2.4128e-01 -1.9965e+00
497 0 +1.005055915e+01 -6.866944085e+01 -6.866944085e+01 +1.5077e+00 -8.8017e-01 -1.9106e+00
585 0 +3.525310366e+00 -7.519468963e+01 -7.519468963e+01 +2.3346e+00 -2.0805e-01 -2.7262e+00
% f evaluations | g evaluations | best noise-free fitness - Fopt (1.735400000000e+02) + sum g_i+ | measured fitness | best measured fitness or single-digit g-values | x1 | x2...
1 0 +3.776824714e+07 +3.776842068e+07 +3.776842068e+07 -3.9769e+00 -3.7315e+00 +3.7906e+00
2 0 +9.769400237e+06 +9.769573777e+06 +9.769573777e+06 -4.3113e+00 +1.7187e+00 +2.8853e+00
3 0 +3.441820527e+06 +3.441994067e+06 +3.441994067e+06 -3.7663e-01 -5.2254e-01 -4.3152e-01
7 0 +8.267037299e+05 +8.268772699e+05 +8.268772699e+05 -3.2993e+00 +4.7966e+00 +1.8073e+00
9 0 +1.897273755e+04 +1.914627755e+04 +1.914627755e+04 -2.5138e+00 +1.2269e+00 -1.3968e+00
55 0 +3.030589894e+03 +3.204129894e+03 +3.204129894e+03 -4.7236e+00 -2.6451e-01 -1.6504e+00
122 0 +5.424433472e+02 +7.159833472e+02 +7.159833472e+02 -4.6419e+00 -2.5846e-01 -1.7468e+00
273 0 +1.878380297e+01 +1.923238030e+02 +1.923238030e+02 -4.7063e+00 -3.5721e-01 -1.7659e+00
421 0 +1.600352846e+01 +1.895435285e+02 +1.895435285e+02 -3.2842e+00 -1.5478e-01 -1.8501e+00
553 0 +1.312449578e+01 +1.866644958e+02 +1.866644958e+02 -2.7702e+00 +5.6113e-02 -1.8117e+00
636 0 +1.221456169e+01 +1.857545617e+02 +1.857545617e+02 -3.2757e+00 -3.3700e-01 -1.9499e+00
1420 0 +1.185481337e+01 +1.853948134e+02 +1.853948134e+02 -3.1984e+00 -3.9807e-01 -1.9925e+00
2372 0 +1.094681018e+01 +1.844868102e+02 +1.844868102e+02 -3.2540e+00 -4.1384e-01 -1.9925e+00
% f evaluations | g evaluations | best noise-free fitness - Fopt (-8.502000000000e+01) + sum g_i+ | measured fitness | best measured fitness or single-digit g-values | x1 | x2...
1 0 +1.681652653e+07 +1.681644151e+07 +1.681644151e+07 +5.5085e-01 -4.9394e+00 -4.4067e-01
2 0 +1.060807153e+07 +1.060798651e+07 +1.060798651e+07 +1.1128e+00 +2.1914e+00 +3.7903e+00
3 0 +3.949647934e+05 +3.948797734e+05 +3.948797734e+05 -1.5491e+00 -1.1503e+00 -2.5379e+00
10 0 +1.212809396e+05 +1.211959196e+05 +1.211959196e+05 -6.9721e-01 -2.4556e-02 -4.2544e+00
25 0 +1.085028873e+04 +1.076526873e+04 +1.076526873e+04 -2.7692e+00 -3.3625e+00 +4.6942e+00
34 0 +8.702334208e+02 +7.852134208e+02 +7.852134208e+02 +8.7883e-02 -1.2336e+00 +1.8492e+00
185 0 +6.867077153e+01 -1.634922847e+01 -1.634922847e+01 -2.5769e+00 -1.2225e+00 -1.4791e+00
232 0 +1.837416908e+01 -6.664583092e+01 -6.664583092e+01 -4.5899e-01 -1.7519e+00 +2.7151e+00
472 0 +5.960738313e+00 -7.905926169e+01 -7.905926169e+01 -5.5658e-01 -1.5263e+00 +1.8937e+00
712 0 +3.460243986e+00 -8.155975601e+01 -8.155975601e+01 +1.0479e-01 -1.1340e+00 +1.4565e+00
953 0 +2.496327561e+00 -8.252367244e+01 -8.252367244e+01 +1.0663e-01 -1.1340e+00 +1.4565e+00
% f evaluations | g evaluations | best noise-free fitness - Fopt (1.388500000000e+02) + sum g_i+ | measured fitness | best measured fitness or single-digit g-values | x1 | x2...
1 0 +2.389947847e+07 +2.389961732e+07 +2.389961732e+07 +2.4058e+00 +1.2952e+00 +1.5772e+00
3 0 +1.803191137e+07 +1.803205022e+07 +1.803205022e+07 +2.0584e+00 -3.3192e+00 -2.6401e-01
4 0 +1.211015414e+07 +1.211029299e+07 +1.211029299e+07 -1.0208e+00 -3.6437e+00 +3.4822e+00
6 0 +7.683765322e+06 +7.683904172e+06 +7.683904172e+06 -1.9425e+00 -1.4125e+00 +4.2385e+00
7 0 +6.139303605e+06 +6.139442455e+06 +6.139442455e+06 -2.9760e+00 -3.2225e+00 -4.7392e+00
8 0 +1.961342500e+04 +1.975227500e+04 +1.975227500e+04 -4.0526e+00 -3.7050e+00 +1.3955e+00
104 0 +9.891639977e+03 +1.003048998e+04 +1.003048998e+04 -3.7726e+00 -8.7624e-01 +1.9908e+00
111 0 +1.215510997e+03 +1.354360997e+03 +1.354360997e+03 -1.3819e+00 +9.5402e-03 -2.0826e+00
122 0 +2.918108169e+01 +1.680310817e+02 +1.680310817e+02 -3.4692e+00 -2.3077e+00 +9.7887e-01
210 0 +7.510334321e+00 +1.463603343e+02 +1.463603343e+02 -1.9578e+00 -7.0566e-01 -1.3074e+00
331 0 +6.988227535e+00 +1.458382275e+02 +1.458382275e+02 -2.5613e+00 +4.5657e-02 -1.1578e-01
358 0 +2.749281348e+00 +1.415992813e+02 +1.415992813e+02 -2.3654e+00 -5.9959e-01 -5.8281e-01
476 0 +1.482272942e+00 +1.403322729e+02 +1.403322729e+02 -2.3646e+00 -5.9959e-01 -5.8281e-01
506 0 +1.437960526e-01 +1.389937961e+02 +1.389937961e+02 -3.1183e+00 -7.2382e-01 +6.9004e-01
1719 0 +6.665550631e-02 +1.389166555e+02 +1.389166555e+02 -3.0446e+00 -6.9976e-01 +5.6828e-01
% f evaluations | g evaluations | best noise-free fitness - Fopt (1.672000000000e+01) + sum g_i+ | measured fitness | best measured fitness or single-digit g-values | x1 | x2...
1 0 +1.862234547e+06 +1.862251267e+06 +1.862251267e+06 +4.4975e+00 +1.4442e+00 -3.9333e+00
14 0 +3.913980017e+05 +3.914147217e+05 +3.914147217e+05 +4.6174e+00 -4.4951e+00 +1.5654e+00
38 0 +4.595485709e+04 +4.597157709e+04 +4.597157709e+04 +2.4339e+00 -3.8362e+00 -4.6204e+00
148 0 +1.476394209e+04 +1.478066209e+04 +1.478066209e+04 +2.4339e+00 -3.7154e+00 -4.5485e+00
161 0 +5.295493264e+03 +5.312213264e+03 +5.312213264e+03 +4.2273e+00 -2.1248e+00 -3.2944e+00
350 0 +9.782836395e+02 +9.950036395e+02 +9.950036395e+02 +3.2173e+00 -2.7633e+00 -3.9893e+00
357 0 +6.430333669e+01 +8.102333669e+01 +8.102333669e+01 +4.2393e+00 -3.8049e+00 -1.1824e+00
410 0 +1.036587864e+01 +2.708587864e+01 +2.708587864e+01 +3.4985e+00 -3.5008e+00 -2.7416e+00
558 0 +2.311600768e+00 +1.903160077e+01 +1.903160077e+01 +3.8066e+00 -2.2627e+00 -3.6578e+00
624 0 +5.839901360e-01 +1.730399014e+01 +1.730399014e+01 +3.7841e+00 -2.8136e+00 -3.0611e+00
678 0 +5.019969961e-01 +1.722199700e+01 +1.722199700e+01 +3.5585e+00 -3.0907e+00 -3.1209e+00
1363 0 +2.132561668e-01 +1.693325617e+01 +1.693325617e+01 +3.6753e+00 -3.0788e+00 -2.9383e+00
% f evaluations | g evaluations | best noise-free fitness - Fopt (-6.570000000000e+00) + sum g_i+ | measured fitness | best measured fitness or single-digit g-values | x1 | x2...
1 0 +3.962293814e+04 +3.961636814e+04 +3.961636814e+04 -4.0558e+00 -4.3095e+00 -1.4844e+00
15 0 +5.056692977e+03 +5.050122977e+03 +5.050122977e+03 -4.0098e+00 +1.1920e+00 +6.7889e-01
46 0 +4.694041797e+03 +4.687471797e+03 +4.687471797e+03 -2.0298e+00 +2.5077e+00 +3.1367e+00
108 0 +4.323750611e+03 +4.317180611e+03 +4.317180611e+03 -2.0298e+00 +2.5077e+00 +3.1415e+00
118 0 +1.874181299e+03 +1.867611299e+03 +1.867611299e+03 -4.0098e+00 +1.2803e+00 +7.7422e-01
165 0 +1.065000333e+03 +1.058430333e+03 +1.058430333e+03 -3.6207e+00 -1.4936e+00 -1.1792e-01
176 0 +2.546428271e+02 +2.480728271e+02 +2.480728271e+02 -8.7665e-01 -1.0367e+00 +2.7247e+00
231 0 +2.212182977e+02 +2.146482977e+02 +2.146482977e+02 -2.3369e+00 +1.6051e+00 +2.5667e+00
294 0 +2.194221840e+01 +1.537221840e+01 +1.537221840e+01 -2.0298e+00 +2.5816e+00 +3.2744e+00
343 0 +7.342353070e+00 +7.723530696e-01 +7.723530696e-01 -4.0697e+00 +1.2803e+00 +7.8013e-01
407 0 +6.799086910e+00 +2.290869098e-01 +2.290869098e-01 -4.0459e+00 +1.3528e+00 +8.3519e-01
516 0 +8.359775100e-01 -5.734022490e+00 -5.734022490e+00 -4.0459e+00 +1.3585e+00 +8.3519e-01
% f evaluations | g evaluations | best noise-free fitness - Fopt (6.080000000000e+01) + sum g_i+ | measured fitness | best measured fitness or single-digit g-values | x1 | x2...
1 0 +1.772891232e+04 +1.778971232e+04 +1.778971232e+04 +1.1450e+00 +2.4779e+00 +1.4140e+00
22 0 +4.306314135e+01 +1.038631414e+02 +1.038631414e+02 -1.1633e-01 -4.3204e+00 -8.0973e-01
316 0 +1.184510665e+01 +7.264510665e+01 +7.264510665e+01 -4.6605e-02 +1.5831e+00 -1.2250e+00
339 0 +1.063299452e+01 +7.143299452e+01 +7.143299452e+01 +4.3309e-01 -5.2153e-01 +2.5904e-01
377 0 +1.001483707e+01 +7.081483707e+01 +7.081483707e+01 +4.9547e-01 -2.6873e+00 +6.3602e-01
403 0 +5.114236876e+00 +6.591423688e+01 +6.591423688e+01 +4.3309e-01 -5.6079e-01 +2.5904e-01
502 0 +4.654995555e+00 +6.545499556e+01 +6.545499556e+01 +2.2443e-01 -6.8430e-01 -2.7223e-01
512 0 +2.454020754e+00 +6.325402075e+01 +6.325402075e+01 +1.6419e-02 -7.6641e-01 -8.0774e-01
543 0 +1.531364817e+00 +6.233136482e+01 +6.233136482e+01 +1.1042e-01 -6.2578e-01 -5.7868e-01
709 0 +9.769698805e-01 +6.177696988e+01 +6.177696988e+01 -8.1469e-02 -1.4730e+00 -9.9454e-01
1608 0 +9.278102135e-01 +6.172781021e+01 +6.172781021e+01 -1.0334e-01 -1.4730e+00 -1.0515e+00
1957 0 +8.938790345e-01 +6.169387903e+01 +6.169387903e+01 +1.9873e-02 -1.0257e+00 -7.7537e-01
2193 0 +6.918465476e-01 +6.149184655e+01 +6.149184655e+01 +2.5079e-02 -8.7538e-01 -7.7825e-01
3046 0 +6.872235258e-01 +6.148722353e+01 +6.148722353e+01 +6.4396e-03 -9.2604e-01 -8.2096e-01
% f evaluations | g evaluations | best noise-free fitness - Fopt (-1.258000000000e+01) + sum g_i+ | measured fitness | best measured fitness or single-digit g-values | x1 | x2...
1 0 +1.325869238e+06 +1.325856658e+06 +1.325856658e+06 -3.1095e+00 -2.1918e+00 -1.5235e+00
5 0 +4.196079658e+04 +4.194821658e+04 +4.194821658e+04 -3.5398e+00 +3.0003e+00 -4.1233e+00
21 0 +8.351816545e+03 +8.339236545e+03 +8.339236545e+03 -4.5850e+00 +1.8993e+00 -4.1065e+00
23 0 +1.957744337e+02 +1.831944337e+02 +1.831944337e+02 +3.0547e+00 -2.9228e+00 +3.8385e-01
43 0 +6.003263033e+01 +4.745263033e+01 +4.745263033e+01 -4.4850e+00 -4.4705e-01 -3.7263e+00
186 0 +3.854982237e+01 +2.596982237e+01 +2.596982237e+01 +7.2896e-01 -2.9071e+00 -7.3498e-01
232 0 +3.590318854e+01 +2.332318854e+01 +2.332318854e+01 -3.4942e+00 -4.1291e-01 -3.2506e+00
339 0 +1.668850905e+01 +4.108509051e+00 +4.108509051e+00 -1.1220e+00 +5.5558e-01 -2.2687e+00
405 0 +3.487796365e+00 -9.092203635e+00 -9.092203635e+00 +1.1851e+00 +4.4861e-01 -1.1257e+00
966 0 +3.102748882e+00 -9.477251118e+00 -9.477251118e+00 +2.5284e-01 -9.0604e-03 -1.4993e+00
3059 0 +2.954501606e+00 -9.625498394e+00 -9.625498394e+00 +3.9735e-01 -3.1970e-03 -1.4289e+00
% f evaluations | g evaluations | best noise-free fitness - Fopt (-3.333400000000e+02) + sum g_i+ | measured fitness | best measured fitness or single-digit g-values | x1 | x2...
1 0 +5.860540038e+06 +5.860206698e+06 +5.860206698e+06 +1.0137e+00 -1.4535e+00 +3.3017e+00
5 0 +5.271748945e+06 +5.271415605e+06 +5.271415605e+06 +2.0551e+00 -1.1191e+00 +1.6947e+00
8 0 +7.396535607e+02 +4.063135607e+02 +4.063135607e+02 -1.5824e+00 -2.0806e+00 -4.9837e+00
106 0 +3.101956082e+02 -2.314439181e+01 -2.314439181e+01 -1.5947e-01 -2.6088e-02 +5.5037e-01
227 0 +5.339514933e+01 -2.799448507e+02 -2.799448507e+02 -5.8256e-01 -1.0869e+00 -3.1073e+00
300 0 +4.080048700e+01 -2.925395130e+02 -2.925395130e+02 -1.0013e+00 -1.1437e+00 -2.3061e+00
339 0 +3.750205940e+01 -2.958379406e+02 -2.958379406e+02 -1.2317e+00 -1.2353e+00 -2.1583e+00
396 0 +3.675478968e+01 -2.965852103e+02 -2.965852103e+02 -1.2152e+00 -1.1115e+00 -1.6128e+00
408 0 +2.544318282e+01 -3.078968172e+02 -3.078968172e+02 +7.5003e-01 +3.3327e-01 -2.0784e-02
529 0 +2.149641907e+01 -3.118435809e+02 -3.118435809e+02 -2.4350e-01 -2.8195e-01 -3.0932e-01
760 0 +1.477382762e+01 -3.185661724e+02 -3.185661724e+02 +4.5994e-01 +4.7803e-01 +1.3588e+00
1549 0 +1.345419131e+01 -3.198858087e+02 -3.198858087e+02 +4.5994e-01 +4.7803e-01 +1.3619e+00
2411 0 +1.316006875e+01 -3.201799313e+02 -3.201799313e+02 +4.5994e-01 +4.7803e-01 +1.3692e+00
% f evaluations | g evaluations | best noise-free fitness - Fopt (-2.791300000000e+02) + sum g_i+ | measured fitness | best measured fitness or single-digit g-values | x1 | x2...
1 0 +6.772536580e+06 +6.772257450e+06 +6.772257450e+06 -1.3549e+00 -5.5131e-01 +2.9637e+00
2 0 +3.933158275e+06 +3.932879145e+06 +3.932879145e+06 -3.8403e+00 -3.1878e+00 -2.8670e+00
3 0 +2.231475569e+04 +2.203562569e+04 +2.203562569e+04 +3.8808e+00 +9.0997e-01 -2.5579e+00
16 0 +5.982494365e+02 +3.191194365e+02 +3.191194365e+02 +3.9471e+00 -9.8444e-01 -3.3308e+00
212 0 +1.134127206e+02 -1.657172794e+02 -1.657172794e+02 +2.7751e+00 -5.1803e-01 -2.4974e+00
303 0 +8.023873985e+00 -2.711061260e+02 -2.711061260e+02 +3.4529e+00 +3.7279e-01 -2.4134e+00
492 0 +7.908720914e+00 -2.712212791e+02 -2.712212791e+02 +2.5449e+00 +1.9263e-01 -2.0328e+00
573 0 +6.748253182e+00 -2.723817468e+02 -2.723817468e+02 +5.6694e-01 -3.8278e-02 -1.1138e+00
677 0 +5.325641974e+00 -2.738043580e+02 -2.738043580e+02 +1.9317e+00 -1.2928e-01 -1.8744e+00
723 0 +1.847930581e+00 -2.772820694e+02 -2.772820694e+02 +1.4015e+00 +4.1613e-01 -1.3165e+00
798 0 +1.726977935e+00 -2.774030221e+02 -2.774030221e+02 +2.0020e+00 +1.9677e-01 -1.7447e+00
1676 0 +1.659206897e+00 -2.774707931e+02 -2.774707931e+02 +2.1049e+00 +1.2653e-01 -1.8333e+00
% f evaluations | g evaluations | best noise-free fitness - Fopt (-2.293200000000e+02) + sum g_i+ | measured fitness | best measured fitness or single-digit g-values | x1 | x2...
1 0 +4.699302304e+06 +4.699072984e+06 +4.699072984e+06 +2.9287e+00 -1.8546e+00 -2.4052e+00
3 0 +4.272577547e+01 -1.865942245e+02 -1.865942245e+02 -1.6821e+00 -9.4350e-01 -3.1653e+00
57 0 +3.093193831e+01 -1.983880617e+02 -1.983880617e+02 -3.6712e+00 -1.1444e+00 +2.5784e+00
330 0 +1.160792972e+01 -2.177120703e+02 -2.177120703e+02 -3.6712e+00 -1.1444e+00 +2.5394e+00
331 0 +7.198931648e+00 -2.221210684e+02 -2.221210684e+02 -3.9011e+00 -1.2028e+00 +2.5110e+00
405 0 +5.389707352e+00 -2.239302926e+02 -2.239302926e+02 -3.9011e+00 -1.2028e+00 +2.5272e+00
610 0 +5.185787063e+00 -2.241342129e+02 -2.241342129e+02 -3.9011e+00 -1.2028e+00 +2.5304e+00
1828 0 +5.045689405e+00 -2.242743106e+02 -2.242743106e+02 -3.9011e+00 -1.2028e+00 +2.5368e+00
