% f evaluations | g evaluations | best noise-free fitness - Fopt (-6.211100000000e+02) + sum g_i+ | measured fitness | best measured fitness or single-digit g-values | x1 | x2...
1 0 +8.166208762e+07 +8.166146651e+07 +8.166146651e+07 -1.5776e+00 -7.2866e-01 -2.9381e+00 +3.0013e+00 +1.8457e+00
3 0 +7.297429047e+07 +7.297366936e+07 +7.297366936e+07 +3.6318e+00 +1.2845e+00 +3.3881e+00 -1.9719e+00 +4.8175e+00
4 0 +3.424567191e+07 +3.424505080e+07 +3.424505080e+07 +3.5011e+00 +1.6108e+00 -1.6352e+00 -3.8159e+00 -3.9621e+00
8 0 +1.891034121e+07 +1.890972010e+07 +1.890972010e+07 -3.3725e+00 +1.7530e+00 -1.4388e+00 -1.9890e+00 -9.5865e-02
17 0 +1.107113243e+07 +1.107051132e+07 +1.107051132e+07 -8.3545e-01 +1.0115e+00 +1.3173e-01 -4.4257e+00 -1.8122e+00
101 0 +6.466662800e+05 +6.460451700e+05 +6.460451700e+05 -9.2988e-01 +3.5284e+00 -1.3516e+00 -3.0360e+00 -1.3578e+00
255 0 +3.720221744e+05 +3.714010644e+05 +3.714010644e+05 -9.2988e-01 +3.7550e+00 -1.2748e+00 -3.0360e+00 -1.3246e+00
327 0 +3.696959191e+05 +3.690748091e+05 +3.690748091e+05 -9.4179e-01 +3.7550e+00 -1.2748e+00 -3.0360e+00 -1.3246e+00
539 0 +2.873643063e+05 +2.867431963e+05 +2.867431963e+05 -9.2529e-01 +3.8992e+00 -1.2253e+00 -2.9847e+00 -1.4262e+00
649 0 +2.431584443e+05 +2.425373343e+05 +2.425373343e+05 -8.9629e-01 +3.8992e+00 -1.2328e+00 -3.0699e+00 -1.4262e+00
738 0 +2.205198400e+05 +2.198987300e+05 +2.198987300e+05 -8.7022e-01 +3.7849e+00 -1.0025e+00 -3.2863e+00 -1.1752e+00
867 0 +1.807682461e+05 +1.801471361e+05 +1.801471361e+05 -9.5139e-01 +3.7849e+00 -8.2860e-01 -3.3554e+00 -1.1752e+00
913 0 +1.364534152e+05 +1.358323052e+05 +1.358323052e+05 -1.1691e+00 +3.8976e+00 -9.5675e-01 -3.2863e+00 -1.1855e+00
994 0 +1.157468491e+05 +1.151257391e+05 +1.151257391e+05 -1.0813e+00 +3.9678e+00 -9.9860e-01 -3.2119e+00 -1.2954e+00
996 0 +8.041975173e+04 +7.979864173e+04 +7.979864173e+04 -9.3638e-01 +4.0087e+00 -1.1209e+00 -3.3283e+00 -1.3299e+00
1124 0 +7.403595452e+04 +7.341484452e+04 +7.341484452e+04 -1.0304e+00 +4.0979e+00 -1.0665e+00 -3.1704e+00 -1.2666e+00
1188 0 +1.914449985e+04 +1.852338985e+04 +1.852338985e+04 -1.0158e+00 +4.1109e+00 -9.9657e-01 -3.3837e+00 -1.1842e+00
1299 0 +1.820683223e+04 +1.758572223e+04 +1.758572223e+04 -1.1457e+00 +4.1516e+00 -1.0908e+00 -3.3442e+00 -1.2090e+00
1320 0 +1.021868711e+04 +9.597577105e+03 +9.597577105e+03 -1.0158e+00 +4.2248e+00 -9.4424e-01 -3.3837e+00 -1.1842e+00
1413 0 +5.675032005e+03 +5.053922005e+03 +5.053922005e+03 -1.1075e+00 +4.2248e+00 -1.0253e+00 -3.3837e+00 -1.0963e+00
1502 0 +1.156566308e+03 +5.354563077e+02 +5.354563077e+02 -1.0837e+00 +4.2779e+00 -1.1789e+00 -3.4175e+00 -1.1685e+00
1674 0 +9.703235753e+02 +3.492135753e+02 +3.492135753e+02 -1.0819e+00 +4.2301e+00 -1.1127e+00 -3.4280e+00 -1.1763e+00
1994 0 +7.624131482e+02 +1.413031482e+02 +1.413031482e+02 -1.0780e+00 +4.2381e+00 -1.2311e+00 -3.3812e+00 -1.2214e+00
2371 0 +3.466899200e+02 -2.744200800e+02 -2.744200800e+02 -1.0607e+00 +4.2298e+00 -1.1281e+00 -3.4286e+00 -1.1471e+00
2593 0 +3.636658474e+01 -5.847434153e+02 -5.847434153e+02 -1.0693e+00 +4.2604e+00 -1.1898e+00 -3.3938e+00 -1.1970e+00
% f evaluations | g evaluations | best noise-free fitness - Fopt (-2.548200000000e+02) + sum g_i+ | measured fitness | best measured fitness or single-digit g-values | x1 | x2...
1 0 +8.400856364e+08 +8.400853816e+08 +8.400853816e+08 -4.2377e+00 +4.7019e+00 -3.3923e+00 +1.2039e+00 +3.8733e+00
2 0 +1.329797876e+07 +1.329772394e+07 +1.329772394e+07 +2.7568e+00 +4.2910e+00 -2.9514e+00 -2.7062e+00 +3.2737e-01
13 0 +2.210233131e+06 +2.209978311e+06 +2.209978311e+06 +2.9627e+00 +3.6276e+00 +9.8446e-01 +1.2873e+00 -4.0290e+00
123 0 +1.977836512e+06 +1.977581692e+06 +1.977581692e+06 +2.2459e+00 +2.4525e+00 -3.5296e-01 -1.3699e-01 -3.0129e+00
217 0 +1.046833389e+06 +1.046578569e+06 +1.046578569e+06 +2.3241e+00 +3.2376e+00 +4.7323e-02 -1.0217e+00 -3.3237e+00
358 0 +8.883184780e+05 +8.880636580e+05 +8.880636580e+05 +2.8223e+00 +3.2508e+00 +5.7646e-01 -8.2869e-01 -2.5711e+00
421 0 +6.417120968e+05 +6.414572768e+05 +6.414572768e+05 +3.0028e+00 +3.4430e+00 +3.2129e-01 +8.4612e-02 -2.7404e+00
552 0 +5.282891841e+05 +5.280343641e+05 +5.280343641e+05 +2.4564e+00 +3.3720e+00 +1.8535e-01 -4.1436e-01 -3.0365e+00
566 0 +3.212432367e+05 +3.209884167e+05 +3.209884167e+05 +2.5616e+00 +3.4396e+00 +3.6170e-01 -9.4856e-03 -3.3281e+00
641 0 +3.019786782e+05 +3.017238582e+05 +3.017238582e+05 +2.7832e+00 +3.3684e+00 +2.6410e-01 +3.8675e-02 -3.1682e+00
659 0 +2.923919724e+05 +2.921371524e+05 +2.921371524e+05 +2.5616e+00 +3.3602e+00 +3.6170e-01 -9.4856e-03 -3.3469e+00
676 0 +2.855511761e+05 +2.852963561e+05 +2.852963561e+05 +2.9694e+00 +3.5839e+00 +3.7095e-01 +2.2556e-01 -3.7610e+00
711 0 +2.801490470e+05 +2.798942270e+05 +2.798942270e+05 +2.7832e+00 +3.4210e+00 +2.6410e-01 -2.1054e-03 -3.1682e+00
723 0 +2.250370601e+05 +2.247822401e+05 +2.247822401e+05 +2.8015e+00 +3.4014e+00 +3.1216e-01 +1.0441e-01 -3.3863e+00
733 0 +1.418274467e+05 +1.415726267e+05 +1.415726267e+05 +2.7483e+00 +3.4930e+00 +2.7815e-01 -2.1473e-01 -3.3553e+00
810 0 +1.201751906e+05 +1.199203706e+05 +1.199203706e+05 +2.7903e+00 +3.4000e+00 +4.8548e-01 -1.0677e-02 -3.6910e+00
887 0 +1.064600603e+05 +1.062052403e+05 +1.062052403e+05 +2.8588e+00 +3.4236e+00 +3.2455e-01 +5.4137e-03 -3.5582e+00
905 0 +6.615564667e+04 +6.590082667e+04 +6.590082667e+04 +2.9254e+00 +3.4229e+00 +4.2821e-01 -9.9469e-02 -3.8185e+00
910 0 +6.013174512e+04 +5.987692512e+04 +5.987692512e+04 +2.8465e+00 +3.4493e+00 +1.7966e-01 -1.6009e-01 -3.4941e+00
1034 0 +3.719561654e+04 +3.694079654e+04 +3.694079654e+04 +2.8695e+00 +3.4805e+00 +2.3600e-01 -1.5865e-01 -3.6511e+00
1077 0 +3.553015144e+04 +3.527533144e+04 +3.527533144e+04 +3.0634e+00 +3.4665e+00 +2.9467e-01 -2.3728e-01 -3.5088e+00
1078 0 +3.361622363e+04 +3.336140363e+04 +3.336140363e+04 +2.9015e+00 +3.3516e+00 +2.8407e-01 -6.6433e-02 -3.6831e+00
1116 0 +1.484397107e+04 +1.458915107e+04 +1.458915107e+04 +2.8863e+00 +3.2787e+00 +1.6154e-01 -1.1871e-01 -3.7252e+00
1289 0 +9.643231013e+03 +9.388411013e+03 +9.388411013e+03 +2.9014e+00 +3.2571e+00 +2.9075e-01 -1.7457e-01 -3.7380e+00
1322 0 +6.700212709e+03 +6.445392709e+03 +6.445392709e+03 +2.9199e+00 +3.3154e+00 +1.5300e-01 -3.2074e-01 -3.6468e+00
1431 0 +5.675404324e+03 +5.420584324e+03 +5.420584324e+03 +2.9178e+00 +3.3881e+00 +2.1489e-01 -2.0994e-01 -3.6697e+00
1441 0 +4.759699343e+03 +4.504879343e+03 +4.504879343e+03 +3.0198e+00 +3.3788e+00 +1.4848e-01 -3.0098e-01 -3.4895e+00
1444 0 +4.741738989e+02 +2.193538989e+02 +2.193538989e+02 +2.9627e+00 +3.3284e+00 +2.0469e-01 -2.6557e-01 -3.6609e+00
1833 0 +2.833838346e+02 +2.856383455e+01 +2.856383455e+01 +2.8676e+00 +3.3028e+00 +2.2995e-01 -2.0964e-01 -3.7708e+00
2026 0 +2.497429390e+02 -5.077060976e+00 -5.077060976e+00 +2.8676e+00 +3.3028e+00 +2.2995e-01 -2.0447e-01 -3.7708e+00
% f evaluations | g evaluations | best noise-free fitness - Fopt (5.661000000000e+01) + sum g_i+ | measured fitness | best measured fitness or single-digit g-values | x1 | x2...
1 0 +1.017733145e+08 +1.017733711e+08 +1.017733711e+08 -1.5160e+00 -4.5365e-01 +2.0992e+00 -4.0686e+00 -3.2598e+00
2 0 +9.960560714e+07 +9.960566375e+07 +9.960566375e+07 +1.1929e+00 -3.4871e-01 -4.7621e+00 -2.1536e+00 -4.1679e+00
3 0 +6.520299362e+07 +6.520305023e+07 +6.520305023e+07 -3.9571e+00 -3.7664e+00 -1.5935e+00 -2.8562e+00 +2.8135e+00
4 0 +5.206335965e+07 +5.206341626e+07 +5.206341626e+07 +1.8725e+00 -2.6974e+00 -1.1648e+00 +3.4472e+00 -3.6826e+00
12 0 +2.022133905e+07 +2.022139566e+07 +2.022139566e+07 -4.4950e+00 -3.4953e-01 -6.6775e-01 -2.7823e+00 -4.7836e+00
24 0 +1.747264220e+07 +1.747269881e+07 +1.747269881e+07 -1.8834e+00 -4.0898e+00 -4.3524e+00 -2.6165e+00 -2.6275e+00
29 0 +1.642276310e+07 +1.642281971e+07 +1.642281971e+07 -2.8480e+00 +1.1412e-01 -1.6701e+00 +2.6233e+00 -4.8561e+00
93 0 +1.553837513e+07 +1.553843174e+07 +1.553843174e+07 -4.7523e-01 -4.6931e+00 -1.8374e+00 +2.1738e+00 +2.8609e+00
121 0 +1.405558562e+07 +1.405564223e+07 +1.405564223e+07 -2.1174e+00 -1.3726e+00 -2.8045e+00 -1.9130e-01 -1.2734e+00
148 0 +9.953416156e+06 +9.953472766e+06 +9.953472766e+06 -1.1135e+00 -2.2814e+00 -1.9486e+00 +6.3491e-01 -1.4398e+00
168 0 +7.520748398e+06 +7.520805008e+06 +7.520805008e+06 -6.9902e-01 -3.7152e+00 -3.1216e+00 -2.5043e-01 -8.0722e-01
225 0 +6.123396173e+06 +6.123452783e+06 +6.123452783e+06 -1.1544e+00 -4.4110e+00 -3.2039e+00 -2.0603e-01 +4.1500e-02
322 0 +5.809862111e+06 +5.809918721e+06 +5.809918721e+06 -1.6444e+00 -3.3198e+00 -2.1048e+00 +1.4348e+00 -2.9144e-01
337 0 +5.153625814e+06 +5.153682424e+06 +5.153682424e+06 -2.8001e+00 -1.8609e+00 -3.0054e+00 -4.1838e-01 -1.7885e+00
411 0 +5.002661862e+06 +5.002718472e+06 +5.002718472e+06 -3.0526e+00 -1.2803e+00 -3.1641e+00 -8.4810e-01 -2.8436e+00
423 0 +3.458919089e+06 +3.458975699e+06 +3.458975699e+06 -2.4419e+00 -2.4835e+00 -3.0137e+00 +1.4412e-02 -1.5285e+00
520 0 +3.315367826e+06 +3.315424436e+06 +3.315424436e+06 -2.7718e+00 -2.6510e+00 -3.2258e+00 -4.5526e-01 -1.6816e+00
629 0 +3.009083081e+06 +3.009139691e+06 +3.009139691e+06 -3.0690e+00 -1.9412e+00 -3.0259e+00 -3.0062e-02 -1.8549e+00
687 0 +2.893078403e+06 +2.893135013e+06 +2.893135013e+06 -2.4419e+00 -2.6419e+00 -3.1408e+00 +4.4061e-02 -1.5285e+00
730 0 +2.810624633e+06 +2.810681243e+06 +2.810681243e+06 -3.0288e+00 -1.9203e+00 -3.0404e+00 -1.1488e-01 -2.0819e+00
735 0 +2.328657230e+06 +2.328713840e+06 +2.328713840e+06 -2.4419e+00 -2.7170e+00 -3.2952e+00 +1.0355e-01 -1.6247e+00
802 0 +2.284136818e+06 +2.284193428e+06 +2.284193428e+06 -2.4419e+00 -2.7170e+00 -3.2952e+00 +2.0419e-01 -1.5193e+00
854 0 +2.113965602e+06 +2.114022212e+06 +2.114022212e+06 -2.4419e+00 -2.8635e+00 -3.2952e+00 +1.2075e-01 -1.6247e+00
899 0 +2.013006750e+06 +2.013063360e+06 +2.013063360e+06 -2.7354e+00 -2.6053e+00 -3.2076e+00 +2.9303e-03 -1.8906e+00
931 0 +1.854837729e+06 +1.854894339e+06 +1.854894339e+06 -2.9218e+00 -2.3649e+00 -3.3268e+00 -5.7468e-02 -2.0307e+00
1011 0 +1.801355528e+06 +1.801412138e+06 +1.801412138e+06 -2.8880e+00 -2.3557e+00 -3.1655e+00 +1.2211e-01 -2.0068e+00
1076 0 +1.757824872e+06 +1.757881482e+06 +1.757881482e+06 -2.7322e+00 -2.6078e+00 -3.1375e+00 +1.3748e-01 -2.0114e+00
1106 0 +1.714553955e+06 +1.714610565e+06 +1.714610565e+06 -2.7447e+00 -2.5895e+00 -3.1607e+00 +1.6189e-01 -1.9774e+00
1135 0 +1.620406384e+06 +1.620462994e+06 +1.620462994e+06 -2.8837e+00 -2.6113e+00 -3.2981e+00 -1.6365e-02 -2.0508e+00
1209 0 +1.511831093e+06 +1.511887703e+06 +1.511887703e+06 -2.8512e+00 -2.6113e+00 -3.3194e+00 +5.2009e-02 -2.0508e+00
1237 0 +1.456420055e+06 +1.456476665e+06 +1.456476665e+06 -2.8837e+00 -2.6113e+00 -3.2394e+00 +1.1755e-01 -2.0508e+00
1315 0 +1.338148174e+06 +1.338204784e+06 +1.338204784e+06 -2.9716e+00 -2.5393e+00 -3.3116e+00 +1.5177e-01 -1.9913e+00
1369 0 +1.298402394e+06 +1.298459004e+06 +1.298459004e+06 -2.8585e+00 -2.5076e+00 -3.5654e+00 +9.8411e-02 -2.0716e+00
1378 0 +1.058090785e+06 +1.058147395e+06 +1.058147395e+06 -2.8512e+00 -2.6482e+00 -3.4766e+00 +2.1099e-01 -2.1334e+00
1488 0 +8.761189932e+05 +8.761756032e+05 +8.761756032e+05 -3.1393e+00 -2.7917e+00 -3.4004e+00 +1.6922e-01 -2.2061e+00
1606 0 +8.599875764e+05 +8.600441864e+05 +8.600441864e+05 -3.1313e+00 -2.5845e+00 -3.5935e+00 +1.7474e-01 -2.0861e+00
1642 0 +6.366667253e+05 +6.367233353e+05 +6.367233353e+05 -3.3189e+00 -2.7309e+00 -3.4004e+00 +3.1032e-01 -2.2061e+00
1790 0 +5.879574032e+05 +5.880140132e+05 +5.880140132e+05 -3.1028e+00 -2.5185e+00 -3.3880e+00 +5.3470e-01 -2.2714e+00
1876 0 +5.585395543e+05 +5.585961643e+05 +5.585961643e+05 -3.2985e+00 -2.7309e+00 -3.5086e+00 +3.1032e-01 -2.2061e+00
1886 0 +3.869649295e+05 +3.870215395e+05 +3.870215395e+05 -3.3590e+00 -2.5654e+00 -3.8565e+00 +3.6158e-01 -2.2092e+00
2026 0 +3.275506875e+05 +3.276072975e+05 +3.276072975e+05 -3.5493e+00 -2.4662e+00 -3.9901e+00 +4.2853e-01 -2.2092e+00
2053 0 +3.110418679e+05 +3.110984779e+05 +3.110984779e+05 -3.4968e+00 -2.4476e+00 -3.6370e+00 +4.4111e-01 -2.3187e+00
2148 0 +2.520586407e+05 +2.521152507e+05 +2.521152507e+05 -3.5625e+00 -2.4476e+00 -3.7833e+00 +4.4111e-01 -2.3187e+00
2175 0 +2.239197077e+05 +2.239763177e+05 +2.239763177e+05 -3.3024e+00 -2.5879e+00 -3.7123e+00 +5.5348e-01 -2.3703e+00
2212 0 +1.514242690e+05 +1.514808790e+05 +1.514808790e+05 -3.5625e+00 -2.4476e+00 -3.7833e+00 +5.5122e-01 -2.4063e+00
2297 0 +1.469381670e+05 +1.469947770e+05 +1.469947770e+05 -3.4038e+00 -2.7052e+00 -3.6572e+00 +6.0049e-01 -2.4429e+00
2323 0 +1.379053556e+05 +1.379619656e+05 +1.379619656e+05 -3.5625e+00 -2.4622e+00 -3.7833e+00 +5.7989e-01 -2.4063e+00
2398 0 +1.130052350e+05 +1.130618450e+05 +1.130618450e+05 -3.5409e+00 -2.4622e+00 -3.8152e+00 +5.7989e-01 -2.4667e+00
2434 0 +9.465887607e+04 +9.471548607e+04 +9.471548607e+04 -3.4717e+00 -2.5454e+00 -3.7142e+00 +6.8610e-01 -2.4883e+00
2479 0 +3.569077528e+04 +3.574738528e+04 +3.574738528e+04 -3.4388e+00 -2.6261e+00 -3.8342e+00 +8.3539e-01 -2.5289e+00
2647 0 +3.432605670e+04 +3.438266670e+04 +3.438266670e+04 -3.5801e+00 -2.6000e+00 -3.8642e+00 +6.3111e-01 -2.7136e+00
2657 0 +2.630089296e+04 +2.635750296e+04 +2.635750296e+04 -3.4388e+00 -2.6261e+00 -3.8342e+00 +9.3622e-01 -2.6795e+00
2719 0 +2.382568598e+04 +2.388229598e+04 +2.388229598e+04 -3.4984e+00 -2.7823e+00 -3.7349e+00 +8.1722e-01 -2.5105e+00
2754 0 +1.517529258e+04 +1.523190258e+04 +1.523190258e+04 -3.5758e+00 -2.5739e+00 -3.8578e+00 +8.4860e-01 -2.5863e+00
2794 0 +6.320542774e+03 +6.377152774e+03 +6.377152774e+03 -3.6651e+00 -2.6243e+00 -3.8954e+00 +7.3604e-01 -2.6755e+00
2928 0 +5.476300222e+03 +5.532910222e+03 +5.532910222e+03 -3.6006e+00 -2.5738e+00 -3.9157e+00 +7.6657e-01 -2.7187e+00
3034 0 +4.190393551e+03 +4.247003551e+03 +4.247003551e+03 -3.5641e+00 -2.6982e+00 -3.8737e+00 +8.4860e-01 -2.7146e+00
3082 0 +1.473063702e+03 +1.529673702e+03 +1.529673702e+03 -3.5944e+00 -2.5999e+00 -3.9129e+00 +8.4046e-01 -2.6907e+00
3262 0 +1.041078859e+03 +1.097688859e+03 +1.097688859e+03 -3.6373e+00 -2.6402e+00 -3.8716e+00 +8.0468e-01 -2.6667e+00
3298 0 +1.887506892e+02 +2.453606892e+02 +2.453606892e+02 -3.6069e+00 -2.6484e+00 -3.8739e+00 +8.2871e-01 -2.6720e+00
4586 0 +1.566324117e+02 +2.132424117e+02 +2.132424117e+02 -3.6314e+00 -2.6355e+00 -3.8853e+00 +8.2869e-01 -2.6819e+00
% f evaluations | g evaluations | best noise-free fitness - Fopt (-1.810000000000e+01) + sum g_i+ | measured fitness | best measured fitness or single-digit g-values | x1 | x2...
1 0 +3.657186758e+07 +3.657184948e+07 +3.657184948e+07 -4.7677e+00 +2.4288e+00 +3.7680e+00 -2.7178e+00 +3.8729e+00
3 0 +3.265972039e+07 +3.265970229e+07 +3.265970229e+07 +1.8586e+00 -5.0095e-02 +3.1652e+00 -8.5631e-01 +2.6721e+00
7 0 +1.755902146e+07 +1.755900336e+07 +1.755900336e+07 -7.3096e-01 +3.5093e+00 +3.4976e+00 +1.0956e+00 +4.5928e+00
16 0 +4.086223565e+06 +4.086205465e+06 +4.086205465e+06 -5.6133e-01 +1.4134e+00 +4.0424e+00 +1.5923e+00 +3.2573e+00
125 0 +3.916151953e+06 +3.916133853e+06 +3.916133853e+06 -5.6133e-01 +1.5169e+00 +4.0913e+00 +1.5923e+00 +3.1672e+00
146 0 +2.208464229e+06 +2.208446129e+06 +2.208446129e+06 -1.8384e+00 +2.2282e+00 +4.0055e+00 +1.9629e+00 +2.1939e+00
222 0 +9.229314149e+05 +9.229133149e+05 +9.229133149e+05 -2.1893e-01 +4.4302e-01 +2.6269e+00 +3.1078e+00 +1.3081e+00
366 0 +5.180243262e+05 +5.180062262e+05 +5.180062262e+05 -1.1711e+00 +1.1671e+00 +3.1658e+00 +2.6303e+00 +1.5755e+00
461 0 +2.760635182e+05 +2.760454182e+05 +2.760454182e+05 -1.1535e+00 +1.0270e+00 +3.2425e+00 +2.6813e+00 +1.7869e+00
497 0 +2.431979076e+05 +2.431798076e+05 +2.431798076e+05 -7.7039e-01 +1.1516e+00 +3.1032e+00 +3.0743e+00 +1.6997e+00
643 0 +1.878613944e+05 +1.878432944e+05 +1.878432944e+05 -6.5147e-01 +9.0818e-01 +3.1453e+00 +2.8682e+00 +1.7959e+00
716 0 +1.849575635e+05 +1.849394635e+05 +1.849394635e+05 -9.2305e-01 +9.8094e-01 +3.2031e+00 +2.8087e+00 +1.7401e+00
741 0 +1.403992447e+05 +1.403811447e+05 +1.403811447e+05 -6.8901e-01 +8.6965e-01 +3.3332e+00 +2.8235e+00 +1.7858e+00
794 0 +1.129142342e+05 +1.128961342e+05 +1.128961342e+05 -7.2031e-01 +8.6575e-01 +3.3332e+00 +2.8557e+00 +1.7858e+00
874 0 +1.058130400e+05 +1.057949400e+05 +1.057949400e+05 -8.7236e-01 +9.2176e-01 +3.5929e+00 +2.6983e+00 +1.6776e+00
895 0 +9.992345374e+04 +9.990535374e+04 +9.990535374e+04 -7.1740e-01 +8.9015e-01 +3.1364e+00 +3.0938e+00 +1.7451e+00
915 0 +8.436254276e+04 +8.434444276e+04 +8.434444276e+04 -7.2031e-01 +8.6575e-01 +3.3925e+00 +2.8557e+00 +1.9527e+00
950 0 +4.003327451e+04 +4.001517451e+04 +4.001517451e+04 -9.0608e-01 +8.9159e-01 +3.3316e+00 +3.0181e+00 +1.7809e+00
1125 0 +3.272179222e+04 +3.270369222e+04 +3.270369222e+04 -8.8614e-01 +9.8347e-01 +3.3604e+00 +3.0240e+00 +1.8771e+00
1143 0 +1.758909314e+04 +1.757099314e+04 +1.757099314e+04 -8.6509e-01 +8.9888e-01 +3.2790e+00 +3.0848e+00 +1.9044e+00
1308 0 +1.541505999e+04 +1.539695999e+04 +1.539695999e+04 -8.3724e-01 +9.1230e-01 +3.3787e+00 +3.1551e+00 +1.8651e+00
1336 0 +4.275688038e+03 +4.257588038e+03 +4.257588038e+03 -9.5921e-01 +9.0260e-01 +3.5669e+00 +3.0522e+00 +1.8699e+00
1435 0 +2.030474578e+03 +2.012374578e+03 +2.012374578e+03 -8.3035e-01 +8.3195e-01 +3.4110e+00 +3.1093e+00 +1.9582e+00
1603 0 +4.295081240e+02 +4.114081240e+02 +4.114081240e+02 -8.6832e-01 +8.2182e-01 +3.3851e+00 +3.1276e+00 +1.9269e+00
2384 0 +7.514049011e+01 +5.704049011e+01 +5.704049011e+01 -8.9173e-01 +8.4672e-01 +3.4539e+00 +3.0727e+00 +1.9244e+00
% f evaluations | g evaluations | best noise-free fitness - Fopt (3.777000000000e+01) + sum g_i+ | measured fitness | best measured fitness or single-digit g-values | x1 | x2...
1 0 +6.088033095e+07 +6.088036872e+07 +6.088036872e+07 +3.3990e+00 -1.2560e+00 -2.4605e+00 -4.8204e+00 +1.6794e+00
4 0 +4.102611343e+07 +4.102615120e+07 +4.102615120e+07 +6.9406e-01 +3.7817e+00 +3.1353e+00 +1.4526e+00 -8.5925e-01
5 0 +2.760962582e+07 +2.760966359e+07 +2.760966359e+07 +1.4534e+00 +4.6574e+00 -1.8478e+00 -1.0338e+00 +3.0747e+00
16 0 +2.500112662e+07 +2.500116439e+07 +2.500116439e+07 -2.6359e+00 +1.5448e+00 -3.5799e+00 -2.2213e+00 +1.5598e+00
19 0 +1.023429509e+07 +1.023433286e+07 +1.023433286e+07 -2.9198e+00 +5.6885e-01 -7.3573e-01 +9.1223e-01 +2.0113e+00
29 0 +9.894968038e+06 +9.895005808e+06 +9.895005808e+06 -3.7481e+00 +4.1162e+00 +1.8991e-01 +2.5038e-02 +1.6761e+00
38 0 +9.591352561e+06 +9.591390331e+06 +9.591390331e+06 -3.8221e-01 +3.1260e+00 -2.3081e+00 +1.5015e-01 +1.9739e+00
51 0 +8.381254925e+06 +8.381292695e+06 +8.381292695e+06 -3.7125e+00 +4.8845e+00 -1.7871e+00 +1.6680e+00 +2.0701e+00
53 0 +5.608645218e+06 +5.608682988e+06 +5.608682988e+06 -1.5470e+00 +1.2904e+00 +2.1731e+00 -1.3543e+00 +2.3872e+00
71 0 +4.761378506e+06 +4.761416276e+06 +4.761416276e+06 -8.7715e-01 +3.6785e+00 -7.6932e-01 +2.0924e+00 +3.1828e+00
112 0 +4.100181134e+06 +4.100218904e+06 +4.100218904e+06 +6.9826e-01 +9.9518e-01 -7.1896e-02 +2.4598e-01 +1.5945e+00
127 0 +2.801775697e+06 +2.801813467e+06 +2.801813467e+06 -9.1225e-01 +2.4239e+00 -6.4821e-01 -8.4258e-01 +1.5254e+00
138 0 +1.506560556e+06 +1.506598326e+06 +1.506598326e+06 -1.1815e-01 +1.1426e+00 +2.4421e+00 -2.2170e+00 -7.8097e-01
151 0 +9.286284826e+05 +9.286662526e+05 +9.286662526e+05 -4.8753e-01 +2.4028e+00 +1.9978e+00 -1.2931e+00 +1.0116e+00
238 0 +4.828071281e+05 +4.828448981e+05 +4.828448981e+05 -3.0284e-01 +1.6934e+00 +2.2357e+00 -1.7551e+00 +1.1529e-01
314 0 +3.939314752e+05 +3.939692452e+05 +3.939692452e+05 +9.2431e-01 +1.4575e+00 +2.1214e+00 -2.0969e+00 -2.3080e-01
334 0 +3.704334878e+05 +3.704712578e+05 +3.704712578e+05 -2.7412e-01 +2.3697e+00 +1.4871e+00 -8.4385e-01 +4.2076e-01
379 0 +3.105211825e+05 +3.105589525e+05 +3.105589525e+05 +2.2735e-01 +1.9076e+00 +2.6431e+00 -1.5523e+00 +5.6341e-01
398 0 +2.098074827e+05 +2.098452527e+05 +2.098452527e+05 -7.8452e-02 +1.9587e+00 +1.8539e+00 -1.0407e+00 +1.0099e+00
415 0 +1.899959203e+05 +1.900336903e+05 +1.900336903e+05 +1.4415e-01 +1.4400e+00 +1.6428e+00 -1.3410e+00 +5.5731e-01
431 0 +1.203673939e+05 +1.204051639e+05 +1.204051639e+05 -3.7715e-01 +1.6833e+00 +1.2557e+00 -8.6680e-01 +6.0978e-01
500 0 +1.063079164e+05 +1.063456864e+05 +1.063456864e+05 -2.4899e-02 +1.7102e+00 +2.0978e+00 -1.3448e+00 +6.4276e-01
517 0 +1.045365259e+05 +1.045742959e+05 +1.045742959e+05 -8.4666e-01 +1.9605e+00 +4.9642e-01 -8.2205e-02 +1.3789e+00
597 0 +7.719401123e+04 +7.723178123e+04 +7.723178123e+04 -7.4897e-02 +1.8140e+00 +1.9980e+00 -1.1644e+00 +6.8363e-01
605 0 +5.422629953e+04 +5.426406953e+04 +5.426406953e+04 -8.7494e-02 +1.8022e+00 +1.4059e+00 -9.8420e-01 +7.2412e-01
607 0 +4.704052320e+04 +4.707829320e+04 +4.707829320e+04 -4.1326e-01 +1.8814e+00 +1.5152e+00 -6.8435e-01 +8.8513e-01
619 0 +4.426279772e+04 +4.430056772e+04 +4.430056772e+04 +2.4546e-01 +1.7017e+00 +1.8793e+00 -1.4580e+00 +4.4595e-01
651 0 +4.162732906e+04 +4.166509906e+04 +4.166509906e+04 +1.9808e-01 +1.6947e+00 +2.3090e+00 -1.5463e+00 +3.6596e-01
654 0 +1.226557415e+04 +1.230334415e+04 +1.230334415e+04 -3.1844e-02 +1.7287e+00 +1.7959e+00 -1.1261e+00 +5.7867e-01
725 0 +4.143880172e+03 +4.181650172e+03 +4.181650172e+03 +5.4711e-02 +1.7804e+00 +1.8970e+00 -1.1452e+00 +5.4385e-01
927 0 +2.891149123e+03 +2.928919123e+03 +2.928919123e+03 -1.5302e-01 +1.8003e+00 +1.6108e+00 -8.8249e-01 +6.6772e-01
1001 0 +1.894233791e+03 +1.932003791e+03 +1.932003791e+03 -2.3664e-01 +1.8440e+00 +1.4440e+00 -7.4581e-01 +7.4739e-01
1061 0 +1.600870542e+03 +1.638640542e+03 +1.638640542e+03 -3.9393e-01 +1.8661e+00 +1.2240e+00 -4.8665e-01 +8.5734e-01
1131 0 +7.396655180e+02 +7.774355180e+02 +7.774355180e+02 -3.5028e-01 +1.9096e+00 +1.3023e+00 -5.0621e-01 +8.5233e-01
1229 0 +4.124161954e+02 +4.501861954e+02 +4.501861954e+02 -3.7214e-01 +1.8860e+00 +1.2395e+00 -4.7100e-01 +8.6912e-01
1858 0 +1.735225726e+02 +2.112925726e+02 +2.112925726e+02 -1.7215e-01 +1.8380e+00 +1.5302e+00 -7.6470e-01 +6.9899e-01
% f evaluations | g evaluations | best noise-free fitness - Fopt (5.951800000000e+02) + sum g_i+ | measured fitness | best measured fitness or single-digit g-values | x1 | x2...
1 0 +4.073036819e+07 +4.073096337e+07 +4.073096337e+07 +3.4213e+00 +1.1776e+00 -2.5777e+00 +6.1901e-01 -4.0247e+00
11 0 +1.649554835e+07 +1.649614353e+07 +1.649614353e+07 +2.0898e+00 -3.0719e+00 +3.5997e+00 -3.5670e+00 -3.6002e+00
46 0 +1.262982456e+07 +1.263041974e+07 +1.263041974e+07 +2.0206e+00 +4.0160e+00 +2.7242e+00 -1.4919e+00 -4.1225e+00
61 0 +3.861459905e+06 +3.862055085e+06 +3.862055085e+06 -3.8616e-01 +1.7506e+00 +4.4763e+00 -2.8635e+00 -3.1371e+00
95 0 +1.474613673e+06 +1.475208853e+06 +1.475208853e+06 +6.7578e-01 +1.4605e+00 +3.6132e+00 -2.5758e+00 -3.1413e+00
138 0 +1.253311889e+06 +1.253907069e+06 +1.253907069e+06 -1.4565e+00 +3.1880e+00 +5.0709e-01 -4.3106e-01 -2.2499e+00
180 0 +8.379045566e+05 +8.384997366e+05 +8.384997366e+05 -4.7936e-01 +1.5347e+00 +1.4241e+00 -9.9047e-01 -3.7491e+00
260 0 +8.066083524e+05 +8.072035324e+05 +8.072035324e+05 -4.7936e-01 +1.5702e+00 +1.4348e+00 -9.1687e-01 -3.7491e+00
280 0 +2.991006923e+05 +2.996958723e+05 +2.996958723e+05 -1.4337e+00 +2.6798e+00 +1.0492e+00 -4.8763e-01 -2.8040e+00
304 0 +2.792670055e+05 +2.798621855e+05 +2.798621855e+05 -7.7542e-03 +1.5647e+00 +2.8805e+00 -1.1803e+00 -3.6479e+00
321 0 +2.573950153e+05 +2.579901953e+05 +2.579901953e+05 -9.5654e-01 +2.1090e+00 +1.1070e+00 -7.3905e-01 -3.3102e+00
418 0 +1.376761340e+05 +1.382713140e+05 +1.382713140e+05 -1.0932e+00 +2.2775e+00 +1.1317e+00 -8.8379e-01 -3.2207e+00
541 0 +1.089050199e+05 +1.095001999e+05 +1.095001999e+05 -1.1022e+00 +2.2697e+00 +1.7613e+00 -1.0284e+00 -3.1274e+00
576 0 +6.135487776e+04 +6.195005776e+04 +6.195005776e+04 -1.1883e+00 +2.4757e+00 +1.2239e+00 -5.8468e-01 -3.4164e+00
581 0 +4.185597974e+04 +4.245115974e+04 +4.245115974e+04 -9.0998e-01 +2.0609e+00 +1.8598e+00 -1.1645e+00 -3.3654e+00
632 0 +2.968948084e+04 +3.028466084e+04 +3.028466084e+04 -1.0600e+00 +2.1788e+00 +1.7249e+00 -1.0521e+00 -3.3119e+00
648 0 +2.095861439e+04 +2.155379439e+04 +2.155379439e+04 -1.1115e+00 +2.2334e+00 +1.5418e+00 -9.9667e-01 -3.3909e+00
743 0 +1.075250072e+04 +1.134768072e+04 +1.134768072e+04 -1.1115e+00 +2.2334e+00 +1.5418e+00 -9.1187e-01 -3.3909e+00
912 0 +7.765863890e+03 +8.361043890e+03 +8.361043890e+03 -1.2486e+00 +2.2582e+00 +1.3670e+00 -8.1724e-01 -3.3826e+00
928 0 +3.880174192e+03 +4.475354192e+03 +4.475354192e+03 -1.2349e+00 +2.2856e+00 +1.4423e+00 -7.9968e-01 -3.3581e+00
1102 0 +2.418810996e+03 +3.013990996e+03 +3.013990996e+03 -1.0708e+00 +2.0429e+00 +1.9201e+00 -1.0452e+00 -3.5046e+00
1157 0 +1.802327280e+03 +2.397507280e+03 +2.397507280e+03 -9.4648e-01 +2.0343e+00 +1.9863e+00 -1.0449e+00 -3.5283e+00
1180 0 +1.545342262e+03 +2.140522262e+03 +2.140522262e+03 -1.1479e+00 +2.1941e+00 +1.6234e+00 -9.1304e-01 -3.4077e+00
1246 0 +1.173037024e+03 +1.768217024e+03 +1.768217024e+03 -1.0784e+00 +2.0833e+00 +1.8061e+00 -9.7947e-01 -3.5080e+00
1299 0 +1.080000997e+03 +1.675180997e+03 +1.675180997e+03 -1.2620e+00 +2.3307e+00 +1.4423e+00 -7.9968e-01 -3.4306e+00
1310 0 +9.395152159e+02 +1.534695216e+03 +1.534695216e+03 -1.0700e+00 +2.1189e+00 +1.7629e+00 -9.4041e-01 -3.4621e+00
1508 0 +6.104293490e+02 +1.205609349e+03 +1.205609349e+03 -1.1382e+00 +2.1801e+00 +1.6698e+00 -8.9057e-01 -3.4530e+00
1786 0 +4.817730348e+02 +1.076953035e+03 +1.076953035e+03 -1.1885e+00 +2.2002e+00 +1.5937e+00 -8.8294e-01 -3.4346e+00
2569 0 +1.399938702e+02 +7.351738702e+02 +7.351738702e+02 -1.1560e+00 +2.1865e+00 +1.6480e+00 -9.1752e-01 -3.4443e+00
3400 0 +1.127181173e+02 +7.078981173e+02 +7.078981173e+02 -1.1582e+00 +2.2068e+00 +1.6416e+00 -9.0427e-01 -3.4394e+00
% f evaluations | g evaluations | best noise-free fitness - Fopt (-1.547100000000e+02) + sum g_i+ | measured fitness | best measured fitness or single-digit g-values | x1 | x2...
1 0 +1.914632770e+07 +1.914617299e+07 +1.914617299e+07 +3.9537e+00 +2.7893e+00 +1.9802e+00 +2.2402e+00 +2.4360e-01
11 0 +1.838227784e+07 +1.838212313e+07 +1.838212313e+07 +3.1085e+00 -6.6573e-01 -7.3574e-01 -1.9596e+00 -1.9350e+00
53 0 +8.210708727e+06 +8.210554017e+06 +8.210554017e+06 +3.6653e+00 +3.4130e+00 -6.4994e-02 -4.3223e-01 -9.0435e-01
129 0 +7.533272475e+06 +7.533117765e+06 +7.533117765e+06 +2.9324e+00 -1.4646e-01 +1.9895e+00 +3.9010e-02 -1.1136e+00
148 0 +5.819498243e+06 +5.819343533e+06 +5.819343533e+06 +3.0725e+00 +8.0544e-01 +8.0461e-01 -2.4234e+00 -1.0428e+00
223 0 +4.347188344e+06 +4.347033634e+06 +4.347033634e+06 +3.3587e+00 +1.6095e+00 +2.4325e+00 -1.4992e+00 -1.8052e+00
262 0 +1.352340117e+06 +1.352185407e+06 +1.352185407e+06 +2.4893e+00 +1.5539e+00 +9.8527e-01 +1.4589e-01 -2.7616e+00
338 0 +1.278126914e+06 +1.277972204e+06 +1.277972204e+06 +2.4893e+00 +1.3505e+00 +9.8527e-01 +1.4589e-01 -2.7510e+00
404 0 +1.220361708e+06 +1.220206998e+06 +1.220206998e+06 +2.5618e+00 +1.5539e+00 +1.0010e+00 +1.4589e-01 -2.7616e+00
467 0 +1.194930131e+06 +1.194775421e+06 +1.194775421e+06 +2.5479e+00 +1.5539e+00 +9.7206e-01 +2.0760e-01 -2.7616e+00
500 0 +1.139621168e+06 +1.139466458e+06 +1.139466458e+06 +3.9345e+00 +1.6886e+00 +8.1103e-01 -1.5469e+00 -2.0353e+00
546 0 +9.773139262e+05 +9.771592162e+05 +9.771592162e+05 +2.6774e+00 +1.5539e+00 +1.0010e+00 +2.1071e-01 -2.7616e+00
611 0 +9.376608604e+05 +9.375061504e+05 +9.375061504e+05 +3.5609e+00 +1.0719e+00 +9.4490e-01 -9.1610e-01 -2.1132e+00
626 0 +8.243392467e+05 +8.241845367e+05 +8.241845367e+05 +2.7558e+00 +9.5790e-01 +1.0638e+00 +2.6271e-01 -2.7533e+00
741 0 +8.093539448e+05 +8.091992348e+05 +8.091992348e+05 +3.1583e+00 +1.1520e+00 +1.0116e+00 -3.2191e-01 -2.4332e+00
757 0 +7.793630162e+05 +7.792083062e+05 +7.792083062e+05 +2.7420e+00 +1.4586e+00 +1.0010e+00 +2.3086e-01 -2.8307e+00
772 0 +7.406480905e+05 +7.404933805e+05 +7.404933805e+05 +3.7604e+00 +1.0719e+00 +9.9663e-01 -9.8909e-01 -2.1132e+00
801 0 +6.768482860e+05 +6.766935760e+05 +6.766935760e+05 +2.7427e+00 +9.7102e-01 +1.1323e+00 +5.0548e-01 -2.7705e+00
803 0 +5.518300472e+05 +5.516753372e+05 +5.516753372e+05 +3.9689e+00 +9.7933e-01 +9.9663e-01 -9.8909e-01 -2.1132e+00
897 0 +5.036287419e+05 +5.034740319e+05 +5.034740319e+05 +3.0803e+00 +1.0850e+00 +1.0376e+00 +2.0219e-01 -2.5991e+00
954 0 +5.011297307e+05 +5.009750207e+05 +5.009750207e+05 +3.1052e+00 +1.2230e+00 +1.0140e+00 +1.8318e-01 -2.5511e+00
994 0 +4.497054855e+05 +4.495507755e+05 +4.495507755e+05 +3.5394e+00 +9.6950e-01 +9.3921e-01 -2.4712e-01 -2.3760e+00
1001 0 +4.404036084e+05 +4.402488984e+05 +4.402488984e+05 +3.5346e+00 +1.0996e+00 +9.2705e-01 -2.6259e-01 -2.3322e+00
1048 0 +3.924394345e+05 +3.922847245e+05 +3.922847245e+05 +3.1052e+00 +1.2230e+00 +1.0140e+00 +1.8318e-01 -2.7289e+00
1085 0 +3.516248768e+05 +3.514701668e+05 +3.514701668e+05 +3.4726e+00 +1.3693e+00 +1.0112e+00 -2.6072e-01 -2.5661e+00
1158 0 +2.727233033e+05 +2.725685933e+05 +2.725685933e+05 +3.5573e+00 +1.0884e+00 +9.4037e-01 -1.4880e-01 -2.5751e+00
1302 0 +2.578572072e+05 +2.577024972e+05 +2.577024972e+05 +3.7646e+00 +1.1514e+00 +8.3901e-01 -3.0340e-01 -2.4307e+00
1319 0 +2.445923587e+05 +2.444376487e+05 +2.444376487e+05 +3.6156e+00 +1.0876e+00 +9.5961e-01 -1.7907e-01 -2.5752e+00
1388 0 +2.254460892e+05 +2.252913792e+05 +2.252913792e+05 +3.7680e+00 +1.1968e+00 +9.5727e-01 -1.7531e-01 -2.3382e+00
1389 0 +2.177946701e+05 +2.176399601e+05 +2.176399601e+05 +3.8458e+00 +1.1647e+00 +8.6664e-01 -2.8239e-01 -2.3552e+00
1393 0 +2.044886213e+05 +2.043339113e+05 +2.043339113e+05 +3.5436e+00 +1.2435e+00 +9.7285e-01 -5.6008e-02 -2.6101e+00
1436 0 +1.858205018e+05 +1.856657918e+05 +1.856657918e+05 +3.6937e+00 +1.1241e+00 +9.5278e-01 -1.5845e-01 -2.5816e+00
1458 0 +1.060221978e+05 +1.058674878e+05 +1.058674878e+05 +3.8129e+00 +1.1478e+00 +1.0616e+00 -1.7365e-01 -2.5770e+00
1498 0 +6.937678125e+04 +6.922207125e+04 +6.922207125e+04 +3.8129e+00 +1.3246e+00 +1.0616e+00 -1.7365e-01 -2.5770e+00
1597 0 +3.693973504e+04 +3.678502504e+04 +3.678502504e+04 +3.5452e+00 +1.3253e+00 +1.1402e+00 +4.1796e-01 -2.8256e+00
1719 0 +2.819654977e+04 +2.804183977e+04 +2.804183977e+04 +3.8472e+00 +1.2693e+00 +1.0044e+00 -2.9351e-02 -2.8006e+00
1827 0 +2.414780038e+04 +2.399309038e+04 +2.399309038e+04 +3.7850e+00 +1.2885e+00 +1.0360e+00 +3.0455e-02 -2.7798e+00
1850 0 +1.826384804e+04 +1.810913804e+04 +1.810913804e+04 +3.7626e+00 +1.3139e+00 +1.0570e+00 +7.1460e-02 -2.8182e+00
1868 0 +1.244672274e+04 +1.229201274e+04 +1.229201274e+04 +3.8883e+00 +1.3140e+00 +1.0365e+00 -2.9351e-02 -2.7123e+00
1915 0 +1.053622361e+04 +1.038151361e+04 +1.038151361e+04 +3.7225e+00 +1.2967e+00 +1.1601e+00 +1.9198e-01 -2.8599e+00
1961 0 +8.204025078e+03 +8.049315078e+03 +8.049315078e+03 +3.7394e+00 +1.3196e+00 +1.0728e+00 +2.4471e-01 -2.8219e+00
1991 0 +3.907138819e+03 +3.752428819e+03 +3.752428819e+03 +3.8040e+00 +1.3602e+00 +1.1131e+00 +1.3476e-01 -2.8414e+00
2128 0 +3.492793999e+03 +3.338083999e+03 +3.338083999e+03 +3.9658e+00 +1.3633e+00 +1.0822e+00 -5.4694e-02 -2.7123e+00
2155 0 +2.508781925e+03 +2.354071925e+03 +2.354071925e+03 +3.9943e+00 +1.3056e+00 +1.0957e+00 -4.0169e-02 -2.6711e+00
2161 0 +1.541734205e+03 +1.387024205e+03 +1.387024205e+03 +3.8578e+00 +1.3602e+00 +1.1131e+00 +1.3476e-01 -2.8414e+00
2418 0 +1.382388599e+03 +1.227678599e+03 +1.227678599e+03 +4.0257e+00 +1.2987e+00 +1.1012e+00 -6.4946e-02 -2.6801e+00
2452 0 +8.785917134e+02 +7.238817134e+02 +7.238817134e+02 +3.9475e+00 +1.3239e+00 +1.0688e+00 +3.5345e-02 -2.7420e+00
3080 0 +7.867770488e+02 +6.320670488e+02 +6.320670488e+02 +3.9011e+00 +1.3270e+00 +1.0901e+00 +8.1771e-02 -2.8155e+00
3476 0 +3.618168708e+02 +2.071068708e+02 +2.071068708e+02 +3.8871e+00 +1.3347e+00 +1.0955e+00 +1.1820e-01 -2.7911e+00
3848 0 +3.066621423e+02 +1.519521423e+02 +1.519521423e+02 +4.0507e+00 +1.3275e+00 +1.0795e+00 -8.0405e-02 -2.6655e+00
% f evaluations | g evaluations | best noise-free fitness - Fopt (1.060400000000e+02) + sum g_i+ | measured fitness | best measured fitness or single-digit g-values | x1 | x2...
1 0 +1.227508481e+09 +1.227508587e+09 +1.227508587e+09 -4.9984e+00 -4.0700e+00 -2.9108e-01 -2.6241e+00 -4.1373e+00
2 0 +1.708619522e+08 +1.708620582e+08 +1.708620582e+08 +1.7847e+00 -1.8511e+00 -4.6573e+00 +8.5080e-02 +1.0825e+00
3 0 +6.242599273e+07 +6.242609877e+07 +6.242609877e+07 -1.0546e+00 -2.9053e+00 -3.3244e+00 +4.4464e+00 +2.5465e+00
4 0 +2.885311013e+07 +2.885321617e+07 +2.885321617e+07 +1.1478e+00 -2.3533e+00 +4.3108e-01 -1.6680e+00 +2.6494e-01
9 0 +2.149831420e+07 +2.149842024e+07 +2.149842024e+07 +1.6199e+00 -2.8595e+00 +1.8975e+00 -1.5626e+00 -9.1573e-01
12 0 +1.295984322e+07 +1.295994926e+07 +1.295994926e+07 -2.7101e+00 -2.5247e+00 +3.6774e+00 +2.4083e+00 -1.9723e+00
50 0 +1.137513505e+07 +1.137524109e+07 +1.137524109e+07 -3.4653e+00 -3.7871e+00 +2.7150e+00 +4.1165e+00 +2.1570e+00
72 0 +7.114970715e+06 +7.115076755e+06 +7.115076755e+06 -2.9012e+00 -4.8945e+00 +2.3943e+00 +1.1329e+00 -1.1407e+00
141 0 +5.856418226e+06 +5.856524266e+06 +5.856524266e+06 -3.0081e+00 -4.8945e+00 +2.4970e+00 +1.1329e+00 -1.0074e+00
168 0 +2.742469498e+06 +2.742575538e+06 +2.742575538e+06 -3.8678e+00 -4.7468e+00 +6.1640e-01 +8.7305e-01 +6.4957e-01
212 0 +2.672464165e+06 +2.672570205e+06 +2.672570205e+06 -3.8594e+00 -4.6511e+00 +6.1640e-01 +9.8075e-01 +4.3196e-01
264 0 +2.069941512e+06 +2.070047552e+06 +2.070047552e+06 -3.8368e+00 -3.5201e+00 +1.3024e+00 +1.3861e+00 +2.3023e-01
400 0 +1.609736344e+06 +1.609842384e+06 +1.609842384e+06 -2.9677e+00 -3.4825e+00 +2.2354e+00 +1.2354e+00 +1.7030e-01
503 0 +1.509734290e+06 +1.509840330e+06 +1.509840330e+06 -3.2017e+00 -3.7394e+00 +1.8383e+00 +1.3655e+00 +4.8269e-01
506 0 +1.418847072e+06 +1.418953112e+06 +1.418953112e+06 -3.5836e+00 -4.2620e+00 +1.3310e+00 +1.2092e+00 +5.0605e-01
592 0 +1.362729412e+06 +1.362835452e+06 +1.362835452e+06 -3.5590e+00 -4.1562e+00 +1.4297e+00 +1.2818e+00 +3.9390e-01
655 0 +1.179788104e+06 +1.179894144e+06 +1.179894144e+06 -3.6056e+00 -4.1098e+00 +1.4675e+00 +1.2359e+00 +5.0605e-01
770 0 +9.551459738e+05 +9.552520138e+05 +9.552520138e+05 -3.7520e+00 -4.1098e+00 +1.4675e+00 +1.2359e+00 +6.0328e-01
854 0 +9.491373097e+05 +9.492433497e+05 +9.492433497e+05 -3.7520e+00 -4.1098e+00 +1.4675e+00 +1.2359e+00 +6.5108e-01
856 0 +9.175654796e+05 +9.176715196e+05 +9.176715196e+05 -3.7319e+00 -4.1098e+00 +1.5083e+00 +1.2528e+00 +6.6759e-01
893 0 +8.512564903e+05 +8.513625303e+05 +8.513625303e+05 -3.8901e+00 -3.9820e+00 +1.4675e+00 +1.1360e+00 +6.6592e-01
919 0 +7.848429920e+05 +7.849490320e+05 +7.849490320e+05 -3.7419e+00 -4.1098e+00 +1.5964e+00 +1.2134e+00 +6.5933e-01
926 0 +7.346264608e+05 +7.347325008e+05 +7.347325008e+05 -3.8115e+00 -3.9164e+00 +1.7471e+00 +1.1899e+00 +2.8395e-01
970 0 +7.125474805e+05 +7.126535205e+05 +7.126535205e+05 -4.0175e+00 -3.8744e+00 +1.5626e+00 +1.2228e+00 +5.1967e-01
1001 0 +5.867619851e+05 +5.868680251e+05 +5.868680251e+05 -3.8866e+00 -3.8744e+00 +1.7312e+00 +1.2228e+00 +5.7113e-01
1113 0 +5.429023929e+05 +5.430084329e+05 +5.430084329e+05 -3.6842e+00 -3.6919e+00 +2.0285e+00 +1.0740e+00 +4.4161e-01
1122 0 +3.711195554e+05 +3.712255954e+05 +3.712255954e+05 -4.0740e+00 -4.1179e+00 +1.7312e+00 +1.0219e+00 +5.7113e-01
1259 0 +3.049107456e+05 +3.050167856e+05 +3.050167856e+05 -4.1899e+00 -4.1947e+00 +1.7138e+00 +1.0219e+00 +7.5447e-01
1357 0 +2.980570638e+05 +2.981631038e+05 +2.981631038e+05 -4.1104e+00 -4.2088e+00 +1.7357e+00 +1.1141e+00 +6.9312e-01
1407 0 +2.836708992e+05 +2.837769392e+05 +2.837769392e+05 -3.8854e+00 -3.8955e+00 +2.0103e+00 +1.0630e+00 +6.0203e-01
1408 0 +2.400611826e+05 +2.401672226e+05 +2.401672226e+05 -3.8557e+00 -4.1001e+00 +2.0557e+00 +8.9042e-01 +6.2207e-01
1447 0 +2.305930798e+05 +2.306991198e+05 +2.306991198e+05 -3.7856e+00 -3.8368e+00 +2.2475e+00 +1.1130e+00 +5.7853e-01
1463 0 +2.249305340e+05 +2.250365740e+05 +2.250365740e+05 -4.0509e+00 -4.0106e+00 +1.9418e+00 +9.8751e-01 +5.8411e-01
1482 0 +1.755542443e+05 +1.756602843e+05 +1.756602843e+05 -4.1525e+00 -4.0416e+00 +1.9337e+00 +1.1684e+00 +5.6872e-01
1496 0 +1.678722533e+05 +1.679782933e+05 +1.679782933e+05 -4.2150e+00 -4.0106e+00 +1.9418e+00 +1.0475e+00 +5.8411e-01
1497 0 +1.558109827e+05 +1.559170227e+05 +1.559170227e+05 -4.0509e+00 -4.0106e+00 +2.0832e+00 +1.2399e+00 +5.8411e-01
1522 0 +1.427733038e+05 +1.428793438e+05 +1.428793438e+05 -3.9794e+00 -3.8368e+00 +2.2475e+00 +1.1130e+00 +5.7853e-01
1565 0 +1.339781666e+05 +1.340842066e+05 +1.340842066e+05 -4.1525e+00 -4.0416e+00 +2.0076e+00 +1.1684e+00 +5.6872e-01
1594 0 +1.310404962e+05 +1.311465362e+05 +1.311465362e+05 -3.9649e+00 -3.9696e+00 +2.2475e+00 +1.1943e+00 +5.7853e-01
1632 0 +1.234341596e+05 +1.235401996e+05 +1.235401996e+05 -3.9696e+00 -4.0399e+00 +2.1603e+00 +1.1389e+00 +6.7530e-01
1649 0 +9.647358403e+04 +9.657962403e+04 +9.657962403e+04 -4.0345e+00 -3.8953e+00 +2.2682e+00 +1.1130e+00 +5.9186e-01
1690 0 +7.526492503e+04 +7.537096503e+04 +7.537096503e+04 -4.1767e+00 -4.0408e+00 +2.1356e+00 +1.1684e+00 +5.6872e-01
1771 0 +6.021759172e+04 +6.032363172e+04 +6.032363172e+04 -4.1525e+00 -4.0729e+00 +2.2149e+00 +1.1508e+00 +5.2164e-01
1793 0 +1.967772927e+04 +1.978376927e+04 +1.978376927e+04 -4.2704e+00 -4.0771e+00 +2.2477e+00 +1.0920e+00 +6.3490e-01
1963 0 +1.905325139e+04 +1.915929139e+04 +1.915929139e+04 -4.3206e+00 -4.0796e+00 +2.2569e+00 +1.1228e+00 +6.8527e-01
1968 0 +1.539778274e+04 +1.550382274e+04 +1.550382274e+04 -4.2694e+00 -4.0998e+00 +2.2477e+00 +1.0856e+00 +6.4229e-01
2047 0 +4.053960423e+03 +4.160000423e+03 +4.160000423e+03 -4.2468e+00 -4.1284e+00 +2.3855e+00 +1.0163e+00 +6.3928e-01
2176 0 +1.181359168e+03 +1.287399168e+03 +1.287399168e+03 -4.3485e+00 -4.2570e+00 +2.2347e+00 +1.1496e+00 +6.8397e-01
2229 0 +4.478567751e+02 +5.538967751e+02 +5.538967751e+02 -4.1919e+00 -4.1284e+00 +2.4035e+00 +1.0163e+00 +6.7245e-01
3220 0 +1.645941406e+02 +2.706341406e+02 +2.706341406e+02 -4.1766e+00 -4.1476e+00 +2.4106e+00 +1.0078e+00 +6.8005e-01
% f evaluations | g evaluations | best noise-free fitness - Fopt (1.374500000000e+02) + sum g_i+ | measured fitness | best measured fitness or single-digit g-values | x1 | x2...
1 0 +3.056203666e+07 +3.056217411e+07 +3.056217411e+07 -4.8199e-01 +3.9597e+00 +2.4168e+00 -2.6784e+00 +3.2604e-01
14 0 +2.058729724e+07 +2.058743469e+07 +2.058743469e+07 +2.0626e+00 +2.1260e+00 -1.0238e+00 -4.7526e-01 -8.9189e-01
16 0 +8.183754030e+06 +8.183891480e+06 +8.183891480e+06 +1.9853e-01 +2.6839e+00 +4.4541e+00 +1.8458e-01 +1.3044e+00
47 0 +4.866599180e+06 +4.866736630e+06 +4.866736630e+06 +2.6416e+00 -1.3583e+00 +2.2591e-01 -2.7259e+00 -1.6648e+00
128 0 +3.943110993e+06 +3.943248443e+06 +3.943248443e+06 -3.8149e-01 +2.5110e+00 +3.6103e+00 +9.6036e-01 +2.8483e+00
141 0 +9.535844322e+05 +9.537218822e+05 +9.537218822e+05 +9.7785e-01 -6.7525e-01 +1.9956e+00 -4.4470e-01 +1.9337e+00
167 0 +5.133612167e+05 +5.134986667e+05 +5.134986667e+05 +1.2711e+00 +1.3555e+00 +2.5097e+00 +1.0562e+00 +3.0857e+00
234 0 +4.271217002e+05 +4.272591502e+05 +4.272591502e+05 +1.3484e+00 +1.2702e+00 +2.4250e+00 +1.2413e+00 +2.9788e+00
302 0 +1.340565883e+05 +1.341940383e+05 +1.341940383e+05 +1.1266e+00 +3.4306e-01 +1.7392e+00 -4.1310e-01 +1.3807e+00
331 0 +8.767017452e+04 +8.780762452e+04 +8.780762452e+04 +8.8106e-01 +1.2038e+00 +2.1761e+00 +5.4362e-01 +2.1692e+00
418 0 +7.433002244e+04 +7.446747244e+04 +7.446747244e+04 +1.0311e+00 +1.4949e+00 +2.3439e+00 +1.1111e+00 +2.6144e+00
513 0 +4.494106810e+04 +4.507851810e+04 +4.507851810e+04 +1.0668e+00 +1.3632e+00 +2.6449e+00 +9.7754e-01 +2.5829e+00
528 0 +3.729236078e+04 +3.742981078e+04 +3.742981078e+04 +1.0311e+00 +1.4949e+00 +2.4505e+00 +1.1111e+00 +2.6144e+00
600 0 +3.252177014e+04 +3.265922014e+04 +3.265922014e+04 +1.0311e+00 +1.4723e+00 +2.4505e+00 +1.1521e+00 +2.6144e+00
602 0 +1.669013507e+04 +1.682758507e+04 +1.682758507e+04 +1.1149e+00 +1.1451e+00 +2.3919e+00 +7.3256e-01 +2.3271e+00
700 0 +1.050024943e+04 +1.063769943e+04 +1.063769943e+04 +1.0965e+00 +1.0630e+00 +2.3279e+00 +5.5475e-01 +2.1726e+00
721 0 +8.170496100e+03 +8.307946100e+03 +8.307946100e+03 +9.9107e-01 +1.0632e+00 +2.4047e+00 +5.4231e-01 +2.2552e+00
799 0 +3.630986552e+03 +3.768436552e+03 +3.768436552e+03 +9.7963e-01 +1.4190e+00 +2.5351e+00 +1.0443e+00 +2.4495e+00
988 0 +2.333572496e+03 +2.471022496e+03 +2.471022496e+03 +1.0556e+00 +1.4189e+00 +2.5615e+00 +1.1011e+00 +2.4973e+00
1098 0 +1.970621729e+03 +2.108071729e+03 +2.108071729e+03 +9.8797e-01 +1.2608e+00 +2.4369e+00 +8.8576e-01 +2.3590e+00
1125 0 +1.455344977e+03 +1.592794977e+03 +1.592794977e+03 +1.0083e+00 +1.4085e+00 +2.5813e+00 +1.1375e+00 +2.4615e+00
1178 0 +8.271081404e+02 +9.645581404e+02 +9.645581404e+02 +1.0355e+00 +1.5178e+00 +2.5873e+00 +1.2171e+00 +2.5076e+00
1334 0 +1.760792870e+02 +3.135292870e+02 +3.135292870e+02 +1.0355e+00 +1.4979e+00 +2.5873e+00 +1.2171e+00 +2.5076e+00
1504 0 +2.100379442e+01 +1.584537944e+02 +1.584537944e+02 +1.0279e+00 +1.4361e+00 +2.5667e+00 +1.1456e+00 +2.4810e+00
% f evaluations | g evaluations | best noise-free fitness - Fopt (1.588000000000e+02) + sum g_i+ | measured fitness | best measured fitness or single-digit g-values | x1 | x2...
1 0 +1.573307433e+08 +1.573309021e+08 +1.573309021e+08 +2.9928e+00 +1.5577e+00 -4.2335e+00 +1.0252e+00 -3.1455e+00
6 0 +4.779605622e+07 +4.779621502e+07 +4.779621502e+07 -6.5611e-01 -3.2079e+00 +3.3302e+00 -2.8435e-01 +1.9210e+00
10 0 +4.422274135e+07 +4.422290015e+07 +4.422290015e+07 +4.2393e-01 -4.4363e+00 +2.4421e+00 -1.8635e+00 +8.7277e-01
15 0 +3.133367115e+07 +3.133382995e+07 +3.133382995e+07 -6.6599e-01 -2.3026e+00 +1.8997e+00 +4.1446e+00 +1.7083e+00
33 0 +2.433763365e+07 +2.433779245e+07 +2.433779245e+07 +2.6001e+00 -1.5483e+00 +1.7282e+00 +8.2229e-01 +1.7495e-01
158 0 +2.367277726e+07 +2.367293606e+07 +2.367293606e+07 +2.7600e+00 -1.5483e+00 +1.6991e+00 +8.5665e-01 +1.1413e-01
182 0 +2.052119933e+07 +2.052135813e+07 +2.052135813e+07 +2.4949e+00 -1.5026e+00 -4.4223e-01 +2.2387e-01 +1.6814e+00
193 0 +1.582021372e+07 +1.582037252e+07 +1.582037252e+07 +2.9869e+00 -2.8457e+00 -9.7874e-01 +1.1710e+00 +1.8707e+00
195 0 +2.691263899e+06 +2.691422699e+06 +2.691422699e+06 +2.9324e+00 -2.1786e+00 +2.4251e+00 +4.6870e-01 +2.2619e+00
211 0 +2.499349522e+06 +2.499508322e+06 +2.499508322e+06 +2.9082e+00 -2.1546e+00 +2.3864e+00 +6.3384e-01 +2.2619e+00
331 0 +2.167966190e+06 +2.168124990e+06 +2.168124990e+06 +3.1742e+00 -2.1546e+00 +2.3864e+00 +6.8921e-01 +2.2619e+00
557 0 +2.034107384e+06 +2.034266184e+06 +2.034266184e+06 +2.9100e+00 -2.3057e+00 +2.3864e+00 +8.1392e-01 +2.1973e+00
615 0 +1.847252156e+06 +1.847410956e+06 +1.847410956e+06 +2.8901e+00 -2.2080e+00 +2.5586e+00 +7.3414e-01 +2.5039e+00
754 0 +1.778385442e+06 +1.778544242e+06 +1.778544242e+06 +3.0395e+00 -2.2704e+00 +2.7105e+00 +4.8814e-01 +2.4265e+00
767 0 +1.678389566e+06 +1.678548366e+06 +1.678548366e+06 +2.8901e+00 -2.2080e+00 +2.6618e+00 +7.3414e-01 +2.5039e+00
809 0 +1.547910179e+06 +1.548068979e+06 +1.548068979e+06 +3.0448e+00 -2.3050e+00 +2.7174e+00 +5.7661e-01 +2.5053e+00
840 0 +1.462488381e+06 +1.462647181e+06 +1.462647181e+06 +3.0147e+00 -2.3909e+00 +2.5033e+00 +8.1392e-01 +2.3752e+00
915 0 +1.212533176e+06 +1.212691976e+06 +1.212691976e+06 +3.0147e+00 -2.3909e+00 +2.6575e+00 +8.1392e-01 +2.3752e+00
1100 0 +1.171942414e+06 +1.172101214e+06 +1.172101214e+06 +3.1604e+00 -2.3807e+00 +2.8338e+00 +5.9660e-01 +2.5053e+00
1104 0 +1.114010509e+06 +1.114169309e+06 +1.114169309e+06 +3.2931e+00 -2.3050e+00 +2.8338e+00 +6.3422e-01 +2.4774e+00
1120 0 +1.016464603e+06 +1.016623403e+06 +1.016623403e+06 +3.3090e+00 -2.3911e+00 +2.8023e+00 +6.8269e-01 +2.3834e+00
1143 0 +9.990610824e+05 +9.992198824e+05 +9.992198824e+05 +2.9669e+00 -2.3669e+00 +2.7731e+00 +8.7197e-01 +2.5347e+00
1194 0 +9.086796568e+05 +9.088384568e+05 +9.088384568e+05 +3.0817e+00 -2.4462e+00 +2.8991e+00 +7.8886e-01 +2.2894e+00
1203 0 +8.782173911e+05 +8.783761911e+05 +8.783761911e+05 +3.0805e+00 -2.4637e+00 +2.6254e+00 +9.9402e-01 +2.6425e+00
1245 0 +7.989863780e+05 +7.991451780e+05 +7.991451780e+05 +3.0983e+00 -2.4671e+00 +2.8262e+00 +8.3758e-01 +2.4464e+00
1292 0 +7.552660832e+05 +7.554248832e+05 +7.554248832e+05 +3.0805e+00 -2.3115e+00 +2.8664e+00 +9.7583e-01 +2.6425e+00
1377 0 +6.680029444e+05 +6.681617444e+05 +6.681617444e+05 +3.0917e+00 -2.6133e+00 +2.9193e+00 +8.3225e-01 +2.4240e+00
1394 0 +5.777723834e+05 +5.779311834e+05 +5.779311834e+05 +3.0983e+00 -2.6373e+00 +2.9763e+00 +8.3758e-01 +2.4892e+00
1498 0 +3.477202514e+05 +3.478790514e+05 +3.478790514e+05 +3.2408e+00 -2.5788e+00 +3.1026e+00 +9.4047e-01 +2.5286e+00
1595 0 +2.911922065e+05 +2.913510065e+05 +2.913510065e+05 +3.1803e+00 -2.5788e+00 +3.0702e+00 +1.1228e+00 +2.5286e+00
1767 0 +2.821385492e+05 +2.822973492e+05 +2.822973492e+05 +3.1173e+00 -2.7487e+00 +3.1597e+00 +1.0025e+00 +2.4980e+00
1804 0 +2.754237205e+05 +2.755825205e+05 +2.755825205e+05 +3.2245e+00 -2.5788e+00 +3.0702e+00 +1.1228e+00 +2.5449e+00
1806 0 +2.138686429e+05 +2.140274429e+05 +2.140274429e+05 +3.2292e+00 -2.6203e+00 +3.3437e+00 +9.6469e-01 +2.4647e+00
1885 0 +2.091443807e+05 +2.093031807e+05 +2.093031807e+05 +3.2489e+00 -2.7427e+00 +3.1722e+00 +9.6983e-01 +2.6068e+00
1909 0 +2.029133607e+05 +2.030721607e+05 +2.030721607e+05 +3.1786e+00 -2.6835e+00 +3.1255e+00 +1.0857e+00 +2.7339e+00
1989 0 +1.456117940e+05 +1.457705940e+05 +1.457705940e+05 +3.1517e+00 -2.6010e+00 +3.2114e+00 +1.2893e+00 +2.7134e+00
1996 0 +1.374255864e+05 +1.375843864e+05 +1.375843864e+05 +3.2010e+00 -2.6752e+00 +3.4702e+00 +1.0745e+00 +2.5010e+00
2005 0 +1.028933443e+05 +1.030521443e+05 +1.030521443e+05 +3.5107e+00 -2.6834e+00 +3.4159e+00 +1.0385e+00 +2.4841e+00
2139 0 +3.672645434e+04 +3.688525434e+04 +3.688525434e+04 +3.3446e+00 -2.7740e+00 +3.3754e+00 +1.1314e+00 +2.6090e+00
2236 0 +2.221499854e+04 +2.237379854e+04 +2.237379854e+04 +3.4352e+00 -2.6763e+00 +3.4858e+00 +1.1314e+00 +2.6090e+00
2382 0 +1.564389229e+04 +1.580269229e+04 +1.580269229e+04 +3.3630e+00 -2.7156e+00 +3.4677e+00 +1.1694e+00 +2.6192e+00
2399 0 +6.782422910e+03 +6.941222910e+03 +6.941222910e+03 +3.4352e+00 -2.6763e+00 +3.6098e+00 +1.1314e+00 +2.5966e+00
2477 0 +5.417586617e+02 +7.005586617e+02 +7.005586617e+02 +3.4352e+00 -2.6834e+00 +3.6098e+00 +1.0729e+00 +2.6441e+00
2980 0 +3.098110250e+02 +4.686110250e+02 +4.686110250e+02 +3.3758e+00 -2.7436e+00 +3.5687e+00 +1.1382e+00 +2.6598e+00
4316 0 +2.506248629e+02 +4.094248629e+02 +4.094248629e+02 +3.3906e+00 -2.7399e+00 +3.5692e+00 +1.1324e+00 +2.6693e+00
% f evaluations | g evaluations | best noise-free fitness - Fopt (-1.000000000000e+03) + sum g_i+ | measured fitness | best measured fitness or single-digit g-values | x1 | x2...
1 0 +1.444289560e+09 +1.444288560e+09 +1.444288560e+09 +2.6707e+00 +3.9037e+00 -4.4124e+00 +1.0846e+00 +1.7670e+00
3 0 +1.745037255e+08 +1.745027255e+08 +1.745027255e+08 -1.8939e+00 -2.9446e+00 +3.6800e+00 +3.9713e+00 -1.1434e+00
7 0 +2.178982126e+07 +2.178882126e+07 +2.178882126e+07 -1.7618e+00 +3.7261e-01 -3.9399e+00 -1.7068e+00 -2.2760e+00
8 0 +2.099175120e+07 +2.099075120e+07 +2.099075120e+07 -1.9536e+00 +8.2733e-02 -6.5291e-01 -1.1442e+00 -1.3163e+00
10 0 +8.184132699e+06 +8.183132699e+06 +8.183132699e+06 -2.2452e-01 +2.1065e+00 -3.4448e+00 -4.3999e+00 -2.5467e+00
15 0 +2.754719529e+06 +2.753719529e+06 +2.753719529e+06 -2.7407e+00 +3.9819e+00 -2.4149e+00 -2.0764e+00 -3.0237e+00
109 0 +2.472814748e+06 +2.471814748e+06 +2.471814748e+06 -2.6360e+00 +3.9533e+00 -2.4149e+00 -2.0764e+00 -3.0237e+00
140 0 +1.053481612e+06 +1.052481612e+06 +1.052481612e+06 -1.3513e+00 +3.0407e+00 -2.8874e+00 -3.2382e+00 -2.7852e+00
222 0 +9.346594912e+05 +9.336594912e+05 +9.336594912e+05 -1.3666e+00 +3.1276e+00 -2.8874e+00 -3.2382e+00 -2.7852e+00
299 0 +3.836768738e+05 +3.826768738e+05 +3.826768738e+05 -1.4038e+00 +3.9211e+00 -2.9647e+00 -1.8764e+00 -2.9140e+00
407 0 +3.313433913e+05 +3.303433913e+05 +3.303433913e+05 -1.4370e+00 +3.2056e+00 -2.4611e+00 -2.5324e+00 -1.9557e+00
421 0 +3.178142910e+05 +3.168142910e+05 +3.168142910e+05 -1.2424e+00 +3.8183e+00 -2.5851e+00 -2.4495e+00 -1.9985e+00
447 0 +1.629530465e+05 +1.619530465e+05 +1.619530465e+05 -1.5940e+00 +3.6811e+00 -2.6552e+00 -2.5175e+00 -2.0641e+00
615 0 +1.489877143e+05 +1.479877143e+05 +1.479877143e+05 -1.4109e+00 +2.9556e+00 -2.6571e+00 -2.7083e+00 -1.1780e+00
628 0 +1.389191670e+05 +1.379191670e+05 +1.379191670e+05 -1.4797e+00 +3.5697e+00 -2.7014e+00 -2.5731e+00 -2.3893e+00
704 0 +1.352579713e+05 +1.342579713e+05 +1.342579713e+05 -1.5760e+00 +3.6334e+00 -2.8149e+00 -2.4772e+00 -2.5251e+00
714 0 +1.312285939e+05 +1.302285939e+05 +1.302285939e+05 -1.4955e+00 +3.7276e+00 -3.0327e+00 -2.5928e+00 -2.9457e+00
719 0 +1.261876076e+05 +1.251876076e+05 +1.251876076e+05 -1.5940e+00 +3.6333e+00 -2.6552e+00 -2.6192e+00 -2.0641e+00
742 0 +9.210919472e+04 +9.110919472e+04 +9.110919472e+04 -1.5563e+00 +3.5198e+00 -2.8454e+00 -2.5875e+00 -2.3831e+00
804 0 +6.465444235e+04 +6.365444235e+04 +6.365444235e+04 -1.4797e+00 +3.5943e+00 -2.8340e+00 -2.5819e+00 -2.3747e+00
833 0 +4.128409334e+04 +4.028409334e+04 +4.028409334e+04 -1.4269e+00 +3.5582e+00 -2.8306e+00 -2.6676e+00 -2.2219e+00
946 0 +2.708817010e+04 +2.608817010e+04 +2.608817010e+04 -1.4797e+00 +3.5838e+00 -3.0831e+00 -2.5819e+00 -2.4243e+00
991 0 +1.145515994e+04 +1.045515994e+04 +1.045515994e+04 -1.4026e+00 +3.7208e+00 -3.0785e+00 -2.6847e+00 -2.4203e+00
1131 0 +1.002863961e+04 +9.028639609e+03 +9.028639609e+03 -1.5245e+00 +3.4553e+00 -2.9673e+00 -2.7407e+00 -1.9649e+00
1152 0 +7.338748980e+03 +6.338748980e+03 +6.338748980e+03 -1.3245e+00 +3.5802e+00 -3.0015e+00 -2.6083e+00 -2.1532e+00
1313 0 +3.542546196e+03 +2.542546196e+03 +2.542546196e+03 -1.3714e+00 +3.6887e+00 -3.1452e+00 -2.6201e+00 -2.3228e+00
1365 0 +3.356560654e+03 +2.356560654e+03 +2.356560654e+03 -1.4220e+00 +3.6605e+00 -3.0088e+00 -2.5934e+00 -2.2318e+00
1390 0 +2.561118067e+03 +1.561118067e+03 +1.561118067e+03 -1.3975e+00 +3.5975e+00 -3.0619e+00 -2.5848e+00 -2.1996e+00
1429 0 +2.064258614e+03 +1.064258614e+03 +1.064258614e+03 -1.4146e+00 +3.5429e+00 -2.9751e+00 -2.6456e+00 -2.0426e+00
1502 0 +1.314649185e+03 +3.146491848e+02 +3.146491848e+02 -1.3711e+00 +3.6779e+00 -3.0961e+00 -2.6004e+00 -2.2450e+00
1539 0 +4.833066365e+02 -5.166933635e+02 -5.166933635e+02 -1.4184e+00 +3.6283e+00 -3.0405e+00 -2.6414e+00 -2.2058e+00
1708 0 +4.171572783e+02 -5.828427217e+02 -5.828427217e+02 -1.4086e+00 +3.5935e+00 -3.0523e+00 -2.6676e+00 -2.1174e+00
1888 0 +4.778455954e+01 -9.522154405e+02 -9.522154405e+02 -1.4073e+00 +3.6381e+00 -3.0645e+00 -2.6255e+00 -2.2112e+00
% f evaluations | g evaluations | best noise-free fitness - Fopt (-1.000000000000e+03) + sum g_i+ | measured fitness | best measured fitness or single-digit g-values | x1 | x2...
1 0 +1.861241538e+09 +1.861240538e+09 +1.861240538e+09 -3.2422e+00 -5.1398e-01 -1.8005e+00 +1.7392e+00 +4.7960e+00
3 0 +2.900993569e+08 +2.900983569e+08 +2.900983569e+08 -2.2878e+00 -3.4631e+00 +2.3439e+00 -2.1229e-01 -2.0564e+00
6 0 +2.138157081e+08 +2.138147081e+08 +2.138147081e+08 +3.3395e+00 -1.1011e+00 -3.6827e-01 -1.2713e+00 -1.9139e+00
9 0 +1.127261916e+08 +1.127251916e+08 +1.127251916e+08 +2.0178e+00 +2.4086e+00 -3.3424e+00 +1.1019e+00 -2.0555e+00
10 0 +4.004514016e+07 +4.004414016e+07 +4.004414016e+07 +1.7112e+00 +4.1962e+00 +7.8988e-02 +2.5984e+00 +7.4357e-02
17 0 +1.606308246e+07 +1.606208246e+07 +1.606208246e+07 -3.6562e-01 +5.0571e-01 -3.2999e-01 +1.4294e+00 -4.1499e+00
26 0 +8.404789433e+06 +8.403789433e+06 +8.403789433e+06 +5.8871e-01 +3.1551e+00 +2.4343e+00 -2.1723e+00 -1.1789e+00
34 0 +3.634353374e+06 +3.633353374e+06 +3.633353374e+06 +2.0913e+00 +4.2006e+00 +2.2427e+00 +4.8376e-01 -2.6255e+00
48 0 +1.698995141e+06 +1.697995141e+06 +1.697995141e+06 -2.0679e-01 +4.7082e+00 +1.6541e+00 -2.4145e-01 -3.4356e+00
243 0 +2.237467782e+05 +2.227467782e+05 +2.227467782e+05 +2.9555e+00 +4.4377e+00 +3.4879e+00 -1.9945e+00 -3.0042e+00
340 0 +2.171519144e+05 +2.161519144e+05 +2.161519144e+05 +2.9236e+00 +4.4377e+00 +3.4879e+00 -1.9945e+00 -3.0042e+00
423 0 +1.588959076e+05 +1.578959076e+05 +1.578959076e+05 +8.4936e-01 +3.8824e+00 +1.9322e+00 -3.1207e-01 -3.3104e+00
505 0 +3.872628234e+04 +3.772628234e+04 +3.772628234e+04 +2.7858e+00 +4.4377e+00 +3.6584e+00 -1.7274e+00 -3.0525e+00
739 0 +2.223632567e+04 +2.123632567e+04 +2.123632567e+04 +2.3990e+00 +4.0716e+00 +3.2937e+00 -1.3724e+00 -3.0269e+00
899 0 +1.858809534e+04 +1.758809534e+04 +1.758809534e+04 +2.1955e+00 +4.0419e+00 +3.0826e+00 -1.1932e+00 -3.1082e+00
930 0 +1.400465387e+04 +1.300465387e+04 +1.300465387e+04 +1.7291e+00 +3.8032e+00 +2.7564e+00 -8.5067e-01 -3.2351e+00
944 0 +9.893627932e+03 +8.893627932e+03 +8.893627932e+03 +1.9211e+00 +3.9292e+00 +2.9333e+00 -9.6360e-01 -3.1637e+00
998 0 +3.635481040e+03 +2.635481040e+03 +2.635481040e+03 +2.1297e+00 +4.0340e+00 +3.0716e+00 -1.0523e+00 -3.1925e+00
1093 0 +2.845179139e+03 +1.845179139e+03 +1.845179139e+03 +2.1292e+00 +4.0340e+00 +3.0820e+00 -1.0523e+00 -3.1925e+00
1141 0 +2.626156423e+03 +1.626156423e+03 +1.626156423e+03 +1.8946e+00 +3.9328e+00 +2.9396e+00 -8.3633e-01 -3.2238e+00
1314 0 +2.077420543e+03 +1.077420543e+03 +1.077420543e+03 +1.9267e+00 +3.9039e+00 +2.9589e+00 -9.2079e-01 -3.2388e+00
1333 0 +1.694304574e+03 +6.943045745e+02 +6.943045745e+02 +1.8946e+00 +3.9338e+00 +2.9410e+00 -8.7753e-01 -3.2238e+00
1430 0 +1.096640026e+03 +9.664002621e+01 +9.664002621e+01 +2.1256e+00 +4.0389e+00 +3.1233e+00 -1.0577e+00 -3.1741e+00
1554 0 +6.890907617e+02 -3.109092383e+02 -3.109092383e+02 +1.9773e+00 +3.9338e+00 +2.9737e+00 -9.4178e-01 -3.1782e+00
1890 0 +5.585021226e+02 -4.414978774e+02 -4.414978774e+02 +2.0104e+00 +3.9501e+00 +3.0331e+00 -9.7722e-01 -3.1914e+00
2707 0 +4.161034607e+02 -5.838965393e+02 -5.838965393e+02 +1.9577e+00 +3.9372e+00 +2.9532e+00 -9.0683e-01 -3.1921e+00
2790 0 +4.828278631e+01 -9.517172137e+02 -9.517172137e+02 +1.9733e+00 +3.9471e+00 +2.9789e+00 -9.3273e-01 -3.1952e+00
% f evaluations | g evaluations | best noise-free fitness - Fopt (2.959000000000e+01) + sum g_i+ | measured fitness | best measured fitness or single-digit g-values | x1 | x2...
1 0 +2.123060623e+08 +2.123060919e+08 +2.123060919e+08 -1.8814e+00 +1.3770e+00 +4.8509e-01 +3.3287e+00 -3.6464e+00
3 0 +4.168671572e+07 +4.168674531e+07 +4.168674531e+07 +3.8882e+00 -2.8154e+00 -4.1646e+00 -1.8881e+00 +2.2378e+00
5 0 +2.201057851e+07 +2.201060810e+07 +2.201060810e+07 -3.4679e+00 +1.6753e+00 +2.8464e+00 +1.8641e+00 -8.4777e-02
7 0 +1.187644334e+07 +1.187647293e+07 +1.187647293e+07 -4.5629e+00 -1.4546e-01 -8.1883e-01 +1.2278e+00 +1.2614e+00
16 0 +5.992787869e+06 +5.992817459e+06 +5.992817459e+06 +3.4203e+00 +2.4608e+00 -1.1044e+00 -6.4736e-01 +3.3286e+00
101 0 +4.520207024e+06 +4.520236614e+06 +4.520236614e+06 -3.8506e+00 -1.3373e-01 -4.5986e-01 -7.0399e-01 +1.4887e-01
105 0 +1.310645066e+06 +1.310674656e+06 +1.310674656e+06 +6.6962e-01 +1.7987e+00 -2.1229e+00 -5.5973e-01 +4.1506e-01
215 0 +1.244396924e+06 +1.244426514e+06 +1.244426514e+06 +6.2638e-01 +1.7987e+00 -2.1229e+00 -5.2759e-01 +4.1506e-01
254 0 +8.519402236e+05 +8.519698136e+05 +8.519698136e+05 +1.5761e-01 +1.1139e+00 -1.0441e+00 -4.4855e-01 +7.9280e-01
307 0 +8.478543072e+05 +8.478838972e+05 +8.478838972e+05 +1.4382e-01 +1.1139e+00 -1.0441e+00 -4.7665e-01 +7.9280e-01
310 0 +7.086545940e+05 +7.086841840e+05 +7.086841840e+05 +4.7763e-01 +1.4802e+00 -1.7272e+00 -6.9604e-01 +6.8528e-01
318 0 +4.282214562e+05 +4.282510462e+05 +4.282510462e+05 -8.1925e-01 +1.8417e+00 -3.4563e-01 -1.9116e-02 +1.0174e+00
330 0 +1.494502974e+05 +1.494798874e+05 +1.494798874e+05 -3.4224e-01 +1.6708e+00 -7.5661e-01 -3.6814e-01 +8.2136e-01
406 0 +1.473502966e+05 +1.473798866e+05 +1.473798866e+05 -2.6382e-01 +1.7000e+00 -7.5661e-01 -3.6814e-01 +9.5574e-01
420 0 +1.337094238e+05 +1.337390138e+05 +1.337390138e+05 -3.4224e-01 +1.6404e+00 -8.7342e-01 -3.6814e-01 +8.2136e-01
426 0 +1.179652268e+05 +1.179948168e+05 +1.179948168e+05 -1.5735e-01 +1.6609e+00 -1.0364e+00 -3.5275e-01 +8.7030e-01
476 0 +4.529037931e+04 +4.531996931e+04 +4.531996931e+04 -5.6552e-01 +1.7716e+00 -9.2214e-01 -4.3664e-01 +1.0042e+00
643 0 +4.375436258e+04 +4.378395258e+04 +4.378395258e+04 -1.6429e-01 +1.8153e+00 -9.5343e-01 -4.4147e-01 +8.5166e-01
645 0 +3.529846136e+04 +3.532805136e+04 +3.532805136e+04 -6.5448e-01 +1.8065e+00 -8.5903e-01 -4.3664e-01 +1.0042e+00
650 0 +1.660651029e+04 +1.663610029e+04 +1.663610029e+04 -5.6552e-01 +1.9081e+00 -8.8907e-01 -4.3664e-01 +1.0042e+00
651 0 +8.727287062e+03 +8.756877062e+03 +8.756877062e+03 -7.4344e-01 +1.9244e+00 -9.2214e-01 -4.3664e-01 +8.6581e-01
800 0 +1.496095470e+03 +1.525685470e+03 +1.525685470e+03 -6.0254e-01 +1.9086e+00 -8.8660e-01 -5.0224e-01 +9.1458e-01
1000 0 +9.306257116e+02 +9.602157116e+02 +9.602157116e+02 -3.6656e-01 +1.9275e+00 -9.7929e-01 -4.4841e-01 +9.1386e-01
1491 0 +7.683302883e+02 +7.979202883e+02 +7.979202883e+02 -4.3405e-01 +1.9383e+00 -9.5907e-01 -4.6496e-01 +9.3871e-01
1515 0 +5.949443468e+02 +6.245343468e+02 +6.245343468e+02 -3.2055e-01 +1.9432e+00 -9.9932e-01 -4.6422e-01 +9.2583e-01
1830 0 +4.541685655e+02 +4.837585655e+02 +4.837585655e+02 -3.2520e-01 +1.9754e+00 -1.0119e+00 -4.5455e-01 +9.2924e-01
2289 0 +4.108928418e+02 +4.404828418e+02 +4.404828418e+02 -3.4120e-01 +1.9606e+00 -1.0160e+00 -4.4654e-01 +9.3785e-01
2582 0 +2.297325015e+02 +2.593225015e+02 +2.593225015e+02 -3.2823e-01 +1.9606e+00 -1.0160e+00 -4.4654e-01 +9.3785e-01
% f evaluations | g evaluations | best noise-free fitness - Fopt (7.100000000000e+01) + sum g_i+ | measured fitness | best measured fitness or single-digit g-values | x1 | x2...
1 0 +4.184220814e+08 +4.184221524e+08 +4.184221524e+08 -1.8444e+00 +5.5833e-01 +5.9193e-01 +2.1990e+00 -2.6322e+00
2 0 +2.027198893e+07 +2.027205993e+07 +2.027205993e+07 +4.6657e+00 -1.8099e+00 -1.1832e+00 -1.5385e+00 +4.2474e+00
3 0 +1.974503762e+07 +1.974510862e+07 +1.974510862e+07 +2.6237e-01 -1.5502e+00 -8.5340e-01 +1.1463e+00 +4.8419e+00
8 0 +7.639447854e+06 +7.639518854e+06 +7.639518854e+06 -4.7952e-02 -4.3683e+00 -3.6136e+00 +3.1796e+00 +2.2743e+00
25 0 +2.838053047e+06 +2.838124047e+06 +2.838124047e+06 +1.4817e+00 +2.1602e+00 -2.7306e+00 -3.7263e+00 -7.3442e-01
228 0 +1.787374813e+06 +1.787445813e+06 +1.787445813e+06 +8.8514e-01 -1.4326e+00 -1.3007e+00 +1.3739e-01 +1.3116e+00
256 0 +1.738403754e+06 +1.738474754e+06 +1.738474754e+06 +1.0597e+00 -2.0706e+00 -1.9753e+00 -4.7095e-01 -5.1997e-02
261 0 +1.365591160e+06 +1.365662160e+06 +1.365662160e+06 +1.6190e+00 +1.3532e+00 -2.4560e+00 -2.2862e+00 +1.0292e+00
277 0 +8.331285068e+05 +8.331995068e+05 +8.331995068e+05 +1.9047e+00 +6.3030e-01 -1.4796e+00 -1.6973e+00 +5.5384e-01
302 0 +7.586844070e+05 +7.587554070e+05 +7.587554070e+05 +1.9047e+00 +6.3030e-01 -1.4796e+00 -1.6973e+00 +7.4391e-01
342 0 +5.885879139e+04 +5.892979139e+04 +5.892979139e+04 +1.4763e+00 +1.4612e+00 -1.6498e+00 -3.4520e+00 +6.0659e-01
480 0 +5.392548756e+04 +5.399648756e+04 +5.399648756e+04 +1.3727e+00 +2.0521e-01 -1.8925e+00 -2.0907e+00 +9.1394e-01
517 0 +4.887817623e+04 +4.894917623e+04 +4.894917623e+04 +1.4763e+00 +1.4116e+00 -1.6405e+00 -3.4520e+00 +6.0659e-01
564 0 +1.425977445e+04 +1.433077445e+04 +1.433077445e+04 +1.5893e+00 -1.3995e-01 -1.7567e+00 -2.0280e+00 +7.6616e-01
610 0 +2.529191436e+03 +2.600191436e+03 +2.600191436e+03 +1.5022e+00 +6.8530e-01 -1.7018e+00 -2.8246e+00 +7.1756e-01
693 0 +2.342986927e+03 +2.413986927e+03 +2.413986927e+03 +1.5022e+00 +5.8843e-01 -1.7018e+00 -2.7530e+00 +7.2347e-01
901 0 +1.998453285e+03 +2.069453285e+03 +2.069453285e+03 +1.5496e+00 +3.3434e-02 -1.8648e+00 -2.1345e+00 +8.6309e-01
928 0 +1.412490551e+03 +1.483490551e+03 +1.483490551e+03 +1.5022e+00 +6.6279e-01 -1.7018e+00 -2.7530e+00 +7.2347e-01
1082 0 +1.335455869e+02 +2.045455869e+02 +2.045455869e+02 +1.4921e+00 +5.0075e-01 -1.7291e+00 -2.6187e+00 +7.3556e-01
2259 0 +1.045539095e+02 +1.755539095e+02 +1.755539095e+02 +1.5188e+00 +4.6540e-01 -1.7414e+00 -2.5813e+00 +7.3308e-01
3003 0 +8.444629156e+01 +1.554462916e+02 +1.554462916e+02 +1.5069e+00 +4.7173e-01 -1.7350e+00 -2.5871e+00 +7.4452e-01
% f evaluations | g evaluations | best noise-free fitness - Fopt (-6.702000000000e+01) + sum g_i+ | measured fitness | best measured fitness or single-digit g-values | x1 | x2...
1 0 +6.020865842e+07 +6.020859140e+07 +6.020859140e+07 -2.9347e+00 -4.6023e+00 -3.2983e-01 +4.8595e+00 -1.3654e+00
5 0 +9.321079396e+06 +9.321012376e+06 +9.321012376e+06 +1.5134e+00 -1.2526e+00 -2.9962e+00 -9.2635e-01 -3.4734e+00
68 0 +7.408140915e+06 +7.408073895e+06 +7.408073895e+06 +1.9162e+00 +1.1524e+00 -2.8208e+00 +5.2236e-01 -2.4448e+00
101 0 +1.799538103e+04 +1.792836103e+04 +1.792836103e+04 +1.8876e+00 +1.0790e+00 -1.4893e+00 -1.9629e+00 -2.8209e+00
427 0 +1.591998596e+04 +1.585296596e+04 +1.585296596e+04 +1.8876e+00 +1.0790e+00 -1.5533e+00 -1.9629e+00 -2.7327e+00
748 0 +5.819178781e+03 +5.752158781e+03 +5.752158781e+03 +1.9559e+00 +1.1692e+00 -1.5434e+00 -1.9629e+00 -2.7327e+00
768 0 +4.745406532e+03 +4.678386532e+03 +4.678386532e+03 +1.8876e+00 +1.1503e+00 -1.5533e+00 -1.9629e+00 -2.7327e+00
929 0 +4.459951000e+03 +4.392931000e+03 +4.392931000e+03 +1.8132e+00 +1.1794e+00 -1.5928e+00 -1.9745e+00 -2.7579e+00
994 0 +2.988826660e+03 +2.921806660e+03 +2.921806660e+03 +1.8743e+00 +1.2182e+00 -1.6040e+00 -1.9745e+00 -2.7730e+00
1024 0 +2.621150332e+03 +2.554130332e+03 +2.554130332e+03 +1.9727e+00 +1.1929e+00 -1.5792e+00 -2.0188e+00 -2.7476e+00
1107 0 +1.768341619e+03 +1.701321619e+03 +1.701321619e+03 +2.0076e+00 +1.1850e+00 -1.5973e+00 -1.9718e+00 -2.8106e+00
1133 0 +1.537697805e+03 +1.470677805e+03 +1.470677805e+03 +1.8743e+00 +1.2182e+00 -1.5812e+00 -1.9745e+00 -2.7730e+00
1170 0 +6.349743620e+02 +5.679543620e+02 +5.679543620e+02 +1.9905e+00 +1.1929e+00 -1.5666e+00 -2.0188e+00 -2.7941e+00
1313 0 +1.951896447e+02 +1.281696447e+02 +1.281696447e+02 +1.9990e+00 +1.1822e+00 -1.5972e+00 -2.0039e+00 -2.7871e+00
2528 0 +1.109441313e+02 +4.392413134e+01 +4.392413134e+01 +1.9983e+00 +1.1755e+00 -1.6010e+00 -2.0130e+00 -2.7996e+00
