% f evaluations | g evaluations | best noise-free fitness - Fopt (-1.000000000000e+03) + sum g_i+ | measured fitness | best measured fitness or single-digit g-values | x1 | x2...
1 0 +8.648918660e+01 -9.135108134e+02 -9.135108134e+02
2 0 +8.621477442e+01 -9.137852256e+02 -9.137852256e+02
79 0 +8.471670414e+01 -9.152832959e+02 -9.152832959e+02
126 0 +8.202754118e+01 -9.179724588e+02 -9.179724588e+02
503 0 +8.128230055e+01 -9.187176995e+02 -9.187176995e+02
1501 0 +7.933754782e+01 -9.206624522e+02 -9.206624522e+02
2601 0 +7.758212691e+01 -9.224178731e+02 -9.224178731e+02
3101 0 +7.556704808e+01 -9.244329519e+02 -9.244329519e+02
3501 0 +7.407737579e+01 -9.259226242e+02 -9.259226242e+02
5004 0 +7.234727465e+01 -9.276527253e+02 -9.276527253e+02
5801 0 +7.012224678e+01 -9.298777532e+02 -9.298777532e+02
6001 0 +6.916871272e+01 -9.308312873e+02 -9.308312873e+02
7201 0 +6.721810966e+01 -9.327818903e+02 -9.327818903e+02
7709 0 +6.601160571e+01 -9.339883943e+02 -9.339883943e+02
8401 0 +6.434005950e+01 -9.356599405e+02 -9.356599405e+02
8701 0 +6.254969461e+01 -9.374503054e+02 -9.374503054e+02
9001 0 +6.154837188e+01 -9.384516281e+02 -9.384516281e+02
9908 0 +5.998441768e+01 -9.400155823e+02 -9.400155823e+02
10601 0 +5.883842917e+01 -9.411615708e+02 -9.411615708e+02
11005 0 +5.676269020e+01 -9.432373098e+02 -9.432373098e+02
11052 0 +5.601915263e+01 -9.439808474e+02 -9.439808474e+02
11101 0 +5.324690749e+01 -9.467530925e+02 -9.467530925e+02
11701 0 +5.133344608e+01 -9.486665539e+02 -9.486665539e+02
11801 0 +5.033225379e+01 -9.496677462e+02 -9.496677462e+02
12301 0 +4.799975274e+01 -9.520002473e+02 -9.520002473e+02
12401 0 +4.611493594e+01 -9.538850641e+02 -9.538850641e+02
12708 0 +4.475776072e+01 -9.552422393e+02 -9.552422393e+02
13001 0 +4.429220394e+01 -9.557077961e+02 -9.557077961e+02
13102 0 +4.294506060e+01 -9.570549394e+02 -9.570549394e+02
13401 0 +4.148121888e+01 -9.585187811e+02 -9.585187811e+02
14001 0 +4.021684514e+01 -9.597831549e+02 -9.597831549e+02
14804 0 +3.887988760e+01 -9.611201124e+02 -9.611201124e+02
14901 0 +3.695882895e+01 -9.630411710e+02 -9.630411710e+02
15101 0 +3.542643496e+01 -9.645735650e+02 -9.645735650e+02
15901 0 +3.458879348e+01 -9.654112065e+02 -9.654112065e+02
16502 0 +3.354512279e+01 -9.664548772e+02 -9.664548772e+02
17401 0 +3.241161603e+01 -9.675883840e+02 -9.675883840e+02
17410 0 +3.168586665e+01 -9.683141333e+02 -9.683141333e+02
17901 0 +3.000503550e+01 -9.699949645e+02 -9.699949645e+02
18001 0 +2.850237124e+01 -9.714976288e+02 -9.714976288e+02
18201 0 +2.776676356e+01 -9.722332364e+02 -9.722332364e+02
18706 0 +2.751541241e+01 -9.724845876e+02 -9.724845876e+02
19205 0 +2.654015447e+01 -9.734598455e+02 -9.734598455e+02
19401 0 +2.619438801e+01 -9.738056120e+02 -9.738056120e+02
19702 0 +2.542570314e+01 -9.745742969e+02 -9.745742969e+02
20502 0 +2.492052438e+01 -9.750794756e+02 -9.750794756e+02
20602 0 +2.428842553e+01 -9.757115745e+02 -9.757115745e+02
21702 0 +2.335118716e+01 -9.766488128e+02 -9.766488128e+02
22101 0 +2.283336178e+01 -9.771666382e+02 -9.771666382e+02
23108 0 +2.230714304e+01 -9.776928570e+02 -9.776928570e+02
24003 0 +2.183201962e+01 -9.781679804e+02 -9.781679804e+02
27005 0 +2.106366278e+01 -9.789363372e+02 -9.789363372e+02
28470 0 +2.079326464e+01 -9.792067354e+02 -9.792067354e+02
33601 0 +2.032063071e+01 -9.796793693e+02 -9.796793693e+02
% f evaluations | g evaluations | best noise-free fitness - Fopt (1.000000000000e+03) + sum g_i+ | measured fitness | best measured fitness or single-digit g-values | x1 | x2...
1 0 +8.655096239e+01 +1.086550962e+03 +1.086550962e+03
2 0 +8.650401658e+01 +1.086504017e+03 +1.086504017e+03
9 0 +8.478182470e+01 +1.084781825e+03 +1.084781825e+03
501 0 +8.260679372e+01 +1.082606794e+03 +1.082606794e+03
1404 0 +8.109914943e+01 +1.081099149e+03 +1.081099149e+03
2201 0 +7.939304995e+01 +1.079393050e+03 +1.079393050e+03
3301 0 +7.756019087e+01 +1.077560191e+03 +1.077560191e+03
4201 0 +7.508855845e+01 +1.075088558e+03 +1.075088558e+03
4701 0 +7.352991511e+01 +1.073529915e+03 +1.073529915e+03
5302 0 +7.225099098e+01 +1.072250991e+03 +1.072250991e+03
7001 0 +7.064645729e+01 +1.070646457e+03 +1.070646457e+03
8401 0 +6.887802575e+01 +1.068878026e+03 +1.068878026e+03
8701 0 +6.756106651e+01 +1.067561067e+03 +1.067561067e+03
9605 0 +6.602449344e+01 +1.066024493e+03 +1.066024493e+03
10802 0 +6.444030306e+01 +1.064440303e+03 +1.064440303e+03
11001 0 +6.198252288e+01 +1.061982523e+03 +1.061982523e+03
11101 0 +6.117252202e+01 +1.061172522e+03 +1.061172522e+03
11501 0 +6.017462056e+01 +1.060174621e+03 +1.060174621e+03
12002 0 +5.834886693e+01 +1.058348867e+03 +1.058348867e+03
12303 0 +5.707545702e+01 +1.057075457e+03 +1.057075457e+03
12602 0 +5.567194733e+01 +1.055671947e+03 +1.055671947e+03
13102 0 +5.494125765e+01 +1.054941258e+03 +1.054941258e+03
13503 0 +5.355763790e+01 +1.053557638e+03 +1.053557638e+03
14353 0 +5.223157362e+01 +1.052231574e+03 +1.052231574e+03
14401 0 +5.031876077e+01 +1.050318761e+03 +1.050318761e+03
14902 0 +4.982321906e+01 +1.049823219e+03 +1.049823219e+03
15002 0 +4.813659009e+01 +1.048136590e+03 +1.048136590e+03
15501 0 +4.681614673e+01 +1.046816147e+03 +1.046816147e+03
15701 0 +4.534020948e+01 +1.045340209e+03 +1.045340209e+03
16101 0 +4.266187049e+01 +1.042661870e+03 +1.042661870e+03
16303 0 +4.024424214e+01 +1.040244242e+03 +1.040244242e+03
16501 0 +3.956570560e+01 +1.039565706e+03 +1.039565706e+03
16901 0 +3.847619512e+01 +1.038476195e+03 +1.038476195e+03
18402 0 +3.620987338e+01 +1.036209873e+03 +1.036209873e+03
18701 0 +3.548071195e+01 +1.035480712e+03 +1.035480712e+03
18801 0 +3.408758701e+01 +1.034087587e+03 +1.034087587e+03
19131 0 +3.327676818e+01 +1.033276768e+03 +1.033276768e+03
19201 0 +3.301715834e+01 +1.033017158e+03 +1.033017158e+03
19301 0 +3.132711087e+01 +1.031327111e+03 +1.031327111e+03
19401 0 +3.080039669e+01 +1.030800397e+03 +1.030800397e+03
22701 0 +3.010517256e+01 +1.030105173e+03 +1.030105173e+03
23203 0 +2.919300358e+01 +1.029193004e+03 +1.029193004e+03
23404 0 +2.828360241e+01 +1.028283602e+03 +1.028283602e+03
23501 0 +2.747178722e+01 +1.027471787e+03 +1.027471787e+03
23901 0 +2.652026199e+01 +1.026520262e+03 +1.026520262e+03
24301 0 +2.591130244e+01 +1.025911302e+03 +1.025911302e+03
24703 0 +2.549671390e+01 +1.025496714e+03 +1.025496714e+03
26111 0 +2.443259844e+01 +1.024432598e+03 +1.024432598e+03
26531 0 +2.356634513e+01 +1.023566345e+03 +1.023566345e+03
26601 0 +2.332102501e+01 +1.023321025e+03 +1.023321025e+03
27432 0 +2.271940977e+01 +1.022719410e+03 +1.022719410e+03
28402 0 +2.236699451e+01 +1.022366995e+03 +1.022366995e+03
30706 0 +2.144781224e+01 +1.021447812e+03 +1.021447812e+03
30801 0 +2.120613688e+01 +1.021206137e+03 +1.021206137e+03
35001 0 +2.070725491e+01 +1.020707255e+03 +1.020707255e+03
35401 0 +1.996314355e+01 +1.019963144e+03 +1.019963144e+03
36601 0 +1.953989257e+01 +1.019539893e+03 +1.019539893e+03
38201 0 +1.947229989e+01 +1.019472300e+03 +1.019472300e+03
38203 0 +1.843945524e+01 +1.018439455e+03 +1.018439455e+03
% f evaluations | g evaluations | best noise-free fitness - Fopt (-4.913000000000e+01) + sum g_i+ | measured fitness | best measured fitness or single-digit g-values | x1 | x2...
1 0 +8.635595688e+01 +3.722595688e+01 +3.722595688e+01
4 0 +8.620517520e+01 +3.707517520e+01 +3.707517520e+01
61 0 +8.487825258e+01 +3.574825258e+01 +3.574825258e+01
126 0 +8.162142652e+01 +3.249142652e+01 +3.249142652e+01
129 0 +8.038735378e+01 +3.125735378e+01 +3.125735378e+01
801 0 +7.933565416e+01 +3.020565416e+01 +3.020565416e+01
1801 0 +7.688696663e+01 +2.775696663e+01 +2.775696663e+01
2701 0 +7.514308083e+01 +2.601308083e+01 +2.601308083e+01
3101 0 +7.349084767e+01 +2.436084767e+01 +2.436084767e+01
3401 0 +7.235478718e+01 +2.322478718e+01 +2.322478718e+01
4201 0 +7.075892479e+01 +2.162892479e+01 +2.162892479e+01
5001 0 +6.895865771e+01 +1.982865771e+01 +1.982865771e+01
5902 0 +6.743966182e+01 +1.830966182e+01 +1.830966182e+01
6402 0 +6.591121064e+01 +1.678121064e+01 +1.678121064e+01
6704 0 +6.426471823e+01 +1.513471823e+01 +1.513471823e+01
7001 0 +6.301141529e+01 +1.388141529e+01 +1.388141529e+01
7503 0 +6.147260372e+01 +1.234260372e+01 +1.234260372e+01
7801 0 +5.982296417e+01 +1.069296417e+01 +1.069296417e+01
8001 0 +5.733196162e+01 +8.201961622e+00 +8.201961622e+00
8201 0 +5.522940381e+01 +6.099403810e+00 +6.099403810e+00
8401 0 +5.437085373e+01 +5.240853733e+00 +5.240853733e+00
8402 0 +5.304324909e+01 +3.913249086e+00 +3.913249086e+00
8805 0 +5.220439634e+01 +3.074396342e+00 +3.074396342e+00
9015 0 +4.965664565e+01 +5.266456531e-01 +5.266456531e-01
9101 0 +4.801803582e+01 -1.111964183e+00 -1.111964183e+00
9201 0 +4.457221800e+01 -4.557782005e+00 -4.557782005e+00
9402 0 +4.277337846e+01 -6.356621543e+00 -6.356621543e+00
9501 0 +3.804183385e+01 -1.108816615e+01 -1.108816615e+01
9601 0 +3.793682740e+01 -1.119317260e+01 -1.119317260e+01
9902 0 +3.645183546e+01 -1.267816454e+01 -1.267816454e+01
10001 0 +3.599959439e+01 -1.313040561e+01 -1.313040561e+01
10003 0 +3.486936031e+01 -1.426063969e+01 -1.426063969e+01
10101 0 +3.412722516e+01 -1.500277484e+01 -1.500277484e+01
10239 0 +3.378822663e+01 -1.534177337e+01 -1.534177337e+01
10402 0 +3.226065008e+01 -1.686934992e+01 -1.686934992e+01
10501 0 +3.083708452e+01 -1.829291548e+01 -1.829291548e+01
10701 0 +3.007234648e+01 -1.905765352e+01 -1.905765352e+01
11108 0 +2.919902209e+01 -1.993097791e+01 -1.993097791e+01
11504 0 +2.882529808e+01 -2.030470192e+01 -2.030470192e+01
11602 0 +2.724833456e+01 -2.188166544e+01 -2.188166544e+01
12102 0 +2.653662546e+01 -2.259337454e+01 -2.259337454e+01
12202 0 +2.537269658e+01 -2.375730342e+01 -2.375730342e+01
12301 0 +2.456813842e+01 -2.456186158e+01 -2.456186158e+01
12501 0 +2.196467800e+01 -2.716532200e+01 -2.716532200e+01
12601 0 +2.147975427e+01 -2.765024573e+01 -2.765024573e+01
12702 0 +2.109698257e+01 -2.803301743e+01 -2.803301743e+01
13105 0 +2.071702061e+01 -2.841297939e+01 -2.841297939e+01
13235 0 +2.026666580e+01 -2.886333420e+01 -2.886333420e+01
13402 0 +1.945176438e+01 -2.967823562e+01 -2.967823562e+01
13723 0 +1.888011820e+01 -3.024988180e+01 -3.024988180e+01
13801 0 +1.600581913e+01 -3.312418087e+01 -3.312418087e+01
14501 0 +1.563688364e+01 -3.349311636e+01 -3.349311636e+01
14627 0 +1.461177371e+01 -3.451822629e+01 -3.451822629e+01
14677 0 +1.422495588e+01 -3.490504412e+01 -3.490504412e+01
14701 0 +1.382565713e+01 -3.530434287e+01 -3.530434287e+01
15216 0 +1.323066097e+01 -3.589933903e+01 -3.589933903e+01
15306 0 +1.307093353e+01 -3.605906647e+01 -3.605906647e+01
15401 0 +1.138313492e+01 -3.774686508e+01 -3.774686508e+01
16001 0 +1.085478261e+01 -3.827521739e+01 -3.827521739e+01
16202 0 +9.573074955e+00 -3.955692504e+01 -3.955692504e+01
16902 0 +8.950757393e+00 -4.017924261e+01 -4.017924261e+01
17301 0 +7.904694795e+00 -4.122530520e+01 -4.122530520e+01
17503 0 +7.573631040e+00 -4.155636896e+01 -4.155636896e+01
17944 0 +6.987013105e+00 -4.214298689e+01 -4.214298689e+01
18101 0 +6.731001005e+00 -4.239899900e+01 -4.239899900e+01
18114 0 +5.764923845e+00 -4.336507615e+01 -4.336507615e+01
18702 0 +5.271795520e+00 -4.385820448e+01 -4.385820448e+01
19204 0 +5.128451908e+00 -4.400154809e+01 -4.400154809e+01
19301 0 +4.879455930e+00 -4.425054407e+01 -4.425054407e+01
19643 0 +4.725347585e+00 -4.440465242e+01 -4.440465242e+01
19701 0 +4.431750580e+00 -4.469824942e+01 -4.469824942e+01
20002 0 +4.241978548e+00 -4.488802145e+01 -4.488802145e+01
20102 0 +3.946410244e+00 -4.518358976e+01 -4.518358976e+01
20405 0 +3.546320979e+00 -4.558367902e+01 -4.558367902e+01
21001 0 +3.235257553e+00 -4.589474245e+01 -4.589474245e+01
21705 0 +2.667331202e+00 -4.646266880e+01 -4.646266880e+01
22301 0 +2.589952729e+00 -4.654004727e+01 -4.654004727e+01
22602 0 +2.548862059e+00 -4.658113794e+01 -4.658113794e+01
22923 0 +2.374795780e+00 -4.675520422e+01 -4.675520422e+01
23001 0 +2.286598722e+00 -4.684340128e+01 -4.684340128e+01
23101 0 +2.220667661e+00 -4.690933234e+01 -4.690933234e+01
23824 0 +2.108231555e+00 -4.702176845e+01 -4.702176845e+01
24299 0 +2.066160348e+00 -4.706383965e+01 -4.706383965e+01
25833 0 +1.991805931e+00 -4.713819407e+01 -4.713819407e+01
28551 0 +1.935145943e+00 -4.719485406e+01 -4.719485406e+01
32201 0 +1.773122760e+00 -4.735687724e+01 -4.735687724e+01
% f evaluations | g evaluations | best noise-free fitness - Fopt (2.977300000000e+02) + sum g_i+ | measured fitness | best measured fitness or single-digit g-values | x1 | x2...
1 0 +8.614809754e+01 +3.838780975e+02 +3.838780975e+02
10 0 +8.290294459e+01 +3.806329446e+02 +3.806329446e+02
201 0 +8.121303093e+01 +3.789430309e+02 +3.789430309e+02
1101 0 +7.927479215e+01 +3.770047922e+02 +3.770047922e+02
2003 0 +7.758033932e+01 +3.753103393e+02 +3.753103393e+02
2501 0 +7.581891820e+01 +3.735489182e+02 +3.735489182e+02
4003 0 +7.397406409e+01 +3.717040641e+02 +3.717040641e+02
4701 0 +7.233515889e+01 +3.700651589e+02 +3.700651589e+02
5802 0 +7.074870267e+01 +3.684787027e+02 +3.684787027e+02
6601 0 +6.880000883e+01 +3.665300088e+02 +3.665300088e+02
7201 0 +6.749327225e+01 +3.652232723e+02 +3.652232723e+02
7804 0 +6.606601730e+01 +3.637960173e+02 +3.637960173e+02
8201 0 +6.310597250e+01 +3.608359725e+02 +3.608359725e+02
8301 0 +6.236436625e+01 +3.600943663e+02 +3.600943663e+02
8302 0 +6.148873603e+01 +3.592187360e+02 +3.592187360e+02
8401 0 +5.729583436e+01 +3.550258344e+02 +3.550258344e+02
8601 0 +5.562081928e+01 +3.533508193e+02 +3.533508193e+02
9001 0 +5.423765585e+01 +3.519676559e+02 +3.519676559e+02
9101 0 +5.185436933e+01 +3.495843693e+02 +3.495843693e+02
9201 0 +5.108244808e+01 +3.488124481e+02 +3.488124481e+02
9501 0 +4.956304157e+01 +3.472930416e+02 +3.472930416e+02
9701 0 +4.673868029e+01 +3.444686803e+02 +3.444686803e+02
9902 0 +4.527200627e+01 +3.430020063e+02 +3.430020063e+02
10004 0 +4.344339030e+01 +3.411733903e+02 +3.411733903e+02
10402 0 +4.255523152e+01 +3.402852315e+02 +3.402852315e+02
10501 0 +4.139640876e+01 +3.391264088e+02 +3.391264088e+02
10504 0 +3.929793896e+01 +3.370279390e+02 +3.370279390e+02
10801 0 +3.851006155e+01 +3.362400615e+02 +3.362400615e+02
10813 0 +3.706336063e+01 +3.347933606e+02 +3.347933606e+02
10903 0 +3.303284329e+01 +3.307628433e+02 +3.307628433e+02
11001 0 +3.159684486e+01 +3.293268449e+02 +3.293268449e+02
11393 0 +3.075790020e+01 +3.284879002e+02 +3.284879002e+02
11401 0 +3.000133689e+01 +3.277313369e+02 +3.277313369e+02
11402 0 +2.933597945e+01 +3.270659794e+02 +3.270659794e+02
11701 0 +2.826143820e+01 +3.259914382e+02 +3.259914382e+02
11801 0 +2.729785510e+01 +3.250278551e+02 +3.250278551e+02
11901 0 +2.625142150e+01 +3.239814215e+02 +3.239814215e+02
12002 0 +2.527774728e+01 +3.230077473e+02 +3.230077473e+02
12101 0 +2.427440977e+01 +3.220044098e+02 +3.220044098e+02
12201 0 +2.356619367e+01 +3.212961937e+02 +3.212961937e+02
12603 0 +2.206625965e+01 +3.197962597e+02 +3.197962597e+02
12701 0 +2.098612608e+01 +3.187161261e+02 +3.187161261e+02
12801 0 +2.004746906e+01 +3.177774691e+02 +3.177774691e+02
13001 0 +1.914969162e+01 +3.168796916e+02 +3.168796916e+02
13101 0 +1.818232205e+01 +3.159123220e+02 +3.159123220e+02
13301 0 +1.714107534e+01 +3.148710753e+02 +3.148710753e+02
13701 0 +1.526363734e+01 +3.129936373e+02 +3.129936373e+02
14301 0 +1.466360490e+01 +3.123936049e+02 +3.123936049e+02
14401 0 +1.334375006e+01 +3.110737501e+02 +3.110737501e+02
14601 0 +1.318221945e+01 +3.109122195e+02 +3.109122195e+02
15501 0 +1.285101365e+01 +3.105810137e+02 +3.105810137e+02
15601 0 +1.231154404e+01 +3.100415440e+02 +3.100415440e+02
15902 0 +1.138756696e+01 +3.091175670e+02 +3.091175670e+02
16101 0 +9.977038604e+00 +3.077070386e+02 +3.077070386e+02
16901 0 +9.066835127e+00 +3.067968351e+02 +3.067968351e+02
17217 0 +8.879629330e+00 +3.066096293e+02 +3.066096293e+02
17401 0 +8.405354410e+00 +3.061353544e+02 +3.061353544e+02
17605 0 +8.222174667e+00 +3.059521747e+02 +3.059521747e+02
17701 0 +8.032795880e+00 +3.057627959e+02 +3.057627959e+02
18201 0 +7.391009030e+00 +3.051210090e+02 +3.051210090e+02
18702 0 +6.951436513e+00 +3.046814365e+02 +3.046814365e+02
20401 0 +6.277486250e+00 +3.040074863e+02 +3.040074863e+02
21401 0 +5.625391791e+00 +3.033553918e+02 +3.033553918e+02
21601 0 +5.580273574e+00 +3.033102736e+02 +3.033102736e+02
22002 0 +4.966548848e+00 +3.026965488e+02 +3.026965488e+02
23603 0 +4.244191792e+00 +3.019741918e+02 +3.019741918e+02
23701 0 +4.053499184e+00 +3.017834992e+02 +3.017834992e+02
24005 0 +3.885726748e+00 +3.016157267e+02 +3.016157267e+02
24102 0 +3.732905166e+00 +3.014629052e+02 +3.014629052e+02
24901 0 +3.250717976e+00 +3.009807180e+02 +3.009807180e+02
25102 0 +3.216022620e+00 +3.009460226e+02 +3.009460226e+02
25905 0 +3.076003415e+00 +3.008060034e+02 +3.008060034e+02
26520 0 +2.775249970e+00 +3.005052500e+02 +3.005052500e+02
26802 0 +2.575691155e+00 +3.003056912e+02 +3.003056912e+02
27001 0 +2.493711260e+00 +3.002237113e+02 +3.002237113e+02
27501 0 +2.327790981e+00 +3.000577910e+02 +3.000577910e+02
27502 0 +2.287668663e+00 +3.000176687e+02 +3.000176687e+02
27871 0 +2.197185454e+00 +2.999271855e+02 +2.999271855e+02
28101 0 +2.178685317e+00 +2.999086853e+02 +2.999086853e+02
28405 0 +2.091917537e+00 +2.998219175e+02 +2.998219175e+02
28501 0 +2.067216134e+00 +2.997972161e+02 +2.997972161e+02
30701 0 +2.037912702e+00 +2.997679127e+02 +2.997679127e+02
35703 0 +1.976558751e+00 +2.997065588e+02 +2.997065588e+02
38403 0 +1.890290191e+00 +2.996202902e+02 +2.996202902e+02
% f evaluations | g evaluations | best noise-free fitness - Fopt (5.157000000000e+01) + sum g_i+ | measured fitness | best measured fitness or single-digit g-values | x1 | x2...
1 0 +8.653270350e+01 +1.381027035e+02 +1.381027035e+02
2 0 +8.644656676e+01 +1.380165668e+02 +1.380165668e+02
14 0 +8.405401947e+01 +1.356240195e+02 +1.356240195e+02
127 0 +8.247521299e+01 +1.340452130e+02 +1.340452130e+02
601 0 +8.123168023e+01 +1.328016802e+02 +1.328016802e+02
1602 0 +7.923572474e+01 +1.308057247e+02 +1.308057247e+02
2301 0 +7.725626540e+01 +1.288262654e+02 +1.288262654e+02
3102 0 +7.567570072e+01 +1.272457007e+02 +1.272457007e+02
3602 0 +7.402506061e+01 +1.255950606e+02 +1.255950606e+02
4409 0 +7.230225573e+01 +1.238722557e+02 +1.238722557e+02
5202 0 +7.034288379e+01 +1.219128838e+02 +1.219128838e+02
6101 0 +6.900970616e+01 +1.205797062e+02 +1.205797062e+02
6601 0 +6.732011077e+01 +1.188901108e+02 +1.188901108e+02
6901 0 +6.513392501e+01 +1.167039250e+02 +1.167039250e+02
7001 0 +6.419408381e+01 +1.157640838e+02 +1.157640838e+02
7801 0 +6.279767362e+01 +1.143676736e+02 +1.143676736e+02
7901 0 +6.159868180e+01 +1.131686818e+02 +1.131686818e+02
8207 0 +5.957296332e+01 +1.111429633e+02 +1.111429633e+02
8901 0 +5.880826657e+01 +1.103782666e+02 +1.103782666e+02
9402 0 +5.752280948e+01 +1.090928095e+02 +1.090928095e+02
10201 0 +5.610859922e+01 +1.076785992e+02 +1.076785992e+02
10604 0 +5.343455559e+01 +1.050045556e+02 +1.050045556e+02
10802 0 +5.224377243e+01 +1.038137724e+02 +1.038137724e+02
11104 0 +5.126235720e+01 +1.028323572e+02 +1.028323572e+02
11202 0 +4.812441002e+01 +9.969441002e+01 +9.969441002e+01
11502 0 +4.718511562e+01 +9.875511562e+01 +9.875511562e+01
11601 0 +4.613010338e+01 +9.770010338e+01 +9.770010338e+01
11701 0 +4.539719139e+01 +9.696719139e+01 +9.696719139e+01
12001 0 +4.260828461e+01 +9.417828461e+01 +9.417828461e+01
12201 0 +4.118150195e+01 +9.275150195e+01 +9.275150195e+01
12301 0 +4.054600269e+01 +9.211600269e+01 +9.211600269e+01
12401 0 +3.932566287e+01 +9.089566287e+01 +9.089566287e+01
12506 0 +3.825637247e+01 +8.982637247e+01 +8.982637247e+01
12601 0 +3.799635662e+01 +8.956635662e+01 +8.956635662e+01
12602 0 +3.709847009e+01 +8.866847009e+01 +8.866847009e+01
12801 0 +3.458127826e+01 +8.615127826e+01 +8.615127826e+01
13201 0 +3.208094762e+01 +8.365094762e+01 +8.365094762e+01
13454 0 +3.118167581e+01 +8.275167581e+01 +8.275167581e+01
13501 0 +3.009915818e+01 +8.166915818e+01 +8.166915818e+01
13901 0 +2.924242887e+01 +8.081242887e+01 +8.081242887e+01
14202 0 +2.862157786e+01 +8.019157786e+01 +8.019157786e+01
14307 0 +2.798116235e+01 +7.955116235e+01 +7.955116235e+01
14501 0 +2.683679585e+01 +7.840679585e+01 +7.840679585e+01
14901 0 +2.607732671e+01 +7.764732671e+01 +7.764732671e+01
15103 0 +2.537734305e+01 +7.694734305e+01 +7.694734305e+01
16501 0 +2.450281787e+01 +7.607281787e+01 +7.607281787e+01
16601 0 +2.361909874e+01 +7.518909874e+01 +7.518909874e+01
16701 0 +2.299635407e+01 +7.456635407e+01 +7.456635407e+01
17001 0 +2.159959047e+01 +7.316959047e+01 +7.316959047e+01
17401 0 +2.073333429e+01 +7.230333429e+01 +7.230333429e+01
17720 0 +2.025628201e+01 +7.182628201e+01 +7.182628201e+01
18001 0 +1.971615364e+01 +7.128615364e+01 +7.128615364e+01
18541 0 +1.919479939e+01 +7.076479939e+01 +7.076479939e+01
18601 0 +1.878408890e+01 +7.035408890e+01 +7.035408890e+01
18803 0 +1.835560365e+01 +6.992560365e+01 +6.992560365e+01
19003 0 +1.802886724e+01 +6.959886724e+01 +6.959886724e+01
19205 0 +1.754346691e+01 +6.911346691e+01 +6.911346691e+01
19501 0 +1.699914881e+01 +6.856914881e+01 +6.856914881e+01
19601 0 +1.690131661e+01 +6.847131661e+01 +6.847131661e+01
20104 0 +1.643625811e+01 +6.800625811e+01 +6.800625811e+01
20202 0 +1.603019662e+01 +6.760019662e+01 +6.760019662e+01
20301 0 +1.511007524e+01 +6.668007524e+01 +6.668007524e+01
21105 0 +1.457902848e+01 +6.614902848e+01 +6.614902848e+01
21201 0 +1.422286449e+01 +6.579286449e+01 +6.579286449e+01
21202 0 +1.381219825e+01 +6.538219825e+01 +6.538219825e+01
21303 0 +1.342669079e+01 +6.499669079e+01 +6.499669079e+01
21701 0 +1.303258810e+01 +6.460258810e+01 +6.460258810e+01
22701 0 +1.239977835e+01 +6.396977835e+01 +6.396977835e+01
23077 0 +1.213399797e+01 +6.370399797e+01 +6.370399797e+01
23102 0 +1.194279749e+01 +6.351279749e+01 +6.351279749e+01
23516 0 +1.173374888e+01 +6.330374888e+01 +6.330374888e+01
23706 0 +1.129253221e+01 +6.286253221e+01 +6.286253221e+01
24901 0 +1.086495276e+01 +6.243495276e+01 +6.243495276e+01
26306 0 +1.059035996e+01 +6.216035996e+01 +6.216035996e+01
26408 0 +1.045691927e+01 +6.202691927e+01 +6.202691927e+01
27303 0 +1.017027344e+01 +6.174027344e+01 +6.174027344e+01
27901 0 +9.509772561e+00 +6.107977256e+01 +6.107977256e+01
28601 0 +8.926669566e+00 +6.049666957e+01 +6.049666957e+01
30002 0 +8.766915757e+00 +6.033691576e+01 +6.033691576e+01
30903 0 +8.442219835e+00 +6.001221984e+01 +6.001221984e+01
33801 0 +8.098487630e+00 +5.966848763e+01 +5.966848763e+01
39802 0 +7.881960415e+00 +5.945196042e+01 +5.945196042e+01
% f evaluations | g evaluations | best noise-free fitness - Fopt (-1.044000000000e+01) + sum g_i+ | measured fitness | best measured fitness or single-digit g-values | x1 | x2...
1 0 +8.647918007e+01 +7.603918007e+01 +7.603918007e+01
2 0 +8.640291549e+01 +7.596291549e+01 +7.596291549e+01
38 0 +8.450154489e+01 +7.406154489e+01 +7.406154489e+01
126 0 +7.979666570e+01 +6.935666570e+01 +6.935666570e+01
127 0 +7.939192870e+01 +6.895192870e+01 +6.895192870e+01
601 0 +7.754981076e+01 +6.710981076e+01 +6.710981076e+01
1201 0 +7.585636998e+01 +6.541636998e+01 +6.541636998e+01
1601 0 +7.216610351e+01 +6.172610351e+01 +6.172610351e+01
2301 0 +7.061624844e+01 +6.017624844e+01 +6.017624844e+01
2901 0 +6.877009014e+01 +5.833009014e+01 +5.833009014e+01
3101 0 +6.757668000e+01 +5.713668000e+01 +5.713668000e+01
3801 0 +6.603505288e+01 +5.559505288e+01 +5.559505288e+01
4146 0 +6.428056157e+01 +5.384056157e+01 +5.384056157e+01
4402 0 +6.250421524e+01 +5.206421524e+01 +5.206421524e+01
4501 0 +6.013889453e+01 +4.969889453e+01 +4.969889453e+01
5102 0 +5.853587293e+01 +4.809587293e+01 +4.809587293e+01
5704 0 +5.738891781e+01 +4.694891781e+01 +4.694891781e+01
6011 0 +5.553536415e+01 +4.509536415e+01 +4.509536415e+01
6402 0 +5.468694835e+01 +4.424694835e+01 +4.424694835e+01
6501 0 +5.282350015e+01 +4.238350015e+01 +4.238350015e+01
6601 0 +5.198624327e+01 +4.154624327e+01 +4.154624327e+01
6901 0 +5.070618804e+01 +4.026618804e+01 +4.026618804e+01
7001 0 +4.948376192e+01 +3.904376192e+01 +3.904376192e+01
7101 0 +4.853997262e+01 +3.809997262e+01 +3.809997262e+01
7914 0 +4.773268435e+01 +3.729268435e+01 +3.729268435e+01
8202 0 +4.645412670e+01 +3.601412670e+01 +3.601412670e+01
8501 0 +4.085572233e+01 +3.041572233e+01 +3.041572233e+01
8601 0 +3.816244289e+01 +2.772244289e+01 +2.772244289e+01
10503 0 +3.776462803e+01 +2.732462803e+01 +2.732462803e+01
10601 0 +3.477552241e+01 +2.433552241e+01 +2.433552241e+01
10701 0 +3.423669460e+01 +2.379669460e+01 +2.379669460e+01
11301 0 +3.201718029e+01 +2.157718029e+01 +2.157718029e+01
11801 0 +2.983424720e+01 +1.939424720e+01 +1.939424720e+01
12001 0 +2.929450222e+01 +1.885450222e+01 +1.885450222e+01
12301 0 +2.823985747e+01 +1.779985747e+01 +1.779985747e+01
12403 0 +2.817192184e+01 +1.773192184e+01 +1.773192184e+01
13705 0 +2.739825394e+01 +1.695825394e+01 +1.695825394e+01
13901 0 +2.603184612e+01 +1.559184612e+01 +1.559184612e+01
14302 0 +2.566387484e+01 +1.522387484e+01 +1.522387484e+01
14703 0 +2.465821620e+01 +1.421821620e+01 +1.421821620e+01
14801 0 +2.437514252e+01 +1.393514252e+01 +1.393514252e+01
15704 0 +2.385432202e+01 +1.341432202e+01 +1.341432202e+01
16301 0 +2.245110422e+01 +1.201110422e+01 +1.201110422e+01
16401 0 +2.224224081e+01 +1.180224081e+01 +1.180224081e+01
16802 0 +2.133409970e+01 +1.089409970e+01 +1.089409970e+01
17701 0 +2.030480846e+01 +9.864808458e+00 +9.864808458e+00
19701 0 +1.955841447e+01 +9.118414473e+00 +9.118414473e+00
20101 0 +1.948573607e+01 +9.045736073e+00 +9.045736073e+00
20201 0 +1.847007727e+01 +8.030077271e+00 +8.030077271e+00
20301 0 +1.800924496e+01 +7.569244957e+00 +7.569244957e+00
20601 0 +1.746085564e+01 +7.020855644e+00 +7.020855644e+00
21301 0 +1.694778857e+01 +6.507788566e+00 +6.507788566e+00
22001 0 +1.646061759e+01 +6.020617589e+00 +6.020617589e+00
22002 0 +1.607515681e+01 +5.635156812e+00 +5.635156812e+00
24201 0 +1.518246982e+01 +4.742469825e+00 +4.742469825e+00
24904 0 +1.493800390e+01 +4.498003899e+00 +4.498003899e+00
25301 0 +1.362558692e+01 +3.185586916e+00 +3.185586916e+00
26001 0 +1.344429306e+01 +3.004293061e+00 +3.004293061e+00
26002 0 +1.304284416e+01 +2.602844155e+00 +2.602844155e+00
26101 0 +1.220142642e+01 +1.761426421e+00 +1.761426421e+00
27001 0 +1.199099303e+01 +1.550993025e+00 +1.550993025e+00
27204 0 +1.165710953e+01 +1.217109533e+00 +1.217109533e+00
29102 0 +1.123498386e+01 +7.949838629e-01 +7.949838629e-01
29301 0 +1.078449738e+01 +3.444973828e-01 +3.444973828e-01
33003 0 +1.060782217e+01 +1.678221710e-01 +1.678221710e-01
33301 0 +1.020387645e+01 -2.361235548e-01 -2.361235548e-01
34471 0 +9.609914828e+00 -8.300851717e-01 -8.300851717e-01
34501 0 +9.440937693e+00 -9.990623071e-01 -9.990623071e-01
34926 0 +9.237686697e+00 -1.202313303e+00 -1.202313303e+00
36836 0 +8.930908985e+00 -1.509091015e+00 -1.509091015e+00
% f evaluations | g evaluations | best noise-free fitness - Fopt (-1.039200000000e+02) + sum g_i+ | measured fitness | best measured fitness or single-digit g-values | x1 | x2...
1 0 +8.641361731e+01 -1.750638269e+01 -1.750638269e+01
3 0 +8.617471285e+01 -1.774528715e+01 -1.774528715e+01
42 0 +8.384738324e+01 -2.007261676e+01 -2.007261676e+01
126 0 +8.266884712e+01 -2.125115288e+01 -2.125115288e+01
701 0 +8.097382140e+01 -2.294617860e+01 -2.294617860e+01
1501 0 +7.940817618e+01 -2.451182382e+01 -2.451182382e+01
2201 0 +7.730964912e+01 -2.661035088e+01 -2.661035088e+01
3101 0 +7.556216068e+01 -2.835783932e+01 -2.835783932e+01
3501 0 +7.381119219e+01 -3.010880781e+01 -3.010880781e+01
4301 0 +7.209768448e+01 -3.182231552e+01 -3.182231552e+01
5301 0 +7.037354302e+01 -3.354645698e+01 -3.354645698e+01
5502 0 +6.911172323e+01 -3.480827677e+01 -3.480827677e+01
6401 0 +6.734648141e+01 -3.657351859e+01 -3.657351859e+01
6701 0 +6.563206468e+01 -3.828793532e+01 -3.828793532e+01
7202 0 +6.443838885e+01 -3.948161115e+01 -3.948161115e+01
7902 0 +6.263537849e+01 -4.128462151e+01 -4.128462151e+01
8501 0 +6.153959370e+01 -4.238040630e+01 -4.238040630e+01
9003 0 +6.018459846e+01 -4.373540154e+01 -4.373540154e+01
9401 0 +5.887516424e+01 -4.504483576e+01 -4.504483576e+01
9701 0 +5.682983316e+01 -4.709016684e+01 -4.709016684e+01
10101 0 +5.606786955e+01 -4.785213045e+01 -4.785213045e+01
10202 0 +5.402831285e+01 -4.989168715e+01 -4.989168715e+01
10301 0 +5.368728114e+01 -5.023271886e+01 -5.023271886e+01
10501 0 +5.217154853e+01 -5.174845147e+01 -5.174845147e+01
10802 0 +5.105963653e+01 -5.286036347e+01 -5.286036347e+01
11005 0 +4.986066537e+01 -5.405933463e+01 -5.405933463e+01
11302 0 +4.806727262e+01 -5.585272738e+01 -5.585272738e+01
11401 0 +4.785536420e+01 -5.606463580e+01 -5.606463580e+01
11602 0 +4.676043361e+01 -5.715956639e+01 -5.715956639e+01
11693 0 +4.534359204e+01 -5.857640796e+01 -5.857640796e+01
11701 0 +4.279056712e+01 -6.112943288e+01 -6.112943288e+01
12205 0 +4.173829273e+01 -6.218170727e+01 -6.218170727e+01
12401 0 +4.052619241e+01 -6.339380759e+01 -6.339380759e+01
12404 0 +3.980699326e+01 -6.411300674e+01 -6.411300674e+01
12602 0 +3.754731398e+01 -6.637268602e+01 -6.637268602e+01
12801 0 +3.642738878e+01 -6.749261122e+01 -6.749261122e+01
12901 0 +3.501912644e+01 -6.890087356e+01 -6.890087356e+01
13303 0 +3.445543287e+01 -6.946456713e+01 -6.946456713e+01
13601 0 +3.338107000e+01 -7.053893000e+01 -7.053893000e+01
13704 0 +3.204044528e+01 -7.187955472e+01 -7.187955472e+01
13906 0 +3.153067286e+01 -7.238932714e+01 -7.238932714e+01
14401 0 +3.073810075e+01 -7.318189925e+01 -7.318189925e+01
14701 0 +3.012482239e+01 -7.379517761e+01 -7.379517761e+01
15403 0 +2.917156933e+01 -7.474843067e+01 -7.474843067e+01
15701 0 +2.824462992e+01 -7.567537008e+01 -7.567537008e+01
15721 0 +2.817996590e+01 -7.574003410e+01 -7.574003410e+01
16685 0 +2.693625867e+01 -7.698374133e+01 -7.698374133e+01
16701 0 +2.691482929e+01 -7.700517071e+01 -7.700517071e+01
17802 0 +2.609146669e+01 -7.782853331e+01 -7.782853331e+01
18502 0 +2.565594947e+01 -7.826405053e+01 -7.826405053e+01
18601 0 +2.342475397e+01 -8.049524603e+01 -8.049524603e+01
18801 0 +2.251314002e+01 -8.140685998e+01 -8.140685998e+01
19401 0 +2.154391378e+01 -8.237608622e+01 -8.237608622e+01
20202 0 +2.125652621e+01 -8.266347379e+01 -8.266347379e+01
20622 0 +2.047238587e+01 -8.344761413e+01 -8.344761413e+01
20703 0 +2.024985542e+01 -8.367014458e+01 -8.367014458e+01
20802 0 +1.986555472e+01 -8.405444528e+01 -8.405444528e+01
21004 0 +1.932049839e+01 -8.459950161e+01 -8.459950161e+01
21508 0 +1.902936648e+01 -8.489063352e+01 -8.489063352e+01
21831 0 +1.849355359e+01 -8.542644641e+01 -8.542644641e+01
22101 0 +1.801607614e+01 -8.590392386e+01 -8.590392386e+01
22405 0 +1.756269892e+01 -8.635730108e+01 -8.635730108e+01
22613 0 +1.697421736e+01 -8.694578264e+01 -8.694578264e+01
23102 0 +1.636737741e+01 -8.755262259e+01 -8.755262259e+01
23103 0 +1.578069704e+01 -8.813930296e+01 -8.813930296e+01
24003 0 +1.480310184e+01 -8.911689816e+01 -8.911689816e+01
24101 0 +1.403438787e+01 -8.988561213e+01 -8.988561213e+01
24607 0 +1.353605993e+01 -9.038394007e+01 -9.038394007e+01
25402 0 +1.332586872e+01 -9.059413128e+01 -9.059413128e+01
25901 0 +1.302642197e+01 -9.089357803e+01 -9.089357803e+01
27921 0 +1.248790855e+01 -9.143209145e+01 -9.143209145e+01
29101 0 +1.206375342e+01 -9.185624658e+01 -9.185624658e+01
29189 0 +1.195063691e+01 -9.196936309e+01 -9.196936309e+01
29447 0 +1.163596548e+01 -9.228403452e+01 -9.228403452e+01
29465 0 +1.126712045e+01 -9.265287955e+01 -9.265287955e+01
31902 0 +1.108734343e+01 -9.283265657e+01 -9.283265657e+01
33801 0 +1.089624165e+01 -9.302375835e+01 -9.302375835e+01
39602 0 +1.056003780e+01 -9.335996220e+01 -9.335996220e+01
39603 0 +1.016676823e+01 -9.375323177e+01 -9.375323177e+01
% f evaluations | g evaluations | best noise-free fitness - Fopt (1.000000000000e+03) + sum g_i+ | measured fitness | best measured fitness or single-digit g-values | x1 | x2...
1 0 +8.646465997e+01 +1.086464660e+03 +1.086464660e+03
2 0 +8.237400978e+01 +1.082374010e+03 +1.082374010e+03
126 0 +7.651851076e+01 +1.076518511e+03 +1.076518511e+03
201 0 +7.562645235e+01 +1.075626452e+03 +1.075626452e+03
602 0 +7.390733582e+01 +1.073907336e+03 +1.073907336e+03
1302 0 +7.230530680e+01 +1.072305307e+03 +1.072305307e+03
1701 0 +7.058590082e+01 +1.070585901e+03 +1.070585901e+03
2201 0 +6.892577778e+01 +1.068925778e+03 +1.068925778e+03
2601 0 +6.751450196e+01 +1.067514502e+03 +1.067514502e+03
3036 0 +6.553999116e+01 +1.065539991e+03 +1.065539991e+03
3401 0 +6.435081067e+01 +1.064350811e+03 +1.064350811e+03
4101 0 +6.291587435e+01 +1.062915874e+03 +1.062915874e+03
4303 0 +6.160833821e+01 +1.061608338e+03 +1.061608338e+03
4601 0 +5.942110006e+01 +1.059421100e+03 +1.059421100e+03
4801 0 +5.838841369e+01 +1.058388414e+03 +1.058388414e+03
4901 0 +5.735267063e+01 +1.057352671e+03 +1.057352671e+03
5201 0 +5.605841502e+01 +1.056058415e+03 +1.056058415e+03
5501 0 +5.387189573e+01 +1.053871896e+03 +1.053871896e+03
5601 0 +5.296305075e+01 +1.052963051e+03 +1.052963051e+03
5803 0 +5.246301526e+01 +1.052463015e+03 +1.052463015e+03
6003 0 +4.835432358e+01 +1.048354324e+03 +1.048354324e+03
6302 0 +4.735117201e+01 +1.047351172e+03 +1.047351172e+03
6604 0 +4.660352431e+01 +1.046603524e+03 +1.046603524e+03
6901 0 +4.540568407e+01 +1.045405684e+03 +1.045405684e+03
7003 0 +4.404826791e+01 +1.044048268e+03 +1.044048268e+03
7401 0 +4.332580330e+01 +1.043325803e+03 +1.043325803e+03
7404 0 +4.263989702e+01 +1.042639897e+03 +1.042639897e+03
7806 0 +3.830376611e+01 +1.038303766e+03 +1.038303766e+03
8001 0 +3.725346033e+01 +1.037253460e+03 +1.037253460e+03
8002 0 +3.673131913e+01 +1.036731319e+03 +1.036731319e+03
8101 0 +3.474930576e+01 +1.034749306e+03 +1.034749306e+03
8301 0 +3.403836607e+01 +1.034038366e+03 +1.034038366e+03
8601 0 +3.256820880e+01 +1.032568209e+03 +1.032568209e+03
9301 0 +3.233252277e+01 +1.032332523e+03 +1.032332523e+03
9402 0 +2.983220076e+01 +1.029832201e+03 +1.029832201e+03
9601 0 +2.925970947e+01 +1.029259709e+03 +1.029259709e+03
10303 0 +2.873297700e+01 +1.028732977e+03 +1.028732977e+03
10601 0 +2.769023803e+01 +1.027690238e+03 +1.027690238e+03
10701 0 +2.713631689e+01 +1.027136317e+03 +1.027136317e+03
10903 0 +2.566533564e+01 +1.025665336e+03 +1.025665336e+03
11101 0 +2.509777431e+01 +1.025097774e+03 +1.025097774e+03
12503 0 +2.353952068e+01 +1.023539521e+03 +1.023539521e+03
12701 0 +2.290728156e+01 +1.022907282e+03 +1.022907282e+03
12801 0 +2.114073291e+01 +1.021140733e+03 +1.021140733e+03
13703 0 +2.057190571e+01 +1.020571906e+03 +1.020571906e+03
14702 0 +1.970053267e+01 +1.019700533e+03 +1.019700533e+03
15803 0 +1.892633148e+01 +1.018926331e+03 +1.018926331e+03
16507 0 +1.829554563e+01 +1.018295546e+03 +1.018295546e+03
17301 0 +1.779624522e+01 +1.017796245e+03 +1.017796245e+03
17504 0 +1.764893674e+01 +1.017648937e+03 +1.017648937e+03
17604 0 +1.686457030e+01 +1.016864570e+03 +1.016864570e+03
18809 0 +1.650221667e+01 +1.016502217e+03 +1.016502217e+03
19201 0 +1.535168360e+01 +1.015351684e+03 +1.015351684e+03
19544 0 +1.502214252e+01 +1.015022143e+03 +1.015022143e+03
19702 0 +1.478919226e+01 +1.014789192e+03 +1.014789192e+03
20002 0 +1.391279978e+01 +1.013912800e+03 +1.013912800e+03
23101 0 +1.363173257e+01 +1.013631733e+03 +1.013631733e+03
26124 0 +1.330562875e+01 +1.013305629e+03 +1.013305629e+03
27238 0 +1.317126898e+01 +1.013171269e+03 +1.013171269e+03
27244 0 +1.269858099e+01 +1.012698581e+03 +1.012698581e+03
28704 0 +1.247073636e+01 +1.012470736e+03 +1.012470736e+03
30302 0 +1.197852146e+01 +1.011978521e+03 +1.011978521e+03
30602 0 +1.160458342e+01 +1.011604583e+03 +1.011604583e+03
31020 0 +1.122646864e+01 +1.011226469e+03 +1.011226469e+03
31201 0 +1.091402500e+01 +1.010914025e+03 +1.010914025e+03
32020 0 +1.063188819e+01 +1.010631888e+03 +1.010631888e+03
33721 0 +1.028852121e+01 +1.010288521e+03 +1.010288521e+03
36601 0 +1.005375455e+01 +1.010053755e+03 +1.010053755e+03
36602 0 +9.834418906e+00 +1.009834419e+03 +1.009834419e+03
38607 0 +9.591182081e+00 +1.009591182e+03 +1.009591182e+03
39503 0 +9.485420261e+00 +1.009485420e+03 +1.009485420e+03
% f evaluations | g evaluations | best noise-free fitness - Fopt (-4.913000000000e+01) + sum g_i+ | measured fitness | best measured fitness or single-digit g-values | x1 | x2...
1 0 +8.654611317e+01 +3.741611317e+01 +3.741611317e+01
2 0 +8.644358912e+01 +3.731358912e+01 +3.731358912e+01
34 0 +8.505339481e+01 +3.592339481e+01 +3.592339481e+01
130 0 +8.294059350e+01 +3.381059350e+01 +3.381059350e+01
1202 0 +8.112640939e+01 +3.199640939e+01 +3.199640939e+01
2401 0 +7.913617174e+01 +3.000617174e+01 +3.000617174e+01
3202 0 +7.754831894e+01 +2.841831894e+01 +2.841831894e+01
3801 0 +7.584712429e+01 +2.671712429e+01 +2.671712429e+01
4801 0 +7.312287219e+01 +2.399287219e+01 +2.399287219e+01
5101 0 +7.235226879e+01 +2.322226879e+01 +2.322226879e+01
5602 0 +7.066983300e+01 +2.153983300e+01 +2.153983300e+01
6101 0 +6.916032177e+01 +2.003032177e+01 +2.003032177e+01
6201 0 +6.746703686e+01 +1.833703686e+01 +1.833703686e+01
6801 0 +6.475451520e+01 +1.562451520e+01 +1.562451520e+01
7201 0 +6.360511960e+01 +1.447511960e+01 +1.447511960e+01
7402 0 +6.307380350e+01 +1.394380350e+01 +1.394380350e+01
7801 0 +6.154090517e+01 +1.241090517e+01 +1.241090517e+01
7901 0 +5.811890441e+01 +8.988904411e+00 +8.988904411e+00
8201 0 +5.669074296e+01 +7.560742961e+00 +7.560742961e+00
8303 0 +5.392196159e+01 +4.791961586e+00 +4.791961586e+00
8501 0 +4.958712907e+01 +4.571290688e-01 +4.571290688e-01
9605 0 +4.876774286e+01 -3.622571380e-01 -3.622571380e-01
10003 0 +4.635867559e+01 -2.771324406e+00 -2.771324406e+00
10006 0 +4.556400521e+01 -3.565994795e+00 -3.565994795e+00
10101 0 +4.146023797e+01 -7.669762027e+00 -7.669762027e+00
10801 0 +4.028134131e+01 -8.848658689e+00 -8.848658689e+00
10802 0 +3.937435159e+01 -9.755648409e+00 -9.755648409e+00
11301 0 +3.789317304e+01 -1.123682696e+01 -1.123682696e+01
11501 0 +3.529315183e+01 -1.383684817e+01 -1.383684817e+01
11701 0 +3.227892291e+01 -1.685107709e+01 -1.685107709e+01
12711 0 +3.035852337e+01 -1.877147663e+01 -1.877147663e+01
12802 0 +2.855047485e+01 -2.057952515e+01 -2.057952515e+01
12901 0 +2.786219396e+01 -2.126780604e+01 -2.126780604e+01
13001 0 +2.752542538e+01 -2.160457462e+01 -2.160457462e+01
13201 0 +2.690792795e+01 -2.222207205e+01 -2.222207205e+01
13504 0 +2.619395427e+01 -2.293604573e+01 -2.293604573e+01
13902 0 +2.509261908e+01 -2.403738092e+01 -2.403738092e+01
14201 0 +2.386503428e+01 -2.526496572e+01 -2.526496572e+01
15501 0 +2.335297381e+01 -2.577702619e+01 -2.577702619e+01
16005 0 +2.239419969e+01 -2.673580031e+01 -2.673580031e+01
16006 0 +2.238300009e+01 -2.674699991e+01 -2.674699991e+01
16350 0 +2.157054690e+01 -2.755945310e+01 -2.755945310e+01
16402 0 +2.132156276e+01 -2.780843724e+01 -2.780843724e+01
16701 0 +2.050337536e+01 -2.862662464e+01 -2.862662464e+01
16903 0 +2.002369498e+01 -2.910630502e+01 -2.910630502e+01
17001 0 +1.970750620e+01 -2.942249380e+01 -2.942249380e+01
17101 0 +1.912539330e+01 -3.000460670e+01 -3.000460670e+01
17605 0 +1.902446021e+01 -3.010553979e+01 -3.010553979e+01
17901 0 +1.836839825e+01 -3.076160175e+01 -3.076160175e+01
18103 0 +1.805500681e+01 -3.107499319e+01 -3.107499319e+01
18402 0 +1.769699644e+01 -3.143300356e+01 -3.143300356e+01
18515 0 +1.732772087e+01 -3.180227913e+01 -3.180227913e+01
18606 0 +1.662262690e+01 -3.250737310e+01 -3.250737310e+01
18701 0 +1.545801348e+01 -3.367198652e+01 -3.367198652e+01
19103 0 +1.495582635e+01 -3.417417365e+01 -3.417417365e+01
19508 0 +1.445994255e+01 -3.467005745e+01 -3.467005745e+01
19801 0 +1.386139270e+01 -3.526860730e+01 -3.526860730e+01
20103 0 +1.369677366e+01 -3.543322634e+01 -3.543322634e+01
20367 0 +1.313138556e+01 -3.599861444e+01 -3.599861444e+01
20402 0 +1.264382566e+01 -3.648617434e+01 -3.648617434e+01
20702 0 +1.218236662e+01 -3.694763338e+01 -3.694763338e+01
20904 0 +1.184621510e+01 -3.728378490e+01 -3.728378490e+01
21801 0 +1.131512968e+01 -3.781487032e+01 -3.781487032e+01
22201 0 +1.112007856e+01 -3.800992144e+01 -3.800992144e+01
22461 0 +1.093472647e+01 -3.819527353e+01 -3.819527353e+01
22601 0 +1.069052999e+01 -3.843947001e+01 -3.843947001e+01
23433 0 +1.023760024e+01 -3.889239976e+01 -3.889239976e+01
27201 0 +9.825630082e+00 -3.930436992e+01 -3.930436992e+01
28202 0 +9.188269525e+00 -3.994173048e+01 -3.994173048e+01
28805 0 +9.015027059e+00 -4.011497294e+01 -4.011497294e+01
29704 0 +8.810973535e+00 -4.031902647e+01 -4.031902647e+01
29901 0 +8.643978781e+00 -4.048602122e+01 -4.048602122e+01
30902 0 +8.335919602e+00 -4.079408040e+01 -4.079408040e+01
32212 0 +8.308000110e+00 -4.082199989e+01 -4.082199989e+01
35501 0 +8.062314447e+00 -4.106768555e+01 -4.106768555e+01
% f evaluations | g evaluations | best noise-free fitness - Fopt (3.930000000000e+00) + sum g_i+ | measured fitness | best measured fitness or single-digit g-values | x1 | x2...
1 0 +8.654592704e+01 +9.047592704e+01 +9.047592704e+01
2 0 +8.639591177e+01 +9.032591177e+01 +9.032591177e+01
89 0 +8.488705291e+01 +8.881705291e+01 +8.881705291e+01
126 0 +8.191442764e+01 +8.584442764e+01 +8.584442764e+01
127 0 +7.973674201e+01 +8.366674201e+01 +8.366674201e+01
136 0 +7.917002822e+01 +8.310002822e+01 +8.310002822e+01
1101 0 +7.750908724e+01 +8.143908724e+01 +8.143908724e+01
1601 0 +7.573312681e+01 +7.966312681e+01 +7.966312681e+01
2504 0 +7.393337546e+01 +7.786337546e+01 +7.786337546e+01
3501 0 +7.221289800e+01 +7.614289800e+01 +7.614289800e+01
4101 0 +7.062690506e+01 +7.455690506e+01 +7.455690506e+01
4301 0 +6.896279239e+01 +7.289279239e+01 +7.289279239e+01
4801 0 +6.722079169e+01 +7.115079169e+01 +7.115079169e+01
5701 0 +6.485482781e+01 +6.878482781e+01 +6.878482781e+01
5903 0 +6.450041067e+01 +6.843041067e+01 +6.843041067e+01
6101 0 +6.194705220e+01 +6.587705220e+01 +6.587705220e+01
6308 0 +6.131181400e+01 +6.524181400e+01 +6.524181400e+01
7109 0 +5.971384655e+01 +6.364384655e+01 +6.364384655e+01
7201 0 +5.782290082e+01 +6.175290082e+01 +6.175290082e+01
7301 0 +5.714764858e+01 +6.107764858e+01 +6.107764858e+01
8001 0 +5.622707172e+01 +6.015707172e+01 +6.015707172e+01
9204 0 +5.336991934e+01 +5.729991934e+01 +5.729991934e+01
10102 0 +5.069567563e+01 +5.462567563e+01 +5.462567563e+01
10301 0 +5.000924861e+01 +5.393924861e+01 +5.393924861e+01
10404 0 +4.877031821e+01 +5.270031821e+01 +5.270031821e+01
10501 0 +4.717627938e+01 +5.110627938e+01 +5.110627938e+01
10804 0 +4.615126965e+01 +5.008126965e+01 +5.008126965e+01
10848 0 +4.489135427e+01 +4.882135427e+01 +4.882135427e+01
10902 0 +4.397087739e+01 +4.790087739e+01 +4.790087739e+01
11101 0 +4.038953515e+01 +4.431953515e+01 +4.431953515e+01
11701 0 +3.892607030e+01 +4.285607030e+01 +4.285607030e+01
11905 0 +3.722001614e+01 +4.115001614e+01 +4.115001614e+01
12002 0 +3.661448073e+01 +4.054448073e+01 +4.054448073e+01
12225 0 +3.600659751e+01 +3.993659751e+01 +3.993659751e+01
12601 0 +3.420974345e+01 +3.813974345e+01 +3.813974345e+01
12801 0 +3.337636457e+01 +3.730636457e+01 +3.730636457e+01
12809 0 +3.089624048e+01 +3.482624048e+01 +3.482624048e+01
13001 0 +2.963973539e+01 +3.356973539e+01 +3.356973539e+01
13101 0 +2.722215563e+01 +3.115215563e+01 +3.115215563e+01
13201 0 +2.339595364e+01 +2.732595364e+01 +2.732595364e+01
13401 0 +2.262975581e+01 +2.655975581e+01 +2.655975581e+01
13802 0 +2.230620453e+01 +2.623620453e+01 +2.623620453e+01
13901 0 +2.044098118e+01 +2.437098118e+01 +2.437098118e+01
14001 0 +2.015969164e+01 +2.408969164e+01 +2.408969164e+01
14801 0 +1.988560139e+01 +2.381560139e+01 +2.381560139e+01
15201 0 +1.935187895e+01 +2.328187895e+01 +2.328187895e+01
15301 0 +1.902312518e+01 +2.295312518e+01 +2.295312518e+01
15501 0 +1.841964768e+01 +2.234964768e+01 +2.234964768e+01
15502 0 +1.788552599e+01 +2.181552599e+01 +2.181552599e+01
15701 0 +1.731450007e+01 +2.124450007e+01 +2.124450007e+01
15801 0 +1.663803655e+01 +2.056803655e+01 +2.056803655e+01
16001 0 +1.633068131e+01 +2.026068131e+01 +2.026068131e+01
16201 0 +1.601498823e+01 +1.994498823e+01 +1.994498823e+01
16202 0 +1.575489806e+01 +1.968489806e+01 +1.968489806e+01
16602 0 +1.495931724e+01 +1.888931724e+01 +1.888931724e+01
16702 0 +1.402094252e+01 +1.795094252e+01 +1.795094252e+01
16801 0 +1.289986367e+01 +1.682986367e+01 +1.682986367e+01
17503 0 +1.204941963e+01 +1.597941963e+01 +1.597941963e+01
18001 0 +1.120220292e+01 +1.513220292e+01 +1.513220292e+01
18314 0 +1.084517081e+01 +1.477517081e+01 +1.477517081e+01
18401 0 +1.058112668e+01 +1.451112668e+01 +1.451112668e+01
18501 0 +1.029342877e+01 +1.422342877e+01 +1.422342877e+01
18654 0 +1.020821457e+01 +1.413821457e+01 +1.413821457e+01
18701 0 +8.851107396e+00 +1.278110740e+01 +1.278110740e+01
19101 0 +8.621173082e+00 +1.255117308e+01 +1.255117308e+01
19201 0 +8.292272790e+00 +1.222227279e+01 +1.222227279e+01
20901 0 +8.013036212e+00 +1.194303621e+01 +1.194303621e+01
21301 0 +7.845339340e+00 +1.177533934e+01 +1.177533934e+01
21401 0 +7.257508405e+00 +1.118750841e+01 +1.118750841e+01
21501 0 +7.081465006e+00 +1.101146501e+01 +1.101146501e+01
21903 0 +6.964842616e+00 +1.089484262e+01 +1.089484262e+01
22101 0 +6.621977667e+00 +1.055197767e+01 +1.055197767e+01
22810 0 +6.536125299e+00 +1.046612530e+01 +1.046612530e+01
23201 0 +5.665834602e+00 +9.595834602e+00 +9.595834602e+00
23302 0 +5.404064841e+00 +9.334064841e+00 +9.334064841e+00
24255 0 +5.142199959e+00 +9.072199959e+00 +9.072199959e+00
24301 0 +5.092021081e+00 +9.022021081e+00 +9.022021081e+00
24501 0 +4.850870293e+00 +8.780870293e+00 +8.780870293e+00
24601 0 +4.709245844e+00 +8.639245844e+00 +8.639245844e+00
24801 0 +4.192589741e+00 +8.122589741e+00 +8.122589741e+00
25001 0 +2.932550981e+00 +6.862550981e+00 +6.862550981e+00
25101 0 +2.834847368e+00 +6.764847368e+00 +6.764847368e+00
26004 0 +2.581325449e+00 +6.511325449e+00 +6.511325449e+00
26604 0 +2.510220522e+00 +6.440220522e+00 +6.440220522e+00
27103 0 +2.451116195e+00 +6.381116195e+00 +6.381116195e+00
27430 0 +2.395698666e+00 +6.325698666e+00 +6.325698666e+00
27502 0 +2.248914842e+00 +6.178914842e+00 +6.178914842e+00
28301 0 +2.196789702e+00 +6.126789702e+00 +6.126789702e+00
30211 0 +2.114797801e+00 +6.044797801e+00 +6.044797801e+00
30402 0 +2.065389314e+00 +5.995389314e+00 +5.995389314e+00
31708 0 +2.037134964e+00 +5.967134964e+00 +5.967134964e+00
38503 0 +1.987767489e+00 +5.917767489e+00 +5.917767489e+00
39349 0 +1.929960252e+00 +5.859960252e+00 +5.859960252e+00
% f evaluations | g evaluations | best noise-free fitness - Fopt (3.438000000000e+01) + sum g_i+ | measured fitness | best measured fitness or single-digit g-values | x1 | x2...
1 0 +8.653252755e+01 +1.209125276e+02 +1.209125276e+02
2 0 +8.634450213e+01 +1.207245021e+02 +1.207245021e+02
52 0 +8.375256149e+01 +1.181325615e+02 +1.181325615e+02
126 0 +8.252053433e+01 +1.169005343e+02 +1.169005343e+02
201 0 +8.116442169e+01 +1.155444217e+02 +1.155444217e+02
702 0 +7.923365565e+01 +1.136136556e+02 +1.136136556e+02
1201 0 +7.736548298e+01 +1.117454830e+02 +1.117454830e+02
1802 0 +7.537090404e+01 +1.097509040e+02 +1.097509040e+02
2302 0 +7.380052675e+01 +1.081805268e+02 +1.081805268e+02
2806 0 +7.240110015e+01 +1.067811002e+02 +1.067811002e+02
3201 0 +7.060002666e+01 +1.049800267e+02 +1.049800267e+02
3602 0 +6.911994034e+01 +1.034999403e+02 +1.034999403e+02
3801 0 +6.757464972e+01 +1.019546497e+02 +1.019546497e+02
4701 0 +6.533007743e+01 +9.971007743e+01 +9.971007743e+01
4901 0 +6.399215907e+01 +9.837215907e+01 +9.837215907e+01
5001 0 +6.305796229e+01 +9.743796229e+01 +9.743796229e+01
5501 0 +6.105956974e+01 +9.543956974e+01 +9.543956974e+01
5701 0 +6.025055507e+01 +9.463055507e+01 +9.463055507e+01
5901 0 +5.798404804e+01 +9.236404804e+01 +9.236404804e+01
6002 0 +5.739373469e+01 +9.177373469e+01 +9.177373469e+01
6201 0 +5.395986080e+01 +8.833986080e+01 +8.833986080e+01
6301 0 +5.272116220e+01 +8.710116220e+01 +8.710116220e+01
6401 0 +4.907669127e+01 +8.345669127e+01 +8.345669127e+01
7101 0 +4.772562440e+01 +8.210562440e+01 +8.210562440e+01
7501 0 +4.564986166e+01 +8.002986166e+01 +8.002986166e+01
7902 0 +4.067684651e+01 +7.505684651e+01 +7.505684651e+01
8401 0 +3.656663936e+01 +7.094663936e+01 +7.094663936e+01
8601 0 +3.555807286e+01 +6.993807286e+01 +6.993807286e+01
8801 0 +3.494849999e+01 +6.932849999e+01 +6.932849999e+01
9101 0 +3.370948099e+01 +6.808948099e+01 +6.808948099e+01
9601 0 +3.206742393e+01 +6.644742393e+01 +6.644742393e+01
9802 0 +3.161565526e+01 +6.599565526e+01 +6.599565526e+01
9902 0 +3.002306151e+01 +6.440306151e+01 +6.440306151e+01
10101 0 +2.893891115e+01 +6.331891115e+01 +6.331891115e+01
10103 0 +2.757325163e+01 +6.195325163e+01 +6.195325163e+01
10201 0 +2.622168489e+01 +6.060168489e+01 +6.060168489e+01
10701 0 +2.567551545e+01 +6.005551545e+01 +6.005551545e+01
10703 0 +2.466557899e+01 +5.904557899e+01 +5.904557899e+01
10879 0 +2.444381350e+01 +5.882381350e+01 +5.882381350e+01
11401 0 +2.377774730e+01 +5.815774730e+01 +5.815774730e+01
12001 0 +2.177283336e+01 +5.615283336e+01 +5.615283336e+01
12553 0 +2.135930934e+01 +5.573930934e+01 +5.573930934e+01
12901 0 +2.077630058e+01 +5.515630058e+01 +5.515630058e+01
13001 0 +2.016389300e+01 +5.454389300e+01 +5.454389300e+01
13305 0 +1.919688542e+01 +5.357688542e+01 +5.357688542e+01
13901 0 +1.862182611e+01 +5.300182611e+01 +5.300182611e+01
14001 0 +1.847767220e+01 +5.285767220e+01 +5.285767220e+01
14201 0 +1.814331055e+01 +5.252331055e+01 +5.252331055e+01
14401 0 +1.762709403e+01 +5.200709403e+01 +5.200709403e+01
15601 0 +1.670656697e+01 +5.108656697e+01 +5.108656697e+01
15701 0 +1.534956580e+01 +4.972956580e+01 +4.972956580e+01
16101 0 +1.264992341e+01 +4.702992341e+01 +4.702992341e+01
16201 0 +1.143596602e+01 +4.581596602e+01 +4.581596602e+01
16601 0 +1.055606535e+01 +4.493606535e+01 +4.493606535e+01
16954 0 +1.042841490e+01 +4.480841490e+01 +4.480841490e+01
17301 0 +1.018803589e+01 +4.456803589e+01 +4.456803589e+01
17404 0 +9.500089898e+00 +4.388008990e+01 +4.388008990e+01
17503 0 +9.218441467e+00 +4.359844147e+01 +4.359844147e+01
17701 0 +8.567420175e+00 +4.294742018e+01 +4.294742018e+01
18310 0 +8.474575630e+00 +4.285457563e+01 +4.285457563e+01
18831 0 +8.282481794e+00 +4.266248179e+01 +4.266248179e+01
19391 0 +8.083401029e+00 +4.246340103e+01 +4.246340103e+01
19603 0 +7.669181158e+00 +4.204918116e+01 +4.204918116e+01
20601 0 +7.557514794e+00 +4.193751479e+01 +4.193751479e+01
21501 0 +6.408491228e+00 +4.078849123e+01 +4.078849123e+01
22502 0 +6.091410434e+00 +4.047141043e+01 +4.047141043e+01
22705 0 +5.950876713e+00 +4.033087671e+01 +4.033087671e+01
22902 0 +5.611749019e+00 +3.999174902e+01 +3.999174902e+01
23201 0 +5.409964946e+00 +3.978996495e+01 +3.978996495e+01
23301 0 +5.199771204e+00 +3.957977120e+01 +3.957977120e+01
23904 0 +5.085355718e+00 +3.946535572e+01 +3.946535572e+01
23906 0 +4.521328771e+00 +3.890132877e+01 +3.890132877e+01
25510 0 +4.183403195e+00 +3.856340319e+01 +3.856340319e+01
26101 0 +4.002568237e+00 +3.838256824e+01 +3.838256824e+01
26801 0 +3.948125573e+00 +3.832812557e+01 +3.832812557e+01
27204 0 +3.439358190e+00 +3.781935819e+01 +3.781935819e+01
27208 0 +3.379225956e+00 +3.775922596e+01 +3.775922596e+01
27301 0 +2.956743293e+00 +3.733674329e+01 +3.733674329e+01
27802 0 +2.756453379e+00 +3.713645338e+01 +3.713645338e+01
28204 0 +2.619616450e+00 +3.699961645e+01 +3.699961645e+01
30006 0 +2.478047811e+00 +3.685804781e+01 +3.685804781e+01
34005 0 +2.251356812e+00 +3.663135681e+01 +3.663135681e+01
37501 0 +2.129308263e+00 +3.650930826e+01 +3.650930826e+01
39859 0 +2.085327709e+00 +3.646532771e+01 +3.646532771e+01
% f evaluations | g evaluations | best noise-free fitness - Fopt (-5.877400000000e+02) + sum g_i+ | measured fitness | best measured fitness or single-digit g-values | x1 | x2...
1 0 +8.652511004e+01 -5.012148900e+02 -5.012148900e+02
2 0 +8.647705410e+01 -5.012629459e+02 -5.012629459e+02
46 0 +8.494762478e+01 -5.027923752e+02 -5.027923752e+02
128 0 +8.299032257e+01 -5.047496774e+02 -5.047496774e+02
601 0 +8.073058893e+01 -5.070094111e+02 -5.070094111e+02
801 0 +7.889527123e+01 -5.088447288e+02 -5.088447288e+02
1302 0 +7.755685488e+01 -5.101831451e+02 -5.101831451e+02
1602 0 +7.571687122e+01 -5.120231288e+02 -5.120231288e+02
1801 0 +7.392517607e+01 -5.138148239e+02 -5.138148239e+02
3102 0 +7.230672943e+01 -5.154332706e+02 -5.154332706e+02
4001 0 +7.056657828e+01 -5.171734217e+02 -5.171734217e+02
4701 0 +6.918154954e+01 -5.185584505e+02 -5.185584505e+02
5803 0 +6.742731133e+01 -5.203126887e+02 -5.203126887e+02
6302 0 +6.596870987e+01 -5.217712901e+02 -5.217712901e+02
7002 0 +6.366488221e+01 -5.240751178e+02 -5.240751178e+02
8602 0 +6.263246002e+01 -5.251075400e+02 -5.251075400e+02
8801 0 +6.090390501e+01 -5.268360950e+02 -5.268360950e+02
9327 0 +6.003500746e+01 -5.277049925e+02 -5.277049925e+02
9401 0 +5.810636917e+01 -5.296336308e+02 -5.296336308e+02
9801 0 +5.735248890e+01 -5.303875111e+02 -5.303875111e+02
10803 0 +5.621321943e+01 -5.315267806e+02 -5.315267806e+02
12402 0 +5.402249767e+01 -5.337175023e+02 -5.337175023e+02
12601 0 +5.333079317e+01 -5.344092068e+02 -5.344092068e+02
12910 0 +5.214380955e+01 -5.355961904e+02 -5.355961904e+02
13101 0 +4.949599369e+01 -5.382440063e+02 -5.382440063e+02
15101 0 +4.864591602e+01 -5.390940840e+02 -5.390940840e+02
16004 0 +4.775810859e+01 -5.399818914e+02 -5.399818914e+02
17102 0 +4.635348645e+01 -5.413865136e+02 -5.413865136e+02
17725 0 +4.559266087e+01 -5.421473391e+02 -5.421473391e+02
18601 0 +4.451574661e+01 -5.432242534e+02 -5.432242534e+02
20003 0 +4.343350891e+01 -5.443064911e+02 -5.443064911e+02
21101 0 +4.242427678e+01 -5.453157232e+02 -5.453157232e+02
23202 0 +4.167743426e+01 -5.460625657e+02 -5.460625657e+02
27582 0 +4.067348121e+01 -5.470665188e+02 -5.470665188e+02
28101 0 +3.969559097e+01 -5.480444090e+02 -5.480444090e+02
30602 0 +3.879235703e+01 -5.489476430e+02 -5.489476430e+02
33301 0 +3.742909140e+01 -5.503109086e+02 -5.503109086e+02
34901 0 +3.712967516e+01 -5.506103248e+02 -5.506103248e+02
37505 0 +3.600990261e+01 -5.517300974e+02 -5.517300974e+02
% f evaluations | g evaluations | best noise-free fitness - Fopt (4.491000000000e+01) + sum g_i+ | measured fitness | best measured fitness or single-digit g-values | x1 | x2...
1 0 +8.647108190e+01 +1.313810819e+02 +1.313810819e+02
2 0 +8.631758077e+01 +1.312275808e+02 +1.312275808e+02
4 0 +8.444902248e+01 +1.293590225e+02 +1.293590225e+02
126 0 +8.053659388e+01 +1.254465939e+02 +1.254465939e+02
130 0 +7.938178872e+01 +1.242917887e+02 +1.242917887e+02
601 0 +7.706582276e+01 +1.219758228e+02 +1.219758228e+02
1487 0 +7.583231952e+01 +1.207423195e+02 +1.207423195e+02
2406 0 +7.406339919e+01 +1.189733992e+02 +1.189733992e+02
3207 0 +7.240145360e+01 +1.173114536e+02 +1.173114536e+02
3603 0 +7.068841557e+01 +1.155984156e+02 +1.155984156e+02
4002 0 +6.913041973e+01 +1.140404197e+02 +1.140404197e+02
4501 0 +6.747959126e+01 +1.123895913e+02 +1.123895913e+02
4901 0 +6.582223986e+01 +1.107322399e+02 +1.107322399e+02
5303 0 +6.344008086e+01 +1.083500809e+02 +1.083500809e+02
5732 0 +6.301480156e+01 +1.079248016e+02 +1.079248016e+02
6305 0 +6.151322959e+01 +1.064232296e+02 +1.064232296e+02
6601 0 +6.024572713e+01 +1.051557271e+02 +1.051557271e+02
7711 0 +5.871723801e+01 +1.036272380e+02 +1.036272380e+02
7803 0 +5.701225483e+01 +1.019222548e+02 +1.019222548e+02
8001 0 +5.622385862e+01 +1.011338586e+02 +1.011338586e+02
8103 0 +5.421726764e+01 +9.912726764e+01 +9.912726764e+01
8301 0 +5.216962613e+01 +9.707962613e+01 +9.707962613e+01
8401 0 +5.089246709e+01 +9.580246709e+01 +9.580246709e+01
8701 0 +4.966883837e+01 +9.457883837e+01 +9.457883837e+01
9206 0 +4.871474147e+01 +9.362474147e+01 +9.362474147e+01
9901 0 +4.568106563e+01 +9.059106563e+01 +9.059106563e+01
10103 0 +4.435792752e+01 +8.926792752e+01 +8.926792752e+01
10402 0 +4.328515182e+01 +8.819515182e+01 +8.819515182e+01
10601 0 +4.231967111e+01 +8.722967111e+01 +8.722967111e+01
10602 0 +4.034259707e+01 +8.525259707e+01 +8.525259707e+01
11815 0 +3.952977794e+01 +8.443977794e+01 +8.443977794e+01
12103 0 +3.862105894e+01 +8.353105894e+01 +8.353105894e+01
12204 0 +3.778060728e+01 +8.269060728e+01 +8.269060728e+01
12403 0 +3.690624622e+01 +8.181624622e+01 +8.181624622e+01
12501 0 +3.529318145e+01 +8.020318145e+01 +8.020318145e+01
13201 0 +3.289600979e+01 +7.780600979e+01 +7.780600979e+01
13301 0 +3.111355914e+01 +7.602355914e+01 +7.602355914e+01
13401 0 +3.031875622e+01 +7.522875622e+01 +7.522875622e+01
13501 0 +2.988079853e+01 +7.479079853e+01 +7.479079853e+01
14305 0 +2.899883306e+01 +7.390883306e+01 +7.390883306e+01
14401 0 +2.811844015e+01 +7.302844015e+01 +7.302844015e+01
16115 0 +2.749858077e+01 +7.240858077e+01 +7.240858077e+01
17002 0 +2.645430943e+01 +7.136430943e+01 +7.136430943e+01
18002 0 +2.527811267e+01 +7.018811267e+01 +7.018811267e+01
18101 0 +2.492439167e+01 +6.983439167e+01 +6.983439167e+01
18402 0 +2.453614661e+01 +6.944614661e+01 +6.944614661e+01
19106 0 +2.383097678e+01 +6.874097678e+01 +6.874097678e+01
19403 0 +2.263086273e+01 +6.754086273e+01 +6.754086273e+01
20402 0 +2.221768621e+01 +6.712768621e+01 +6.712768621e+01
21103 0 +2.142739093e+01 +6.633739093e+01 +6.633739093e+01
21201 0 +2.123196264e+01 +6.614196264e+01 +6.614196264e+01
21501 0 +2.054351934e+01 +6.545351934e+01 +6.545351934e+01
21902 0 +2.032441750e+01 +6.523441750e+01 +6.523441750e+01
22005 0 +1.968066228e+01 +6.459066228e+01 +6.459066228e+01
22101 0 +1.942073357e+01 +6.433073357e+01 +6.433073357e+01
24601 0 +1.898037275e+01 +6.389037275e+01 +6.389037275e+01
26603 0 +1.828709752e+01 +6.319709752e+01 +6.319709752e+01
27208 0 +1.815497712e+01 +6.306497712e+01 +6.306497712e+01
27303 0 +1.711208266e+01 +6.202208266e+01 +6.202208266e+01
27601 0 +1.686198694e+01 +6.177198694e+01 +6.177198694e+01
29101 0 +1.558564653e+01 +6.049564653e+01 +6.049564653e+01
31602 0 +1.528961068e+01 +6.019961068e+01 +6.019961068e+01
32202 0 +1.509412115e+01 +6.000412115e+01 +6.000412115e+01
32737 0 +1.455669663e+01 +5.946669663e+01 +5.946669663e+01
33002 0 +1.417003963e+01 +5.908003963e+01 +5.908003963e+01
33340 0 +1.406110522e+01 +5.897110522e+01 +5.897110522e+01
33401 0 +1.373100213e+01 +5.864100213e+01 +5.864100213e+01
34103 0 +1.339818996e+01 +5.830818996e+01 +5.830818996e+01
36001 0 +1.305161914e+01 +5.796161914e+01 +5.796161914e+01
36202 0 +1.286975609e+01 +5.777975609e+01 +5.777975609e+01
37001 0 +1.253410706e+01 +5.744410706e+01 +5.744410706e+01
38812 0 +1.182370381e+01 +5.673370381e+01 +5.673370381e+01
38901 0 +1.112160589e+01 +5.603160589e+01 +5.603160589e+01
% f evaluations | g evaluations | best noise-free fitness - Fopt (2.742300000000e+02) + sum g_i+ | measured fitness | best measured fitness or single-digit g-values | x1 | x2...
1 0 +8.637257484e+01 +3.606025748e+02 +3.606025748e+02
2 0 +8.637095628e+01 +3.606009563e+02 +3.606009563e+02
127 0 +8.468311232e+01 +3.589131123e+02 +3.589131123e+02
1001 0 +8.315595960e+01 +3.573859596e+02 +3.573859596e+02
1601 0 +8.061564604e+01 +3.548456460e+02 +3.548456460e+02
2401 0 +7.913078393e+01 +3.533607839e+02 +3.533607839e+02
2801 0 +7.738843924e+01 +3.516184392e+02 +3.516184392e+02
3101 0 +7.569449802e+01 +3.499244980e+02 +3.499244980e+02
3501 0 +7.296976035e+01 +3.471997604e+02 +3.471997604e+02
3801 0 +7.210346577e+01 +3.463334658e+02 +3.463334658e+02
4001 0 +7.013336627e+01 +3.443633663e+02 +3.443633663e+02
4801 0 +6.882470972e+01 +3.430547097e+02 +3.430547097e+02
5105 0 +6.744134086e+01 +3.416713409e+02 +3.416713409e+02
5601 0 +6.558610401e+01 +3.398161040e+02 +3.398161040e+02
5702 0 +6.379391927e+01 +3.380239193e+02 +3.380239193e+02
6204 0 +6.205717352e+01 +3.362871735e+02 +3.362871735e+02
6301 0 +6.010900198e+01 +3.343390020e+02 +3.343390020e+02
6802 0 +5.887829888e+01 +3.331082989e+02 +3.331082989e+02
7301 0 +5.497255361e+01 +3.292025536e+02 +3.292025536e+02
8303 0 +5.490376204e+01 +3.291337620e+02 +3.291337620e+02
8501 0 +5.073813176e+01 +3.249681318e+02 +3.249681318e+02
8803 0 +4.968586308e+01 +3.239158631e+02 +3.239158631e+02
8996 0 +4.832832448e+01 +3.225583245e+02 +3.225583245e+02
9206 0 +4.592741681e+01 +3.201574168e+02 +3.201574168e+02
9301 0 +4.467415463e+01 +3.189041546e+02 +3.189041546e+02
9501 0 +4.325695511e+01 +3.174869551e+02 +3.174869551e+02
9701 0 +4.180202654e+01 +3.160320265e+02 +3.160320265e+02
10004 0 +4.153165485e+01 +3.157616549e+02 +3.157616549e+02
10205 0 +4.048580214e+01 +3.147158021e+02 +3.147158021e+02
10803 0 +3.964995726e+01 +3.138799573e+02 +3.138799573e+02
11401 0 +3.761922606e+01 +3.118492261e+02 +3.118492261e+02
11404 0 +3.665942463e+01 +3.108894246e+02 +3.108894246e+02
11611 0 +3.599942712e+01 +3.102294271e+02 +3.102294271e+02
13601 0 +3.534389338e+01 +3.095738934e+02 +3.095738934e+02
14701 0 +3.444838629e+01 +3.086783863e+02 +3.086783863e+02
15001 0 +3.378572692e+01 +3.080157269e+02 +3.080157269e+02
15404 0 +3.297884589e+01 +3.072088459e+02 +3.072088459e+02
15703 0 +3.193611008e+01 +3.061661101e+02 +3.061661101e+02
16301 0 +3.103178555e+01 +3.052617856e+02 +3.052617856e+02
16401 0 +3.082214078e+01 +3.050521408e+02 +3.050521408e+02
18222 0 +3.018010196e+01 +3.044101020e+02 +3.044101020e+02
18301 0 +2.922340052e+01 +3.034534005e+02 +3.034534005e+02
19201 0 +2.811007150e+01 +3.023400715e+02 +3.023400715e+02
19202 0 +2.747986351e+01 +3.017098635e+02 +3.017098635e+02
19402 0 +2.689620133e+01 +3.011262013e+02 +3.011262013e+02
20601 0 +2.596676611e+01 +3.001967661e+02 +3.001967661e+02
20603 0 +2.552311034e+01 +2.997531103e+02 +2.997531103e+02
21507 0 +2.506738272e+01 +2.992973827e+02 +2.992973827e+02
21907 0 +2.438173505e+01 +2.986117351e+02 +2.986117351e+02
22303 0 +2.356475474e+01 +2.977947547e+02 +2.977947547e+02
22755 0 +2.310423061e+01 +2.973342306e+02 +2.973342306e+02
22788 0 +2.285343142e+01 +2.970834314e+02 +2.970834314e+02
24301 0 +2.222770337e+01 +2.964577034e+02 +2.964577034e+02
25001 0 +2.166318333e+01 +2.958931833e+02 +2.958931833e+02
26415 0 +2.133833557e+01 +2.955683356e+02 +2.955683356e+02
28267 0 +2.087177786e+01 +2.951017779e+02 +2.951017779e+02
28502 0 +2.033278664e+01 +2.945627866e+02 +2.945627866e+02
30570 0 +1.989548117e+01 +2.941254812e+02 +2.941254812e+02
32702 0 +1.942567346e+01 +2.936556735e+02 +2.936556735e+02
38501 0 +1.883776581e+01 +2.930677658e+02 +2.930677658e+02
% f evaluations | g evaluations | best noise-free fitness - Fopt (6.897200000000e+02) + sum g_i+ | measured fitness | best measured fitness or single-digit g-values | x1 | x2...
1 0 +8.655781775e+01 +7.762778177e+02 +7.762778177e+02
2 0 +8.639624409e+01 +7.761162441e+02 +7.761162441e+02
22 0 +8.379333386e+01 +7.735133339e+02 +7.735133339e+02
126 0 +8.313046941e+01 +7.728504694e+02 +7.728504694e+02
801 0 +8.081657842e+01 +7.705365784e+02 +7.705365784e+02
1702 0 +7.920734759e+01 +7.689273476e+02 +7.689273476e+02
3002 0 +7.747966672e+01 +7.671996667e+02 +7.671996667e+02
3501 0 +7.580469352e+01 +7.655246935e+02 +7.655246935e+02
4201 0 +7.402218876e+01 +7.637421888e+02 +7.637421888e+02
4901 0 +7.189165573e+01 +7.616116557e+02 +7.616116557e+02
5401 0 +7.048470534e+01 +7.602047053e+02 +7.602047053e+02
6101 0 +6.876768752e+01 +7.584876875e+02 +7.584876875e+02
7104 0 +6.745660735e+01 +7.571766073e+02 +7.571766073e+02
7701 0 +6.509325401e+01 +7.548132540e+02 +7.548132540e+02
7801 0 +6.213646969e+01 +7.518564697e+02 +7.518564697e+02
8101 0 +6.134187427e+01 +7.510618743e+02 +7.510618743e+02
8102 0 +5.985839054e+01 +7.495783905e+02 +7.495783905e+02
8201 0 +5.837607241e+01 +7.480960724e+02 +7.480960724e+02
8301 0 +5.740021163e+01 +7.471202116e+02 +7.471202116e+02
8501 0 +5.184053357e+01 +7.415605336e+02 +7.415605336e+02
8601 0 +5.069274775e+01 +7.404127477e+02 +7.404127477e+02
8901 0 +4.632474872e+01 +7.360447487e+02 +7.360447487e+02
9001 0 +3.721117629e+01 +7.269311763e+02 +7.269311763e+02
9101 0 +3.591901705e+01 +7.256390170e+02 +7.256390170e+02
9801 0 +3.327196817e+01 +7.229919682e+02 +7.229919682e+02
10001 0 +3.274336117e+01 +7.224633612e+02 +7.224633612e+02
10201 0 +3.170764431e+01 +7.214276443e+02 +7.214276443e+02
10410 0 +3.153561954e+01 +7.212556195e+02 +7.212556195e+02
10501 0 +2.961424382e+01 +7.193342438e+02 +7.193342438e+02
10603 0 +2.830481356e+01 +7.180248136e+02 +7.180248136e+02
11305 0 +2.816545483e+01 +7.178854548e+02 +7.178854548e+02
11402 0 +2.576734444e+01 +7.154873444e+02 +7.154873444e+02
11501 0 +2.541333062e+01 +7.151333306e+02 +7.151333306e+02
11902 0 +2.448307031e+01 +7.142030703e+02 +7.142030703e+02
12002 0 +2.311135897e+01 +7.128313590e+02 +7.128313590e+02
12405 0 +2.241795378e+01 +7.121379538e+02 +7.121379538e+02
12501 0 +2.199234899e+01 +7.117123490e+02 +7.117123490e+02
12502 0 +2.077872529e+01 +7.104987253e+02 +7.104987253e+02
13203 0 +2.004950325e+01 +7.097695032e+02 +7.097695032e+02
13301 0 +1.867675701e+01 +7.083967570e+02 +7.083967570e+02
13304 0 +1.796927287e+01 +7.076892729e+02 +7.076892729e+02
13402 0 +1.750070387e+01 +7.072207039e+02 +7.072207039e+02
13704 0 +1.724224062e+01 +7.069622406e+02 +7.069622406e+02
13901 0 +1.681406085e+01 +7.065340609e+02 +7.065340609e+02
13903 0 +1.593451255e+01 +7.056545126e+02 +7.056545126e+02
14401 0 +1.577103048e+01 +7.054910305e+02 +7.054910305e+02
14701 0 +1.475103896e+01 +7.044710390e+02 +7.044710390e+02
14801 0 +1.199072727e+01 +7.017107273e+02 +7.017107273e+02
15301 0 +1.127939911e+01 +7.009993991e+02 +7.009993991e+02
15402 0 +1.087452158e+01 +7.005945216e+02 +7.005945216e+02
15902 0 +9.743085458e+00 +6.994630855e+02 +6.994630855e+02
16001 0 +9.316491912e+00 +6.990364919e+02 +6.990364919e+02
17308 0 +8.446270841e+00 +6.981662708e+02 +6.981662708e+02
17401 0 +8.075820795e+00 +6.977958208e+02 +6.977958208e+02
17901 0 +7.905421087e+00 +6.976254211e+02 +6.976254211e+02
18201 0 +7.672708107e+00 +6.973927081e+02 +6.973927081e+02
18702 0 +7.263926130e+00 +6.969839261e+02 +6.969839261e+02
18801 0 +7.124579261e+00 +6.968445793e+02 +6.968445793e+02
18901 0 +7.000290998e+00 +6.967202910e+02 +6.967202910e+02
19001 0 +6.455378608e+00 +6.961753786e+02 +6.961753786e+02
19505 0 +6.273286641e+00 +6.959932866e+02 +6.959932866e+02
20303 0 +6.014183451e+00 +6.957341835e+02 +6.957341835e+02
20502 0 +5.747079715e+00 +6.954670797e+02 +6.954670797e+02
20701 0 +5.498778642e+00 +6.952187786e+02 +6.952187786e+02
21201 0 +4.904871571e+00 +6.946248716e+02 +6.946248716e+02
21301 0 +4.429432676e+00 +6.941494327e+02 +6.941494327e+02
21304 0 +4.308024778e+00 +6.940280248e+02 +6.940280248e+02
21502 0 +4.185275744e+00 +6.939052757e+02 +6.939052757e+02
21702 0 +3.687284105e+00 +6.934072841e+02 +6.934072841e+02
22709 0 +3.511423439e+00 +6.932314234e+02 +6.932314234e+02
23703 0 +3.371261973e+00 +6.930912620e+02 +6.930912620e+02
24403 0 +3.234755956e+00 +6.929547560e+02 +6.929547560e+02
24701 0 +2.927848873e+00 +6.926478489e+02 +6.926478489e+02
25105 0 +2.841055705e+00 +6.925610557e+02 +6.925610557e+02
25201 0 +2.743806398e+00 +6.924638064e+02 +6.924638064e+02
25606 0 +2.323494928e+00 +6.920434949e+02 +6.920434949e+02
26003 0 +2.217287182e+00 +6.919372872e+02 +6.919372872e+02
26501 0 +2.095040660e+00 +6.918150407e+02 +6.918150407e+02
26703 0 +2.032807891e+00 +6.917528079e+02 +6.917528079e+02
27703 0 +1.989913607e+00 +6.917099136e+02 +6.917099136e+02
28602 0 +1.918466317e+00 +6.916384663e+02 +6.916384663e+02
31822 0 +1.864120555e+00 +6.915841206e+02 +6.915841206e+02
34504 0 +1.853419510e+00 +6.915734195e+02 +6.915734195e+02
34807 0 +1.724394949e+00 +6.914443949e+02 +6.914443949e+02
39102 0 +1.654101929e+00 +6.913741019e+02 +6.913741019e+02
39602 0 +1.414800091e+00 +6.911348001e+02 +6.911348001e+02
39820 0 +1.386924874e+00 +6.911069249e+02 +6.911069249e+02
40037 0 +1.294352531e+00 +6.910143525e+02 +6.910143525e+02
40098 0 +1.183926685e+00 +6.909039267e+02 +6.909039267e+02
