% f evaluations | g evaluations | best noise-free fitness - Fopt (-1.000000000000e+03) + sum g_i+ | measured fitness | best measured fitness or single-digit g-values | x1 | x2...
1 0 +6.488695158e+01 -9.351130484e+02 -9.351130484e+02 +5.2108e-01 -2.4309e+00 -8.0069e-01 +1.1425e+00 +4.0568e-01
4 0 +2.324035631e+01 -9.767596437e+02 -9.767596437e+02 +2.7769e+00 +1.5014e-01 -3.0859e+00 -2.6051e+00 -4.3759e-01
93 0 +1.998562341e+01 -9.800143766e+02 -9.800143766e+02 +1.8220e+00 -2.0635e+00 -5.6865e-01 -2.0711e+00 -1.5349e+00
233 0 +1.357021300e+01 -9.864297870e+02 -9.864297870e+02 +7.6022e-01 -2.4371e-01 +8.2151e-01 +9.7065e-01 -8.2895e-01
235 0 +1.291379233e+01 -9.870862077e+02 -9.870862077e+02 +7.3215e-01 -1.4129e-01 +7.3272e-01 +8.2572e-01 -6.3615e-01
239 0 +9.623404467e+00 -9.903765955e+02 -9.903765955e+02 +8.6233e-01 -1.9887e-01 +7.0774e-01 +7.9758e-01 -6.1569e-01
241 0 +8.674679776e+00 -9.913253202e+02 -9.913253202e+02 +8.5737e-01 -2.2835e-01 +8.1265e-01 +9.1581e-01 -6.7213e-01
279 0 +8.045426453e+00 -9.919545735e+02 -9.919545735e+02 +8.5122e-01 -3.1879e-01 +8.5188e-01 +8.2092e-01 -6.7782e-01
301 0 +6.968279804e+00 -9.930317202e+02 -9.930317202e+02 +1.0226e+00 -3.1248e-01 +9.6663e-01 +8.5065e-01 -6.7891e-01
501 0 +6.131247015e+00 -9.938687530e+02 -9.938687530e+02 +8.0160e-01 -1.7245e-01 +1.3008e+00 +1.0480e+00 -5.5813e-01
504 0 +5.032392738e+00 -9.949676073e+02 -9.949676073e+02 +1.0381e+00 -2.1027e-01 +9.9728e-01 +8.6502e-01 -6.2959e-01
601 0 +4.975665719e+00 -9.950243343e+02 -9.950243343e+02 +1.0617e+00 -1.8698e-01 +1.0351e+00 +9.5755e-01 -6.1257e-01
703 0 +2.936904347e+00 -9.970630957e+02 -9.970630957e+02 +9.5384e-01 -1.2405e-01 +1.3241e+00 +7.0112e-01 -8.8196e-01
1002 0 +2.397699422e+00 -9.976023006e+02 -9.976023006e+02 +9.8856e-01 -7.3165e-02 +1.3801e+00 +8.9339e-01 -6.5107e-01
1101 0 +2.133183068e+00 -9.978668169e+02 -9.978668169e+02 +1.0133e+00 -7.4666e-02 +1.5269e+00 +9.3802e-01 -6.8732e-01
1103 0 +2.079834829e+00 -9.979201652e+02 -9.979201652e+02 +1.4067e+00 +2.4621e-01 +1.1040e+00 +1.0365e+00 -4.8015e-01
1202 0 +1.753874696e+00 -9.982461253e+02 -9.982461253e+02 +1.0866e+00 +2.0391e-01 +1.6799e+00 +1.0465e+00 -6.8079e-01
1301 0 +9.207795966e-01 -9.990792204e+02 -9.990792204e+02 +1.2211e+00 +4.7171e-01 +2.3080e+00 +1.2378e+00 -8.8511e-01
1302 0 +4.965719710e-01 -9.995034280e+02 -9.995034280e+02 +1.0060e+00 +4.4771e-01 +2.1550e+00 +8.6970e-01 -1.0956e+00
1502 0 +4.096513119e-01 -9.995903487e+02 -9.995903487e+02 +1.0131e+00 +5.5486e-01 +2.3582e+00 +8.6472e-01 -1.2038e+00
2103 0 +2.316255169e-01 -9.997683745e+02 -9.997683745e+02 +1.5226e+00 +4.3722e-01 +1.8157e+00 +1.0590e+00 -6.1543e-01
2107 0 +1.487410609e-01 -9.998512589e+02 -9.998512589e+02 +1.4401e+00 +6.2075e-01 +1.9289e+00 +1.0244e+00 -8.8120e-01
2325 0 +1.073335844e-01 -9.998926664e+02 -9.998926664e+02 +1.6373e+00 +9.3997e-01 +2.0933e+00 +1.1557e+00 -9.2002e-01
2601 0 +3.266766675e-02 -9.999673323e+02 -9.999673323e+02 +1.8022e+00 +4.8506e-01 +2.0229e+00 +4.5136e-01 -9.0865e-01
3816 0 +2.344101850e-02 -9.999765590e+02 -9.999765590e+02 +1.6042e+00 +5.7023e-01 +1.9668e+00 +4.3485e-01 -1.0853e+00
3908 0 +2.102802883e-02 -9.999789720e+02 -9.999789720e+02 +1.7207e+00 +4.7017e-01 +1.9845e+00 +2.9122e-01 -9.9912e-01
4011 0 +1.118813335e-02 -9.999888119e+02 -9.999888119e+02 +1.4308e+00 +7.7363e-01 +2.3260e+00 +4.3084e-01 -1.3331e+00
4122 0 +8.516544261e-03 -9.999914835e+02 -9.999914835e+02 +1.5363e+00 +4.2359e-01 +2.1492e+00 -4.5369e-02 -1.3049e+00
4510 0 +4.596470872e-03 -9.999954035e+02 -9.999954035e+02 +1.4490e+00 +7.9890e-01 +2.5711e+00 +3.1743e-01 -1.4726e+00
4601 0 +9.438608261e-04 -9.999990561e+02 -9.999990561e+02 +1.4668e+00 +8.3272e-01 +2.6902e+00 +1.3865e-01 -1.5132e+00
% f evaluations | g evaluations | best noise-free fitness - Fopt (1.000000000000e+03) + sum g_i+ | measured fitness | best measured fitness or single-digit g-values | x1 | x2...
1 0 +6.026695173e+01 +1.060266952e+03 +1.060266952e+03 -3.8061e+00 +5.2110e-01 +7.3325e-01 +1.8255e-01 +1.3441e+00
5 0 +5.175877466e+01 +1.051758775e+03 +1.051758775e+03 -1.2285e+00 -1.6978e+00 -3.4048e+00 +4.1219e+00 +3.6895e+00
11 0 +2.124247420e+01 +1.021242474e+03 +1.021242474e+03 -3.6600e+00 +1.4637e+00 -1.2638e+00 -3.0138e+00 -2.2176e+00
1012 0 +2.071663725e+01 +1.020716637e+03 +1.020716637e+03 -3.7800e+00 -2.1917e+00 -2.5548e-01 +2.1156e-01 -2.7822e+00
1201 0 +1.957231541e+01 +1.019572315e+03 +1.019572315e+03 -3.2623e+00 -2.1902e+00 -2.1646e-01 -2.1586e-01 -2.3715e+00
1202 0 +1.863854612e+01 +1.018638546e+03 +1.018638546e+03 -3.1659e+00 -1.9107e+00 -1.8195e-01 -2.4868e-01 -2.2656e+00
1301 0 +1.698238939e+01 +1.016982389e+03 +1.016982389e+03 -3.2905e+00 -1.9855e+00 -2.2532e-01 -4.0992e-01 -2.3548e+00
1515 0 +1.401262736e+01 +1.014012627e+03 +1.014012627e+03 -3.4745e+00 -2.0802e+00 -1.4434e-01 -5.7902e-01 -2.6953e+00
1801 0 +1.187941890e+01 +1.011879419e+03 +1.011879419e+03 -3.0959e+00 -1.6839e+00 -1.1200e-01 -5.3172e-01 -2.5811e+00
1901 0 +9.835066230e+00 +1.009835066e+03 +1.009835066e+03 -3.1979e+00 -1.8057e+00 -9.8786e-02 -8.8460e-01 -2.8257e+00
2203 0 +8.079846237e+00 +1.008079846e+03 +1.008079846e+03 -2.7050e+00 -2.3460e-01 +1.3956e-01 -1.8013e+00 -2.0336e+00
2301 0 +5.554103025e+00 +1.005554103e+03 +1.005554103e+03 -2.7378e+00 +5.2888e-01 +1.8445e-01 -2.5295e+00 -2.0516e+00
2701 0 +4.429426837e+00 +1.004429427e+03 +1.004429427e+03 -3.0881e+00 -1.6330e-01 +9.0459e-02 -1.7926e+00 -2.6727e+00
2703 0 +4.216739203e+00 +1.004216739e+03 +1.004216739e+03 -2.7675e+00 +1.3846e+00 +2.5779e-01 -3.5056e+00 -2.0762e+00
3101 0 +2.666264291e+00 +1.002666264e+03 +1.002666264e+03 -2.8845e+00 +3.8471e-01 +1.5809e-01 -2.8772e+00 -1.9827e+00
3201 0 +2.182302390e+00 +1.002182302e+03 +1.002182302e+03 -2.9865e+00 +5.4015e-01 +1.9601e-01 -3.2393e+00 -2.0135e+00
3202 0 +2.071408398e+00 +1.002071408e+03 +1.002071408e+03 -3.0612e+00 +6.0481e-01 -1.8553e-02 -3.2119e+00 -2.3769e+00
3402 0 +2.027848838e+00 +1.002027849e+03 +1.002027849e+03 -3.2940e+00 +6.9787e-01 -2.2634e-01 -2.7853e+00 -2.4290e+00
3502 0 +1.973594231e+00 +1.001973594e+03 +1.001973594e+03 -3.1699e+00 +2.6620e-01 +2.7935e-02 -2.5625e+00 -2.3374e+00
3601 0 +1.817148551e+00 +1.001817149e+03 +1.001817149e+03 -3.1779e+00 +2.9087e-01 +1.6187e-01 -2.7017e+00 -2.3484e+00
3701 0 +1.043424635e+00 +1.001043425e+03 +1.001043425e+03 -3.4998e+00 +4.8660e-01 +4.2555e-01 -2.7892e+00 -2.4097e+00
% f evaluations | g evaluations | best noise-free fitness - Fopt (-4.913000000000e+01) + sum g_i+ | measured fitness | best measured fitness or single-digit g-values | x1 | x2...
1 0 +8.294912225e+01 +3.381912225e+01 +3.381912225e+01 +4.9632e+00 +1.1249e+00 -8.0677e-01 +4.3556e+00 +1.4494e+00
2 0 +7.755534273e+01 +2.842534273e+01 +2.842534273e+01 +2.9925e+00 +3.4421e+00 -1.5862e+00 +4.6300e+00 -3.1977e+00
3 0 +7.562068804e+01 +2.649068804e+01 +2.649068804e+01 -3.3900e+00 -4.5345e-01 +1.1766e+00 +1.2628e+00 +1.7920e+00
5 0 +2.785184638e+01 -2.127815362e+01 -2.127815362e+01 -1.0020e+00 +2.6544e+00 +4.7145e+00 +1.9466e+00 +4.6723e+00
39 0 +6.394565785e+00 -4.273543422e+01 -4.273543422e+01 -2.1539e+00 +2.2870e+00 -2.2853e+00 +4.2150e+00 +1.3198e+00
1066 0 +5.497023959e+00 -4.363297604e+01 -4.363297604e+01 -1.1495e+00 +1.1061e+00 -5.0086e-01 +2.0591e+00 +8.3635e-01
1201 0 +3.849842322e+00 -4.528015768e+01 -4.528015768e+01 -1.1955e+00 +1.2405e+00 -5.5608e-01 +2.2260e+00 +9.3526e-01
1905 0 +3.635079316e+00 -4.549492068e+01 -4.549492068e+01 -1.3672e+00 +1.4605e+00 -5.7934e-01 +2.4578e+00 +7.9664e-01
2005 0 +3.274780056e+00 -4.585521994e+01 -4.585521994e+01 -1.2400e+00 +1.2310e+00 -8.9098e-01 +2.6030e+00 +1.0958e+00
2101 0 +2.972441072e+00 -4.615755893e+01 -4.615755893e+01 -1.3996e+00 +1.4676e+00 -1.4032e+00 +3.3461e+00 +1.3349e+00
2704 0 +2.571878812e+00 -4.655812119e+01 -4.655812119e+01 -1.3924e+00 +1.4285e+00 -9.1251e-01 +2.6089e+00 +9.7895e-01
2901 0 +2.144427292e+00 -4.698557271e+01 -4.698557271e+01 -1.4630e+00 +1.6900e+00 -1.2145e+00 +3.0972e+00 +1.1122e+00
3001 0 +2.118538434e+00 -4.701146157e+01 -4.701146157e+01 -1.5242e+00 +1.9177e+00 -1.4379e+00 +3.5293e+00 +1.2339e+00
3401 0 +2.087390825e+00 -4.704260917e+01 -4.704260917e+01 -1.4100e+00 +1.8017e+00 -1.4465e+00 +2.5636e+00 +1.2563e+00
% f evaluations | g evaluations | best noise-free fitness - Fopt (2.977300000000e+02) + sum g_i+ | measured fitness | best measured fitness or single-digit g-values | x1 | x2...
1 0 +8.222300984e+01 +3.799530098e+02 +3.799530098e+02 +3.9226e+00 -4.4063e+00 +3.5800e+00 -1.8202e-01 +1.3725e+00
2 0 +7.512860206e+01 +3.728586021e+02 +3.728586021e+02 +4.0825e-01 -9.4968e-01 +4.2114e+00 +1.9586e+00 -4.7609e+00
3 0 +6.931200583e+01 +3.670420058e+02 +3.670420058e+02 -2.9900e+00 -1.1860e+00 -4.8257e-01 +3.0506e+00 +1.3843e+00
4 0 +4.151871305e+01 +3.392487130e+02 +3.392487130e+02 -1.9213e+00 +5.0839e-02 +1.4620e+00 +2.6034e+00 -2.7554e+00
16 0 +4.044245355e+01 +3.381724536e+02 +3.381724536e+02 +1.8593e+00 +2.5245e+00 -2.8395e+00 -7.6157e-01 -2.0796e+00
39 0 +3.741180251e+01 +3.351418025e+02 +3.351418025e+02 -1.4824e+00 -3.7913e+00 +8.3975e-01 -2.3679e+00 +4.3490e-01
49 0 +2.771596259e+01 +3.254459626e+02 +3.254459626e+02 +4.8599e-01 -2.3659e+00 +1.9935e+00 +1.4984e+00 +3.9372e-01
100 0 +1.669756460e+01 +3.144275646e+02 +3.144275646e+02 -5.4434e-01 -1.9102e+00 +6.0212e-01 +6.1920e-02 -2.9663e-01
101 0 +1.565196362e+01 +3.133819636e+02 +3.133819636e+02 -6.6907e-01 -2.0364e+00 +3.8511e-01 +2.1835e-02 -5.2262e-02
201 0 +1.393414071e+01 +3.116641407e+02 +3.116641407e+02 -5.6838e-01 -2.3599e+00 +3.2031e-01 -2.5129e-01 +6.4229e-02
503 0 +1.339601423e+01 +3.111260142e+02 +3.111260142e+02 -7.0298e-01 -1.5747e+00 +6.5273e-01 -1.8522e-01 -1.2805e-02
602 0 +1.285029947e+01 +3.105802995e+02 +3.105802995e+02 -5.7550e-01 -2.0538e+00 +4.2156e-01 -2.2166e-01 +8.2664e-03
702 0 +1.077759264e+01 +3.085075926e+02 +3.085075926e+02 -3.4879e-01 -1.2700e+00 +8.4452e-01 -3.1800e-01 +2.4937e-01
801 0 +9.942194258e+00 +3.076721943e+02 +3.076721943e+02 -3.3433e-01 -1.2510e+00 +1.1290e+00 -3.4059e-01 +3.1723e-01
1113 0 +8.813236661e+00 +3.065432367e+02 +3.065432367e+02 -1.8267e-01 -1.7195e+00 +9.6402e-01 -1.8004e-02 +2.1196e-01
1302 0 +8.325625932e+00 +3.060556259e+02 +3.060556259e+02 -1.1001e-01 -1.8815e+00 +7.0447e-01 -5.5136e-01 +2.9536e-01
1401 0 +8.101611407e+00 +3.058316114e+02 +3.058316114e+02 -4.1184e-02 -2.1046e+00 +7.3899e-01 -6.8487e-01 +3.6251e-01
1701 0 +7.934449085e+00 +3.056644491e+02 +3.056644491e+02 -2.1919e-01 -1.6102e+00 +9.5901e-01 -3.6943e-01 +4.5473e-01
1801 0 +7.635807124e+00 +3.053658071e+02 +3.053658071e+02 -9.7047e-02 -2.0215e+00 +8.4397e-01 -4.8734e-01 +6.3474e-01
1802 0 +7.436005371e+00 +3.051660054e+02 +3.051660054e+02 -3.9430e-01 -1.8230e+00 +1.2150e+00 -2.8023e-01 +5.6704e-01
2104 0 +7.341532535e+00 +3.050715325e+02 +3.050715325e+02 -2.3988e-01 -1.8864e+00 +1.1849e+00 -3.8462e-01 +6.7173e-01
% f evaluations | g evaluations | best noise-free fitness - Fopt (5.157000000000e+01) + sum g_i+ | measured fitness | best measured fitness or single-digit g-values | x1 | x2...
1 0 +4.883798882e+01 +1.004079888e+02 +1.004079888e+02 -2.6025e+00 +4.2222e+00 +3.0701e+00 +3.3024e+00 +3.3224e+00
28 0 +3.618868368e+01 +8.775868368e+01 +8.775868368e+01 +2.3834e+00 +3.6504e+00 -3.5806e+00 -1.6317e+00 +1.4984e+00
50 0 +2.103616744e+01 +7.260616744e+01 +7.260616744e+01 +2.8484e+00 -3.6929e+00 -1.2409e+00 -2.9306e+00 +2.0780e+00
77 0 +2.056163690e+00 +5.362616369e+01 +5.362616369e+01 +3.0965e+00 -3.2430e-01 -2.3407e+00 -1.2935e+00 +1.3194e+00
1611 0 +1.969906111e+00 +5.353990611e+01 +5.353990611e+01 +2.4575e+00 -2.7402e-01 -1.2052e+00 -1.8044e+00 +1.6873e+00
1902 0 +1.349566154e+00 +5.291956615e+01 +5.291956615e+01 +2.9110e+00 +6.3896e-01 -1.8442e+00 -1.0264e+00 +1.5021e+00
2102 0 +5.063802927e-01 +5.207638029e+01 +5.207638029e+01 +2.6882e+00 +8.9252e-01 -1.8553e+00 -1.1270e+00 +1.5285e+00
2401 0 +4.549891099e-01 +5.202498911e+01 +5.202498911e+01 +2.8148e+00 +7.9198e-01 -2.0598e+00 -1.1096e+00 +1.5695e+00
2804 0 +3.784696025e-01 +5.194846960e+01 +5.194846960e+01 +2.6061e+00 +7.8170e-01 -1.9075e+00 -1.1942e+00 +1.4344e+00
2901 0 +2.666154716e-01 +5.183661547e+01 +5.183661547e+01 +2.5539e+00 +1.0206e+00 -1.9668e+00 -1.3698e+00 +1.5122e+00
3002 0 +2.007053311e-01 +5.177070533e+01 +5.177070533e+01 +3.2013e+00 +6.5503e-01 -2.6663e+00 -1.0626e+00 +1.3860e+00
3013 0 +1.941854227e-01 +5.176418542e+01 +5.176418542e+01 +2.8945e+00 +1.8757e-01 -2.1504e+00 -1.5240e+00 +1.5017e+00
3301 0 +1.354386281e-01 +5.170543863e+01 +5.170543863e+01 +3.0088e+00 +7.8111e-01 -2.7709e+00 -1.2009e+00 +1.1930e+00
4303 0 +7.129958942e-02 +5.164129959e+01 +5.164129959e+01 +2.7081e+00 +9.7117e-01 -2.5924e+00 -1.3850e+00 +1.1675e+00
% f evaluations | g evaluations | best noise-free fitness - Fopt (-1.044000000000e+01) + sum g_i+ | measured fitness | best measured fitness or single-digit g-values | x1 | x2...
1 0 +6.495360257e+01 +5.451360257e+01 +5.451360257e+01 -2.4493e+00 -2.4777e+00 +3.5621e+00 -4.7877e+00 -1.6416e+00
2 0 +5.160441046e+01 +4.116441046e+01 +4.116441046e+01 -3.9766e+00 -2.8671e+00 +3.9969e+00 +3.0613e+00 -3.0898e+00
35 0 +3.742406098e+01 +2.698406098e+01 +2.698406098e+01 +4.3819e+00 +3.5998e+00 -5.6921e-02 +7.5043e-02 +3.8397e+00
96 0 +3.232612459e+01 +2.188612459e+01 +2.188612459e+01 -1.6161e+00 -4.1493e+00 +3.9546e+00 -1.4817e+00 -1.6022e+00
346 0 +2.059011335e+01 +1.015011335e+01 +1.015011335e+01 -1.1289e+00 +4.8323e-01 -1.7374e+00 +2.6116e+00 -2.0741e+00
401 0 +1.470114331e+01 +4.261143308e+00 +4.261143308e+00 -1.1726e+00 +5.2569e-01 -1.7044e+00 +2.9352e+00 -2.1671e+00
408 0 +1.420683835e+01 +3.766838347e+00 +3.766838347e+00 -1.0959e+00 +8.8352e-01 -1.6925e+00 +2.2932e+00 -1.9602e+00
501 0 +1.374165811e+01 +3.301658109e+00 +3.301658109e+00 -1.1316e+00 +1.1589e+00 -1.8060e+00 +2.4852e+00 -2.1358e+00
510 0 +1.180750415e+01 +1.367504147e+00 +1.367504147e+00 -2.0474e+00 +5.7918e-01 +1.3500e+00 +1.8868e+00 -2.9571e+00
644 0 +1.060002402e+01 +1.600240201e-01 +1.600240201e-01 -1.6636e+00 +8.4050e-01 -1.3809e+00 +2.8618e+00 -3.0695e+00
705 0 +8.888568724e+00 -1.551431276e+00 -1.551431276e+00 -4.7629e-01 +4.6272e-01 -2.5597e-01 +3.1299e+00 -2.5600e+00
801 0 +8.274715317e+00 -2.165284683e+00 -2.165284683e+00 -2.1694e-01 +3.4078e-01 +2.5208e-01 +3.4604e+00 -2.7501e+00
901 0 +7.855227245e+00 -2.584772755e+00 -2.584772755e+00 -1.4745e+00 +1.1300e+00 -1.2794e+00 +2.7466e+00 -2.2770e+00
1001 0 +7.018062666e+00 -3.421937334e+00 -3.421937334e+00 -1.4155e+00 +1.2011e+00 -1.2977e+00 +2.8024e+00 -2.3064e+00
1302 0 +3.636201564e+00 -6.803798436e+00 -6.803798436e+00 -9.3008e-01 +1.2028e+00 -6.5083e-01 +2.7585e+00 -2.3072e+00
2001 0 +2.628243399e+00 -7.811756601e+00 -7.811756601e+00 -8.7633e-01 +1.3883e+00 -6.7607e-01 +2.6758e+00 -2.2015e+00
2104 0 +2.491014330e+00 -7.948985670e+00 -7.948985670e+00 -7.2926e-01 +1.2887e+00 -5.9173e-01 +2.7599e+00 -2.0213e+00
2503 0 +2.037825712e+00 -8.402174288e+00 -8.402174288e+00 -6.6462e-01 +1.7329e+00 -7.0635e-01 +2.3287e+00 -1.8233e+00
3104 0 +1.950896598e+00 -8.489103402e+00 -8.489103402e+00 -5.1938e-01 +1.7622e+00 -4.5227e-01 +2.3471e+00 -1.7685e+00
3465 0 +1.928708366e+00 -8.511291634e+00 -8.511291634e+00 -6.3089e-01 +1.7580e+00 -6.1613e-01 +2.3289e+00 -1.6991e+00
3702 0 +1.889287765e+00 -8.550712235e+00 -8.550712235e+00 -6.8757e-01 +1.8531e+00 -6.3114e-01 +2.3211e+00 -1.6754e+00
3845 0 +1.818007922e+00 -8.621992078e+00 -8.621992078e+00 -4.5471e-01 +1.8218e+00 -3.4963e-01 +2.3731e+00 -1.6728e+00
4025 0 +1.755397494e+00 -8.684602506e+00 -8.684602506e+00 -3.7124e-01 +1.8685e+00 -2.7646e-01 +2.3235e+00 -1.5584e+00
4262 0 +1.506202046e+00 -8.933797954e+00 -8.933797954e+00 -2.4036e-01 +1.8084e+00 -2.3925e-01 +2.3949e+00 -1.4370e+00
4502 0 +1.140827792e+00 -9.299172208e+00 -9.299172208e+00 -6.4658e-02 +1.6920e+00 -4.6364e-01 +2.5113e+00 -1.1002e+00
4701 0 +8.173505301e-01 -9.622649470e+00 -9.622649470e+00 +8.2648e-04 +1.8932e+00 -5.3333e-01 +2.1498e+00 -8.7944e-01
4801 0 +5.902309139e-01 -9.849769086e+00 -9.849769086e+00 +2.9731e-01 +2.0434e+00 -5.7180e-01 +2.1548e+00 -5.3011e-01
% f evaluations | g evaluations | best noise-free fitness - Fopt (-1.039200000000e+02) + sum g_i+ | measured fitness | best measured fitness or single-digit g-values | x1 | x2...
1 0 +8.582054600e+01 -1.809945400e+01 -1.809945400e+01 +4.1597e+00 -4.7591e+00 +4.3594e+00 -3.1760e+00 -4.6392e+00
2 0 +4.532450718e+01 -5.859549282e+01 -5.859549282e+01 -3.8273e+00 -2.8688e-01 -8.9958e-01 -4.3492e+00 -2.7835e+00
3 0 +4.244862228e+01 -6.147137772e+01 -6.147137772e+01 +3.0594e+00 -3.1507e+00 +1.4092e+00 +6.5036e-01 +2.7077e+00
7 0 +3.247207429e+01 -7.144792571e+01 -7.144792571e+01 +3.4438e+00 +2.3494e+00 -5.4866e-01 -4.6564e-01 +2.2883e+00
21 0 +1.582746422e+01 -8.809253578e+01 -8.809253578e+01 -3.4796e+00 +1.4759e+00 -2.1968e-01 -2.7473e+00 -3.3365e+00
401 0 +1.390041042e+01 -9.001958958e+01 -9.001958958e+01 -2.0569e+00 -6.0638e-01 -7.7744e-01 -3.5372e-01 -7.4521e-01
464 0 +1.184031359e+01 -9.207968641e+01 -9.207968641e+01 -1.3008e+00 -3.9078e-01 -4.1782e-01 -4.1725e-01 -7.7741e-01
472 0 +9.951899921e+00 -9.396810008e+01 -9.396810008e+01 -1.3259e+00 -3.9833e-01 -4.9002e-01 -4.7000e-01 -7.5735e-01
501 0 +8.784328786e+00 -9.513567121e+01 -9.513567121e+01 -1.3172e+00 -4.0215e-01 -5.4564e-01 -5.4397e-01 -7.5239e-01
602 0 +8.675091874e+00 -9.524490813e+01 -9.524490813e+01 -1.0277e+00 -3.1864e-01 -1.1862e+00 -3.2204e-01 -6.3064e-01
701 0 +7.752125513e+00 -9.616787449e+01 -9.616787449e+01 -8.9087e-01 -2.0524e-01 -1.4830e+00 -3.4512e-01 -6.4526e-01
801 0 +6.975671141e+00 -9.694432886e+01 -9.694432886e+01 -9.3892e-01 -2.0658e-01 -1.4770e+00 -3.4378e-01 -6.6670e-01
804 0 +6.689258275e+00 -9.723074173e+01 -9.723074173e+01 -1.6639e+00 -3.6966e-01 -1.0696e+00 -4.6075e-01 -5.9159e-01
901 0 +4.962770491e+00 -9.895722951e+01 -9.895722951e+01 -2.4095e+00 -4.0116e-01 -1.4377e+00 -4.9766e-01 -5.1347e-01
905 0 +4.389934396e+00 -9.953006560e+01 -9.953006560e+01 -1.8702e+00 -5.7204e-01 -1.2163e+00 -5.8435e-01 -5.2613e-01
908 0 +3.806606739e+00 -1.001133933e+02 -1.001133933e+02 -1.2439e+00 -2.1936e-01 -1.1352e+00 -5.5880e-01 -7.0092e-01
1001 0 +2.669221060e+00 -1.012507789e+02 -1.012507789e+02 -1.2244e+00 -1.1780e-01 -1.7145e+00 -5.4910e-01 -8.2881e-01
1002 0 +2.127628409e+00 -1.017923716e+02 -1.017923716e+02 -2.2130e+00 -7.2345e-01 -2.0186e+00 -6.4487e-01 -4.8925e-01
1103 0 +2.013773825e+00 -1.019062262e+02 -1.019062262e+02 -1.2516e+00 -3.5314e-02 -1.9218e+00 -1.1213e-01 -9.3671e-01
1301 0 +1.973170290e+00 -1.019468297e+02 -1.019468297e+02 -1.2302e+00 +3.6205e-02 -2.2405e+00 -6.5770e-02 -1.1280e+00
1606 0 +1.915810908e+00 -1.020041891e+02 -1.020041891e+02 -1.3344e+00 +8.6814e-02 -1.9758e+00 -3.3244e-01 -9.5712e-01
1607 0 +1.764074062e+00 -1.021559259e+02 -1.021559259e+02 -1.2874e+00 +3.4254e-01 -1.8716e+00 -1.9754e-01 -9.7344e-01
1701 0 +1.186875997e+00 -1.027331240e+02 -1.027331240e+02 -1.4775e+00 +4.3724e-01 -1.9452e+00 -1.9627e-01 -1.0175e+00
1901 0 +7.127468523e-01 -1.032072531e+02 -1.032072531e+02 -1.8193e+00 +6.1091e-01 -2.2269e+00 -1.0008e-01 -1.1288e+00
2001 0 +5.359434019e-01 -1.033840566e+02 -1.033840566e+02 -2.0731e+00 +6.3532e-01 -2.4172e+00 -4.9688e-02 -1.1155e+00
2101 0 +1.534957101e-01 -1.037665043e+02 -1.037665043e+02 -2.3870e+00 +1.2159e+00 -3.0533e+00 +2.8562e-01 -1.3128e+00
3001 0 +1.015768743e-01 -1.038184231e+02 -1.038184231e+02 -2.4453e+00 +1.0476e+00 -3.3611e+00 +2.9698e-01 -1.2596e+00
% f evaluations | g evaluations | best noise-free fitness - Fopt (1.000000000000e+03) + sum g_i+ | measured fitness | best measured fitness or single-digit g-values | x1 | x2...
1 0 +7.960500073e+01 +1.079605001e+03 +1.079605001e+03 -2.8914e-01 -4.1060e+00 -4.9901e+00 -2.8842e+00 +9.5251e-01
3 0 +5.729231543e+01 +1.057292315e+03 +1.057292315e+03 -1.7896e+00 +2.1094e+00 +9.5547e-01 -1.1022e+00 -3.7434e+00
23 0 +4.859891507e+01 +1.048598915e+03 +1.048598915e+03 -1.9995e+00 -1.5959e+00 +1.8742e+00 +2.7927e+00 +2.8918e+00
45 0 +2.054408973e+01 +1.020544090e+03 +1.020544090e+03 -4.6278e+00 -8.2971e-01 -3.8814e-01 -6.4977e-01 -3.4782e+00
202 0 +1.782837806e+01 +1.017828378e+03 +1.017828378e+03 +4.9982e+00 -4.9874e+00 -3.5032e+00 +4.9628e+00 +4.9561e+00
2802 0 +1.697958667e+01 +1.016979587e+03 +1.016979587e+03 +5.0793e-01 -5.6867e-01 -1.2095e+00 -6.7523e-01 -6.5888e-01
2901 0 +1.429045104e+01 +1.014290451e+03 +1.014290451e+03 +1.6504e-01 -4.4768e-01 -1.5155e+00 -1.0744e+00 -6.6176e-01
3001 0 +1.260468170e+01 +1.012604682e+03 +1.012604682e+03 +5.4479e-02 -4.2584e-01 -1.5972e+00 -1.2758e+00 -8.6706e-01
3102 0 +1.214810718e+01 +1.012148107e+03 +1.012148107e+03 +7.1341e-01 -8.7023e-01 -1.4547e+00 -7.1086e-01 -1.1938e+00
3201 0 +1.149722209e+01 +1.011497222e+03 +1.011497222e+03 +7.7613e-01 -9.6132e-01 -1.5111e+00 -8.8876e-01 -1.3118e+00
3502 0 +1.107025639e+01 +1.011070256e+03 +1.011070256e+03 +4.1137e-01 -6.7695e-01 -1.2461e+00 -7.2540e-01 -1.3916e+00
3601 0 +9.888801486e+00 +1.009888801e+03 +1.009888801e+03 +2.4332e-01 -5.9910e-01 -1.4837e+00 -8.0226e-01 -1.3857e+00
3701 0 +9.442088853e+00 +1.009442089e+03 +1.009442089e+03 +1.3049e-02 -7.6238e-01 -1.5679e+00 -7.0351e-01 -1.7339e+00
4002 0 +9.270193273e+00 +1.009270193e+03 +1.009270193e+03 +2.1810e-01 -7.1840e-01 -1.6678e+00 -1.0884e+00 -1.3678e+00
4101 0 +9.093450283e+00 +1.009093450e+03 +1.009093450e+03 -3.9994e-02 -7.2448e-01 -1.7864e+00 -1.1552e+00 -1.7412e+00
4201 0 +8.850593629e+00 +1.008850594e+03 +1.008850594e+03 +9.9130e-02 -7.2675e-01 -1.9381e+00 -9.8915e-01 -1.6780e+00
% f evaluations | g evaluations | best noise-free fitness - Fopt (-4.913000000000e+01) + sum g_i+ | measured fitness | best measured fitness or single-digit g-values | x1 | x2...
1 0 +8.655807311e+01 +3.742807311e+01 +3.742807311e+01 +3.7550e-01 +4.1716e+00 -1.7419e+00 -4.9469e+00 +4.5046e+00
2 0 +8.161573827e+01 +3.248573827e+01 +3.248573827e+01 +1.4305e+00 -4.8282e+00 -3.5950e+00 +3.7136e+00 +3.5088e+00
3 0 +7.234325880e+01 +2.321325880e+01 +2.321325880e+01 -4.1170e+00 -1.2813e+00 +2.1379e+00 +3.4657e-01 +1.0011e+00
8 0 +5.411564553e+01 +4.985645527e+00 +4.985645527e+00 +3.8628e+00 +4.4251e+00 -1.8523e+00 +1.4713e+00 -1.4744e+00
32 0 +2.678292610e+01 -2.234707390e+01 -2.234707390e+01 -3.2356e+00 -8.5722e-01 -4.1494e+00 +3.8280e+00 -1.8824e+00
49 0 +2.303056567e+01 -2.609943433e+01 -2.609943433e+01 -8.9829e-02 -3.3439e+00 +3.7652e+00 +8.5529e-01 +1.9484e+00
83 0 +1.493341714e+01 -3.419658286e+01 -3.419658286e+01 -4.4986e+00 -3.9592e+00 -3.6285e+00 +4.8252e+00 -1.5045e+00
1404 0 +8.354405472e+00 -4.077559453e+01 -4.077559453e+01 -3.6520e+00 -2.3821e+00 -3.2895e+00 +3.2787e+00 -3.5748e+00
1503 0 +5.647106818e+00 -4.348289318e+01 -4.348289318e+01 -3.9314e+00 -2.5767e+00 -3.8140e+00 +3.5760e+00 -3.4927e+00
1509 0 +4.190244745e+00 -4.493975525e+01 -4.493975525e+01 -4.0010e+00 -2.1706e+00 -3.5241e+00 +3.6437e+00 -3.1688e+00
1602 0 +2.241826634e+00 -4.688817337e+01 -4.688817337e+01 -4.1309e+00 -2.0243e+00 -3.7593e+00 +3.2669e+00 -3.1720e+00
1704 0 +1.992782556e+00 -4.713721744e+01 -4.713721744e+01 -4.0363e+00 -2.1446e+00 -3.5839e+00 +3.3345e+00 -2.7179e+00
2902 0 +1.918419408e+00 -4.721158059e+01 -4.721158059e+01 -4.1090e+00 -2.2179e+00 -3.6846e+00 +3.1619e+00 -2.8221e+00
3101 0 +1.904006445e+00 -4.722599356e+01 -4.722599356e+01 -4.2628e+00 -2.2096e+00 -3.8187e+00 +2.8258e+00 -2.9011e+00
3501 0 +1.754492628e+00 -4.737550737e+01 -4.737550737e+01 -4.3372e+00 -1.7494e+00 -3.8379e+00 +2.9420e+00 -2.5746e+00
3518 0 +1.348379162e+00 -4.778162084e+01 -4.778162084e+01 -4.2442e+00 -2.2243e+00 -3.8287e+00 +3.0340e+00 -2.6954e+00
3711 0 +1.146367988e+00 -4.798363201e+01 -4.798363201e+01 -4.2549e+00 -2.2975e+00 -3.9253e+00 +2.9134e+00 -2.6335e+00
3802 0 +8.113932228e-01 -4.831860678e+01 -4.831860678e+01 -4.2157e+00 -2.1434e+00 -3.8921e+00 +2.9981e+00 -2.2771e+00
% f evaluations | g evaluations | best noise-free fitness - Fopt (3.930000000000e+00) + sum g_i+ | measured fitness | best measured fitness or single-digit g-values | x1 | x2...
1 0 +8.556094174e+01 +8.949094174e+01 +8.949094174e+01 +1.6120e+00 +4.2459e+00 -1.2945e+00 +2.0969e+00 -4.3820e+00
2 0 +6.980239788e+01 +7.373239788e+01 +7.373239788e+01 -1.8704e+00 -3.0111e+00 +1.3469e+00 -3.3220e-01 +1.1355e+00
5 0 +4.867054615e+01 +5.260054615e+01 +5.260054615e+01 +2.5949e-01 +7.2592e-01 +1.5187e+00 -1.3948e-02 +1.9365e+00
6 0 +4.209974762e+01 +4.602974762e+01 +4.602974762e+01 -1.0505e-01 -3.0757e+00 +8.0089e-01 -2.2237e+00 -2.3158e+00
60 0 +2.721028755e+01 +3.114028755e+01 +3.114028755e+01 +2.8906e+00 +2.3917e+00 +4.3045e+00 -4.0312e+00 +1.6657e+00
63 0 +2.529658590e+01 +2.922658590e+01 +2.922658590e+01 -1.3759e+00 -2.6546e+00 +1.7236e+00 -1.8129e+00 -3.5852e+00
83 0 +1.877327669e+01 +2.270327669e+01 +2.270327669e+01 +8.6543e-01 -2.8228e+00 +3.0890e+00 -2.0098e+00 -2.9733e+00
901 0 +1.765529266e+01 +2.158529266e+01 +2.158529266e+01 -1.2218e-01 -2.4839e+00 +7.2324e-01 +3.6403e-01 -8.6437e-01
1101 0 +1.737212225e+01 +2.130212225e+01 +2.130212225e+01 -1.0285e-01 -2.8024e+00 +8.4575e-01 +3.6385e-01 -9.9057e-01
1414 0 +1.679528804e+01 +2.072528804e+01 +2.072528804e+01 +3.2029e-01 -1.7099e+00 +4.4353e-01 +5.5728e-01 -1.1124e+00
2503 0 +1.647870464e+01 +2.040870464e+01 +2.040870464e+01 +1.4626e-01 -1.9363e+00 +5.1504e-01 +5.3823e-01 -1.1124e+00
2901 0 +1.578366152e+01 +1.971366152e+01 +1.971366152e+01 +2.7283e-01 -2.2300e+00 +7.4591e-01 +1.1536e-01 -1.5713e+00
3102 0 +1.546461299e+01 +1.939461299e+01 +1.939461299e+01 +1.9535e-02 -2.5070e+00 +4.2453e-01 +1.2516e-01 -1.3855e+00
3803 0 +1.484277120e+01 +1.877277120e+01 +1.877277120e+01 +1.4219e-01 -2.6537e+00 +7.7008e-01 +4.0306e-02 -1.8468e+00
4901 0 +1.476837580e+01 +1.869837580e+01 +1.869837580e+01 +9.7424e-02 -2.8053e+00 +7.8493e-01 -7.3695e-02 -1.8557e+00
% f evaluations | g evaluations | best noise-free fitness - Fopt (3.438000000000e+01) + sum g_i+ | measured fitness | best measured fitness or single-digit g-values | x1 | x2...
1 0 +8.562536419e+01 +1.200053642e+02 +1.200053642e+02 -4.8538e+00 -1.0841e+00 -1.0072e+00 +2.1711e+00 -4.5087e+00
2 0 +7.577526975e+01 +1.101552697e+02 +1.101552697e+02 +6.0415e-01 -1.5043e+00 +1.6750e+00 -3.9644e+00 +3.9741e+00
4 0 +6.771673991e+01 +1.020967399e+02 +1.020967399e+02 +2.3858e+00 +6.5594e-01 -4.7093e-01 +1.3404e+00 +3.4736e-01
6 0 +5.891176427e+01 +9.329176427e+01 +9.329176427e+01 -7.8264e-01 +3.7608e+00 +3.1622e-01 +3.9393e+00 -4.5431e+00
12 0 +3.685569431e+01 +7.123569431e+01 +7.123569431e+01 -4.1614e+00 +1.1312e+00 -2.3832e+00 +2.0160e+00 +2.5056e+00
45 0 +3.238675452e+01 +6.676675452e+01 +6.676675452e+01 -9.3054e-01 +4.3952e+00 -5.2537e-01 -4.9971e+00 -7.1829e-02
56 0 +3.184987439e+01 +6.622987439e+01 +6.622987439e+01 -3.6222e+00 +3.2818e+00 -6.5223e-01 -3.5649e+00 +2.9411e+00
701 0 +2.640778286e+01 +6.078778286e+01 +6.078778286e+01 +1.3882e-01 +4.8571e-01 -6.5178e-01 +1.0483e-01 +3.0450e-01
801 0 +2.261523310e+01 +5.699523310e+01 +5.699523310e+01 +3.1454e-01 +6.4871e-01 -8.2361e-01 +1.2422e-01 +3.1831e-01
901 0 +2.125585177e+01 +5.563585177e+01 +5.563585177e+01 +3.7126e-01 +7.0955e-01 -8.9958e-01 +1.1695e-01 +3.3027e-01
1001 0 +1.468866447e+01 +4.906866447e+01 +4.906866447e+01 +8.6073e-01 +1.0303e+00 -1.4700e+00 +2.2852e-01 +2.5583e-01
1101 0 +1.000484469e+01 +4.438484469e+01 +4.438484469e+01 +1.5222e+00 +1.2983e+00 -2.2529e+00 +3.3006e-01 +2.2342e-01
1601 0 +8.252175901e+00 +4.263217590e+01 +4.263217590e+01 +1.0888e+00 +7.5562e-01 -1.8465e+00 +2.9243e-01 +9.2330e-01
1701 0 +7.817207492e+00 +4.219720749e+01 +4.219720749e+01 +1.1000e+00 +7.5425e-01 -2.0005e+00 +3.0225e-01 +9.4880e-01
1801 0 +7.562256705e+00 +4.194225670e+01 +4.194225670e+01 +1.3161e+00 +3.8469e-01 -2.2970e+00 +3.1257e-01 +1.5326e+00
2102 0 +7.235963986e+00 +4.161596399e+01 +4.161596399e+01 +1.1319e+00 +6.9853e-01 -2.2041e+00 +5.5859e-01 +1.0642e+00
2301 0 +7.024358904e+00 +4.140435890e+01 +4.140435890e+01 +1.2992e+00 +8.6628e-01 -2.5597e+00 +9.5223e-01 +1.1065e+00
2613 0 +6.677664898e+00 +4.105766490e+01 +4.105766490e+01 +1.4929e+00 +4.0371e-01 -2.7192e+00 +7.7284e-01 +1.3576e+00
2825 0 +6.333998476e+00 +4.071399848e+01 +4.071399848e+01 +1.4567e+00 +7.3853e-01 -2.4607e+00 +4.3942e-01 +1.0352e+00
3002 0 +6.144645622e+00 +4.052464562e+01 +4.052464562e+01 +1.5870e+00 +8.0334e-01 -2.7900e+00 +7.8380e-01 +1.0408e+00
3103 0 +5.710992918e+00 +4.009099292e+01 +4.009099292e+01 +1.3950e+00 +5.0048e-01 -2.9523e+00 +8.7080e-01 +1.5016e+00
3601 0 +5.493879142e+00 +3.987387914e+01 +3.987387914e+01 +1.5366e+00 +5.4413e-01 -2.9178e+00 +7.7281e-01 +1.6296e+00
3705 0 +5.368715562e+00 +3.974871556e+01 +3.974871556e+01 +1.6158e+00 +5.4213e-01 -2.9455e+00 +6.4665e-01 +1.3537e+00
4001 0 +5.209695456e+00 +3.958969546e+01 +3.958969546e+01 +1.5189e+00 +7.8688e-01 -2.9352e+00 +7.1412e-01 +1.4105e+00
% f evaluations | g evaluations | best noise-free fitness - Fopt (-5.877400000000e+02) + sum g_i+ | measured fitness | best measured fitness or single-digit g-values | x1 | x2...
1 0 +7.334683608e+01 -5.143931639e+02 -5.143931639e+02 -2.7773e+00 -3.9378e+00 +3.4840e+00 +4.0656e+00 -1.6761e+00
2 0 +6.911379470e+01 -5.186262053e+02 -5.186262053e+02 +4.1968e+00 +2.7276e+00 +2.7387e+00 -1.3884e+00 +1.1558e+00
8 0 +5.949415991e+01 -5.282458401e+02 -5.282458401e+02 -3.4520e+00 -2.5160e-01 +1.8597e+00 -2.3677e+00 -8.0625e-03
11 0 +2.183217494e+01 -5.659078251e+02 -5.659078251e+02 -1.3000e+00 +2.4701e+00 -2.6943e+00 -1.4469e+00 +1.0946e+00
72 0 +8.136336027e+00 -5.796036640e+02 -5.796036640e+02 -6.8260e-01 +9.8285e-01 -3.3369e+00 -1.4686e+00 +9.3297e-01
98 0 +4.677837058e+00 -5.830621629e+02 -5.830621629e+02 +4.6206e-01 -4.5930e+00 -2.3235e+00 +6.8512e-01 +1.1452e+00
1014 0 +3.721870426e+00 -5.840181296e+02 -5.840181296e+02 -3.0498e-01 +4.8051e-01 -2.0894e+00 -1.0024e+00 +1.8949e-01
2001 0 +3.638927149e+00 -5.841010729e+02 -5.841010729e+02 -1.9660e-01 +6.0634e-01 -8.0533e-01 -1.8963e+00 +1.6504e+00
2101 0 +3.313994646e+00 -5.844260054e+02 -5.844260054e+02 -8.5151e-02 +6.4924e-01 -7.3484e-01 -2.0126e+00 +1.7080e+00
2303 0 +3.092143513e+00 -5.846478565e+02 -5.846478565e+02 -2.9042e-03 +5.4353e-02 -1.1924e+00 -2.0565e+00 +2.3329e+00
2602 0 +2.867547091e+00 -5.848724529e+02 -5.848724529e+02 +3.4120e-03 +2.5942e-01 -1.0482e+00 -1.9992e+00 +2.0561e+00
3278 0 +2.716769109e+00 -5.850232309e+02 -5.850232309e+02 +1.3224e-01 +2.5155e-01 -8.7064e-01 -1.9353e+00 +1.8785e+00
3401 0 +2.444170237e+00 -5.852958298e+02 -5.852958298e+02 +2.0640e-01 +3.5833e-01 -8.6741e-01 -2.0436e+00 +1.8560e+00
3601 0 +2.234245966e+00 -5.855057540e+02 -5.855057540e+02 +3.3068e-01 +1.1752e-01 -1.0127e+00 -2.1651e+00 +2.2055e+00
3803 0 +2.137786420e+00 -5.856022136e+02 -5.856022136e+02 +3.6729e-01 -2.9410e-02 -1.0423e+00 -2.2093e+00 +2.2833e+00
4713 0 +2.074347504e+00 -5.856656525e+02 -5.856656525e+02 +4.9486e-01 -3.5304e-01 -1.0969e+00 -2.3354e+00 +2.6298e+00
4801 0 +2.033519973e+00 -5.857064800e+02 -5.857064800e+02 +6.2581e-01 -6.7864e-01 -1.1623e+00 -2.5481e+00 +2.9440e+00
% f evaluations | g evaluations | best noise-free fitness - Fopt (4.491000000000e+01) + sum g_i+ | measured fitness | best measured fitness or single-digit g-values | x1 | x2...
1 0 +7.669216423e+01 +1.216021642e+02 +1.216021642e+02 -1.6493e+00 -3.8175e+00 -1.0379e+00 +3.5317e+00 +4.5600e+00
6 0 +7.667584354e+01 +1.215858435e+02 +1.215858435e+02 -2.3833e+00 +4.4305e+00 +1.3520e+00 -3.8621e+00 +3.2125e+00
13 0 +7.577324800e+01 +1.206832480e+02 +1.206832480e+02 -4.8217e-01 +3.2861e+00 +4.1868e+00 +1.6357e+00 +1.1605e+00
16 0 +7.197055946e+01 +1.168805595e+02 +1.168805595e+02 -1.7056e+00 +4.2451e+00 +7.0861e-01 +4.7731e-01 +4.7162e+00
19 0 +5.180726614e+01 +9.671726614e+01 +9.671726614e+01 +1.5969e+00 -2.1578e+00 +1.1227e+00 -9.8804e-01 +1.6719e+00
23 0 +4.075362186e+01 +8.566362186e+01 +8.566362186e+01 +4.3698e+00 -6.0832e-01 +3.7539e+00 +2.9870e+00 -2.3966e+00
37 0 +3.137218453e+01 +7.628218453e+01 +7.628218453e+01 +8.2384e-02 +2.0666e+00 -4.0429e+00 -7.4348e-01 -1.6823e+00
48 0 +2.321258674e+01 +6.812258674e+01 +6.812258674e+01 +4.9310e+00 -3.9643e+00 -1.1705e+00 -4.0711e+00 +2.0820e-01
56 0 +1.393646391e+01 +5.884646391e+01 +5.884646391e+01 -1.5370e+00 +2.8891e+00 -1.4611e+00 -8.4009e-01 -6.6158e-01
100 0 +1.157301591e+01 +5.648301591e+01 +5.648301591e+01 +3.2211e+00 -2.0489e+00 -3.2661e+00 -4.3581e-01 +1.4906e+00
102 0 +8.186796509e+00 +5.309679651e+01 +5.309679651e+01 -2.3177e+00 +2.9711e+00 -2.6876e+00 +4.1562e-01 -1.6210e+00
601 0 +7.308376971e+00 +5.221837697e+01 +5.221837697e+01 -1.0080e+00 +2.2324e+00 -1.5159e+00 +3.4665e-01 -1.0166e+00
701 0 +4.644058783e+00 +4.955405878e+01 +4.955405878e+01 -1.5942e+00 +2.8388e+00 -1.9834e+00 +4.4345e-01 -1.6341e+00
1201 0 +3.380352109e+00 +4.829035211e+01 +4.829035211e+01 -1.1162e+00 +2.7878e+00 -2.1692e+00 +3.2783e-01 -1.6559e+00
1701 0 +3.304526025e+00 +4.821452602e+01 +4.821452602e+01 -1.2674e+00 +2.8133e+00 -2.1256e+00 +3.0904e-01 -1.5647e+00
2301 0 +3.161861384e+00 +4.807186138e+01 +4.807186138e+01 -1.4580e+00 +2.3728e+00 -2.1425e+00 +3.1073e-01 -1.1441e+00
2601 0 +2.972851943e+00 +4.788285194e+01 +4.788285194e+01 -1.5000e+00 +2.4587e+00 -2.0526e+00 +1.3080e-01 -1.3768e+00
2603 0 +2.829605218e+00 +4.773960522e+01 +4.773960522e+01 -1.4377e+00 +2.3729e+00 -2.1978e+00 +5.1361e-02 -1.3697e+00
2701 0 +2.781336258e+00 +4.769133626e+01 +4.769133626e+01 -1.4875e+00 +2.5212e+00 -2.2005e+00 +1.1374e-02 -1.3723e+00
3301 0 +2.701779135e+00 +4.761177914e+01 +4.761177914e+01 -1.4736e+00 +2.5103e+00 -2.2921e+00 +2.9173e-01 -1.4437e+00
3610 0 +2.658459106e+00 +4.756845911e+01 +4.756845911e+01 -1.3980e+00 +2.5139e+00 -2.2609e+00 +2.8660e-02 -1.4660e+00
3902 0 +2.608520098e+00 +4.751852010e+01 +4.751852010e+01 -1.3892e+00 +2.4677e+00 -2.3092e+00 +1.0321e-01 -1.5044e+00
% f evaluations | g evaluations | best noise-free fitness - Fopt (2.742300000000e+02) + sum g_i+ | measured fitness | best measured fitness or single-digit g-values | x1 | x2...
1 0 +8.405235905e+01 +3.582823591e+02 +3.582823591e+02 +2.1857e+00 +5.1271e-01 -1.7865e+00 -1.6282e+00 +4.5185e+00
3 0 +7.975270122e+01 +3.539827012e+02 +3.539827012e+02 -4.0954e-01 -2.1556e+00 -5.7867e-01 -4.2957e+00 -1.5637e+00
6 0 +7.791694039e+01 +3.521469404e+02 +3.521469404e+02 -1.1495e+00 +8.4832e-01 -1.4905e+00 -2.8800e+00 +1.0403e+00
14 0 +1.939510930e+01 +2.936251093e+02 +2.936251093e+02 +6.3641e-01 -4.2113e+00 -7.0634e-01 -3.5635e+00 +3.4267e+00
201 0 +1.865166530e+01 +2.928816653e+02 +2.928816653e+02 +6.4164e-01 -4.8601e+00 -1.9174e-01 -4.5300e+00 +1.9917e+00
321 0 +1.699013645e+01 +2.912201365e+02 +2.912201365e+02 -1.0727e-01 -3.6490e+00 -7.3012e-01 -3.6224e+00 +2.7023e+00
% f evaluations | g evaluations | best noise-free fitness - Fopt (6.897200000000e+02) + sum g_i+ | measured fitness | best measured fitness or single-digit g-values | x1 | x2...
1 0 +7.396181121e+01 +7.636818112e+02 +7.636818112e+02 -1.6718e+00 +4.2199e+00 -2.1534e+00 -8.2061e-01 -3.9851e+00
5 0 +6.984883643e+01 +7.595688364e+02 +7.595688364e+02 -6.3660e-01 +1.0058e+00 +8.4871e-01 +1.3008e-01 +4.7190e-01
9 0 +2.055029477e+01 +7.102702948e+02 +7.102702948e+02 +1.3972e+00 +7.1782e-02 -1.8205e-01 +3.6457e+00 +3.2349e+00
103 0 +8.915321489e+00 +6.986353215e+02 +6.986353215e+02 -2.9274e+00 -5.0000e+00 +5.0000e+00 -1.8559e+00 +3.2281e+00
2803 0 +8.475481528e+00 +6.981954815e+02 +6.981954815e+02 -1.6792e+00 -2.9562e+00 +1.9317e+00 +8.7502e-01 +7.4660e-01
2901 0 +7.729744910e+00 +6.974497449e+02 +6.974497449e+02 -1.6913e+00 -3.2840e+00 +2.0318e+00 +1.0691e+00 +7.6381e-01
3201 0 +6.567453834e+00 +6.962874538e+02 +6.962874538e+02 -1.6204e+00 -4.3104e+00 +2.4558e+00 +1.7601e+00 +5.8582e-01
3401 0 +6.449768583e+00 +6.961697686e+02 +6.961697686e+02 -1.5368e+00 -3.5455e+00 +2.1085e+00 +1.1792e+00 +4.3993e-01
3404 0 +6.183553759e+00 +6.959035538e+02 +6.959035538e+02 -1.7443e+00 -4.3477e+00 +2.6527e+00 +1.8093e+00 +4.9376e-01
3604 0 +5.767764774e+00 +6.954877648e+02 +6.954877648e+02 -1.6181e+00 -3.8899e+00 +2.1880e+00 +1.5186e+00 +4.4792e-01
3705 0 +5.733469081e+00 +6.954534691e+02 +6.954534691e+02 -1.6624e+00 -3.7977e+00 +2.3997e+00 +1.6577e+00 +6.6663e-01
3817 0 +5.542850463e+00 +6.952628505e+02 +6.952628505e+02 -1.3898e+00 -3.8274e+00 +2.3585e+00 +1.4683e+00 +4.0589e-01
4302 0 +5.333962229e+00 +6.950539622e+02 +6.950539622e+02 -1.2727e+00 -3.9558e+00 +2.3944e+00 +1.6596e+00 +3.1797e-01
