% f evaluations | g evaluations | best noise-free fitness - Fopt (-1.000000000000e+03) + sum g_i+ | measured fitness | best measured fitness or single-digit g-values | x1 | x2...
1 0 +8.651700612e+01 -9.134829939e+02 -9.134829939e+02
2 0 +8.635428123e+01 -9.136457188e+02 -9.136457188e+02
44 0 +8.456196056e+01 -9.154380394e+02 -9.154380394e+02
106 0 +8.223968729e+01 -9.177603127e+02 -9.177603127e+02
202 0 +7.785163208e+01 -9.221483679e+02 -9.221483679e+02
322 0 +7.682821976e+01 -9.231717802e+02 -9.231717802e+02
403 0 +7.545054735e+01 -9.245494527e+02 -9.245494527e+02
907 0 +7.404217192e+01 -9.259578281e+02 -9.259578281e+02
1588 0 +7.236400333e+01 -9.276359967e+02 -9.276359967e+02
2215 0 +7.077049163e+01 -9.292295084e+02 -9.292295084e+02
2777 0 +6.911007208e+01 -9.308899279e+02 -9.308899279e+02
3282 0 +6.743148300e+01 -9.325685170e+02 -9.325685170e+02
3677 0 +6.604651655e+01 -9.339534835e+02 -9.339534835e+02
4142 0 +6.415067818e+01 -9.358493218e+02 -9.358493218e+02
4371 0 +6.281187636e+01 -9.371881236e+02 -9.371881236e+02
4563 0 +6.151721928e+01 -9.384827807e+02 -9.384827807e+02
4773 0 +6.024264338e+01 -9.397573566e+02 -9.397573566e+02
5018 0 +5.812556590e+01 -9.418744341e+02 -9.418744341e+02
5154 0 +5.726155590e+01 -9.427384441e+02 -9.427384441e+02
5350 0 +5.535682314e+01 -9.446431769e+02 -9.446431769e+02
5457 0 +5.474035396e+01 -9.452596460e+02 -9.452596460e+02
5647 0 +5.314224214e+01 -9.468577579e+02 -9.468577579e+02
5746 0 +5.235665982e+01 -9.476433402e+02 -9.476433402e+02
5852 0 +4.929054032e+01 -9.507094597e+02 -9.507094597e+02
5947 0 +4.873456631e+01 -9.512654337e+02 -9.512654337e+02
6122 0 +4.784399429e+01 -9.521560057e+02 -9.521560057e+02
6244 0 +4.669637771e+01 -9.533036223e+02 -9.533036223e+02
6460 0 +4.522864781e+01 -9.547713522e+02 -9.547713522e+02
6468 0 +4.394262675e+01 -9.560573732e+02 -9.560573732e+02
6615 0 +4.309578504e+01 -9.569042150e+02 -9.569042150e+02
6678 0 +4.256500906e+01 -9.574349909e+02 -9.574349909e+02
6793 0 +4.160816089e+01 -9.583918391e+02 -9.583918391e+02
6867 0 +4.048149621e+01 -9.595185038e+02 -9.595185038e+02
6914 0 +3.974624305e+01 -9.602537570e+02 -9.602537570e+02
7083 0 +3.882282203e+01 -9.611771780e+02 -9.611771780e+02
7093 0 +3.801712983e+01 -9.619828702e+02 -9.619828702e+02
7247 0 +3.697286706e+01 -9.630271329e+02 -9.630271329e+02
7275 0 +3.625917722e+01 -9.637408228e+02 -9.637408228e+02
7371 0 +3.522088982e+01 -9.647791102e+02 -9.647791102e+02
7529 0 +3.441405756e+01 -9.655859424e+02 -9.655859424e+02
7645 0 +3.380603221e+01 -9.661939678e+02 -9.661939678e+02
7733 0 +3.287635367e+01 -9.671236463e+02 -9.671236463e+02
7829 0 +3.221871852e+01 -9.677812815e+02 -9.677812815e+02
7924 0 +3.140562414e+01 -9.685943759e+02 -9.685943759e+02
7937 0 +3.050823243e+01 -9.694917676e+02 -9.694917676e+02
8024 0 +3.000187998e+01 -9.699981200e+02 -9.699981200e+02
8191 0 +2.941476634e+01 -9.705852337e+02 -9.705852337e+02
8221 0 +2.878600448e+01 -9.712139955e+02 -9.712139955e+02
8321 0 +2.801222943e+01 -9.719877706e+02 -9.719877706e+02
8422 0 +2.668361935e+01 -9.733163807e+02 -9.733163807e+02
8522 0 +2.574909336e+01 -9.742509066e+02 -9.742509066e+02
8713 0 +2.525683743e+01 -9.747431626e+02 -9.747431626e+02
8720 0 +2.458769594e+01 -9.754123041e+02 -9.754123041e+02
8920 0 +2.411690937e+01 -9.758830906e+02 -9.758830906e+02
8958 0 +2.387209102e+01 -9.761279090e+02 -9.761279090e+02
9041 0 +2.339110001e+01 -9.766089000e+02 -9.766089000e+02
9125 0 +2.252555179e+01 -9.774744482e+02 -9.774744482e+02
9222 0 +2.232491971e+01 -9.776750803e+02 -9.776750803e+02
9378 0 +2.182497016e+01 -9.781750298e+02 -9.781750298e+02
9419 0 +2.115250411e+01 -9.788474959e+02 -9.788474959e+02
9523 0 +1.981838454e+01 -9.801816155e+02 -9.801816155e+02
9725 0 +1.934843065e+01 -9.806515694e+02 -9.806515694e+02
9817 0 +1.854406128e+01 -9.814559387e+02 -9.814559387e+02
9983 0 +1.786566282e+01 -9.821343372e+02 -9.821343372e+02
10006 0 +1.757529432e+01 -9.824247057e+02 -9.824247057e+02
10086 0 +1.737308593e+01 -9.826269141e+02 -9.826269141e+02
10155 0 +1.645623303e+01 -9.835437670e+02 -9.835437670e+02
10241 0 +1.605113151e+01 -9.839488685e+02 -9.839488685e+02
10340 0 +1.560297791e+01 -9.843970221e+02 -9.843970221e+02
10504 0 +1.490523378e+01 -9.850947662e+02 -9.850947662e+02
10574 0 +1.474509781e+01 -9.852549022e+02 -9.852549022e+02
10603 0 +1.426450540e+01 -9.857354946e+02 -9.857354946e+02
10710 0 +1.358704667e+01 -9.864129533e+02 -9.864129533e+02
10787 0 +1.301293173e+01 -9.869870683e+02 -9.869870683e+02
10895 0 +1.274951166e+01 -9.872504883e+02 -9.872504883e+02
10924 0 +1.254988452e+01 -9.874501155e+02 -9.874501155e+02
10997 0 +1.224140038e+01 -9.877585996e+02 -9.877585996e+02
11013 0 +1.198269820e+01 -9.880173018e+02 -9.880173018e+02
11091 0 +1.173363849e+01 -9.882663615e+02 -9.882663615e+02
11215 0 +1.121312659e+01 -9.887868734e+02 -9.887868734e+02
11298 0 +1.093425919e+01 -9.890657408e+02 -9.890657408e+02
11388 0 +1.070693264e+01 -9.892930674e+02 -9.892930674e+02
11514 0 +1.031440231e+01 -9.896855977e+02 -9.896855977e+02
11569 0 +1.017193466e+01 -9.898280653e+02 -9.898280653e+02
11626 0 +9.952920576e+00 -9.900470794e+02 -9.900470794e+02
11706 0 +9.672230608e+00 -9.903277694e+02 -9.903277694e+02
11794 0 +9.203966215e+00 -9.907960338e+02 -9.907960338e+02
11916 0 +9.025421893e+00 -9.909745781e+02 -9.909745781e+02
11947 0 +8.873717931e+00 -9.911262821e+02 -9.911262821e+02
11982 0 +8.691956045e+00 -9.913080440e+02 -9.913080440e+02
12171 0 +8.487001816e+00 -9.915129982e+02 -9.915129982e+02
12288 0 +8.299716068e+00 -9.917002839e+02 -9.917002839e+02
12404 0 +7.995536008e+00 -9.920044640e+02 -9.920044640e+02
12442 0 +7.908749272e+00 -9.920912507e+02 -9.920912507e+02
12615 0 +7.686121671e+00 -9.923138783e+02 -9.923138783e+02
12684 0 +7.431480512e+00 -9.925685195e+02 -9.925685195e+02
12779 0 +7.410246034e+00 -9.925897540e+02 -9.925897540e+02
12819 0 +7.224889231e+00 -9.927751108e+02 -9.927751108e+02
12957 0 +7.076157683e+00 -9.929238423e+02 -9.929238423e+02
13038 0 +6.853995346e+00 -9.931460047e+02 -9.931460047e+02
13160 0 +6.741711110e+00 -9.932582889e+02 -9.932582889e+02
13225 0 +6.533192052e+00 -9.934668079e+02 -9.934668079e+02
13298 0 +6.403964707e+00 -9.935960353e+02 -9.935960353e+02
13353 0 +6.269271015e+00 -9.937307290e+02 -9.937307290e+02
13471 0 +6.027570532e+00 -9.939724295e+02 -9.939724295e+02
13554 0 +5.979572580e+00 -9.940204274e+02 -9.940204274e+02
13556 0 +5.806966983e+00 -9.941930330e+02 -9.941930330e+02
13601 0 +5.733257048e+00 -9.942667430e+02 -9.942667430e+02
13674 0 +5.433253893e+00 -9.945667461e+02 -9.945667461e+02
13801 0 +5.315117423e+00 -9.946848826e+02 -9.946848826e+02
13829 0 +5.167187495e+00 -9.948328125e+02 -9.948328125e+02
13886 0 +5.008771996e+00 -9.949912280e+02 -9.949912280e+02
13893 0 +4.720581779e+00 -9.952794182e+02 -9.952794182e+02
13994 0 +4.402445392e+00 -9.955975546e+02 -9.955975546e+02
14097 0 +4.321992887e+00 -9.956780071e+02 -9.956780071e+02
14125 0 +4.180217473e+00 -9.958197825e+02 -9.958197825e+02
14168 0 +4.156333221e+00 -9.958436668e+02 -9.958436668e+02
14203 0 +3.994743311e+00 -9.960052567e+02 -9.960052567e+02
14253 0 +3.979928939e+00 -9.960200711e+02 -9.960200711e+02
14270 0 +3.791640104e+00 -9.962083599e+02 -9.962083599e+02
14450 0 +3.581265295e+00 -9.964187347e+02 -9.964187347e+02
14547 0 +3.531720676e+00 -9.964682793e+02 -9.964682793e+02
14586 0 +3.424811614e+00 -9.965751884e+02 -9.965751884e+02
14650 0 +3.333174990e+00 -9.966668250e+02 -9.966668250e+02
14670 0 +3.299446653e+00 -9.967005533e+02 -9.967005533e+02
14729 0 +3.204223771e+00 -9.967957762e+02 -9.967957762e+02
14812 0 +3.092976010e+00 -9.969070240e+02 -9.969070240e+02
14841 0 +2.973049418e+00 -9.970269506e+02 -9.970269506e+02
14877 0 +2.871138200e+00 -9.971288618e+02 -9.971288618e+02
14929 0 +2.777557704e+00 -9.972224423e+02 -9.972224423e+02
14956 0 +2.684165312e+00 -9.973158347e+02 -9.973158347e+02
15090 0 +2.590130717e+00 -9.974098693e+02 -9.974098693e+02
15166 0 +2.491938775e+00 -9.975080612e+02 -9.975080612e+02
15327 0 +2.429398684e+00 -9.975706013e+02 -9.975706013e+02
15399 0 +2.383587421e+00 -9.976164126e+02 -9.976164126e+02
15521 0 +2.254756915e+00 -9.977452431e+02 -9.977452431e+02
15687 0 +2.223431356e+00 -9.977765686e+02 -9.977765686e+02
15786 0 +2.164177137e+00 -9.978358229e+02 -9.978358229e+02
16055 0 +2.127602314e+00 -9.978723977e+02 -9.978723977e+02
16254 0 +2.078353865e+00 -9.979216461e+02 -9.979216461e+02
16758 0 +2.036358941e+00 -9.979636411e+02 -9.979636411e+02
17682 0 +1.993602441e+00 -9.980063976e+02 -9.980063976e+02
% f evaluations | g evaluations | best noise-free fitness - Fopt (1.000000000000e+03) + sum g_i+ | measured fitness | best measured fitness or single-digit g-values | x1 | x2...
1 0 +8.655160961e+01 +1.086551610e+03 +1.086551610e+03
2 0 +8.654084360e+01 +1.086540844e+03 +1.086540844e+03
146 0 +8.493024895e+01 +1.084930249e+03 +1.084930249e+03
358 0 +8.295952593e+01 +1.082959526e+03 +1.082959526e+03
1698 0 +8.126191739e+01 +1.081261917e+03 +1.081261917e+03
2746 0 +7.940712203e+01 +1.079407122e+03 +1.079407122e+03
4023 0 +7.760442379e+01 +1.077604424e+03 +1.077604424e+03
4995 0 +7.585140544e+01 +1.075851405e+03 +1.075851405e+03
6141 0 +7.412610969e+01 +1.074126110e+03 +1.074126110e+03
6986 0 +7.223176990e+01 +1.072231770e+03 +1.072231770e+03
7903 0 +7.077618521e+01 +1.070776185e+03 +1.070776185e+03
8969 0 +6.911482678e+01 +1.069114827e+03 +1.069114827e+03
9915 0 +6.753446281e+01 +1.067534463e+03 +1.067534463e+03
10637 0 +6.604812599e+01 +1.066048126e+03 +1.066048126e+03
11494 0 +6.448061003e+01 +1.064480610e+03 +1.064480610e+03
12126 0 +6.298262462e+01 +1.062982625e+03 +1.062982625e+03
12620 0 +6.153671103e+01 +1.061536711e+03 +1.061536711e+03
13342 0 +6.018402394e+01 +1.060184024e+03 +1.060184024e+03
13876 0 +5.886273629e+01 +1.058862736e+03 +1.058862736e+03
14463 0 +5.729196703e+01 +1.057291967e+03 +1.057291967e+03
15036 0 +5.613884644e+01 +1.056138846e+03 +1.056138846e+03
15676 0 +5.494804483e+01 +1.054948045e+03 +1.054948045e+03
16267 0 +5.369948324e+01 +1.053699483e+03 +1.053699483e+03
16870 0 +5.247349039e+01 +1.052473490e+03 +1.052473490e+03
18141 0 +5.125800644e+01 +1.051258006e+03 +1.051258006e+03
% f evaluations | g evaluations | best noise-free fitness - Fopt (-4.913000000000e+01) + sum g_i+ | measured fitness | best measured fitness or single-digit g-values | x1 | x2...
1 0 +8.646378869e+01 +3.733378869e+01 +3.733378869e+01
2 0 +8.643654961e+01 +3.730654961e+01 +3.730654961e+01
41 0 +8.340913816e+01 +3.427913816e+01 +3.427913816e+01
120 0 +8.309803784e+01 +3.396803784e+01 +3.396803784e+01
149 0 +7.541426290e+01 +2.628426290e+01 +2.628426290e+01
382 0 +7.324145636e+01 +2.411145636e+01 +2.411145636e+01
531 0 +7.190670584e+01 +2.277670584e+01 +2.277670584e+01
1026 0 +7.068137026e+01 +2.155137026e+01 +2.155137026e+01
1586 0 +6.890906169e+01 +1.977906169e+01 +1.977906169e+01
2182 0 +6.750273163e+01 +1.837273163e+01 +1.837273163e+01
2388 0 +6.595155222e+01 +1.682155222e+01 +1.682155222e+01
2790 0 +6.453360411e+01 +1.540360411e+01 +1.540360411e+01
3141 0 +6.300259694e+01 +1.387259694e+01 +1.387259694e+01
3373 0 +6.157581894e+01 +1.244581894e+01 +1.244581894e+01
3619 0 +5.959751502e+01 +1.046751502e+01 +1.046751502e+01
3806 0 +5.886803154e+01 +9.738031539e+00 +9.738031539e+00
3911 0 +5.737149111e+01 +8.241491112e+00 +8.241491112e+00
4085 0 +5.596198187e+01 +6.831981865e+00 +6.831981865e+00
4160 0 +5.477392225e+01 +5.643922251e+00 +5.643922251e+00
4308 0 +5.360651857e+01 +4.476518574e+00 +4.476518574e+00
4489 0 +5.227029096e+01 +3.140290957e+00 +3.140290957e+00
4583 0 +5.125165712e+01 +2.121657119e+00 +2.121657119e+00
4792 0 +4.995672185e+01 +8.267218528e-01 +8.267218528e-01
4863 0 +4.860158999e+01 -5.284100053e-01 -5.284100053e-01
5066 0 +4.771875618e+01 -1.411243819e+00 -1.411243819e+00
5166 0 +4.664824568e+01 -2.481754320e+00 -2.481754320e+00
5216 0 +4.556274022e+01 -3.567259777e+00 -3.567259777e+00
5349 0 +4.464468663e+01 -4.485313365e+00 -4.485313365e+00
5450 0 +4.259817403e+01 -6.531825974e+00 -6.531825974e+00
5669 0 +4.024348752e+01 -8.886512475e+00 -8.886512475e+00
5759 0 +3.946245299e+01 -9.667547006e+00 -9.667547006e+00
5955 0 +3.889098211e+01 -1.023901789e+01 -1.023901789e+01
5985 0 +3.734980351e+01 -1.178019649e+01 -1.178019649e+01
6143 0 +3.661137294e+01 -1.251862706e+01 -1.251862706e+01
6194 0 +3.615701283e+01 -1.297298717e+01 -1.297298717e+01
6242 0 +3.531578515e+01 -1.381421485e+01 -1.381421485e+01
6347 0 +3.411044133e+01 -1.501955867e+01 -1.501955867e+01
6383 0 +3.360093854e+01 -1.552906146e+01 -1.552906146e+01
6465 0 +3.292709110e+01 -1.620290890e+01 -1.620290890e+01
6641 0 +3.208642020e+01 -1.704357980e+01 -1.704357980e+01
6781 0 +3.144479811e+01 -1.768520189e+01 -1.768520189e+01
6854 0 +3.046370498e+01 -1.866629502e+01 -1.866629502e+01
6874 0 +2.969552262e+01 -1.943447738e+01 -1.943447738e+01
7068 0 +2.876695161e+01 -2.036304839e+01 -2.036304839e+01
7228 0 +2.736656179e+01 -2.176343821e+01 -2.176343821e+01
7346 0 +2.689181607e+01 -2.223818393e+01 -2.223818393e+01
7386 0 +2.603008636e+01 -2.309991364e+01 -2.309991364e+01
7517 0 +2.540227599e+01 -2.372772401e+01 -2.372772401e+01
7568 0 +2.488088724e+01 -2.424911276e+01 -2.424911276e+01
7588 0 +2.453167443e+01 -2.459832557e+01 -2.459832557e+01
7807 0 +2.393181067e+01 -2.519818933e+01 -2.519818933e+01
7924 0 +2.335727310e+01 -2.577272690e+01 -2.577272690e+01
7929 0 +2.290039069e+01 -2.622960931e+01 -2.622960931e+01
8032 0 +2.228181902e+01 -2.684818098e+01 -2.684818098e+01
8123 0 +2.149304448e+01 -2.763695552e+01 -2.763695552e+01
8241 0 +2.094572633e+01 -2.818427367e+01 -2.818427367e+01
8260 0 +2.088552168e+01 -2.824447832e+01 -2.824447832e+01
8332 0 +2.009381631e+01 -2.903618369e+01 -2.903618369e+01
8442 0 +1.950160787e+01 -2.962839213e+01 -2.962839213e+01
8542 0 +1.948998352e+01 -2.964001648e+01 -2.964001648e+01
8629 0 +1.901726798e+01 -3.011273202e+01 -3.011273202e+01
8763 0 +1.845683855e+01 -3.067316145e+01 -3.067316145e+01
8862 0 +1.791169595e+01 -3.121830405e+01 -3.121830405e+01
8921 0 +1.753569450e+01 -3.159430550e+01 -3.159430550e+01
8949 0 +1.722336968e+01 -3.190663032e+01 -3.190663032e+01
9059 0 +1.696864657e+01 -3.216135343e+01 -3.216135343e+01
9093 0 +1.638911116e+01 -3.274088884e+01 -3.274088884e+01
9215 0 +1.612779319e+01 -3.300220681e+01 -3.300220681e+01
9241 0 +1.540387970e+01 -3.372612030e+01 -3.372612030e+01
9316 0 +1.453303441e+01 -3.459696559e+01 -3.459696559e+01
9317 0 +1.427810958e+01 -3.485189042e+01 -3.485189042e+01
9546 0 +1.405277616e+01 -3.507722384e+01 -3.507722384e+01
9606 0 +1.352587541e+01 -3.560412459e+01 -3.560412459e+01
9693 0 +1.304323716e+01 -3.608676284e+01 -3.608676284e+01
9803 0 +1.231878867e+01 -3.681121133e+01 -3.681121133e+01
9903 0 +1.212081360e+01 -3.700918640e+01 -3.700918640e+01
9907 0 +1.182679012e+01 -3.730320988e+01 -3.730320988e+01
9964 0 +1.172760466e+01 -3.740239534e+01 -3.740239534e+01
10096 0 +1.101072421e+01 -3.811927579e+01 -3.811927579e+01
10104 0 +1.073812629e+01 -3.839187371e+01 -3.839187371e+01
10228 0 +1.044035520e+01 -3.868964480e+01 -3.868964480e+01
10292 0 +1.002727824e+01 -3.910272176e+01 -3.910272176e+01
10356 0 +9.979850411e+00 -3.915014959e+01 -3.915014959e+01
10387 0 +9.502205532e+00 -3.962779447e+01 -3.962779447e+01
10515 0 +9.218602843e+00 -3.991139716e+01 -3.991139716e+01
10576 0 +9.019872578e+00 -4.011012742e+01 -4.011012742e+01
10596 0 +8.903673982e+00 -4.022632602e+01 -4.022632602e+01
10799 0 +8.495896505e+00 -4.063410350e+01 -4.063410350e+01
10913 0 +8.265263013e+00 -4.086473699e+01 -4.086473699e+01
11000 0 +8.095328209e+00 -4.103467179e+01 -4.103467179e+01
11191 0 +7.858724015e+00 -4.127127599e+01 -4.127127599e+01
11254 0 +7.661550939e+00 -4.146844906e+01 -4.146844906e+01
11315 0 +7.421201025e+00 -4.170879897e+01 -4.170879897e+01
11379 0 +7.262744102e+00 -4.186725590e+01 -4.186725590e+01
11456 0 +7.148843481e+00 -4.198115652e+01 -4.198115652e+01
11530 0 +6.769572363e+00 -4.236042764e+01 -4.236042764e+01
11609 0 +6.750021858e+00 -4.237997814e+01 -4.237997814e+01
11813 0 +6.573709031e+00 -4.255629097e+01 -4.255629097e+01
11873 0 +6.316433953e+00 -4.281356605e+01 -4.281356605e+01
11892 0 +6.241969312e+00 -4.288803069e+01 -4.288803069e+01
11946 0 +6.154390026e+00 -4.297560997e+01 -4.297560997e+01
11989 0 +5.605830796e+00 -4.352416920e+01 -4.352416920e+01
12123 0 +5.488584007e+00 -4.364141599e+01 -4.364141599e+01
12191 0 +5.326773974e+00 -4.380322603e+01 -4.380322603e+01
12220 0 +4.951784429e+00 -4.417821557e+01 -4.417821557e+01
12246 0 +4.862587739e+00 -4.426741226e+01 -4.426741226e+01
12283 0 +4.761756956e+00 -4.436824304e+01 -4.436824304e+01
12297 0 +4.396089276e+00 -4.473391072e+01 -4.473391072e+01
12388 0 +4.246809987e+00 -4.488319001e+01 -4.488319001e+01
12443 0 +4.059652414e+00 -4.507034759e+01 -4.507034759e+01
12584 0 +3.519509639e+00 -4.561049036e+01 -4.561049036e+01
12812 0 +3.216296881e+00 -4.591370312e+01 -4.591370312e+01
12899 0 +3.114806569e+00 -4.601519343e+01 -4.601519343e+01
13003 0 +3.042136351e+00 -4.608786365e+01 -4.608786365e+01
13005 0 +2.859937921e+00 -4.627006208e+01 -4.627006208e+01
13049 0 +2.696444789e+00 -4.643355521e+01 -4.643355521e+01
13146 0 +2.486934718e+00 -4.664306528e+01 -4.664306528e+01
13213 0 +2.449477415e+00 -4.668052259e+01 -4.668052259e+01
13274 0 +2.394937827e+00 -4.673506217e+01 -4.673506217e+01
13404 0 +2.328884602e+00 -4.680111540e+01 -4.680111540e+01
13431 0 +2.277100976e+00 -4.685289902e+01 -4.685289902e+01
13514 0 +2.216036591e+00 -4.691396341e+01 -4.691396341e+01
13566 0 +2.130375722e+00 -4.699962428e+01 -4.699962428e+01
13744 0 +2.077989655e+00 -4.705201035e+01 -4.705201035e+01
14035 0 +2.032166564e+00 -4.709783344e+01 -4.709783344e+01
14279 0 +1.992431462e+00 -4.713756854e+01 -4.713756854e+01
14525 0 +1.927889270e+00 -4.720211073e+01 -4.720211073e+01
14589 0 +1.899741195e+00 -4.723025881e+01 -4.723025881e+01
14612 0 +1.850514256e+00 -4.727948574e+01 -4.727948574e+01
14721 0 +1.711267391e+00 -4.741873261e+01 -4.741873261e+01
14863 0 +1.610518372e+00 -4.751948163e+01 -4.751948163e+01
15011 0 +1.518581379e+00 -4.761141862e+01 -4.761141862e+01
15071 0 +1.498673025e+00 -4.763132698e+01 -4.763132698e+01
15250 0 +1.456677572e+00 -4.767332243e+01 -4.767332243e+01
15299 0 +1.429649600e+00 -4.770035040e+01 -4.770035040e+01
15311 0 +1.370513729e+00 -4.775948627e+01 -4.775948627e+01
15404 0 +1.331930710e+00 -4.779806929e+01 -4.779806929e+01
15553 0 +1.233222740e+00 -4.789677726e+01 -4.789677726e+01
15647 0 +1.201151031e+00 -4.792884897e+01 -4.792884897e+01
15666 0 +1.114532710e+00 -4.801546729e+01 -4.801546729e+01
15808 0 +1.093059624e+00 -4.803694038e+01 -4.803694038e+01
15945 0 +1.064632061e+00 -4.806536794e+01 -4.806536794e+01
16076 0 +1.041041403e+00 -4.808895860e+01 -4.808895860e+01
16138 0 +9.889208476e-01 -4.814107915e+01 -4.814107915e+01
16242 0 +9.556569043e-01 -4.817434310e+01 -4.817434310e+01
16358 0 +9.487871756e-01 -4.818121282e+01 -4.818121282e+01
16378 0 +9.232097358e-01 -4.820679026e+01 -4.820679026e+01
16537 0 +8.841369941e-01 -4.824586301e+01 -4.824586301e+01
16748 0 +8.436127362e-01 -4.828638726e+01 -4.828638726e+01
16801 0 +8.111269341e-01 -4.831887307e+01 -4.831887307e+01
17141 0 +7.881166529e-01 -4.834188335e+01 -4.834188335e+01
17353 0 +7.658931784e-01 -4.836410682e+01 -4.836410682e+01
17820 0 +7.583529309e-01 -4.837164707e+01 -4.837164707e+01
19876 0 +7.369034505e-01 -4.839309655e+01 -4.839309655e+01
33053 0 +7.236294624e-01 -4.840637054e+01 -4.840637054e+01
% f evaluations | g evaluations | best noise-free fitness - Fopt (2.977300000000e+02) + sum g_i+ | measured fitness | best measured fitness or single-digit g-values | x1 | x2...
1 0 +8.648002065e+01 +3.842100206e+02 +3.842100206e+02
2 0 +8.472842134e+01 +3.824584213e+02 +3.824584213e+02
107 0 +8.309977413e+01 +3.808297741e+02 +3.808297741e+02
143 0 +8.120656922e+01 +3.789365692e+02 +3.789365692e+02
270 0 +7.854384697e+01 +3.762738470e+02 +3.762738470e+02
440 0 +7.753876899e+01 +3.752687690e+02 +3.752687690e+02
851 0 +7.581538103e+01 +3.735453810e+02 +3.735453810e+02
1577 0 +7.407069327e+01 +3.718006933e+02 +3.718006933e+02
2206 0 +7.244173643e+01 +3.701717364e+02 +3.701717364e+02
2894 0 +7.071573555e+01 +3.684457355e+02 +3.684457355e+02
3305 0 +6.910435585e+01 +3.668343558e+02 +3.668343558e+02
3835 0 +6.751871031e+01 +3.652487103e+02 +3.652487103e+02
4274 0 +6.598136995e+01 +3.637113699e+02 +3.637113699e+02
4661 0 +6.453225400e+01 +3.622622540e+02 +3.622622540e+02
4975 0 +6.265359554e+01 +3.603835955e+02 +3.603835955e+02
5250 0 +6.151503732e+01 +3.592450373e+02 +3.592450373e+02
5600 0 +6.020387067e+01 +3.579338707e+02 +3.579338707e+02
5658 0 +5.861344578e+01 +3.563434458e+02 +3.563434458e+02
5938 0 +5.691395233e+01 +3.546439523e+02 +3.546439523e+02
6063 0 +5.601538923e+01 +3.537453892e+02 +3.537453892e+02
6116 0 +5.493000391e+01 +3.526600039e+02 +3.526600039e+02
6267 0 +5.365741772e+01 +3.513874177e+02 +3.513874177e+02
6439 0 +5.221705792e+01 +3.499470579e+02 +3.499470579e+02
6501 0 +5.124857593e+01 +3.489785759e+02 +3.489785759e+02
6658 0 +4.963011368e+01 +3.473601137e+02 +3.473601137e+02
6773 0 +4.880805149e+01 +3.465380515e+02 +3.465380515e+02
6922 0 +4.709489089e+01 +3.448248909e+02 +3.448248909e+02
6955 0 +4.617810706e+01 +3.439081071e+02 +3.439081071e+02
7170 0 +4.561572850e+01 +3.433457285e+02 +3.433457285e+02
7308 0 +4.298106786e+01 +3.407110679e+02 +3.407110679e+02
7340 0 +4.204030388e+01 +3.397703039e+02 +3.397703039e+02
7485 0 +4.061582808e+01 +3.383458281e+02 +3.383458281e+02
7555 0 +3.962013047e+01 +3.373501305e+02 +3.373501305e+02
7628 0 +3.881314781e+01 +3.365431478e+02 +3.365431478e+02
7782 0 +3.755151096e+01 +3.352815110e+02 +3.352815110e+02
7929 0 +3.600714273e+01 +3.337371427e+02 +3.337371427e+02
8069 0 +3.407325596e+01 +3.318032560e+02 +3.318032560e+02
8144 0 +3.358995871e+01 +3.313199587e+02 +3.313199587e+02
8323 0 +3.243475430e+01 +3.301647543e+02 +3.301647543e+02
8418 0 +3.208176386e+01 +3.298117639e+02 +3.298117639e+02
8489 0 +3.134562046e+01 +3.290756205e+02 +3.290756205e+02
8567 0 +3.080257076e+01 +3.285325708e+02 +3.285325708e+02
8617 0 +2.958323963e+01 +3.273132396e+02 +3.273132396e+02
8728 0 +2.950945205e+01 +3.272394521e+02 +3.272394521e+02
8790 0 +2.852645525e+01 +3.262564552e+02 +3.262564552e+02
8826 0 +2.703107421e+01 +3.247610742e+02 +3.247610742e+02
8943 0 +2.673262682e+01 +3.244626268e+02 +3.244626268e+02
9038 0 +2.622406667e+01 +3.239540667e+02 +3.239540667e+02
9189 0 +2.569563823e+01 +3.234256382e+02 +3.234256382e+02
9313 0 +2.465487991e+01 +3.223848799e+02 +3.223848799e+02
9376 0 +2.451976265e+01 +3.222497626e+02 +3.222497626e+02
9519 0 +2.365873344e+01 +3.213887334e+02 +3.213887334e+02
9586 0 +2.303054741e+01 +3.207605474e+02 +3.207605474e+02
9708 0 +2.272487189e+01 +3.204548719e+02 +3.204548719e+02
9804 0 +2.213623099e+01 +3.198662310e+02 +3.198662310e+02
9854 0 +2.176209618e+01 +3.194920962e+02 +3.194920962e+02
9947 0 +2.108651940e+01 +3.188165194e+02 +3.188165194e+02
10063 0 +2.042811001e+01 +3.181581100e+02 +3.181581100e+02
10105 0 +2.018692109e+01 +3.179169211e+02 +3.179169211e+02
10110 0 +1.985290596e+01 +3.175829060e+02 +3.175829060e+02
10243 0 +1.947500744e+01 +3.172050074e+02 +3.172050074e+02
10401 0 +1.903241548e+01 +3.167624155e+02 +3.167624155e+02
10449 0 +1.860603305e+01 +3.163360331e+02 +3.163360331e+02
10514 0 +1.814959329e+01 +3.158795933e+02 +3.158795933e+02
10604 0 +1.775060589e+01 +3.154806059e+02 +3.154806059e+02
10615 0 +1.735265124e+01 +3.150826512e+02 +3.150826512e+02
10681 0 +1.663978301e+01 +3.143697830e+02 +3.143697830e+02
10787 0 +1.605440932e+01 +3.137844093e+02 +3.137844093e+02
10923 0 +1.551543840e+01 +3.132454384e+02 +3.132454384e+02
10949 0 +1.509079153e+01 +3.128207915e+02 +3.128207915e+02
11052 0 +1.413004627e+01 +3.118600463e+02 +3.118600463e+02
11122 0 +1.408531782e+01 +3.118153178e+02 +3.118153178e+02
11336 0 +1.373810980e+01 +3.114681098e+02 +3.114681098e+02
11341 0 +1.326176165e+01 +3.109917617e+02 +3.109917617e+02
11409 0 +1.255889362e+01 +3.102888936e+02 +3.102888936e+02
11487 0 +1.197018832e+01 +3.097001883e+02 +3.097001883e+02
11603 0 +1.132554976e+01 +3.090555498e+02 +3.090555498e+02
11700 0 +1.101408218e+01 +3.087440822e+02 +3.087440822e+02
11795 0 +1.094602166e+01 +3.086760217e+02 +3.086760217e+02
11837 0 +1.034625309e+01 +3.080762531e+02 +3.080762531e+02
11954 0 +1.021056441e+01 +3.079405644e+02 +3.079405644e+02
11976 0 +9.948817143e+00 +3.076788171e+02 +3.076788171e+02
12016 0 +9.733181181e+00 +3.074631812e+02 +3.074631812e+02
12101 0 +9.508958270e+00 +3.072389583e+02 +3.072389583e+02
12197 0 +9.226727970e+00 +3.069567280e+02 +3.069567280e+02
12212 0 +9.044034655e+00 +3.067740347e+02 +3.067740347e+02
12321 0 +8.819598485e+00 +3.065495985e+02 +3.065495985e+02
12387 0 +8.598122720e+00 +3.063281227e+02 +3.063281227e+02
12563 0 +8.377094419e+00 +3.061070944e+02 +3.061070944e+02
12574 0 +8.314989995e+00 +3.060449900e+02 +3.060449900e+02
12705 0 +8.033147663e+00 +3.057631477e+02 +3.057631477e+02
12707 0 +7.798479493e+00 +3.055284795e+02 +3.055284795e+02
12898 0 +7.689280842e+00 +3.054192808e+02 +3.054192808e+02
13048 0 +7.549082186e+00 +3.052790822e+02 +3.052790822e+02
13174 0 +7.403923190e+00 +3.051339232e+02 +3.051339232e+02
13201 0 +7.224681623e+00 +3.049546816e+02 +3.049546816e+02
13366 0 +6.925420195e+00 +3.046554202e+02 +3.046554202e+02
13400 0 +6.835241211e+00 +3.045652412e+02 +3.045652412e+02
13404 0 +6.742540897e+00 +3.044725409e+02 +3.044725409e+02
13503 0 +6.526821769e+00 +3.042568218e+02 +3.042568218e+02
13580 0 +6.373702632e+00 +3.041037026e+02 +3.041037026e+02
13605 0 +6.263256834e+00 +3.039932568e+02 +3.039932568e+02
13778 0 +5.796403953e+00 +3.035264040e+02 +3.035264040e+02
13871 0 +5.708682946e+00 +3.034386829e+02 +3.034386829e+02
13976 0 +5.513480770e+00 +3.032434808e+02 +3.032434808e+02
13998 0 +4.995599807e+00 +3.027255998e+02 +3.027255998e+02
14088 0 +4.509283950e+00 +3.022392840e+02 +3.022392840e+02
14281 0 +4.275193841e+00 +3.020051938e+02 +3.020051938e+02
14321 0 +4.233758608e+00 +3.019637586e+02 +3.019637586e+02
14403 0 +4.154343205e+00 +3.018843432e+02 +3.018843432e+02
14441 0 +3.424260021e+00 +3.011542600e+02 +3.011542600e+02
14536 0 +3.232872805e+00 +3.009628728e+02 +3.009628728e+02
14602 0 +3.058167441e+00 +3.007881674e+02 +3.007881674e+02
14703 0 +2.988195346e+00 +3.007181953e+02 +3.007181953e+02
14817 0 +2.886170273e+00 +3.006161703e+02 +3.006161703e+02
14843 0 +2.831782183e+00 +3.005617822e+02 +3.005617822e+02
14884 0 +2.668349934e+00 +3.003983499e+02 +3.003983499e+02
14971 0 +2.591451727e+00 +3.003214517e+02 +3.003214517e+02
15018 0 +2.570191929e+00 +3.003001919e+02 +3.003001919e+02
15058 0 +2.426760268e+00 +3.001567603e+02 +3.001567603e+02
15152 0 +2.264135381e+00 +2.999941354e+02 +2.999941354e+02
15330 0 +2.198905607e+00 +2.999289056e+02 +2.999289056e+02
15358 0 +2.169525311e+00 +2.998995253e+02 +2.998995253e+02
15460 0 +2.131843799e+00 +2.998618438e+02 +2.998618438e+02
15611 0 +2.086213338e+00 +2.998162133e+02 +2.998162133e+02
15774 0 +2.025232182e+00 +2.997552322e+02 +2.997552322e+02
15884 0 +1.983120797e+00 +2.997131208e+02 +2.997131208e+02
16097 0 +1.948646963e+00 +2.996786470e+02 +2.996786470e+02
16312 0 +1.897998679e+00 +2.996279987e+02 +2.996279987e+02
16377 0 +1.856088919e+00 +2.995860889e+02 +2.995860889e+02
16513 0 +1.789399087e+00 +2.995193991e+02 +2.995193991e+02
16555 0 +1.741678304e+00 +2.994716783e+02 +2.994716783e+02
16663 0 +1.716525379e+00 +2.994465254e+02 +2.994465254e+02
16845 0 +1.654782230e+00 +2.993847822e+02 +2.993847822e+02
16885 0 +1.535328373e+00 +2.992653284e+02 +2.992653284e+02
16990 0 +1.480088916e+00 +2.992100889e+02 +2.992100889e+02
17053 0 +1.474608591e+00 +2.992046086e+02 +2.992046086e+02
17146 0 +1.399578627e+00 +2.991295786e+02 +2.991295786e+02
17244 0 +1.371089039e+00 +2.991010890e+02 +2.991010890e+02
17396 0 +1.342710564e+00 +2.990727106e+02 +2.990727106e+02
17438 0 +1.314302079e+00 +2.990443021e+02 +2.990443021e+02
17446 0 +1.239879420e+00 +2.989698794e+02 +2.989698794e+02
17640 0 +1.212464976e+00 +2.989424650e+02 +2.989424650e+02
17650 0 +1.059121498e+00 +2.987891215e+02 +2.987891215e+02
18037 0 +9.895316953e-01 +2.987195317e+02 +2.987195317e+02
18196 0 +9.586360898e-01 +2.986886361e+02 +2.986886361e+02
18295 0 +9.203534533e-01 +2.986503535e+02 +2.986503535e+02
18379 0 +9.071151324e-01 +2.986371151e+02 +2.986371151e+02
18537 0 +8.812768633e-01 +2.986112769e+02 +2.986112769e+02
18608 0 +8.697253160e-01 +2.985997253e+02 +2.985997253e+02
18736 0 +8.482973667e-01 +2.985782974e+02 +2.985782974e+02
18963 0 +8.213733469e-01 +2.985513733e+02 +2.985513733e+02
19101 0 +8.009183264e-01 +2.985309183e+02 +2.985309183e+02
19430 0 +7.835526185e-01 +2.985135526e+02 +2.985135526e+02
19751 0 +7.738797222e-01 +2.985038797e+02 +2.985038797e+02
20265 0 +7.414775011e-01 +2.984714775e+02 +2.984714775e+02
22317 0 +7.407892624e-01 +2.984707893e+02 +2.984707893e+02
% f evaluations | g evaluations | best noise-free fitness - Fopt (5.157000000000e+01) + sum g_i+ | measured fitness | best measured fitness or single-digit g-values | x1 | x2...
1 0 +8.647419791e+01 +1.380441979e+02 +1.380441979e+02
5 0 +8.639369513e+01 +1.379636951e+02 +1.379636951e+02
61 0 +8.473283573e+01 +1.363028357e+02 +1.363028357e+02
107 0 +8.307149597e+01 +1.346414960e+02 +1.346414960e+02
246 0 +8.028871925e+01 +1.318587193e+02 +1.318587193e+02
312 0 +7.819422809e+01 +1.297642281e+02 +1.297642281e+02
480 0 +7.756807037e+01 +1.291380704e+02 +1.291380704e+02
1110 0 +7.552977612e+01 +1.270997761e+02 +1.270997761e+02
1738 0 +7.392897432e+01 +1.254989743e+02 +1.254989743e+02
2481 0 +7.221613247e+01 +1.237861325e+02 +1.237861325e+02
3109 0 +7.075700774e+01 +1.223270077e+02 +1.223270077e+02
3805 0 +6.912444408e+01 +1.206944441e+02 +1.206944441e+02
4362 0 +6.752586363e+01 +1.190958636e+02 +1.190958636e+02
4920 0 +6.598844954e+01 +1.175584495e+02 +1.175584495e+02
5355 0 +6.434464195e+01 +1.159146419e+02 +1.159146419e+02
5737 0 +6.296610045e+01 +1.145361005e+02 +1.145361005e+02
6044 0 +6.147843748e+01 +1.130484375e+02 +1.130484375e+02
6383 0 +6.022476495e+01 +1.117947649e+02 +1.117947649e+02
6544 0 +5.875513796e+01 +1.103251380e+02 +1.103251380e+02
6828 0 +5.742370667e+01 +1.089937067e+02 +1.089937067e+02
6983 0 +5.547643123e+01 +1.070464312e+02 +1.070464312e+02
7011 0 +5.461019430e+01 +1.061801943e+02 +1.061801943e+02
7151 0 +5.289272534e+01 +1.044627253e+02 +1.044627253e+02
7351 0 +5.147355160e+01 +1.030435516e+02 +1.030435516e+02
7501 0 +5.105740844e+01 +1.026274084e+02 +1.026274084e+02
7647 0 +4.994178295e+01 +1.015117829e+02 +1.015117829e+02
7815 0 +4.667326570e+01 +9.824326570e+01 +9.824326570e+01
8201 0 +4.539819243e+01 +9.696819243e+01 +9.696819243e+01
8272 0 +4.447652775e+01 +9.604652775e+01 +9.604652775e+01
8331 0 +4.354688260e+01 +9.511688260e+01 +9.511688260e+01
8510 0 +4.257711559e+01 +9.414711559e+01 +9.414711559e+01
8660 0 +4.084449594e+01 +9.241449594e+01 +9.241449594e+01
8707 0 +4.052808486e+01 +9.209808486e+01 +9.209808486e+01
8730 0 +3.968186298e+01 +9.125186298e+01 +9.125186298e+01
8929 0 +3.790435589e+01 +8.947435589e+01 +8.947435589e+01
9053 0 +3.681788555e+01 +8.838788555e+01 +8.838788555e+01
9218 0 +3.570451603e+01 +8.727451603e+01 +8.727451603e+01
9308 0 +3.496544914e+01 +8.653544914e+01 +8.653544914e+01
9424 0 +3.454212653e+01 +8.611212653e+01 +8.611212653e+01
9522 0 +3.331827693e+01 +8.488827693e+01 +8.488827693e+01
9543 0 +3.248993877e+01 +8.405993877e+01 +8.405993877e+01
9694 0 +3.193372389e+01 +8.350372389e+01 +8.350372389e+01
9823 0 +3.150827279e+01 +8.307827279e+01 +8.307827279e+01
9863 0 +3.065120487e+01 +8.222120487e+01 +8.222120487e+01
10027 0 +3.003482436e+01 +8.160482436e+01 +8.160482436e+01
10133 0 +2.832667639e+01 +7.989667639e+01 +7.989667639e+01
10218 0 +2.740967832e+01 +7.897967832e+01 +7.897967832e+01
10506 0 +2.669905931e+01 +7.826905931e+01 +7.826905931e+01
10597 0 +2.616614580e+01 +7.773614580e+01 +7.773614580e+01
10732 0 +2.540078884e+01 +7.697078884e+01 +7.697078884e+01
10900 0 +2.455246128e+01 +7.612246128e+01 +7.612246128e+01
10905 0 +2.418263849e+01 +7.575263849e+01 +7.575263849e+01
11002 0 +2.390604960e+01 +7.547604960e+01 +7.547604960e+01
11117 0 +2.337793461e+01 +7.494793461e+01 +7.494793461e+01
11291 0 +2.269175890e+01 +7.426175890e+01 +7.426175890e+01
11400 0 +2.232707234e+01 +7.389707234e+01 +7.389707234e+01
11585 0 +2.169531326e+01 +7.326531326e+01 +7.326531326e+01
11645 0 +2.124156374e+01 +7.281156374e+01 +7.281156374e+01
11753 0 +2.070801988e+01 +7.227801988e+01 +7.227801988e+01
11824 0 +2.034079927e+01 +7.191079927e+01 +7.191079927e+01
11984 0 +1.988466975e+01 +7.145466975e+01 +7.145466975e+01
12084 0 +1.938873786e+01 +7.095873786e+01 +7.095873786e+01
12182 0 +1.891733734e+01 +7.048733734e+01 +7.048733734e+01
12298 0 +1.835705339e+01 +6.992705339e+01 +6.992705339e+01
12354 0 +1.816868885e+01 +6.973868885e+01 +6.973868885e+01
12496 0 +1.773128813e+01 +6.930128813e+01 +6.930128813e+01
12594 0 +1.723067891e+01 +6.880067891e+01 +6.880067891e+01
12674 0 +1.684466089e+01 +6.841466089e+01 +6.841466089e+01
12850 0 +1.650627064e+01 +6.807627064e+01 +6.807627064e+01
12886 0 +1.619261492e+01 +6.776261492e+01 +6.776261492e+01
12980 0 +1.557254553e+01 +6.714254553e+01 +6.714254553e+01
13137 0 +1.544498063e+01 +6.701498063e+01 +6.701498063e+01
13143 0 +1.505258591e+01 +6.662258591e+01 +6.662258591e+01
13271 0 +1.461028833e+01 +6.618028833e+01 +6.618028833e+01
13304 0 +1.435240985e+01 +6.592240985e+01 +6.592240985e+01
13423 0 +1.404885425e+01 +6.561885425e+01 +6.561885425e+01
13540 0 +1.372895425e+01 +6.529895425e+01 +6.529895425e+01
13616 0 +1.337741198e+01 +6.494741198e+01 +6.494741198e+01
13704 0 +1.299662888e+01 +6.456662888e+01 +6.456662888e+01
13775 0 +1.287853689e+01 +6.444853689e+01 +6.444853689e+01
13856 0 +1.240216157e+01 +6.397216157e+01 +6.397216157e+01
14011 0 +1.224226897e+01 +6.381226897e+01 +6.381226897e+01
14114 0 +1.186607182e+01 +6.343607182e+01 +6.343607182e+01
14185 0 +1.168211585e+01 +6.325211585e+01 +6.325211585e+01
14285 0 +1.130328027e+01 +6.287328027e+01 +6.287328027e+01
14414 0 +1.087519552e+01 +6.244519552e+01 +6.244519552e+01
14428 0 +1.068370001e+01 +6.225370001e+01 +6.225370001e+01
14754 0 +1.028454034e+01 +6.185454034e+01 +6.185454034e+01
14868 0 +1.012398140e+01 +6.169398140e+01 +6.169398140e+01
15018 0 +9.799098824e+00 +6.136909882e+01 +6.136909882e+01
15054 0 +9.743158216e+00 +6.131315822e+01 +6.131315822e+01
15170 0 +9.492652675e+00 +6.106265267e+01 +6.106265267e+01
15361 0 +9.332312398e+00 +6.090231240e+01 +6.090231240e+01
15459 0 +9.103197077e+00 +6.067319708e+01 +6.067319708e+01
15751 0 +8.836352679e+00 +6.040635268e+01 +6.040635268e+01
15846 0 +8.586067859e+00 +6.015606786e+01 +6.015606786e+01
16044 0 +8.510515507e+00 +6.008051551e+01 +6.008051551e+01
16249 0 +8.299331790e+00 +5.986933179e+01 +5.986933179e+01
16457 0 +8.122486186e+00 +5.969248619e+01 +5.969248619e+01
16874 0 +7.900661438e+00 +5.947066144e+01 +5.947066144e+01
17261 0 +7.743701597e+00 +5.931370160e+01 +5.931370160e+01
17553 0 +7.568064626e+00 +5.913806463e+01 +5.913806463e+01
18754 0 +7.387337343e+00 +5.895733734e+01 +5.895733734e+01
% f evaluations | g evaluations | best noise-free fitness - Fopt (-1.044000000000e+01) + sum g_i+ | measured fitness | best measured fitness or single-digit g-values | x1 | x2...
1 0 +8.612987097e+01 +7.568987097e+01 +7.568987097e+01
3 0 +8.348704078e+01 +7.304704078e+01 +7.304704078e+01
99 0 +8.233108832e+01 +7.189108832e+01 +7.189108832e+01
192 0 +8.087430235e+01 +7.043430235e+01 +7.043430235e+01
201 0 +7.719960921e+01 +6.675960921e+01 +6.675960921e+01
302 0 +7.529801216e+01 +6.485801216e+01 +6.485801216e+01
486 0 +7.374435886e+01 +6.330435886e+01 +6.330435886e+01
972 0 +7.233784694e+01 +6.189784694e+01 +6.189784694e+01
1599 0 +7.071140613e+01 +6.027140613e+01 +6.027140613e+01
2074 0 +6.902224648e+01 +5.858224648e+01 +5.858224648e+01
2635 0 +6.759866586e+01 +5.715866586e+01 +5.715866586e+01
3189 0 +6.606012256e+01 +5.562012256e+01 +5.562012256e+01
3633 0 +6.439682329e+01 +5.395682329e+01 +5.395682329e+01
4006 0 +6.305230809e+01 +5.261230809e+01 +5.261230809e+01
4360 0 +6.158224795e+01 +5.114224795e+01 +5.114224795e+01
4682 0 +6.000039950e+01 +4.956039950e+01 +4.956039950e+01
5056 0 +5.826265966e+01 +4.782265966e+01 +4.782265966e+01
5250 0 +5.744070580e+01 +4.700070580e+01 +4.700070580e+01
5516 0 +5.615575438e+01 +4.571575438e+01 +4.571575438e+01
5724 0 +5.487302652e+01 +4.443302652e+01 +4.443302652e+01
5986 0 +5.358456219e+01 +4.314456219e+01 +4.314456219e+01
6250 0 +5.233647319e+01 +4.189647319e+01 +4.189647319e+01
6358 0 +5.122693349e+01 +4.078693349e+01 +4.078693349e+01
6506 0 +4.950523317e+01 +3.906523317e+01 +3.906523317e+01
6709 0 +4.864801710e+01 +3.820801710e+01 +3.820801710e+01
6840 0 +4.750778964e+01 +3.706778964e+01 +3.706778964e+01
6951 0 +4.666361773e+01 +3.622361773e+01 +3.622361773e+01
7132 0 +4.510695921e+01 +3.466695921e+01 +3.466695921e+01
7269 0 +4.398900414e+01 +3.354900414e+01 +3.354900414e+01
7412 0 +4.354172238e+01 +3.310172238e+01 +3.310172238e+01
7542 0 +4.252411223e+01 +3.208411223e+01 +3.208411223e+01
7656 0 +4.153211285e+01 +3.109211285e+01 +3.109211285e+01
7843 0 +4.040211920e+01 +2.996211920e+01 +2.996211920e+01
8019 0 +3.974298756e+01 +2.930298756e+01 +2.930298756e+01
8205 0 +3.848872467e+01 +2.804872467e+01 +2.804872467e+01
8283 0 +3.746961355e+01 +2.702961355e+01 +2.702961355e+01
8400 0 +3.706145989e+01 +2.662145989e+01 +2.662145989e+01
8620 0 +3.589279190e+01 +2.545279190e+01 +2.545279190e+01
8689 0 +3.522941819e+01 +2.478941819e+01 +2.478941819e+01
8829 0 +3.453410865e+01 +2.409410865e+01 +2.409410865e+01
9018 0 +3.376551268e+01 +2.332551268e+01 +2.332551268e+01
9196 0 +3.264341427e+01 +2.220341427e+01 +2.220341427e+01
9254 0 +3.200646554e+01 +2.156646554e+01 +2.156646554e+01
9487 0 +3.136148232e+01 +2.092148232e+01 +2.092148232e+01
9622 0 +3.074795557e+01 +2.030795557e+01 +2.030795557e+01
9808 0 +3.019723954e+01 +1.975723954e+01 +1.975723954e+01
9932 0 +2.890634218e+01 +1.846634218e+01 +1.846634218e+01
10118 0 +2.855008632e+01 +1.811008632e+01 +1.811008632e+01
10326 0 +2.805105396e+01 +1.761105396e+01 +1.761105396e+01
10449 0 +2.749500829e+01 +1.705500829e+01 +1.705500829e+01
10802 0 +2.681633751e+01 +1.637633751e+01 +1.637633751e+01
10991 0 +2.619013906e+01 +1.575013906e+01 +1.575013906e+01
11230 0 +2.568876597e+01 +1.524876597e+01 +1.524876597e+01
11392 0 +2.495565522e+01 +1.451565522e+01 +1.451565522e+01
11736 0 +2.453016306e+01 +1.409016306e+01 +1.409016306e+01
12038 0 +2.397587804e+01 +1.353587804e+01 +1.353587804e+01
12278 0 +2.338034294e+01 +1.294034294e+01 +1.294034294e+01
12599 0 +2.290837172e+01 +1.246837172e+01 +1.246837172e+01
12906 0 +2.229028539e+01 +1.185028539e+01 +1.185028539e+01
13303 0 +2.187283372e+01 +1.143283372e+01 +1.143283372e+01
13620 0 +2.115375838e+01 +1.071375838e+01 +1.071375838e+01
13975 0 +2.078286837e+01 +1.034286837e+01 +1.034286837e+01
14333 0 +2.041386156e+01 +9.973861557e+00 +9.973861557e+00
14955 0 +1.988573131e+01 +9.445731306e+00 +9.445731306e+00
15623 0 +1.946303939e+01 +9.023039386e+00 +9.023039386e+00
16045 0 +1.898553759e+01 +8.545537588e+00 +8.545537588e+00
17568 0 +1.858937781e+01 +8.149377806e+00 +8.149377806e+00
% f evaluations | g evaluations | best noise-free fitness - Fopt (-1.039200000000e+02) + sum g_i+ | measured fitness | best measured fitness or single-digit g-values | x1 | x2...
1 0 +8.652810332e+01 -1.739189668e+01 -1.739189668e+01
2 0 +8.613801336e+01 -1.778198664e+01 -1.778198664e+01
44 0 +8.359383257e+01 -2.032616743e+01 -2.032616743e+01
137 0 +8.308953611e+01 -2.083046389e+01 -2.083046389e+01
145 0 +8.100748167e+01 -2.291251833e+01 -2.291251833e+01
218 0 +7.923146181e+01 -2.468853819e+01 -2.468853819e+01
319 0 +7.716247270e+01 -2.675752730e+01 -2.675752730e+01
504 0 +7.583430610e+01 -2.808569390e+01 -2.808569390e+01
1210 0 +7.394407679e+01 -2.997592321e+01 -2.997592321e+01
1921 0 +7.231821541e+01 -3.160178459e+01 -3.160178459e+01
2579 0 +7.059605889e+01 -3.332394111e+01 -3.332394111e+01
3279 0 +6.894845999e+01 -3.497154001e+01 -3.497154001e+01
3775 0 +6.743572369e+01 -3.648427631e+01 -3.648427631e+01
4379 0 +6.597958289e+01 -3.794041711e+01 -3.794041711e+01
4663 0 +6.445022209e+01 -3.946977791e+01 -3.946977791e+01
5092 0 +6.274524445e+01 -4.117475555e+01 -4.117475555e+01
5389 0 +6.161714128e+01 -4.230285872e+01 -4.230285872e+01
5737 0 +6.020163161e+01 -4.371836839e+01 -4.371836839e+01
5953 0 +5.882381768e+01 -4.509618232e+01 -4.509618232e+01
6200 0 +5.749562729e+01 -4.642437271e+01 -4.642437271e+01
6381 0 +5.605998071e+01 -4.786001929e+01 -4.786001929e+01
6636 0 +5.457251885e+01 -4.934748115e+01 -4.934748115e+01
6745 0 +5.358951081e+01 -5.033048919e+01 -5.033048919e+01
6939 0 +5.246387949e+01 -5.145612051e+01 -5.145612051e+01
7131 0 +5.085705429e+01 -5.306294571e+01 -5.306294571e+01
7285 0 +4.989785547e+01 -5.402214453e+01 -5.402214453e+01
7481 0 +4.818455632e+01 -5.573544368e+01 -5.573544368e+01
7559 0 +4.753863234e+01 -5.638136766e+01 -5.638136766e+01
7630 0 +4.601169447e+01 -5.790830553e+01 -5.790830553e+01
7751 0 +4.551544835e+01 -5.840455165e+01 -5.840455165e+01
7931 0 +4.440504669e+01 -5.951495331e+01 -5.951495331e+01
8063 0 +4.314814078e+01 -6.077185922e+01 -6.077185922e+01
8147 0 +4.158480848e+01 -6.233519152e+01 -6.233519152e+01
8236 0 +4.043250594e+01 -6.348749406e+01 -6.348749406e+01
8366 0 +3.952685682e+01 -6.439314318e+01 -6.439314318e+01
8470 0 +3.839453466e+01 -6.552546534e+01 -6.552546534e+01
8618 0 +3.756319473e+01 -6.635680527e+01 -6.635680527e+01
8715 0 +3.673006901e+01 -6.718993099e+01 -6.718993099e+01
8727 0 +3.611875172e+01 -6.780124828e+01 -6.780124828e+01
8881 0 +3.472765314e+01 -6.919234686e+01 -6.919234686e+01
8929 0 +3.419710321e+01 -6.972289679e+01 -6.972289679e+01
9063 0 +3.387798226e+01 -7.004201774e+01 -7.004201774e+01
9230 0 +3.280833956e+01 -7.111166044e+01 -7.111166044e+01
9364 0 +3.219216160e+01 -7.172783840e+01 -7.172783840e+01
9414 0 +3.154297642e+01 -7.237702358e+01 -7.237702358e+01
9510 0 +3.077092643e+01 -7.314907357e+01 -7.314907357e+01
9704 0 +2.976216961e+01 -7.415783039e+01 -7.415783039e+01
9904 0 +2.948229931e+01 -7.443770069e+01 -7.443770069e+01
9940 0 +2.881486239e+01 -7.510513761e+01 -7.510513761e+01
10037 0 +2.791333424e+01 -7.600666576e+01 -7.600666576e+01
10188 0 +2.745657022e+01 -7.646342978e+01 -7.646342978e+01
10203 0 +2.683597971e+01 -7.708402029e+01 -7.708402029e+01
10377 0 +2.625740231e+01 -7.766259769e+01 -7.766259769e+01
10398 0 +2.567863865e+01 -7.824136135e+01 -7.824136135e+01
10741 0 +2.493847995e+01 -7.898152005e+01 -7.898152005e+01
10921 0 +2.434327424e+01 -7.957672576e+01 -7.957672576e+01
11047 0 +2.364158815e+01 -8.027841185e+01 -8.027841185e+01
11199 0 +2.332473834e+01 -8.059526166e+01 -8.059526166e+01
11331 0 +2.286724375e+01 -8.105275625e+01 -8.105275625e+01
11496 0 +2.222321312e+01 -8.169678688e+01 -8.169678688e+01
11609 0 +2.160351664e+01 -8.231648336e+01 -8.231648336e+01
11660 0 +2.128387726e+01 -8.263612274e+01 -8.263612274e+01
11841 0 +2.079582327e+01 -8.312417673e+01 -8.312417673e+01
12020 0 +2.024964825e+01 -8.367035175e+01 -8.367035175e+01
12188 0 +1.988213471e+01 -8.403786529e+01 -8.403786529e+01
12336 0 +1.901821151e+01 -8.490178849e+01 -8.490178849e+01
12578 0 +1.841865249e+01 -8.550134751e+01 -8.550134751e+01
12718 0 +1.790536361e+01 -8.601463639e+01 -8.601463639e+01
12777 0 +1.774583763e+01 -8.617416237e+01 -8.617416237e+01
12957 0 +1.724772029e+01 -8.667227971e+01 -8.667227971e+01
12986 0 +1.697797918e+01 -8.694202082e+01 -8.694202082e+01
13141 0 +1.655314440e+01 -8.736685560e+01 -8.736685560e+01
13317 0 +1.606689383e+01 -8.785310617e+01 -8.785310617e+01
13386 0 +1.570822923e+01 -8.821177077e+01 -8.821177077e+01
13567 0 +1.548640593e+01 -8.843359407e+01 -8.843359407e+01
13688 0 +1.490255023e+01 -8.901744977e+01 -8.901744977e+01
13786 0 +1.474652432e+01 -8.917347568e+01 -8.917347568e+01
13863 0 +1.434814698e+01 -8.957185302e+01 -8.957185302e+01
13968 0 +1.410662755e+01 -8.981337245e+01 -8.981337245e+01
14065 0 +1.378093871e+01 -9.013906129e+01 -9.013906129e+01
14289 0 +1.342891746e+01 -9.049108254e+01 -9.049108254e+01
14420 0 +1.298122281e+01 -9.093877719e+01 -9.093877719e+01
14482 0 +1.285831268e+01 -9.106168732e+01 -9.106168732e+01
14755 0 +1.204811903e+01 -9.187188097e+01 -9.187188097e+01
15023 0 +1.182572705e+01 -9.209427295e+01 -9.209427295e+01
15177 0 +1.169585049e+01 -9.222414951e+01 -9.222414951e+01
15451 0 +1.139721688e+01 -9.252278312e+01 -9.252278312e+01
15632 0 +1.116704123e+01 -9.275295877e+01 -9.275295877e+01
15763 0 +1.095740407e+01 -9.296259593e+01 -9.296259593e+01
15955 0 +1.066500105e+01 -9.325499895e+01 -9.325499895e+01
15982 0 +1.033645260e+01 -9.358354740e+01 -9.358354740e+01
16275 0 +1.021627511e+01 -9.370372489e+01 -9.370372489e+01
16597 0 +9.924091357e+00 -9.399590864e+01 -9.399590864e+01
16735 0 +9.757493329e+00 -9.416250667e+01 -9.416250667e+01
17242 0 +9.546372210e+00 -9.437362779e+01 -9.437362779e+01
17582 0 +9.330600649e+00 -9.458939935e+01 -9.458939935e+01
18083 0 +9.114406322e+00 -9.480559368e+01 -9.480559368e+01
19142 0 +8.904577533e+00 -9.501542247e+01 -9.501542247e+01
% f evaluations | g evaluations | best noise-free fitness - Fopt (1.000000000000e+03) + sum g_i+ | measured fitness | best measured fitness or single-digit g-values | x1 | x2...
1 0 +8.640135030e+01 +1.086401350e+03 +1.086401350e+03
2 0 +8.637507977e+01 +1.086375080e+03 +1.086375080e+03
103 0 +8.496114797e+01 +1.084961148e+03 +1.084961148e+03
152 0 +8.154920016e+01 +1.081549200e+03 +1.081549200e+03
206 0 +8.090106240e+01 +1.080901062e+03 +1.080901062e+03
328 0 +7.898669334e+01 +1.078986693e+03 +1.078986693e+03
334 0 +7.578625580e+01 +1.075786256e+03 +1.075786256e+03
476 0 +7.348706420e+01 +1.073487064e+03 +1.073487064e+03
625 0 +7.236607011e+01 +1.072366070e+03 +1.072366070e+03
1097 0 +7.061933194e+01 +1.070619332e+03 +1.070619332e+03
1684 0 +6.903181498e+01 +1.069031815e+03 +1.069031815e+03
2180 0 +6.751191882e+01 +1.067511919e+03 +1.067511919e+03
2443 0 +6.561624858e+01 +1.065616249e+03 +1.065616249e+03
2779 0 +6.446032416e+01 +1.064460324e+03 +1.064460324e+03
3171 0 +6.288388701e+01 +1.062883887e+03 +1.062883887e+03
3284 0 +6.119915746e+01 +1.061199157e+03 +1.061199157e+03
3484 0 +5.930034290e+01 +1.059300343e+03 +1.059300343e+03
3749 0 +5.885950651e+01 +1.058859507e+03 +1.058859507e+03
3787 0 +5.744798527e+01 +1.057447985e+03 +1.057447985e+03
4043 0 +5.616511886e+01 +1.056165119e+03 +1.056165119e+03
4165 0 +5.445269058e+01 +1.054452691e+03 +1.054452691e+03
4289 0 +5.369445857e+01 +1.053694459e+03 +1.053694459e+03
4473 0 +5.174881249e+01 +1.051748812e+03 +1.051748812e+03
4549 0 +5.103711344e+01 +1.051037113e+03 +1.051037113e+03
4701 0 +4.977041412e+01 +1.049770414e+03 +1.049770414e+03
4790 0 +4.862284073e+01 +1.048622841e+03 +1.048622841e+03
4809 0 +4.752625505e+01 +1.047526255e+03 +1.047526255e+03
4987 0 +4.655798794e+01 +1.046557988e+03 +1.046557988e+03
5172 0 +4.479993050e+01 +1.044799930e+03 +1.044799930e+03
5214 0 +4.344093519e+01 +1.043440935e+03 +1.043440935e+03
5306 0 +4.111283820e+01 +1.041112838e+03 +1.041112838e+03
5501 0 +4.049172043e+01 +1.040491720e+03 +1.040491720e+03
5693 0 +3.968189593e+01 +1.039681896e+03 +1.039681896e+03
5835 0 +3.884275482e+01 +1.038842755e+03 +1.038842755e+03
5941 0 +3.700167119e+01 +1.037001671e+03 +1.037001671e+03
6070 0 +3.615965910e+01 +1.036159659e+03 +1.036159659e+03
6203 0 +3.502277799e+01 +1.035022778e+03 +1.035022778e+03
6246 0 +3.401675639e+01 +1.034016756e+03 +1.034016756e+03
6354 0 +3.272217441e+01 +1.032722174e+03 +1.032722174e+03
6487 0 +3.196923070e+01 +1.031969231e+03 +1.031969231e+03
6648 0 +3.151120759e+01 +1.031511208e+03 +1.031511208e+03
6746 0 +3.083577464e+01 +1.030835775e+03 +1.030835775e+03
6788 0 +3.007869035e+01 +1.030078690e+03 +1.030078690e+03
7049 0 +2.933143247e+01 +1.029331432e+03 +1.029331432e+03
7119 0 +2.881693812e+01 +1.028816938e+03 +1.028816938e+03
7229 0 +2.810442269e+01 +1.028104423e+03 +1.028104423e+03
7362 0 +2.717783950e+01 +1.027177840e+03 +1.027177840e+03
7467 0 +2.680585965e+01 +1.026805860e+03 +1.026805860e+03
7646 0 +2.615423982e+01 +1.026154240e+03 +1.026154240e+03
7682 0 +2.552373606e+01 +1.025523736e+03 +1.025523736e+03
7882 0 +2.509138437e+01 +1.025091384e+03 +1.025091384e+03
7979 0 +2.442772247e+01 +1.024427722e+03 +1.024427722e+03
8120 0 +2.390495938e+01 +1.023904959e+03 +1.023904959e+03
8255 0 +2.324445397e+01 +1.023244454e+03 +1.023244454e+03
8431 0 +2.253349486e+01 +1.022533495e+03 +1.022533495e+03
8546 0 +2.195588251e+01 +1.021955883e+03 +1.021955883e+03
8603 0 +2.169783679e+01 +1.021697837e+03 +1.021697837e+03
8785 0 +2.133233371e+01 +1.021332334e+03 +1.021332334e+03
8824 0 +2.052801512e+01 +1.020528015e+03 +1.020528015e+03
9039 0 +2.022997394e+01 +1.020229974e+03 +1.020229974e+03
9224 0 +1.992760309e+01 +1.019927603e+03 +1.019927603e+03
9333 0 +1.866985293e+01 +1.018669853e+03 +1.018669853e+03
9513 0 +1.843952286e+01 +1.018439523e+03 +1.018439523e+03
9687 0 +1.804258001e+01 +1.018042580e+03 +1.018042580e+03
9726 0 +1.776960970e+01 +1.017769610e+03 +1.017769610e+03
9850 0 +1.736917160e+01 +1.017369172e+03 +1.017369172e+03
10049 0 +1.680396691e+01 +1.016803967e+03 +1.016803967e+03
10204 0 +1.651418944e+01 +1.016514189e+03 +1.016514189e+03
10302 0 +1.616861216e+01 +1.016168612e+03 +1.016168612e+03
10504 0 +1.580705420e+01 +1.015807054e+03 +1.015807054e+03
10627 0 +1.535018679e+01 +1.015350187e+03 +1.015350187e+03
10703 0 +1.512201585e+01 +1.015122016e+03 +1.015122016e+03
10793 0 +1.473663872e+01 +1.014736639e+03 +1.014736639e+03
11116 0 +1.428021540e+01 +1.014280215e+03 +1.014280215e+03
11214 0 +1.404145526e+01 +1.014041455e+03 +1.014041455e+03
11289 0 +1.356573653e+01 +1.013565737e+03 +1.013565737e+03
11408 0 +1.344686281e+01 +1.013446863e+03 +1.013446863e+03
11515 0 +1.291011979e+01 +1.012910120e+03 +1.012910120e+03
11690 0 +1.277126249e+01 +1.012771262e+03 +1.012771262e+03
11751 0 +1.236546397e+01 +1.012365464e+03 +1.012365464e+03
11798 0 +1.223592337e+01 +1.012235923e+03 +1.012235923e+03
11957 0 +1.197000170e+01 +1.011970002e+03 +1.011970002e+03
12094 0 +1.153348944e+01 +1.011533489e+03 +1.011533489e+03
12258 0 +1.137606249e+01 +1.011376062e+03 +1.011376062e+03
12399 0 +1.109987937e+01 +1.011099879e+03 +1.011099879e+03
12505 0 +1.092472739e+01 +1.010924727e+03 +1.010924727e+03
12828 0 +1.061014080e+01 +1.010610141e+03 +1.010610141e+03
13042 0 +1.034117714e+01 +1.010341177e+03 +1.010341177e+03
13187 0 +1.020419864e+01 +1.010204199e+03 +1.010204199e+03
13541 0 +9.983733998e+00 +1.009983734e+03 +1.009983734e+03
13784 0 +9.756311675e+00 +1.009756312e+03 +1.009756312e+03
14070 0 +9.499508625e+00 +1.009499509e+03 +1.009499509e+03
14278 0 +9.222781297e+00 +1.009222781e+03 +1.009222781e+03
14719 0 +9.105037946e+00 +1.009105038e+03 +1.009105038e+03
15266 0 +8.888598820e+00 +1.008888599e+03 +1.008888599e+03
15482 0 +8.617085785e+00 +1.008617086e+03 +1.008617086e+03
16206 0 +8.478347855e+00 +1.008478348e+03 +1.008478348e+03
16734 0 +8.271918661e+00 +1.008271919e+03 +1.008271919e+03
17777 0 +8.097414979e+00 +1.008097415e+03 +1.008097415e+03
19204 0 +7.928060590e+00 +1.007928061e+03 +1.007928061e+03
20712 0 +7.755565104e+00 +1.007755565e+03 +1.007755565e+03
22901 0 +7.576325262e+00 +1.007576325e+03 +1.007576325e+03
27484 0 +7.409814484e+00 +1.007409814e+03 +1.007409814e+03
% f evaluations | g evaluations | best noise-free fitness - Fopt (-4.913000000000e+01) + sum g_i+ | measured fitness | best measured fitness or single-digit g-values | x1 | x2...
1 0 +8.631222273e+01 +3.718222273e+01 +3.718222273e+01
4 0 +8.619684609e+01 +3.706684609e+01 +3.706684609e+01
65 0 +8.474900033e+01 +3.561900033e+01 +3.561900033e+01
128 0 +8.273117559e+01 +3.360117559e+01 +3.360117559e+01
200 0 +8.095777057e+01 +3.182777057e+01 +3.182777057e+01
210 0 +7.889948549e+01 +2.976948549e+01 +2.976948549e+01
319 0 +7.688945354e+01 +2.775945354e+01 +2.775945354e+01
330 0 +7.529361296e+01 +2.616361296e+01 +2.616361296e+01
548 0 +7.399261274e+01 +2.486261274e+01 +2.486261274e+01
1205 0 +7.243947734e+01 +2.330947734e+01 +2.330947734e+01
1997 0 +7.078662662e+01 +2.165662662e+01 +2.165662662e+01
2686 0 +6.914728395e+01 +2.001728395e+01 +2.001728395e+01
3407 0 +6.757767742e+01 +1.844767742e+01 +1.844767742e+01
3977 0 +6.606328519e+01 +1.693328519e+01 +1.693328519e+01
4278 0 +6.448469711e+01 +1.535469711e+01 +1.535469711e+01
4577 0 +6.281502671e+01 +1.368502671e+01 +1.368502671e+01
4962 0 +6.156651712e+01 +1.243651712e+01 +1.243651712e+01
5205 0 +6.014290603e+01 +1.101290603e+01 +1.101290603e+01
5465 0 +5.886482317e+01 +9.734823172e+00 +9.734823172e+00
5647 0 +5.741186306e+01 +8.281863055e+00 +8.281863055e+00
5824 0 +5.579581191e+01 +6.665811912e+00 +6.665811912e+00
6044 0 +5.492311548e+01 +5.793115476e+00 +5.793115476e+00
6177 0 +5.316996546e+01 +4.039965457e+00 +4.039965457e+00
6250 0 +5.223384788e+01 +3.103847880e+00 +3.103847880e+00
6441 0 +5.084769203e+01 +1.717692026e+00 +1.717692026e+00
6589 0 +4.924031477e+01 +1.103147719e-01 +1.103147719e-01
6734 0 +4.858009822e+01 -5.499017815e-01 -5.499017815e-01
6851 0 +4.768144546e+01 -1.448554537e+00 -1.448554537e+00
7064 0 +4.671856924e+01 -2.411430757e+00 -2.411430757e+00
7232 0 +4.516492864e+01 -3.965071360e+00 -3.965071360e+00
7332 0 +4.447265460e+01 -4.657345398e+00 -4.657345398e+00
7437 0 +4.348282585e+01 -5.647174147e+00 -5.647174147e+00
7554 0 +4.220108799e+01 -6.928912014e+00 -6.928912014e+00
7639 0 +4.158940954e+01 -7.540590461e+00 -7.540590461e+00
7892 0 +4.032804951e+01 -8.801950489e+00 -8.801950489e+00
7935 0 +3.973580331e+01 -9.394196687e+00 -9.394196687e+00
8043 0 +3.820891761e+01 -1.092108239e+01 -1.092108239e+01
8140 0 +3.799133634e+01 -1.113866366e+01 -1.113866366e+01
8316 0 +3.597329964e+01 -1.315670036e+01 -1.315670036e+01
8355 0 +3.542912722e+01 -1.370087278e+01 -1.370087278e+01
8540 0 +3.416091327e+01 -1.496908673e+01 -1.496908673e+01
8671 0 +3.379213335e+01 -1.533786665e+01 -1.533786665e+01
8682 0 +3.263031110e+01 -1.649968890e+01 -1.649968890e+01
8752 0 +3.195252287e+01 -1.717747713e+01 -1.717747713e+01
8917 0 +3.126422588e+01 -1.786577412e+01 -1.786577412e+01
9038 0 +3.045395733e+01 -1.867604267e+01 -1.867604267e+01
9191 0 +3.007164158e+01 -1.905835842e+01 -1.905835842e+01
9278 0 +2.948385420e+01 -1.964614580e+01 -1.964614580e+01
9354 0 +2.880203087e+01 -2.032796913e+01 -2.032796913e+01
9448 0 +2.813349372e+01 -2.099650628e+01 -2.099650628e+01
9612 0 +2.750446412e+01 -2.162553588e+01 -2.162553588e+01
9704 0 +2.669647125e+01 -2.243352875e+01 -2.243352875e+01
9763 0 +2.616228076e+01 -2.296771924e+01 -2.296771924e+01
9918 0 +2.501154597e+01 -2.411845403e+01 -2.411845403e+01
10140 0 +2.421328502e+01 -2.491671498e+01 -2.491671498e+01
10313 0 +2.347678731e+01 -2.565321269e+01 -2.565321269e+01
10357 0 +2.321883187e+01 -2.591116813e+01 -2.591116813e+01
10402 0 +2.254680936e+01 -2.658319064e+01 -2.658319064e+01
10621 0 +2.235128605e+01 -2.677871395e+01 -2.677871395e+01
10703 0 +2.185198736e+01 -2.727801264e+01 -2.727801264e+01
10794 0 +2.121083587e+01 -2.791916413e+01 -2.791916413e+01
10946 0 +2.089067997e+01 -2.823932003e+01 -2.823932003e+01
10989 0 +2.022372420e+01 -2.890627580e+01 -2.890627580e+01
11100 0 +1.990000234e+01 -2.922999766e+01 -2.922999766e+01
11211 0 +1.902200895e+01 -3.010799105e+01 -3.010799105e+01
11342 0 +1.823934694e+01 -3.089065306e+01 -3.089065306e+01
11432 0 +1.781535194e+01 -3.131464806e+01 -3.131464806e+01
11657 0 +1.749066814e+01 -3.163933186e+01 -3.163933186e+01
11693 0 +1.736259584e+01 -3.176740416e+01 -3.176740416e+01
11773 0 +1.667257880e+01 -3.245742120e+01 -3.245742120e+01
11896 0 +1.633008389e+01 -3.279991611e+01 -3.279991611e+01
12053 0 +1.621522263e+01 -3.291477737e+01 -3.291477737e+01
12069 0 +1.559385504e+01 -3.353614496e+01 -3.353614496e+01
12087 0 +1.532090947e+01 -3.380909053e+01 -3.380909053e+01
12248 0 +1.509944431e+01 -3.403055569e+01 -3.403055569e+01
12305 0 +1.469196836e+01 -3.443803164e+01 -3.443803164e+01
12358 0 +1.392882423e+01 -3.520117577e+01 -3.520117577e+01
12514 0 +1.374266911e+01 -3.538733089e+01 -3.538733089e+01
12586 0 +1.345901227e+01 -3.567098773e+01 -3.567098773e+01
12731 0 +1.306572055e+01 -3.606427945e+01 -3.606427945e+01
12825 0 +1.286392243e+01 -3.626607757e+01 -3.626607757e+01
12837 0 +1.256004140e+01 -3.656995860e+01 -3.656995860e+01
12988 0 +1.223586450e+01 -3.689413550e+01 -3.689413550e+01
13013 0 +1.192308968e+01 -3.720691032e+01 -3.720691032e+01
13181 0 +1.161542531e+01 -3.751457469e+01 -3.751457469e+01
13337 0 +1.142684155e+01 -3.770315845e+01 -3.770315845e+01
13411 0 +1.091342737e+01 -3.821657263e+01 -3.821657263e+01
13631 0 +1.067754831e+01 -3.845245169e+01 -3.845245169e+01
13702 0 +1.045881062e+01 -3.867118938e+01 -3.867118938e+01
13774 0 +1.007090356e+01 -3.905909644e+01 -3.905909644e+01
13900 0 +9.936970810e+00 -3.919302919e+01 -3.919302919e+01
13924 0 +9.768840631e+00 -3.936115937e+01 -3.936115937e+01
13993 0 +9.460836943e+00 -3.966916306e+01 -3.966916306e+01
14255 0 +9.262498442e+00 -3.986750156e+01 -3.986750156e+01
14457 0 +9.064468094e+00 -4.006553191e+01 -4.006553191e+01
14589 0 +8.876826192e+00 -4.025317381e+01 -4.025317381e+01
14691 0 +8.656498466e+00 -4.047350153e+01 -4.047350153e+01
14938 0 +8.510825098e+00 -4.061917490e+01 -4.061917490e+01
15177 0 +8.305305245e+00 -4.082469475e+01 -4.082469475e+01
15360 0 +8.126796043e+00 -4.100320396e+01 -4.100320396e+01
15767 0 +7.922218934e+00 -4.120778107e+01 -4.120778107e+01
16050 0 +7.762123715e+00 -4.136787628e+01 -4.136787628e+01
16864 0 +7.548534041e+00 -4.158146596e+01 -4.158146596e+01
17577 0 +7.390864440e+00 -4.173913556e+01 -4.173913556e+01
% f evaluations | g evaluations | best noise-free fitness - Fopt (3.930000000000e+00) + sum g_i+ | measured fitness | best measured fitness or single-digit g-values | x1 | x2...
1 0 +8.622888313e+01 +9.015888313e+01 +9.015888313e+01
9 0 +8.607654307e+01 +9.000654307e+01 +9.000654307e+01
17 0 +8.410532507e+01 +8.803532507e+01 +8.803532507e+01
123 0 +8.259656117e+01 +8.652656117e+01 +8.652656117e+01
222 0 +8.117724219e+01 +8.510724219e+01 +8.510724219e+01
262 0 +7.846808906e+01 +8.239808906e+01 +8.239808906e+01
310 0 +7.670675216e+01 +8.063675216e+01 +8.063675216e+01
363 0 +7.528543782e+01 +7.921543782e+01 +7.921543782e+01
519 0 +7.393753696e+01 +7.786753696e+01 +7.786753696e+01
1157 0 +7.234235714e+01 +7.627235714e+01 +7.627235714e+01
1628 0 +7.070221442e+01 +7.463221442e+01 +7.463221442e+01
2130 0 +6.899661494e+01 +7.292661494e+01 +7.292661494e+01
2697 0 +6.758074114e+01 +7.151074114e+01 +7.151074114e+01
3276 0 +6.605543830e+01 +6.998543830e+01 +6.998543830e+01
3604 0 +6.430027686e+01 +6.823027686e+01 +6.823027686e+01
3984 0 +6.276967145e+01 +6.669967145e+01 +6.669967145e+01
4285 0 +6.162395278e+01 +6.555395278e+01 +6.555395278e+01
4461 0 +6.001507204e+01 +6.394507204e+01 +6.394507204e+01
4770 0 +5.827580435e+01 +6.220580435e+01 +6.220580435e+01
5048 0 +5.746175366e+01 +6.139175366e+01 +6.139175366e+01
5168 0 +5.604879698e+01 +5.997879698e+01 +5.997879698e+01
5365 0 +5.452557336e+01 +5.845557336e+01 +5.845557336e+01
5488 0 +5.352947955e+01 +5.745947955e+01 +5.745947955e+01
5649 0 +5.233015162e+01 +5.626015162e+01 +5.626015162e+01
5916 0 +4.975850037e+01 +5.368850037e+01 +5.368850037e+01
6156 0 +4.853664514e+01 +5.246664514e+01 +5.246664514e+01
6263 0 +4.729201674e+01 +5.122201674e+01 +5.122201674e+01
6464 0 +4.674807267e+01 +5.067807267e+01 +5.067807267e+01
6549 0 +4.529003782e+01 +4.922003782e+01 +4.922003782e+01
6676 0 +4.428553066e+01 +4.821553066e+01 +4.821553066e+01
6769 0 +4.338486588e+01 +4.731486588e+01 +4.731486588e+01
6941 0 +4.237171197e+01 +4.630171197e+01 +4.630171197e+01
7036 0 +4.143972074e+01 +4.536972074e+01 +4.536972074e+01
7172 0 +4.045384975e+01 +4.438384975e+01 +4.438384975e+01
7331 0 +3.945989254e+01 +4.338989254e+01 +4.338989254e+01
7451 0 +3.721318602e+01 +4.114318602e+01 +4.114318602e+01
7643 0 +3.711210225e+01 +4.104210225e+01 +4.104210225e+01
7829 0 +3.543071678e+01 +3.936071678e+01 +3.936071678e+01
8041 0 +3.427400372e+01 +3.820400372e+01 +3.820400372e+01
8163 0 +3.388427638e+01 +3.781427638e+01 +3.781427638e+01
8222 0 +3.233500168e+01 +3.626500168e+01 +3.626500168e+01
8550 0 +3.099341027e+01 +3.492341027e+01 +3.492341027e+01
8697 0 +3.080337691e+01 +3.473337691e+01 +3.473337691e+01
8852 0 +2.977161129e+01 +3.370161129e+01 +3.370161129e+01
8956 0 +2.936313655e+01 +3.329313655e+01 +3.329313655e+01
9121 0 +2.876277472e+01 +3.269277472e+01 +3.269277472e+01
9250 0 +2.811582680e+01 +3.204582680e+01 +3.204582680e+01
9475 0 +2.732850954e+01 +3.125850954e+01 +3.125850954e+01
9605 0 +2.689570312e+01 +3.082570312e+01 +3.082570312e+01
9805 0 +2.603720414e+01 +2.996720414e+01 +2.996720414e+01
9902 0 +2.554732274e+01 +2.947732274e+01 +2.947732274e+01
10028 0 +2.464405126e+01 +2.857405126e+01 +2.857405126e+01
10119 0 +2.433136414e+01 +2.826136414e+01 +2.826136414e+01
10283 0 +2.390862300e+01 +2.783862300e+01 +2.783862300e+01
10503 0 +2.335144340e+01 +2.728144340e+01 +2.728144340e+01
10607 0 +2.284502869e+01 +2.677502869e+01 +2.677502869e+01
10894 0 +2.213625334e+01 +2.606625334e+01 +2.606625334e+01
10993 0 +2.181693236e+01 +2.574693236e+01 +2.574693236e+01
11204 0 +2.135113452e+01 +2.528113452e+01 +2.528113452e+01
11339 0 +2.072563304e+01 +2.465563304e+01 +2.465563304e+01
11601 0 +2.034110603e+01 +2.427110603e+01 +2.427110603e+01
11785 0 +1.995198569e+01 +2.388198569e+01 +2.388198569e+01
11812 0 +1.947385514e+01 +2.340385514e+01 +2.340385514e+01
12098 0 +1.894636877e+01 +2.287636877e+01 +2.287636877e+01
12184 0 +1.851583328e+01 +2.244583328e+01 +2.244583328e+01
12359 0 +1.818929160e+01 +2.211929160e+01 +2.211929160e+01
12639 0 +1.771297188e+01 +2.164297188e+01 +2.164297188e+01
12819 0 +1.736866870e+01 +2.129866870e+01 +2.129866870e+01
13072 0 +1.684869604e+01 +2.077869604e+01 +2.077869604e+01
13299 0 +1.657037737e+01 +2.050037737e+01 +2.050037737e+01
13388 0 +1.594554342e+01 +1.987554342e+01 +1.987554342e+01
13469 0 +1.572337580e+01 +1.965337580e+01 +1.965337580e+01
13783 0 +1.540362504e+01 +1.933362504e+01 +1.933362504e+01
13953 0 +1.509940673e+01 +1.902940673e+01 +1.902940673e+01
14230 0 +1.476142006e+01 +1.869142006e+01 +1.869142006e+01
14434 0 +1.433337679e+01 +1.826337679e+01 +1.826337679e+01
14729 0 +1.409629973e+01 +1.802629973e+01 +1.802629973e+01
14887 0 +1.372793708e+01 +1.765793708e+01 +1.765793708e+01
15255 0 +1.347711044e+01 +1.740711044e+01 +1.740711044e+01
15560 0 +1.302354895e+01 +1.695354895e+01 +1.695354895e+01
15844 0 +1.287399755e+01 +1.680399755e+01 +1.680399755e+01
16079 0 +1.251856565e+01 +1.644856565e+01 +1.644856565e+01
16540 0 +1.225670374e+01 +1.618670374e+01 +1.618670374e+01
16784 0 +1.198986422e+01 +1.591986422e+01 +1.591986422e+01
17429 0 +1.173140348e+01 +1.566140348e+01 +1.566140348e+01
18644 0 +1.143389099e+01 +1.536389099e+01 +1.536389099e+01
28068 0 +1.121705114e+01 +1.514705114e+01 +1.514705114e+01
% f evaluations | g evaluations | best noise-free fitness - Fopt (3.438000000000e+01) + sum g_i+ | measured fitness | best measured fitness or single-digit g-values | x1 | x2...
1 0 +8.651524724e+01 +1.208952472e+02 +1.208952472e+02
3 0 +8.585050645e+01 +1.202305065e+02 +1.202305065e+02
95 0 +8.501673135e+01 +1.193967313e+02 +1.193967313e+02
155 0 +8.221994330e+01 +1.165999433e+02 +1.165999433e+02
209 0 +8.060112765e+01 +1.149811277e+02 +1.149811277e+02
211 0 +7.704137088e+01 +1.114213709e+02 +1.114213709e+02
427 0 +7.477892840e+01 +1.091589284e+02 +1.091589284e+02
514 0 +7.387748173e+01 +1.082574817e+02 +1.082574817e+02
721 0 +7.230461997e+01 +1.066846200e+02 +1.066846200e+02
1289 0 +7.070818121e+01 +1.050881812e+02 +1.050881812e+02
1795 0 +6.901461089e+01 +1.033946109e+02 +1.033946109e+02
2214 0 +6.756291474e+01 +1.019429147e+02 +1.019429147e+02
2677 0 +6.573803628e+01 +1.001180363e+02 +1.001180363e+02
2986 0 +6.412866983e+01 +9.850866983e+01 +9.850866983e+01
3118 0 +6.287779930e+01 +9.725779930e+01 +9.725779930e+01
3414 0 +6.156721011e+01 +9.594721011e+01 +9.594721011e+01
3571 0 +5.999186377e+01 +9.437186377e+01 +9.437186377e+01
3807 0 +5.797957484e+01 +9.235957484e+01 +9.235957484e+01
3878 0 +5.733413592e+01 +9.171413592e+01 +9.171413592e+01
4069 0 +5.538528422e+01 +8.976528422e+01 +8.976528422e+01
4233 0 +5.401807404e+01 +8.839807404e+01 +8.839807404e+01
4275 0 +5.219788340e+01 +8.657788340e+01 +8.657788340e+01
4527 0 +5.107232034e+01 +8.545232034e+01 +8.545232034e+01
4606 0 +5.001481299e+01 +8.439481299e+01 +8.439481299e+01
4701 0 +4.873447417e+01 +8.311447417e+01 +8.311447417e+01
4870 0 +4.730938787e+01 +8.168938787e+01 +8.168938787e+01
4891 0 +4.675662483e+01 +8.113662483e+01 +8.113662483e+01
5154 0 +4.541430197e+01 +7.979430197e+01 +7.979430197e+01
5205 0 +4.398360431e+01 +7.836360431e+01 +7.836360431e+01
5256 0 +4.365044731e+01 +7.803044731e+01 +7.803044731e+01
5370 0 +4.264279974e+01 +7.702279974e+01 +7.702279974e+01
5401 0 +4.130040896e+01 +7.568040896e+01 +7.568040896e+01
5448 0 +4.026202922e+01 +7.464202922e+01 +7.464202922e+01
5571 0 +3.980248055e+01 +7.418248055e+01 +7.418248055e+01
5692 0 +3.816662819e+01 +7.254662819e+01 +7.254662819e+01
5745 0 +3.775210966e+01 +7.213210966e+01 +7.213210966e+01
5864 0 +3.695922361e+01 +7.133922361e+01 +7.133922361e+01
5952 0 +3.566999172e+01 +7.004999172e+01 +7.004999172e+01
6016 0 +3.499690814e+01 +6.937690814e+01 +6.937690814e+01
6054 0 +3.441700827e+01 +6.879700827e+01 +6.879700827e+01
6155 0 +3.361124808e+01 +6.799124808e+01 +6.799124808e+01
6286 0 +3.288171214e+01 +6.726171214e+01 +6.726171214e+01
6348 0 +3.223715340e+01 +6.661715340e+01 +6.661715340e+01
6411 0 +3.150663935e+01 +6.588663935e+01 +6.588663935e+01
6454 0 +3.087374426e+01 +6.525374426e+01 +6.525374426e+01
6529 0 +2.998403606e+01 +6.436403606e+01 +6.436403606e+01
6554 0 +2.920093829e+01 +6.358093829e+01 +6.358093829e+01
6635 0 +2.882227926e+01 +6.320227926e+01 +6.320227926e+01
6736 0 +2.759320232e+01 +6.197320232e+01 +6.197320232e+01
6940 0 +2.732966193e+01 +6.170966193e+01 +6.170966193e+01
7032 0 +2.632665084e+01 +6.070665084e+01 +6.070665084e+01
7074 0 +2.613242427e+01 +6.051242427e+01 +6.051242427e+01
7179 0 +2.544857258e+01 +5.982857258e+01 +5.982857258e+01
7224 0 +2.454235485e+01 +5.892235485e+01 +5.892235485e+01
7522 0 +2.382620231e+01 +5.820620231e+01 +5.820620231e+01
7526 0 +2.334591438e+01 +5.772591438e+01 +5.772591438e+01
7629 0 +2.285999188e+01 +5.723999188e+01 +5.723999188e+01
7702 0 +2.234819359e+01 +5.672819359e+01 +5.672819359e+01
7854 0 +2.183137902e+01 +5.621137902e+01 +5.621137902e+01
8031 0 +2.130162104e+01 +5.568162104e+01 +5.568162104e+01
8111 0 +2.077651436e+01 +5.515651436e+01 +5.515651436e+01
8136 0 +2.038713371e+01 +5.476713371e+01 +5.476713371e+01
8248 0 +1.995026744e+01 +5.433026744e+01 +5.433026744e+01
8418 0 +1.900397856e+01 +5.338397856e+01 +5.338397856e+01
8508 0 +1.855939300e+01 +5.293939300e+01 +5.293939300e+01
8557 0 +1.814855022e+01 +5.252855022e+01 +5.252855022e+01
8709 0 +1.749875249e+01 +5.187875249e+01 +5.187875249e+01
8825 0 +1.708653717e+01 +5.146653717e+01 +5.146653717e+01
8918 0 +1.680717263e+01 +5.118717263e+01 +5.118717263e+01
8920 0 +1.653739569e+01 +5.091739569e+01 +5.091739569e+01
9046 0 +1.621545932e+01 +5.059545932e+01 +5.059545932e+01
9133 0 +1.574856278e+01 +5.012856278e+01 +5.012856278e+01
9180 0 +1.536765315e+01 +4.974765315e+01 +4.974765315e+01
9218 0 +1.502996288e+01 +4.940996288e+01 +4.940996288e+01
9363 0 +1.472541628e+01 +4.910541628e+01 +4.910541628e+01
9414 0 +1.433836263e+01 +4.871836263e+01 +4.871836263e+01
9508 0 +1.370954200e+01 +4.808954200e+01 +4.808954200e+01
9634 0 +1.308192431e+01 +4.746192431e+01 +4.746192431e+01
9752 0 +1.285450679e+01 +4.723450679e+01 +4.723450679e+01
9827 0 +1.218406643e+01 +4.656406643e+01 +4.656406643e+01
10005 0 +1.186839158e+01 +4.624839158e+01 +4.624839158e+01
10014 0 +1.167736472e+01 +4.605736472e+01 +4.605736472e+01
10113 0 +1.146574772e+01 +4.584574772e+01 +4.584574772e+01
10200 0 +1.115889586e+01 +4.553889586e+01 +4.553889586e+01
10217 0 +1.090974955e+01 +4.528974955e+01 +4.528974955e+01
10307 0 +1.070843207e+01 +4.508843207e+01 +4.508843207e+01
10442 0 +1.041088867e+01 +4.479088867e+01 +4.479088867e+01
10500 0 +1.000885175e+01 +4.438885175e+01 +4.438885175e+01
10613 0 +9.905750197e+00 +4.428575020e+01 +4.428575020e+01
10697 0 +9.422433322e+00 +4.380243332e+01 +4.380243332e+01
10800 0 +9.076624661e+00 +4.345662466e+01 +4.345662466e+01
10991 0 +8.848372161e+00 +4.322837216e+01 +4.322837216e+01
11090 0 +8.643883860e+00 +4.302388386e+01 +4.302388386e+01
11203 0 +8.492184795e+00 +4.287218479e+01 +4.287218479e+01
11270 0 +8.316284221e+00 +4.269628422e+01 +4.269628422e+01
11538 0 +8.049474587e+00 +4.242947459e+01 +4.242947459e+01
11590 0 +7.918882792e+00 +4.229888279e+01 +4.229888279e+01
11695 0 +7.734730060e+00 +4.211473006e+01 +4.211473006e+01
11705 0 +7.576661390e+00 +4.195666139e+01 +4.195666139e+01
12020 0 +7.185226665e+00 +4.156522666e+01 +4.156522666e+01
12163 0 +7.063620996e+00 +4.144362100e+01 +4.144362100e+01
12290 0 +6.765400902e+00 +4.114540090e+01 +4.114540090e+01
12413 0 +6.711039416e+00 +4.109103942e+01 +4.109103942e+01
12450 0 +6.563697386e+00 +4.094369739e+01 +4.094369739e+01
12605 0 +6.454290142e+00 +4.083429014e+01 +4.083429014e+01
12622 0 +6.304862902e+00 +4.068486290e+01 +4.068486290e+01
12726 0 +6.078352175e+00 +4.045835218e+01 +4.045835218e+01
12803 0 +5.710556532e+00 +4.009055653e+01 +4.009055653e+01
12881 0 +5.447220850e+00 +3.982722085e+01 +3.982722085e+01
12969 0 +5.369630295e+00 +3.974963030e+01 +3.974963030e+01
13064 0 +4.962769785e+00 +3.934276979e+01 +3.934276979e+01
13175 0 +4.829041242e+00 +3.920904124e+01 +3.920904124e+01
13198 0 +4.691699883e+00 +3.907169988e+01 +3.907169988e+01
13203 0 +4.605091864e+00 +3.898509186e+01 +3.898509186e+01
13306 0 +4.426821849e+00 +3.880682185e+01 +3.880682185e+01
13399 0 +4.333369807e+00 +3.871336981e+01 +3.871336981e+01
13452 0 +4.091406191e+00 +3.847140619e+01 +3.847140619e+01
13482 0 +4.066121192e+00 +3.844612119e+01 +3.844612119e+01
13496 0 +3.751132232e+00 +3.813113223e+01 +3.813113223e+01
13681 0 +3.676916353e+00 +3.805691635e+01 +3.805691635e+01
13710 0 +3.562703860e+00 +3.794270386e+01 +3.794270386e+01
13761 0 +3.430925060e+00 +3.781092506e+01 +3.781092506e+01
13878 0 +3.148220037e+00 +3.752822004e+01 +3.752822004e+01
13997 0 +3.061065437e+00 +3.744106544e+01 +3.744106544e+01
14061 0 +2.867472164e+00 +3.724747216e+01 +3.724747216e+01
14249 0 +2.760817340e+00 +3.714081734e+01 +3.714081734e+01
14287 0 +2.724964956e+00 +3.710496496e+01 +3.710496496e+01
14397 0 +2.689756525e+00 +3.706975653e+01 +3.706975653e+01
14413 0 +2.510722272e+00 +3.689072227e+01 +3.689072227e+01
14626 0 +2.417462909e+00 +3.679746291e+01 +3.679746291e+01
14659 0 +2.385746798e+00 +3.676574680e+01 +3.676574680e+01
14762 0 +2.224492874e+00 +3.660449287e+01 +3.660449287e+01
14975 0 +2.161568027e+00 +3.654156803e+01 +3.654156803e+01
15050 0 +2.105898459e+00 +3.648589846e+01 +3.648589846e+01
15218 0 +2.081795783e+00 +3.646179578e+01 +3.646179578e+01
15692 0 +2.041456789e+00 +3.642145679e+01 +3.642145679e+01
16039 0 +1.992186122e+00 +3.637218612e+01 +3.637218612e+01
16548 0 +1.944626257e+00 +3.632462626e+01 +3.632462626e+01
16598 0 +1.905283444e+00 +3.628528344e+01 +3.628528344e+01
16764 0 +1.803332151e+00 +3.618333215e+01 +3.618333215e+01
17042 0 +1.768163616e+00 +3.614816362e+01 +3.614816362e+01
17149 0 +1.734988112e+00 +3.611498811e+01 +3.611498811e+01
17465 0 +1.693371626e+00 +3.607337163e+01 +3.607337163e+01
17493 0 +1.638812908e+00 +3.601881291e+01 +3.601881291e+01
17548 0 +1.542198482e+00 +3.592219848e+01 +3.592219848e+01
17836 0 +1.505397579e+00 +3.588539758e+01 +3.588539758e+01
18007 0 +1.475495326e+00 +3.585549533e+01 +3.585549533e+01
18125 0 +1.434535465e+00 +3.581453546e+01 +3.581453546e+01
18381 0 +1.397364625e+00 +3.577736462e+01 +3.577736462e+01
18396 0 +1.339201368e+00 +3.571920137e+01 +3.571920137e+01
18486 0 +1.304866211e+00 +3.568486621e+01 +3.568486621e+01
18500 0 +1.282662735e+00 +3.566266273e+01 +3.566266273e+01
18882 0 +1.163823404e+00 +3.554382340e+01 +3.554382340e+01
19196 0 +1.123704541e+00 +3.550370454e+01 +3.550370454e+01
19323 0 +1.110164935e+00 +3.549016494e+01 +3.549016494e+01
19413 0 +1.086027471e+00 +3.546602747e+01 +3.546602747e+01
19649 0 +1.035488141e+00 +3.541548814e+01 +3.541548814e+01
19903 0 +1.014272958e+00 +3.539427296e+01 +3.539427296e+01
19957 0 +9.793590442e-01 +3.535935904e+01 +3.535935904e+01
20127 0 +9.738961333e-01 +3.535389613e+01 +3.535389613e+01
20321 0 +9.183803186e-01 +3.529838032e+01 +3.529838032e+01
20322 0 +9.113655518e-01 +3.529136555e+01 +3.529136555e+01
20889 0 +8.715542326e-01 +3.525155423e+01 +3.525155423e+01
21091 0 +8.665849128e-01 +3.524658491e+01 +3.524658491e+01
21311 0 +8.435759107e-01 +3.522357591e+01 +3.522357591e+01
21542 0 +8.315380674e-01 +3.521153807e+01 +3.521153807e+01
21738 0 +8.083047271e-01 +3.518830473e+01 +3.518830473e+01
22955 0 +7.942548438e-01 +3.517425484e+01 +3.517425484e+01
23429 0 +7.661747629e-01 +3.514617476e+01 +3.514617476e+01
25516 0 +7.558333134e-01 +3.513583331e+01 +3.513583331e+01
25578 0 +7.400931111e-01 +3.512009311e+01 +3.512009311e+01
% f evaluations | g evaluations | best noise-free fitness - Fopt (-5.877400000000e+02) + sum g_i+ | measured fitness | best measured fitness or single-digit g-values | x1 | x2...
1 0 +8.648430371e+01 -5.012556963e+02 -5.012556963e+02
2 0 +8.625742381e+01 -5.014825762e+02 -5.014825762e+02
103 0 +8.453822226e+01 -5.032017777e+02 -5.032017777e+02
166 0 +8.131462132e+01 -5.064253787e+02 -5.064253787e+02
212 0 +8.070607237e+01 -5.070339276e+02 -5.070339276e+02
442 0 +7.737206339e+01 -5.103679366e+02 -5.103679366e+02
892 0 +7.585314407e+01 -5.118868559e+02 -5.118868559e+02
1514 0 +7.397768780e+01 -5.137623122e+02 -5.137623122e+02
2053 0 +7.230266104e+01 -5.154373390e+02 -5.154373390e+02
2876 0 +7.061289088e+01 -5.171271091e+02 -5.171271091e+02
3467 0 +6.894892392e+01 -5.187910761e+02 -5.187910761e+02
4257 0 +6.744978532e+01 -5.202902147e+02 -5.202902147e+02
4802 0 +6.602524387e+01 -5.217147561e+02 -5.217147561e+02
5356 0 +6.434340750e+01 -5.233965925e+02 -5.233965925e+02
5712 0 +6.301677285e+01 -5.247232271e+02 -5.247232271e+02
6149 0 +6.165166662e+01 -5.260883334e+02 -5.260883334e+02
6438 0 +6.009295181e+01 -5.276470482e+02 -5.276470482e+02
6851 0 +5.866110136e+01 -5.290788986e+02 -5.290788986e+02
7233 0 +5.739035352e+01 -5.303496465e+02 -5.303496465e+02
7479 0 +5.580752897e+01 -5.319324710e+02 -5.319324710e+02
7794 0 +5.479328572e+01 -5.329467143e+02 -5.329467143e+02
8011 0 +5.368964809e+01 -5.340503519e+02 -5.340503519e+02
8342 0 +5.239168401e+01 -5.353483160e+02 -5.353483160e+02
8700 0 +5.114068682e+01 -5.365993132e+02 -5.365993132e+02
9044 0 +5.005218014e+01 -5.376878199e+02 -5.376878199e+02
9264 0 +4.885495085e+01 -5.388850491e+02 -5.388850491e+02
9543 0 +4.786058329e+01 -5.398794167e+02 -5.398794167e+02
9855 0 +4.675639933e+01 -5.409836007e+02 -5.409836007e+02
10117 0 +4.554666105e+01 -5.421933389e+02 -5.421933389e+02
10465 0 +4.461730666e+01 -5.431226933e+02 -5.431226933e+02
10795 0 +4.362502227e+01 -5.441149777e+02 -5.441149777e+02
11201 0 +4.257075998e+01 -5.451692400e+02 -5.451692400e+02
11689 0 +4.168306188e+01 -5.460569381e+02 -5.460569381e+02
12104 0 +4.067415903e+01 -5.470658410e+02 -5.470658410e+02
12609 0 +3.975520763e+01 -5.479847924e+02 -5.479847924e+02
12986 0 +3.881028937e+01 -5.489297106e+02 -5.489297106e+02
13540 0 +3.799875187e+01 -5.497412481e+02 -5.497412481e+02
14067 0 +3.711945308e+01 -5.506205469e+02 -5.506205469e+02
14657 0 +3.614703011e+01 -5.515929699e+02 -5.515929699e+02
15311 0 +3.540034263e+01 -5.523396574e+02 -5.523396574e+02
16050 0 +3.450147781e+01 -5.532385222e+02 -5.532385222e+02
16748 0 +3.382946388e+01 -5.539105361e+02 -5.539105361e+02
17648 0 +3.298664214e+01 -5.547533579e+02 -5.547533579e+02
18975 0 +3.229711601e+01 -5.554428840e+02 -5.554428840e+02
21094 0 +3.157326988e+01 -5.561667301e+02 -5.561667301e+02
25621 0 +3.088280284e+01 -5.568571972e+02 -5.568571972e+02
% f evaluations | g evaluations | best noise-free fitness - Fopt (4.491000000000e+01) + sum g_i+ | measured fitness | best measured fitness or single-digit g-values | x1 | x2...
1 0 +8.654831797e+01 +1.314583180e+02 +1.314583180e+02
2 0 +8.641913706e+01 +1.313291371e+02 +1.313291371e+02
21 0 +8.504021755e+01 +1.299502176e+02 +1.299502176e+02
103 0 +8.297875492e+01 +1.278887549e+02 +1.278887549e+02
115 0 +7.934626448e+01 +1.242562645e+02 +1.242562645e+02
300 0 +7.517355209e+01 +1.200835521e+02 +1.200835521e+02
722 0 +7.389684855e+01 +1.188068486e+02 +1.188068486e+02
1187 0 +7.223949166e+01 +1.171494917e+02 +1.171494917e+02
1731 0 +7.079119802e+01 +1.157011980e+02 +1.157011980e+02
2238 0 +6.911861819e+01 +1.140286182e+02 +1.140286182e+02
2687 0 +6.747601482e+01 +1.123860148e+02 +1.123860148e+02
3215 0 +6.593312990e+01 +1.108431299e+02 +1.108431299e+02
3568 0 +6.439679287e+01 +1.093067929e+02 +1.093067929e+02
3782 0 +6.305382228e+01 +1.079638223e+02 +1.079638223e+02
4134 0 +6.151855911e+01 +1.064285591e+02 +1.064285591e+02
4357 0 +6.022243401e+01 +1.051324340e+02 +1.051324340e+02
4471 0 +5.870400943e+01 +1.036140094e+02 +1.036140094e+02
4597 0 +5.743692970e+01 +1.023469297e+02 +1.023469297e+02
4957 0 +5.607592358e+01 +1.009859236e+02 +1.009859236e+02
4985 0 +5.457200365e+01 +9.948200365e+01 +9.948200365e+01
5199 0 +5.367502776e+01 +9.858502776e+01 +9.858502776e+01
5340 0 +5.157350332e+01 +9.648350332e+01 +9.648350332e+01
5493 0 +5.124360479e+01 +9.615360479e+01 +9.615360479e+01
5694 0 +5.007169701e+01 +9.498169701e+01 +9.498169701e+01
5752 0 +4.844249308e+01 +9.335249308e+01 +9.335249308e+01
5855 0 +4.755974907e+01 +9.246974907e+01 +9.246974907e+01
6043 0 +4.661109105e+01 +9.152109105e+01 +9.152109105e+01
6146 0 +4.530506333e+01 +9.021506333e+01 +9.021506333e+01
6251 0 +4.430138603e+01 +8.921138603e+01 +8.921138603e+01
6343 0 +4.348702355e+01 +8.839702355e+01 +8.839702355e+01
6465 0 +4.149366613e+01 +8.640366613e+01 +8.640366613e+01
6599 0 +4.007411752e+01 +8.498411752e+01 +8.498411752e+01
6689 0 +3.931757409e+01 +8.422757409e+01 +8.422757409e+01
6842 0 +3.875528300e+01 +8.366528300e+01 +8.366528300e+01
6859 0 +3.757200624e+01 +8.248200624e+01 +8.248200624e+01
6946 0 +3.669359078e+01 +8.160359078e+01 +8.160359078e+01
7045 0 +3.505885201e+01 +7.996885201e+01 +7.996885201e+01
7266 0 +3.460310381e+01 +7.951310381e+01 +7.951310381e+01
7321 0 +3.385109091e+01 +7.876109091e+01 +7.876109091e+01
7374 0 +3.310887827e+01 +7.801887827e+01 +7.801887827e+01
7444 0 +3.225709908e+01 +7.716709908e+01 +7.716709908e+01
7542 0 +2.997982595e+01 +7.488982595e+01 +7.488982595e+01
7781 0 +2.902280280e+01 +7.393280280e+01 +7.393280280e+01
7823 0 +2.840425301e+01 +7.331425301e+01 +7.331425301e+01
8029 0 +2.785559337e+01 +7.276559337e+01 +7.276559337e+01
8082 0 +2.710370474e+01 +7.201370474e+01 +7.201370474e+01
8122 0 +2.670719916e+01 +7.161719916e+01 +7.161719916e+01
8172 0 +2.603235551e+01 +7.094235551e+01 +7.094235551e+01
8337 0 +2.552805848e+01 +7.043805848e+01 +7.043805848e+01
8445 0 +2.510430353e+01 +7.001430353e+01 +7.001430353e+01
8584 0 +2.419126718e+01 +6.910126718e+01 +6.910126718e+01
8720 0 +2.317426415e+01 +6.808426415e+01 +6.808426415e+01
8922 0 +2.289801087e+01 +6.780801087e+01 +6.780801087e+01
8959 0 +2.233996789e+01 +6.724996789e+01 +6.724996789e+01
9105 0 +2.158989078e+01 +6.649989078e+01 +6.649989078e+01
9186 0 +2.125907947e+01 +6.616907947e+01 +6.616907947e+01
9296 0 +2.045026085e+01 +6.536026085e+01 +6.536026085e+01
9331 0 +2.030023830e+01 +6.521023830e+01 +6.521023830e+01
9361 0 +1.982895091e+01 +6.473895091e+01 +6.473895091e+01
9523 0 +1.942724886e+01 +6.433724886e+01 +6.433724886e+01
9682 0 +1.904705994e+01 +6.395705994e+01 +6.395705994e+01
9758 0 +1.861547633e+01 +6.352547633e+01 +6.352547633e+01
9807 0 +1.801559445e+01 +6.292559445e+01 +6.292559445e+01
9895 0 +1.745192046e+01 +6.236192046e+01 +6.236192046e+01
9939 0 +1.737366580e+01 +6.228366580e+01 +6.228366580e+01
10030 0 +1.692405131e+01 +6.183405131e+01 +6.183405131e+01
10109 0 +1.621363939e+01 +6.112363939e+01 +6.112363939e+01
10250 0 +1.543660479e+01 +6.034660479e+01 +6.034660479e+01
10333 0 +1.509257344e+01 +6.000257344e+01 +6.000257344e+01
10497 0 +1.471916144e+01 +5.962916144e+01 +5.962916144e+01
10504 0 +1.428846903e+01 +5.919846903e+01 +5.919846903e+01
10598 0 +1.372540789e+01 +5.863540789e+01 +5.863540789e+01
10726 0 +1.327759024e+01 +5.818759024e+01 +5.818759024e+01
10817 0 +1.301026583e+01 +5.792026583e+01 +5.792026583e+01
10829 0 +1.251206019e+01 +5.742206019e+01 +5.742206019e+01
10903 0 +1.208079139e+01 +5.699079139e+01 +5.699079139e+01
11017 0 +1.187085835e+01 +5.678085835e+01 +5.678085835e+01
11043 0 +1.173513145e+01 +5.664513145e+01 +5.664513145e+01
11122 0 +1.137985420e+01 +5.628985420e+01 +5.628985420e+01
11196 0 +1.106509614e+01 +5.597509614e+01 +5.597509614e+01
11244 0 +1.091979368e+01 +5.582979368e+01 +5.582979368e+01
11394 0 +1.053634806e+01 +5.544634806e+01 +5.544634806e+01
11398 0 +1.043352802e+01 +5.534352802e+01 +5.534352802e+01
11557 0 +1.013904272e+01 +5.504904272e+01 +5.504904272e+01
11610 0 +9.952189039e+00 +5.486218904e+01 +5.486218904e+01
11696 0 +9.754879630e+00 +5.466487963e+01 +5.466487963e+01
11806 0 +9.238366807e+00 +5.414836681e+01 +5.414836681e+01
12011 0 +9.089117889e+00 +5.399911789e+01 +5.399911789e+01
12162 0 +8.776959848e+00 +5.368695985e+01 +5.368695985e+01
12203 0 +8.692734124e+00 +5.360273412e+01 +5.360273412e+01
12289 0 +8.486620878e+00 +5.339662088e+01 +5.339662088e+01
12395 0 +8.305201870e+00 +5.321520187e+01 +5.321520187e+01
12617 0 +8.106610194e+00 +5.301661019e+01 +5.301661019e+01
12742 0 +7.839260118e+00 +5.274926012e+01 +5.274926012e+01
12854 0 +7.725310671e+00 +5.263531067e+01 +5.263531067e+01
13048 0 +7.571027120e+00 +5.248102712e+01 +5.248102712e+01
13076 0 +7.398483734e+00 +5.230848373e+01 +5.230848373e+01
13272 0 +7.169036849e+00 +5.207903685e+01 +5.207903685e+01
13471 0 +7.063826149e+00 +5.197382615e+01 +5.197382615e+01
13571 0 +6.784274826e+00 +5.169427483e+01 +5.169427483e+01
13587 0 +6.720255760e+00 +5.163025576e+01 +5.163025576e+01
13698 0 +6.530514169e+00 +5.144051417e+01 +5.144051417e+01
13777 0 +6.425272939e+00 +5.133527294e+01 +5.133527294e+01
13845 0 +6.244567840e+00 +5.115456784e+01 +5.115456784e+01
13884 0 +6.057404774e+00 +5.096740477e+01 +5.096740477e+01
14030 0 +5.888031008e+00 +5.079803101e+01 +5.079803101e+01
14211 0 +5.697099652e+00 +5.060709965e+01 +5.060709965e+01
14218 0 +5.589989016e+00 +5.049998902e+01 +5.049998902e+01
14283 0 +5.265855902e+00 +5.017585590e+01 +5.017585590e+01
14368 0 +5.187353187e+00 +5.009735319e+01 +5.009735319e+01
14377 0 +5.066718686e+00 +4.997671869e+01 +4.997671869e+01
14562 0 +5.007309458e+00 +4.991730946e+01 +4.991730946e+01
14610 0 +4.886384025e+00 +4.979638402e+01 +4.979638402e+01
14670 0 +4.732626440e+00 +4.964262644e+01 +4.964262644e+01
14790 0 +4.639674530e+00 +4.954967453e+01 +4.954967453e+01
14870 0 +4.567821236e+00 +4.947782124e+01 +4.947782124e+01
14899 0 +4.333388162e+00 +4.924338816e+01 +4.924338816e+01
14989 0 +4.247756641e+00 +4.915775664e+01 +4.915775664e+01
15073 0 +4.146248068e+00 +4.905624807e+01 +4.905624807e+01
15184 0 +4.045341254e+00 +4.895534125e+01 +4.895534125e+01
15279 0 +3.978448306e+00 +4.888844831e+01 +4.888844831e+01
15351 0 +3.867501865e+00 +4.877750186e+01 +4.877750186e+01
15448 0 +3.786166137e+00 +4.869616614e+01 +4.869616614e+01
15496 0 +3.704070060e+00 +4.861407006e+01 +4.861407006e+01
15622 0 +3.613096804e+00 +4.852309680e+01 +4.852309680e+01
15656 0 +3.535007827e+00 +4.844500783e+01 +4.844500783e+01
15689 0 +3.425433464e+00 +4.833543346e+01 +4.833543346e+01
16038 0 +3.347830046e+00 +4.825783005e+01 +4.825783005e+01
16143 0 +3.308337049e+00 +4.821833705e+01 +4.821833705e+01
16171 0 +3.131296601e+00 +4.804129660e+01 +4.804129660e+01
16437 0 +3.041563122e+00 +4.795156312e+01 +4.795156312e+01
16549 0 +3.007737664e+00 +4.791773766e+01 +4.791773766e+01
16832 0 +2.933536947e+00 +4.784353695e+01 +4.784353695e+01
16974 0 +2.881500304e+00 +4.779150030e+01 +4.779150030e+01
17251 0 +2.798797339e+00 +4.770879734e+01 +4.770879734e+01
17583 0 +2.751781034e+00 +4.766178103e+01 +4.766178103e+01
18269 0 +2.676666503e+00 +4.758666650e+01 +4.758666650e+01
30137 0 +2.627980859e+00 +4.753798086e+01 +4.753798086e+01
% f evaluations | g evaluations | best noise-free fitness - Fopt (2.742300000000e+02) + sum g_i+ | measured fitness | best measured fitness or single-digit g-values | x1 | x2...
1 0 +8.653704656e+01 +3.607670466e+02 +3.607670466e+02
2 0 +8.623136691e+01 +3.604613669e+02 +3.604613669e+02
56 0 +8.468780100e+01 +3.589178010e+02 +3.589178010e+02
296 0 +8.129401367e+01 +3.555240137e+02 +3.555240137e+02
361 0 +8.125030168e+01 +3.554803017e+02 +3.554803017e+02
471 0 +7.905031717e+01 +3.532803172e+02 +3.532803172e+02
793 0 +7.757775504e+01 +3.518077550e+02 +3.518077550e+02
1442 0 +7.565861622e+01 +3.498886162e+02 +3.498886162e+02
1939 0 +7.406689164e+01 +3.482968916e+02 +3.482968916e+02
2486 0 +7.242288701e+01 +3.466528870e+02 +3.466528870e+02
2875 0 +7.072367810e+01 +3.449536781e+02 +3.449536781e+02
3499 0 +6.902522213e+01 +3.432552221e+02 +3.432552221e+02
3971 0 +6.750884073e+01 +3.417388407e+02 +3.417388407e+02
4406 0 +6.598305602e+01 +3.402130560e+02 +3.402130560e+02
4870 0 +6.436153962e+01 +3.385915396e+02 +3.385915396e+02
5024 0 +6.288513513e+01 +3.371151351e+02 +3.371151351e+02
5449 0 +6.132063550e+01 +3.355506355e+02 +3.355506355e+02
5600 0 +6.024239878e+01 +3.344723988e+02 +3.344723988e+02
5959 0 +5.867049131e+01 +3.329004913e+02 +3.329004913e+02
6062 0 +5.713462509e+01 +3.313646251e+02 +3.313646251e+02
6472 0 +5.566237073e+01 +3.298923707e+02 +3.298923707e+02
6667 0 +5.410108896e+01 +3.283310890e+02 +3.283310890e+02
6814 0 +5.323243620e+01 +3.274624362e+02 +3.274624362e+02
7013 0 +5.218317386e+01 +3.264131739e+02 +3.264131739e+02
7263 0 +5.095265439e+01 +3.251826544e+02 +3.251826544e+02
7287 0 +4.990569229e+01 +3.241356923e+02 +3.241356923e+02
7539 0 +4.855427423e+01 +3.227842742e+02 +3.227842742e+02
7652 0 +4.720619779e+01 +3.214361978e+02 +3.214361978e+02
7747 0 +4.673826712e+01 +3.209682671e+02 +3.209682671e+02
7990 0 +4.567779294e+01 +3.199077929e+02 +3.199077929e+02
8022 0 +4.441271354e+01 +3.186427135e+02 +3.186427135e+02
8296 0 +4.336946512e+01 +3.175994651e+02 +3.175994651e+02
8417 0 +4.264118580e+01 +3.168711858e+02 +3.168711858e+02
8633 0 +4.165600889e+01 +3.158860089e+02 +3.158860089e+02
8745 0 +4.019058585e+01 +3.144205859e+02 +3.144205859e+02
8932 0 +3.980681671e+01 +3.140368167e+02 +3.140368167e+02
9001 0 +3.852469101e+01 +3.127546910e+02 +3.127546910e+02
9144 0 +3.724307735e+01 +3.114730774e+02 +3.114730774e+02
9311 0 +3.702178971e+01 +3.112517897e+02 +3.112517897e+02
9507 0 +3.558730727e+01 +3.098173073e+02 +3.098173073e+02
9687 0 +3.541135919e+01 +3.096413592e+02 +3.096413592e+02
9820 0 +3.444855997e+01 +3.086785600e+02 +3.086785600e+02
9958 0 +3.358087954e+01 +3.078108795e+02 +3.078108795e+02
10120 0 +3.300036742e+01 +3.072303674e+02 +3.072303674e+02
10297 0 +3.227817846e+01 +3.065081785e+02 +3.065081785e+02
10403 0 +3.142398124e+01 +3.056539812e+02 +3.056539812e+02
10533 0 +3.077688073e+01 +3.050068807e+02 +3.050068807e+02
10639 0 +2.984420387e+01 +3.040742039e+02 +3.040742039e+02
10809 0 +2.931372006e+01 +3.035437201e+02 +3.035437201e+02
10967 0 +2.882168213e+01 +3.030516821e+02 +3.030516821e+02
11199 0 +2.799789223e+01 +3.022278922e+02 +3.022278922e+02
11358 0 +2.736062994e+01 +3.015906299e+02 +3.015906299e+02
11500 0 +2.688382450e+01 +3.011138245e+02 +3.011138245e+02
11903 0 +2.629677360e+01 +3.005267736e+02 +3.005267736e+02
12179 0 +2.559740288e+01 +2.998274029e+02 +2.998274029e+02
12342 0 +2.485868829e+01 +2.990886883e+02 +2.990886883e+02
12561 0 +2.441894493e+01 +2.986489449e+02 +2.986489449e+02
12778 0 +2.380473511e+01 +2.980347351e+02 +2.980347351e+02
12982 0 +2.340940244e+01 +2.976394024e+02 +2.976394024e+02
13307 0 +2.287496271e+01 +2.971049627e+02 +2.971049627e+02
13577 0 +2.237410631e+01 +2.966041063e+02 +2.966041063e+02
13685 0 +2.164050795e+01 +2.958705080e+02 +2.958705080e+02
14062 0 +2.134233753e+01 +2.955723375e+02 +2.955723375e+02
14364 0 +2.060022482e+01 +2.948302248e+02 +2.948302248e+02
14642 0 +2.039436164e+01 +2.946243616e+02 +2.946243616e+02
14775 0 +1.992603866e+01 +2.941560387e+02 +2.941560387e+02
15114 0 +1.945631621e+01 +2.936863162e+02 +2.936863162e+02
15513 0 +1.904882544e+01 +2.932788254e+02 +2.932788254e+02
15864 0 +1.852810747e+01 +2.927581075e+02 +2.927581075e+02
16124 0 +1.806524788e+01 +2.922952479e+02 +2.922952479e+02
16425 0 +1.777103482e+01 +2.920010348e+02 +2.920010348e+02
16747 0 +1.731971853e+01 +2.915497185e+02 +2.915497185e+02
16835 0 +1.692616048e+01 +2.911561605e+02 +2.911561605e+02
17129 0 +1.658741077e+01 +2.908174108e+02 +2.908174108e+02
17518 0 +1.617081767e+01 +2.904008177e+02 +2.904008177e+02
17729 0 +1.582597966e+01 +2.900559797e+02 +2.900559797e+02
18214 0 +1.545512631e+01 +2.896851263e+02 +2.896851263e+02
18575 0 +1.508158401e+01 +2.893115840e+02 +2.893115840e+02
18961 0 +1.478044425e+01 +2.890104443e+02 +2.890104443e+02
19587 0 +1.440261820e+01 +2.886326182e+02 +2.886326182e+02
20081 0 +1.410365810e+01 +2.883336581e+02 +2.883336581e+02
20609 0 +1.369159322e+01 +2.879215932e+02 +2.879215932e+02
21385 0 +1.343345083e+01 +2.876634508e+02 +2.876634508e+02
22030 0 +1.316913958e+01 +2.873991396e+02 +2.873991396e+02
22692 0 +1.285914154e+01 +2.870891415e+02 +2.870891415e+02
23617 0 +1.253703616e+01 +2.867670362e+02 +2.867670362e+02
25170 0 +1.229093325e+01 +2.865209333e+02 +2.865209333e+02
26797 0 +1.201418119e+01 +2.862441812e+02 +2.862441812e+02
28072 0 +1.172272495e+01 +2.859527249e+02 +2.859527249e+02
31082 0 +1.146112355e+01 +2.856911235e+02 +2.856911235e+02
% f evaluations | g evaluations | best noise-free fitness - Fopt (6.897200000000e+02) + sum g_i+ | measured fitness | best measured fitness or single-digit g-values | x1 | x2...
1 0 +8.644467981e+01 +7.761646798e+02 +7.761646798e+02
2 0 +8.623224402e+01 +7.759522440e+02 +7.759522440e+02
84 0 +8.449505650e+01 +7.742150565e+02 +7.742150565e+02
201 0 +8.271752628e+01 +7.724375263e+02 +7.724375263e+02
202 0 +8.047506506e+01 +7.701950651e+02 +7.701950651e+02
323 0 +7.874274857e+01 +7.684627486e+02 +7.684627486e+02
474 0 +7.747122466e+01 +7.671912247e+02 +7.671912247e+02
538 0 +7.582786352e+01 +7.655478635e+02 +7.655478635e+02
1595 0 +7.402156549e+01 +7.637415655e+02 +7.637415655e+02
2207 0 +7.237432364e+01 +7.620943236e+02 +7.620943236e+02
2781 0 +7.076577788e+01 +7.604857779e+02 +7.604857779e+02
3567 0 +6.904754654e+01 +7.587675465e+02 +7.587675465e+02
3972 0 +6.747224141e+01 +7.571922414e+02 +7.571922414e+02
4440 0 +6.605234787e+01 +7.557723479e+02 +7.557723479e+02
4801 0 +6.451898893e+01 +7.542389889e+02 +7.542389889e+02
5028 0 +6.301976212e+01 +7.527397621e+02 +7.527397621e+02
5355 0 +6.162537302e+01 +7.513453730e+02 +7.513453730e+02
5622 0 +5.969109998e+01 +7.494111000e+02 +7.494111000e+02
5800 0 +5.885852959e+01 +7.485785296e+02 +7.485785296e+02
5990 0 +5.715205771e+01 +7.468720577e+02 +7.468720577e+02
6142 0 +5.595132772e+01 +7.456713277e+02 +7.456713277e+02
6342 0 +5.434756489e+01 +7.440675649e+02 +7.440675649e+02
6450 0 +5.350746403e+01 +7.432274640e+02 +7.432274640e+02
6618 0 +5.220137955e+01 +7.419213796e+02 +7.419213796e+02
6727 0 +5.041680009e+01 +7.401368001e+02 +7.401368001e+02
6829 0 +5.004298262e+01 +7.397629826e+02 +7.397629826e+02
6937 0 +4.873437816e+01 +7.384543782e+02 +7.384543782e+02
7041 0 +4.712384844e+01 +7.368438484e+02 +7.368438484e+02
7160 0 +4.661251326e+01 +7.363325133e+02 +7.363325133e+02
7346 0 +4.557492688e+01 +7.352949269e+02 +7.352949269e+02
7361 0 +4.427169549e+01 +7.339916955e+02 +7.339916955e+02
7475 0 +4.338078382e+01 +7.331007838e+02 +7.331007838e+02
7534 0 +4.260595312e+01 +7.323259531e+02 +7.323259531e+02
7585 0 +4.149043782e+01 +7.312104378e+02 +7.312104378e+02
7670 0 +3.984534272e+01 +7.295653427e+02 +7.295653427e+02
7763 0 +3.974196784e+01 +7.294619678e+02 +7.294619678e+02
7864 0 +3.844857768e+01 +7.281685777e+02 +7.281685777e+02
7954 0 +3.687714699e+01 +7.265971470e+02 +7.265971470e+02
8065 0 +3.526259391e+01 +7.249825939e+02 +7.249825939e+02
8226 0 +3.315225913e+01 +7.228722591e+02 +7.228722591e+02
8424 0 +3.246442082e+01 +7.221844208e+02 +7.221844208e+02
8555 0 +3.182439954e+01 +7.215443995e+02 +7.215443995e+02
8635 0 +3.145666959e+01 +7.211766696e+02 +7.211766696e+02
8676 0 +3.077950963e+01 +7.204995096e+02 +7.204995096e+02
8730 0 +2.960736295e+01 +7.193273630e+02 +7.193273630e+02
8833 0 +2.937641463e+01 +7.190964146e+02 +7.190964146e+02
8856 0 +2.827309543e+01 +7.179930954e+02 +7.179930954e+02
8985 0 +2.807760952e+01 +7.177976095e+02 +7.177976095e+02
9075 0 +2.715993498e+01 +7.168799350e+02 +7.168799350e+02
9162 0 +2.622536404e+01 +7.159453640e+02 +7.159453640e+02
9247 0 +2.537224967e+01 +7.150922497e+02 +7.150922497e+02
9318 0 +2.508155260e+01 +7.148015526e+02 +7.148015526e+02
9387 0 +2.440632075e+01 +7.141263208e+02 +7.141263208e+02
9559 0 +2.388896534e+01 +7.136089653e+02 +7.136089653e+02
9658 0 +2.335437117e+01 +7.130743712e+02 +7.130743712e+02
9805 0 +2.239023283e+01 +7.121102328e+02 +7.121102328e+02
9873 0 +2.231850340e+01 +7.120385034e+02 +7.120385034e+02
9920 0 +2.161990804e+01 +7.113399080e+02 +7.113399080e+02
10001 0 +2.130856008e+01 +7.110285601e+02 +7.110285601e+02
10045 0 +2.086057206e+01 +7.105805721e+02 +7.105805721e+02
10154 0 +2.021551960e+01 +7.099355196e+02 +7.099355196e+02
10232 0 +1.990228834e+01 +7.096222883e+02 +7.096222883e+02
10286 0 +1.921186562e+01 +7.089318656e+02 +7.089318656e+02
10396 0 +1.896655770e+01 +7.086865577e+02 +7.086865577e+02
10460 0 +1.839620423e+01 +7.081162042e+02 +7.081162042e+02
10545 0 +1.808985534e+01 +7.078098553e+02 +7.078098553e+02
10651 0 +1.744144298e+01 +7.071614430e+02 +7.071614430e+02
10722 0 +1.679628445e+01 +7.065162845e+02 +7.065162845e+02
10834 0 +1.625755321e+01 +7.059775532e+02 +7.059775532e+02
10918 0 +1.618551858e+01 +7.059055186e+02 +7.059055186e+02
10968 0 +1.583629252e+01 +7.055562925e+02 +7.055562925e+02
11018 0 +1.514876166e+01 +7.048687617e+02 +7.048687617e+02
11096 0 +1.512519176e+01 +7.048451918e+02 +7.048451918e+02
11194 0 +1.470159357e+01 +7.044215936e+02 +7.044215936e+02
11195 0 +1.433447096e+01 +7.040544710e+02 +7.040544710e+02
11330 0 +1.399867983e+01 +7.037186798e+02 +7.037186798e+02
11338 0 +1.362995938e+01 +7.033499594e+02 +7.033499594e+02
11434 0 +1.301473062e+01 +7.027347306e+02 +7.027347306e+02
11501 0 +1.257802702e+01 +7.022980270e+02 +7.022980270e+02
11587 0 +1.191270425e+01 +7.016327042e+02 +7.016327042e+02
11831 0 +1.116237462e+01 +7.008823746e+02 +7.008823746e+02
11954 0 +1.062593934e+01 +7.003459393e+02 +7.003459393e+02
12184 0 +1.014162006e+01 +6.998616201e+02 +6.998616201e+02
12319 0 +9.988287741e+00 +6.997082877e+02 +6.997082877e+02
12406 0 +9.720580796e+00 +6.994405808e+02 +6.994405808e+02
12454 0 +9.479975621e+00 +6.991999756e+02 +6.991999756e+02
12578 0 +9.301757637e+00 +6.990217576e+02 +6.990217576e+02
12652 0 +9.005567770e+00 +6.987255678e+02 +6.987255678e+02
12718 0 +8.553439671e+00 +6.982734397e+02 +6.982734397e+02
12803 0 +8.496920858e+00 +6.982169209e+02 +6.982169209e+02
12999 0 +8.198559423e+00 +6.979185594e+02 +6.979185594e+02
13094 0 +8.096426172e+00 +6.978164262e+02 +6.978164262e+02
13179 0 +7.873870324e+00 +6.975938703e+02 +6.975938703e+02
13304 0 +7.761847509e+00 +6.974818475e+02 +6.974818475e+02
13474 0 +7.370381304e+00 +6.970903813e+02 +6.970903813e+02
13608 0 +7.099559579e+00 +6.968195596e+02 +6.968195596e+02
13684 0 +7.058747747e+00 +6.967787477e+02 +6.967787477e+02
13865 0 +6.914119276e+00 +6.966341193e+02 +6.966341193e+02
13924 0 +6.715662072e+00 +6.964356621e+02 +6.964356621e+02
13927 0 +6.467940541e+00 +6.961879405e+02 +6.961879405e+02
14001 0 +6.446908957e+00 +6.961669090e+02 +6.961669090e+02
14049 0 +6.241175615e+00 +6.959611756e+02 +6.959611756e+02
14078 0 +5.982087535e+00 +6.957020875e+02 +6.957020875e+02
14119 0 +5.760649930e+00 +6.954806499e+02 +6.954806499e+02
14210 0 +5.663957826e+00 +6.953839578e+02 +6.953839578e+02
14255 0 +5.514177344e+00 +6.952341773e+02 +6.952341773e+02
14261 0 +5.388340686e+00 +6.951083407e+02 +6.951083407e+02
14304 0 +5.338850826e+00 +6.950588508e+02 +6.950588508e+02
14377 0 +5.232184107e+00 +6.949521841e+02 +6.949521841e+02
14436 0 +5.115427869e+00 +6.948354279e+02 +6.948354279e+02
14477 0 +4.924717859e+00 +6.946447179e+02 +6.946447179e+02
14480 0 +4.841558866e+00 +6.945615589e+02 +6.945615589e+02
14537 0 +4.443138927e+00 +6.941631389e+02 +6.941631389e+02
14648 0 +4.339046070e+00 +6.940590461e+02 +6.940590461e+02
14655 0 +4.223161502e+00 +6.939431615e+02 +6.939431615e+02
14695 0 +4.130146690e+00 +6.938501467e+02 +6.938501467e+02
14731 0 +4.015428096e+00 +6.937354281e+02 +6.937354281e+02
14773 0 +3.947167270e+00 +6.936671673e+02 +6.936671673e+02
14784 0 +3.783898940e+00 +6.935038989e+02 +6.935038989e+02
14789 0 +3.598675499e+00 +6.933186755e+02 +6.933186755e+02
14860 0 +3.540376706e+00 +6.932603767e+02 +6.932603767e+02
14920 0 +3.275151973e+00 +6.929951520e+02 +6.929951520e+02
14963 0 +3.082460645e+00 +6.928024606e+02 +6.928024606e+02
15072 0 +2.940196395e+00 +6.926601964e+02 +6.926601964e+02
15179 0 +2.878476600e+00 +6.925984766e+02 +6.925984766e+02
15190 0 +2.547708573e+00 +6.922677086e+02 +6.922677086e+02
15272 0 +2.411632999e+00 +6.921316330e+02 +6.921316330e+02
15545 0 +2.269447632e+00 +6.919894476e+02 +6.919894476e+02
15732 0 +2.213379766e+00 +6.919333798e+02 +6.919333798e+02
15763 0 +2.162075464e+00 +6.918820755e+02 +6.918820755e+02
15863 0 +2.101002758e+00 +6.918210028e+02 +6.918210028e+02
15992 0 +2.077715263e+00 +6.917977153e+02 +6.917977153e+02
16169 0 +2.035734268e+00 +6.917557343e+02 +6.917557343e+02
16459 0 +1.986627346e+00 +6.917066273e+02 +6.917066273e+02
16875 0 +1.934846645e+00 +6.916548466e+02 +6.916548466e+02
16935 0 +1.898312022e+00 +6.916183120e+02 +6.916183120e+02
17038 0 +1.803735361e+00 +6.915237354e+02 +6.915237354e+02
17230 0 +1.722957239e+00 +6.914429572e+02 +6.914429572e+02
17429 0 +1.692770422e+00 +6.914127704e+02 +6.914127704e+02
17455 0 +1.555592761e+00 +6.912755928e+02 +6.912755928e+02
17565 0 +1.540419806e+00 +6.912604198e+02 +6.912604198e+02
17713 0 +1.512528219e+00 +6.912325282e+02 +6.912325282e+02
17728 0 +1.321518226e+00 +6.910415182e+02 +6.910415182e+02
17836 0 +1.280909092e+00 +6.910009091e+02 +6.910009091e+02
18058 0 +1.194412090e+00 +6.909144121e+02 +6.909144121e+02
18150 0 +1.146369869e+00 +6.908663699e+02 +6.908663699e+02
18380 0 +1.107313643e+00 +6.908273136e+02 +6.908273136e+02
18383 0 +1.075201629e+00 +6.907952016e+02 +6.907952016e+02
18509 0 +1.001665750e+00 +6.907216658e+02 +6.907216658e+02
18517 0 +9.815837330e-01 +6.907015837e+02 +6.907015837e+02
18538 0 +9.705650809e-01 +6.906905651e+02 +6.906905651e+02
18745 0 +9.336298688e-01 +6.906536299e+02 +6.906536299e+02
18786 0 +9.254127291e-01 +6.906454127e+02 +6.906454127e+02
18840 0 +8.842984069e-01 +6.906042984e+02 +6.906042984e+02
19038 0 +8.586719260e-01 +6.905786719e+02 +6.905786719e+02
19112 0 +8.342897197e-01 +6.905542897e+02 +6.905542897e+02
19290 0 +8.233237437e-01 +6.905433237e+02 +6.905433237e+02
19362 0 +8.119476616e-01 +6.905319477e+02 +6.905319477e+02
19778 0 +7.867931880e-01 +6.905067932e+02 +6.905067932e+02
20115 0 +7.730453227e-01 +6.904930453e+02 +6.904930453e+02
20474 0 +7.562470389e-01 +6.904762470e+02 +6.904762470e+02
21561 0 +7.332184413e-01 +6.904532184e+02 +6.904532184e+02
23774 0 +7.243548876e-01 +6.904443549e+02 +6.904443549e+02
