% f evaluations | g evaluations | best noise-free fitness - Fopt (-1.000000000000e+03) + sum g_i+ | measured fitness | best measured fitness or single-digit g-values | x1 | x2...
1 0 +8.163133924e+01 -9.183686608e+02 -9.183686608e+02 +1.5079e+00 -1.0593e+00 -4.6803e-01 +3.1588e+00 +4.3750e+00
3 0 +6.317441173e+01 -9.368255883e+02 -9.368255883e+02 -2.0085e+00 -4.7651e+00 +1.4955e+00 +3.5355e+00 -1.9242e+00
4 0 +6.258575545e+01 -9.374142445e+02 -9.374142445e+02 -4.2403e+00 +4.3632e+00 -6.2616e-01 -3.3841e+00 +3.8698e+00
6 0 +8.249867289e+00 -9.917501327e+02 -9.917501327e+02 +1.6558e+00 +1.7620e-01 +1.5276e+00 -2.2656e+00 -2.0736e+00
114 0 +6.606800041e+00 -9.933932000e+02 -9.933932000e+02 +2.1137e+00 +5.8976e-01 +2.0228e+00 -6.5369e-02 -1.5035e+00
121 0 +5.773723768e+00 -9.942262762e+02 -9.942262762e+02 +6.6589e-01 +1.6620e+00 +4.1782e+00 +2.0810e+00 -1.3569e+00
206 0 +9.104250634e-01 -9.990895749e+02 -9.990895749e+02 +1.3898e+00 +1.0197e+00 +3.1005e+00 +9.6766e-01 -1.4302e+00
228 0 +4.735616629e-01 -9.995264383e+02 -9.995264383e+02 +1.8779e+00 +1.3616e+00 +2.5368e+00 +1.7725e+00 -8.3419e-01
418 0 +1.627932811e-01 -9.998372067e+02 -9.998372067e+02 +1.8160e+00 +1.3694e+00 +2.6534e+00 +1.7725e+00 -8.2893e-01
435 0 +1.359332770e-01 -9.998640667e+02 -9.998640667e+02 +1.1628e+00 +9.9727e-01 +2.7641e+00 +1.0712e+00 -1.3435e+00
480 0 +1.783837166e-02 -9.999821616e+02 -9.999821616e+02 +1.4997e+00 +4.7929e-01 +2.4021e+00 -3.9321e-01 -1.6727e+00
537 0 +1.451470300e-02 -9.999854853e+02 -9.999854853e+02 +1.4997e+00 +3.7078e-01 +2.4021e+00 -6.2160e-01 -1.6727e+00
615 0 +1.353027594e-02 -9.999864697e+02 -9.999864697e+02 +1.4898e+00 +9.6807e-01 +2.4516e+00 +8.1110e-01 -1.2210e+00
669 0 +1.130656776e-02 -9.999886934e+02 -9.999886934e+02 +1.7667e+00 +8.8564e-01 +2.4940e+00 +3.0765e-01 -1.3356e+00
725 0 +9.458098262e-04 -9.999990542e+02 -9.999990542e+02 +1.4796e+00 +6.0389e-01 +2.4386e+00 -6.3100e-02 -1.5211e+00
732 0 +7.914081283e-04 -9.999992086e+02 -9.999992086e+02 +1.4796e+00 +7.0031e-01 +2.4563e+00 +1.3755e-01 -1.4637e+00
944 0 +2.316755147e-04 -9.999997683e+02 -9.999997683e+02 +1.5382e+00 +7.3785e-01 +2.4752e+00 +1.6744e-01 -1.4235e+00
994 0 +2.244763863e-04 -9.999997755e+02 -9.999997755e+02 +1.4808e+00 +7.9682e-01 +2.4948e+00 +1.6564e-01 -1.4764e+00
1245 0 +1.886397405e-04 -9.999998114e+02 -9.999998114e+02 +1.5292e+00 +7.0484e-01 +2.4837e+00 +4.0461e-03 -1.4801e+00
1677 0 +1.555162089e-04 -9.999998445e+02 -9.999998445e+02 +1.5292e+00 +7.0484e-01 +2.4837e+00 +4.0461e-03 -1.4852e+00
1873 0 +1.011839838e-04 -9.999998988e+02 -9.999998988e+02 +1.4969e+00 +6.9827e-01 +2.4768e+00 -2.6345e-02 -1.5072e+00
1973 0 +2.910038563e-05 -9.999999709e+02 -9.999999709e+02 +1.4585e+00 +6.9827e-01 +2.4929e+00 +2.0725e-02 -1.5072e+00
2983 0 +2.876766916e-05 -9.999999712e+02 -9.999999712e+02 +1.3635e+00 +7.4600e-01 +2.5815e+00 -3.0718e-02 -1.6216e+00
3066 0 +2.275651639e-05 -9.999999772e+02 -9.999999772e+02 +1.4230e+00 +7.3974e-01 +2.5907e+00 +3.8187e-02 -1.5517e+00
3339 0 +6.781486718e-06 -9.999999932e+02 -9.999999932e+02 +1.4114e+00 +7.7958e-01 +2.6022e+00 +6.3001e-02 -1.5738e+00
3411 0 +6.557545930e-06 -9.999999934e+02 -9.999999934e+02 +1.3860e+00 +7.5536e-01 +2.5913e+00 +1.4925e-02 -1.5897e+00
4920 0 +4.509407518e-06 -9.999999955e+02 -9.999999955e+02 +1.3774e+00 +7.3483e-01 +2.5820e+00 -2.1955e-02 -1.6058e+00
4978 0 +3.098437105e-06 -9.999999969e+02 -9.999999969e+02 +1.3979e+00 +7.5281e-01 +2.6248e+00 -3.4430e-02 -1.6140e+00
% f evaluations | g evaluations | best noise-free fitness - Fopt (1.000000000000e+03) + sum g_i+ | measured fitness | best measured fitness or single-digit g-values | x1 | x2...
1 0 +7.908815945e+01 +1.079088159e+03 +1.079088159e+03 +3.2496e+00 -1.7090e+00 -3.1599e+00 -1.5417e-01 +3.7741e+00
2 0 +6.095379767e+01 +1.060953798e+03 +1.060953798e+03 -1.6228e+00 +4.0083e+00 +2.7602e+00 -2.1676e+00 -3.1726e+00
3 0 +4.874740723e+01 +1.048747407e+03 +1.048747407e+03 -8.4465e-01 -2.4781e+00 -4.1015e+00 -1.8464e+00 -2.6155e+00
38 0 +3.373476003e+01 +1.033734760e+03 +1.033734760e+03 -2.7220e+00 -2.0242e+00 -3.0370e+00 +1.7405e+00 -1.4660e+00
106 0 +2.764894469e+01 +1.027648945e+03 +1.027648945e+03 +2.8948e+00 +2.1034e+00 +2.5028e+00 -2.2155e-01 +1.7166e+00
213 0 +2.636519588e+01 +1.026365196e+03 +1.026365196e+03 -1.8098e+00 +1.3008e+00 +3.4585e+00 +7.7887e-01 -4.1050e+00
249 0 +7.919087464e+00 +1.007919087e+03 +1.007919087e+03 -3.3852e+00 +7.1787e-01 -1.0202e+00 -1.7256e+00 -3.2867e+00
405 0 +7.549544439e+00 +1.007549544e+03 +1.007549544e+03 -3.5278e+00 +7.1787e-01 -9.4236e-01 -1.7648e+00 -3.3022e+00
440 0 +7.049337703e+00 +1.007049338e+03 +1.007049338e+03 -3.5497e+00 +7.1787e-01 -9.6849e-01 -1.7118e+00 -3.2006e+00
610 0 +6.587085576e+00 +1.006587086e+03 +1.006587086e+03 -3.2591e+00 +8.4371e-01 -6.9504e-01 -1.7709e+00 -2.9344e+00
628 0 +4.665801492e+00 +1.004665801e+03 +1.004665801e+03 -2.8981e+00 +5.5539e-01 -2.3151e-01 -2.1724e+00 -2.5479e+00
679 0 +4.444029059e+00 +1.004444029e+03 +1.004444029e+03 -2.9755e+00 +5.5539e-01 -1.8459e-01 -2.1506e+00 -2.6370e+00
711 0 +4.244108699e+00 +1.004244109e+03 +1.004244109e+03 -3.2004e+00 +4.1551e-01 -6.9170e-01 -2.0653e+00 -2.9137e+00
793 0 +3.339073253e+00 +1.003339073e+03 +1.003339073e+03 -3.4024e+00 +5.8204e-01 -6.2369e-01 -1.9461e+00 -2.8836e+00
879 0 +3.109968031e+00 +1.003109968e+03 +1.003109968e+03 -3.1890e+00 +5.5273e-01 -4.0414e-01 -2.0483e+00 -2.7603e+00
893 0 +2.880686035e+00 +1.002880686e+03 +1.002880686e+03 -3.3024e+00 +6.0462e-01 -5.8094e-01 -2.1759e+00 -2.8107e+00
946 0 +2.792008153e+00 +1.002792008e+03 +1.002792008e+03 -3.3395e+00 +4.7946e-01 -4.6707e-01 -1.8689e+00 -2.6771e+00
973 0 +2.695928977e+00 +1.002695929e+03 +1.002695929e+03 -3.2559e+00 +5.5066e-01 -4.5180e-01 -2.0750e+00 -2.7603e+00
999 0 +2.608380036e+00 +1.002608380e+03 +1.002608380e+03 -3.3977e+00 +6.1820e-01 -5.4295e-01 -2.0798e+00 -2.7833e+00
1021 0 +2.375370736e+00 +1.002375371e+03 +1.002375371e+03 -3.2559e+00 +5.5066e-01 -2.3968e-01 -2.1975e+00 -2.7603e+00
1151 0 +2.233337637e+00 +1.002233338e+03 +1.002233338e+03 -3.3660e+00 +4.9981e-01 -4.5180e-01 -2.1603e+00 -2.6651e+00
1210 0 +2.042731598e+00 +1.002042732e+03 +1.002042732e+03 -3.4206e+00 +5.4860e-01 -2.3968e-01 -2.1975e+00 -2.6665e+00
1404 0 +1.974637050e+00 +1.001974637e+03 +1.001974637e+03 -3.4334e+00 +3.7374e-01 -1.7878e-01 -2.3529e+00 -2.5749e+00
1613 0 +1.935200657e+00 +1.001935201e+03 +1.001935201e+03 -3.3885e+00 +3.5388e-01 -9.9294e-02 -2.3637e+00 -2.5767e+00
1711 0 +1.886482176e+00 +1.001886482e+03 +1.001886482e+03 -3.3664e+00 +3.5388e-01 +8.7379e-03 -2.3637e+00 -2.5116e+00
1922 0 +1.746969593e+00 +1.001746970e+03 +1.001746970e+03 -3.4635e+00 +3.8303e-01 +3.1900e-02 -2.4403e+00 -2.5648e+00
2003 0 +1.560112686e+00 +1.001560113e+03 +1.001560113e+03 -3.4964e+00 +4.6896e-01 +7.3148e-02 -2.5386e+00 -2.4789e+00
2177 0 +1.497131242e+00 +1.001497131e+03 +1.001497131e+03 -3.4943e+00 +2.2875e-01 +2.4312e-01 -2.5056e+00 -2.4734e+00
2254 0 +1.395812231e+00 +1.001395812e+03 +1.001395812e+03 -3.4403e+00 +2.1705e-01 +3.6771e-01 -2.6251e+00 -2.4734e+00
2280 0 +1.292684508e+00 +1.001292685e+03 +1.001292685e+03 -3.5518e+00 +3.5331e-01 +2.3827e-01 -2.6251e+00 -2.4734e+00
2432 0 +1.061358093e+00 +1.001061358e+03 +1.001061358e+03 -3.4673e+00 +4.3405e-01 +3.2114e-01 -2.7901e+00 -2.3916e+00
2482 0 +1.019559610e+00 +1.001019560e+03 +1.001019560e+03 -3.4857e+00 +4.3405e-01 +3.3046e-01 -2.8750e+00 -2.3916e+00
2656 0 +9.915454246e-01 +1.000991545e+03 +1.000991545e+03 -3.4857e+00 +4.3405e-01 +4.5912e-01 -2.8292e+00 -2.3916e+00
2903 0 +8.365836550e-01 +1.000836584e+03 +1.000836584e+03 -3.5884e+00 +6.5803e-01 +4.0480e-01 -2.9867e+00 -2.4113e+00
3191 0 +8.087962706e-01 +1.000808796e+03 +1.000808796e+03 -3.5723e+00 +7.0922e-01 +4.7213e-01 -3.1799e+00 -2.2550e+00
3383 0 +7.854140870e-01 +1.000785414e+03 +1.000785414e+03 -3.5829e+00 +7.5953e-01 +4.8478e-01 -3.0521e+00 -2.3107e+00
3614 0 +7.582885862e-01 +1.000758289e+03 +1.000758289e+03 -3.5658e+00 +6.1963e-01 +5.3800e-01 -3.0720e+00 -2.2819e+00
3774 0 +7.362072589e-01 +1.000736207e+03 +1.000736207e+03 -3.6284e+00 +7.8145e-01 +5.4789e-01 -3.1967e+00 -2.2609e+00
3870 0 +7.201199236e-01 +1.000720120e+03 +1.000720120e+03 -3.6224e+00 +7.1651e-01 +5.9539e-01 -3.2008e+00 -2.2609e+00
4300 0 +6.978427898e-01 +1.000697843e+03 +1.000697843e+03 -3.5652e+00 +7.9901e-01 +6.4871e-01 -3.3212e+00 -2.2359e+00
% f evaluations | g evaluations | best noise-free fitness - Fopt (-4.913000000000e+01) + sum g_i+ | measured fitness | best measured fitness or single-digit g-values | x1 | x2...
1 0 +7.599777723e+01 +2.686777723e+01 +2.686777723e+01 -4.8924e+00 -1.0607e-01 -4.6193e+00 -2.4748e+00 -1.3414e+00
2 0 +7.382679495e+01 +2.469679495e+01 +2.469679495e+01 -3.0643e+00 +4.9465e+00 +3.2953e+00 -2.5646e+00 +1.7824e+00
11 0 +6.365959823e+01 +1.452959823e+01 +1.452959823e+01 +2.7598e+00 -3.1495e+00 +8.1265e-01 -1.6038e+00 +2.6669e+00
12 0 +5.492954886e+01 +5.799548855e+00 +5.799548855e+00 -4.2749e+00 +2.2438e-01 +3.3327e+00 +5.4502e-01 +2.7840e+00
22 0 +3.496185858e+01 -1.416814142e+01 -1.416814142e+01 +4.2496e+00 -2.9828e+00 +1.3698e+00 +3.8616e-01 +1.2539e+00
68 0 +2.205963082e+01 -2.707036918e+01 -2.707036918e+01 -1.4296e+00 +1.7048e-01 +1.2885e+00 +1.8655e+00 -1.4825e-01
172 0 +1.067875701e+01 -3.845124299e+01 -3.845124299e+01 +1.3960e+00 -2.2159e+00 +1.7872e+00 +9.1441e-01 +4.1634e-01
227 0 +5.893644106e+00 -4.323635589e+01 -4.323635589e+01 +1.3960e+00 -2.2159e+00 +1.6992e+00 +9.1441e-01 +5.6735e-01
261 0 +2.921692159e+00 -4.620830784e+01 -4.620830784e+01 +1.3960e+00 -2.2159e+00 +1.7409e+00 +9.5338e-01 +6.1582e-01
325 0 +2.153671578e+00 -4.697632842e+01 -4.697632842e+01 +1.3599e+00 -2.2159e+00 +1.7726e+00 +8.2271e-01 +6.1582e-01
405 0 +2.102620119e+00 -4.702737988e+01 -4.702737988e+01 +1.3675e+00 -2.2159e+00 +1.8057e+00 +8.2271e-01 +6.1582e-01
604 0 +2.010946144e+00 -4.711905386e+01 -4.711905386e+01 +1.3265e+00 -2.2159e+00 +1.8788e+00 +8.2271e-01 +6.1582e-01
632 0 +1.777179091e+00 -4.735282091e+01 -4.735282091e+01 +1.3675e+00 -2.2159e+00 +1.8671e+00 +8.2271e-01 +7.9107e-01
696 0 +1.637963361e+00 -4.749203664e+01 -4.749203664e+01 +1.6361e+00 -9.2490e-01 +2.0063e+00 +5.7878e-01 +5.8930e-01
736 0 +1.508545345e+00 -4.762145465e+01 -4.762145465e+01 +1.4452e+00 -1.6933e+00 +1.9106e+00 +8.3777e-01 +6.5522e-01
797 0 +1.453648917e+00 -4.767635108e+01 -4.767635108e+01 +1.4549e+00 -1.9803e+00 +1.6367e+00 +5.7438e-01 +7.8660e-01
798 0 +1.383447198e+00 -4.774655280e+01 -4.774655280e+01 +1.5129e+00 -1.2481e+00 +1.9363e+00 +6.7297e-01 +6.5861e-01
799 0 +1.234602639e+00 -4.789539736e+01 -4.789539736e+01 +1.4685e+00 -1.9226e+00 +1.8889e+00 +8.1764e-01 +7.1969e-01
867 0 +9.263262838e-01 -4.820367372e+01 -4.820367372e+01 +1.5444e+00 -1.6078e+00 +1.8663e+00 +6.6544e-01 +7.6964e-01
1000 0 +8.756599050e-01 -4.825434009e+01 -4.825434009e+01 +1.5788e+00 -1.7460e+00 +1.9584e+00 +7.2786e-01 +7.5326e-01
1008 0 +7.599155720e-01 -4.837008443e+01 -4.837008443e+01 +1.6214e+00 -1.5879e+00 +2.0174e+00 +7.3027e-01 +7.6964e-01
1288 0 +6.698286177e-01 -4.846017138e+01 -4.846017138e+01 +1.6456e+00 -1.6521e+00 +1.9433e+00 +7.1865e-01 +7.8438e-01
1294 0 +5.975358932e-01 -4.853246411e+01 -4.853246411e+01 +1.7039e+00 -1.4630e+00 +1.9801e+00 +7.5755e-01 +8.3180e-01
1391 0 +5.234744227e-01 -4.860652558e+01 -4.860652558e+01 +1.7845e+00 -1.4394e+00 +2.0004e+00 +7.5755e-01 +8.3180e-01
1499 0 +5.079601747e-01 -4.862203983e+01 -4.862203983e+01 +1.8239e+00 -1.3651e+00 +2.0152e+00 +6.8330e-01 +8.3180e-01
1847 0 +4.975245202e-01 -4.863247548e+01 -4.863247548e+01 +2.0597e+00 -1.5740e+00 +1.9343e+00 +6.2064e-01 +1.0137e+00
2079 0 +4.742146445e-01 -4.865578536e+01 -4.865578536e+01 +2.0230e+00 -1.2329e+00 +2.0409e+00 +4.9249e-01 +9.0652e-01
2333 0 +4.629472981e-01 -4.866705270e+01 -4.866705270e+01 +2.1320e+00 -1.2991e+00 +2.0276e+00 +6.4391e-01 +9.9759e-01
2453 0 +4.500113643e-01 -4.867998864e+01 -4.867998864e+01 +2.1071e+00 -1.2221e+00 +2.1656e+00 +7.1136e-01 +9.0820e-01
2588 0 +4.156478644e-01 -4.871435214e+01 -4.871435214e+01 +2.2672e+00 -1.1650e+00 +2.0471e+00 +5.5574e-01 +1.0454e+00
2883 0 +4.062214155e-01 -4.872377858e+01 -4.872377858e+01 +2.1478e+00 -1.1747e+00 +2.0664e+00 +5.7172e-01 +9.8312e-01
2899 0 +3.531111222e-01 -4.877688888e+01 -4.877688888e+01 +2.2015e+00 -9.5145e-01 +2.1081e+00 +5.8843e-01 +9.9009e-01
3112 0 +3.362443601e-01 -4.879375564e+01 -4.879375564e+01 +2.2379e+00 -8.8960e-01 +2.1388e+00 +5.8921e-01 +1.0059e+00
3234 0 +2.649960293e-01 -4.886500397e+01 -4.886500397e+01 +2.4006e+00 -8.0545e-01 +2.1081e+00 +4.6592e-01 +1.0566e+00
3302 0 +2.341722906e-01 -4.889582771e+01 -4.889582771e+01 +2.4006e+00 -7.6634e-01 +2.1403e+00 +4.7743e-01 +1.0566e+00
3580 0 +2.241799895e-01 -4.890582001e+01 -4.890582001e+01 +2.4032e+00 -7.8920e-01 +2.2473e+00 +4.9921e-01 +1.0363e+00
3638 0 +2.233811939e-01 -4.890661881e+01 -4.890661881e+01 +2.4190e+00 -8.2395e-01 +2.2289e+00 +5.2788e-01 +1.0358e+00
3902 0 +1.793033267e-01 -4.895069667e+01 -4.895069667e+01 +2.3789e+00 -5.9081e-01 +2.1869e+00 +3.4445e-01 +9.6278e-01
4119 0 +1.596752025e-01 -4.897032480e+01 -4.897032480e+01 +2.3789e+00 -3.8430e-01 +2.2696e+00 +3.4445e-01 +9.6278e-01
4220 0 +1.439558379e-01 -4.898604416e+01 -4.898604416e+01 +2.4609e+00 -2.7861e-01 +2.2263e+00 +3.4445e-01 +9.6278e-01
4490 0 +1.267636390e-01 -4.900323636e+01 -4.900323636e+01 +2.5267e+00 -2.7861e-01 +2.3220e+00 +3.4445e-01 +9.6278e-01
4684 0 +1.157401604e-01 -4.901425984e+01 -4.901425984e+01 +2.5267e+00 -1.2195e-01 +2.3220e+00 +2.6055e-01 +9.6278e-01
% f evaluations | g evaluations | best noise-free fitness - Fopt (2.977300000000e+02) + sum g_i+ | measured fitness | best measured fitness or single-digit g-values | x1 | x2...
1 0 +8.400984728e+01 +3.817398473e+02 +3.817398473e+02 +3.4196e+00 -1.3988e-02 +3.0179e+00 -1.7593e+00 +4.4241e+00
2 0 +7.586173869e+01 +3.735917387e+02 +3.735917387e+02 -5.1701e-01 +5.6014e-01 -2.5670e+00 +1.6352e+00 +3.5042e-01
4 0 +5.586356155e+01 +3.535935615e+02 +3.535935615e+02 -3.6500e+00 -3.1958e+00 +1.8909e+00 +3.8513e+00 -1.6185e+00
6 0 +3.329956425e+01 +3.310295642e+02 +3.310295642e+02 -4.0226e+00 +2.3943e+00 +1.9414e-01 +1.1377e-01 -2.1517e+00
86 0 +1.372843587e+01 +3.114584359e+02 +3.114584359e+02 -3.9566e-03 +1.7897e+00 +3.5634e+00 -2.6279e+00 -1.0805e-01
138 0 +1.239831206e+01 +3.101283121e+02 +3.101283121e+02 -3.9566e-03 +1.8242e+00 +3.7199e+00 -2.6973e+00 -1.0805e-01
232 0 +1.131950075e+01 +3.090495007e+02 +3.090495007e+02 +1.5782e-01 +1.8242e+00 +3.7199e+00 -2.6973e+00 -1.2629e-01
267 0 +6.983874336e+00 +3.047138743e+02 +3.047138743e+02 +1.1222e+00 +2.8952e+00 +3.5883e+00 -3.4800e+00 +1.5588e+00
331 0 +6.096103400e+00 +3.038261034e+02 +3.038261034e+02 +5.1185e-01 +2.3437e+00 +3.5536e+00 -2.8974e+00 +8.2002e-01
371 0 +3.781705694e+00 +3.015117057e+02 +3.015117057e+02 +6.1067e-01 +2.4120e+00 +3.7089e+00 -3.0517e+00 +7.1796e-01
420 0 +2.331322362e+00 +3.000613224e+02 +3.000613224e+02 +8.3058e-01 +2.8843e+00 +3.3990e+00 -2.5901e+00 +3.7455e-01
605 0 +2.031674662e+00 +2.997616747e+02 +2.997616747e+02 +8.0346e-01 +2.8212e+00 +3.5458e+00 -3.0871e+00 +7.7449e-01
830 0 +1.938524104e+00 +2.996685241e+02 +2.996685241e+02 +7.1793e-01 +2.8843e+00 +3.5133e+00 -3.0077e+00 +4.4244e-01
934 0 +1.866536165e+00 +2.995965362e+02 +2.995965362e+02 +7.6516e-01 +2.9944e+00 +3.6612e+00 -3.0511e+00 +7.4329e-01
1010 0 +1.838042340e+00 +2.995680423e+02 +2.995680423e+02 +9.7696e-01 +3.0030e+00 +3.4853e+00 -2.9836e+00 +6.7267e-01
1013 0 +1.753458727e+00 +2.994834587e+02 +2.994834587e+02 +1.0852e+00 +3.2826e+00 +3.4367e+00 -2.8905e+00 +7.3372e-01
1014 0 +1.715222906e+00 +2.994452229e+02 +2.994452229e+02 +8.8029e-01 +3.0299e+00 +3.4858e+00 -2.9415e+00 +4.8790e-01
1096 0 +1.553801629e+00 +2.992838016e+02 +2.992838016e+02 +1.0852e+00 +3.2998e+00 +3.4367e+00 -2.9968e+00 +7.3372e-01
1100 0 +1.529023631e+00 +2.992590236e+02 +2.992590236e+02 +8.6018e-01 +3.1469e+00 +3.6083e+00 -3.1916e+00 +7.6321e-01
1150 0 +1.490323215e+00 +2.992203232e+02 +2.992203232e+02 +9.7220e-01 +3.0246e+00 +3.7983e+00 -2.9925e+00 +6.0088e-01
1211 0 +1.421886930e+00 +2.991518869e+02 +2.991518869e+02 +9.9852e-01 +3.1465e+00 +3.4430e+00 -3.0656e+00 +5.9273e-01
1266 0 +1.342148510e+00 +2.990721485e+02 +2.990721485e+02 +8.7403e-01 +3.0728e+00 +3.6474e+00 -3.1181e+00 +6.2039e-01
1277 0 +1.139788056e+00 +2.988697881e+02 +2.988697881e+02 +9.7366e-01 +3.1830e+00 +3.5390e+00 -3.0597e+00 +5.6000e-01
1327 0 +1.001471901e+00 +2.987314719e+02 +2.987314719e+02 +1.0799e+00 +3.2493e+00 +3.6650e+00 -2.9934e+00 +5.6000e-01
1473 0 +9.071054262e-01 +2.986371054e+02 +2.986371054e+02 +9.8989e-01 +3.2736e+00 +3.7081e+00 -3.0229e+00 +5.2563e-01
1502 0 +8.157255363e-01 +2.985457255e+02 +2.985457255e+02 +1.1513e+00 +3.4061e+00 +3.6114e+00 -3.1254e+00 +5.7055e-01
1587 0 +7.789856001e-01 +2.985089856e+02 +2.985089856e+02 +9.9577e-01 +3.2653e+00 +3.6867e+00 -3.2006e+00 +5.1818e-01
1631 0 +7.311536124e-01 +2.984611536e+02 +2.984611536e+02 +1.0076e+00 +3.3267e+00 +3.7581e+00 -3.1683e+00 +4.9444e-01
1807 0 +7.197998489e-01 +2.984497998e+02 +2.984497998e+02 +1.1858e+00 +3.3432e+00 +3.7007e+00 -3.2134e+00 +4.7831e-01
1933 0 +6.966132450e-01 +2.984266132e+02 +2.984266132e+02 +1.1310e+00 +3.3627e+00 +3.7266e+00 -3.2142e+00 +4.5065e-01
% f evaluations | g evaluations | best noise-free fitness - Fopt (5.157000000000e+01) + sum g_i+ | measured fitness | best measured fitness or single-digit g-values | x1 | x2...
1 0 +8.320023525e+01 +1.347702353e+02 +1.347702353e+02 +4.3302e+00 +2.6943e+00 +1.3480e-01 +3.0919e+00 -1.3495e+00
2 0 +6.094948454e+01 +1.125194845e+02 +1.125194845e+02 +4.0184e+00 +1.9649e+00 -3.2984e+00 +1.7707e+00 -4.4529e-01
20 0 +1.335241781e+01 +6.492241781e+01 +6.492241781e+01 -1.3803e+00 -2.6095e+00 -5.5863e-01 -2.6894e+00 -7.8930e-01
78 0 +9.049333795e+00 +6.061933379e+01 +6.061933379e+01 -1.6033e+00 -3.4528e+00 -7.2865e-01 -2.3006e+00 +9.1435e-01
114 0 +8.505696493e+00 +6.007569649e+01 +6.007569649e+01 -1.6811e+00 -3.4528e+00 -7.2865e-01 -2.3006e+00 +7.9986e-01
279 0 +8.240638190e+00 +5.981063819e+01 +5.981063819e+01 -1.6811e+00 -3.3735e+00 -7.9092e-01 -2.3006e+00 +8.4051e-01
302 0 +7.597635392e+00 +5.916763539e+01 +5.916763539e+01 -1.6811e+00 -3.3581e+00 -6.5164e-01 -2.4101e+00 +7.9986e-01
310 0 +6.734305963e+00 +5.830430596e+01 +5.830430596e+01 -1.6814e+00 -2.8555e+00 -5.4935e-01 -2.5689e+00 +7.6425e-02
398 0 +5.858667799e+00 +5.742866780e+01 +5.742866780e+01 -1.6927e+00 -3.1145e+00 -6.7013e-01 -2.5574e+00 +4.5847e-01
436 0 +5.719214933e+00 +5.728921493e+01 +5.728921493e+01 -1.5965e+00 -2.8057e+00 -4.8502e-01 -2.6357e+00 +4.9476e-01
441 0 +4.041646292e+00 +5.561164629e+01 +5.561164629e+01 -2.4538e+00 -2.6700e+00 -8.2818e-01 -2.4347e+00 +4.6116e-01
563 0 +3.101679055e+00 +5.467167906e+01 +5.467167906e+01 -1.9030e+00 -2.5585e+00 -7.7276e-01 -2.6759e+00 +9.3803e-01
649 0 +2.584247305e+00 +5.415424731e+01 +5.415424731e+01 -2.2247e+00 -2.5322e+00 -7.6158e-01 -2.7392e+00 +4.5891e-01
728 0 +2.352547690e+00 +5.392254769e+01 +5.392254769e+01 -2.1342e+00 -2.5585e+00 -7.8200e-01 -2.6759e+00 +1.0280e+00
755 0 +2.276055735e+00 +5.384605574e+01 +5.384605574e+01 -1.9030e+00 -2.5873e+00 -7.7276e-01 -2.8266e+00 +9.3803e-01
818 0 +2.061188228e+00 +5.363118823e+01 +5.363118823e+01 -2.1678e+00 -2.6973e+00 -5.7538e-01 -2.8553e+00 +3.3194e-01
953 0 +2.040775001e+00 +5.361077500e+01 +5.361077500e+01 -1.9926e+00 -2.6503e+00 -5.5242e-01 -2.9072e+00 +5.4922e-01
958 0 +1.991712530e+00 +5.356171253e+01 +5.356171253e+01 -2.1930e+00 -2.8144e+00 -5.8709e-01 -2.8283e+00 +5.1401e-01
1026 0 +1.941212651e+00 +5.351121265e+01 +5.351121265e+01 -2.3620e+00 -2.7090e+00 -5.8917e-01 -2.8092e+00 +6.2993e-01
1091 0 +1.760226805e+00 +5.333022680e+01 +5.333022680e+01 -2.2461e+00 -2.7145e+00 -5.8813e-01 -2.9463e+00 +6.4934e-01
1221 0 +1.596028081e+00 +5.316602808e+01 +5.316602808e+01 -2.4568e+00 -2.8606e+00 -6.6099e-01 -2.9338e+00 +6.2993e-01
1290 0 +1.425738520e+00 +5.299573852e+01 +5.299573852e+01 -2.3225e+00 -2.7274e+00 -5.2505e-01 -2.9991e+00 +6.6413e-01
1410 0 +1.231298397e+00 +5.280129840e+01 +5.280129840e+01 -2.4475e+00 -2.7544e+00 -4.7566e-01 -3.0627e+00 +5.3815e-01
1429 0 +1.125033197e+00 +5.269503320e+01 +5.269503320e+01 -2.4356e+00 -2.9017e+00 -5.2955e-01 -3.1699e+00 +5.3120e-01
1545 0 +1.031283723e+00 +5.260128372e+01 +5.260128372e+01 -2.3750e+00 -2.8082e+00 -3.6802e-01 -3.0955e+00 +7.0124e-01
1586 0 +9.681620231e-01 +5.253816202e+01 +5.253816202e+01 -2.5104e+00 -2.8763e+00 -4.1001e-01 -3.1510e+00 +5.4963e-01
1711 0 +8.288906601e-01 +5.239889066e+01 +5.239889066e+01 -2.4325e+00 -2.8385e+00 -4.7044e-01 -3.1686e+00 +7.5818e-01
1805 0 +7.330894023e-01 +5.230308940e+01 +5.230308940e+01 -2.5076e+00 -2.8145e+00 -4.4131e-01 -3.2343e+00 +8.6149e-01
2092 0 +7.242317179e-01 +5.229423172e+01 +5.229423172e+01 -2.5381e+00 -2.8026e+00 -4.0707e-01 -3.3399e+00 +8.5210e-01
2198 0 +7.049664835e-01 +5.227496648e+01 +5.227496648e+01 -2.5396e+00 -2.7536e+00 -3.8218e-01 -3.3191e+00 +9.0035e-01
% f evaluations | g evaluations | best noise-free fitness - Fopt (-1.044000000000e+01) + sum g_i+ | measured fitness | best measured fitness or single-digit g-values | x1 | x2...
1 0 +6.978417987e+01 +5.934417987e+01 +5.934417987e+01 -3.1786e+00 -4.2460e+00 +1.3934e+00 +1.2313e+00 -1.2506e+00
9 0 +6.252593866e+01 +5.208593866e+01 +5.208593866e+01 -3.2432e+00 -4.7578e+00 -4.8663e-01 -4.5352e+00 -3.8617e+00
25 0 +3.507335735e+01 +2.463335735e+01 +2.463335735e+01 +1.6153e+00 +1.3504e+00 -1.0137e+00 +1.7263e+00 -8.9718e-02
80 0 +2.703886826e+01 +1.659886826e+01 +1.659886826e+01 -4.6584e+00 +4.2088e+00 -1.0590e+00 +1.9376e+00 +2.2162e+00
116 0 +2.523006905e+01 +1.479006905e+01 +1.479006905e+01 -4.6584e+00 +4.0841e+00 -1.1688e+00 +1.9376e+00 +2.2162e+00
123 0 +2.491430590e+01 +1.447430590e+01 +1.447430590e+01 -4.7325e+00 +4.1593e+00 -1.0590e+00 +1.9003e+00 +2.1881e+00
219 0 +2.167895294e+01 +1.123895294e+01 +1.123895294e+01 -7.0620e-01 +1.5216e+00 -8.7850e-01 +1.5598e+00 -2.0294e+00
224 0 +1.197859322e+01 +1.538593216e+00 +1.538593216e+00 -2.9053e+00 +8.1818e-01 +1.4045e+00 +2.5675e+00 -4.2524e+00
318 0 +1.107022458e+01 +6.302245800e-01 +6.302245800e-01 -1.3064e-01 +2.3936e+00 -1.3528e+00 +2.1260e+00 -3.9992e-01
334 0 +9.308296632e+00 -1.131703368e+00 -1.131703368e+00 -1.5363e+00 +6.5912e-01 +1.8521e+00 +2.6558e+00 -3.2910e+00
423 0 +8.824262882e+00 -1.615737118e+00 -1.615737118e+00 -3.0007e+00 -2.0979e-01 +1.9063e+00 +1.6712e+00 -3.1657e+00
436 0 +3.250780769e+00 -7.189219231e+00 -7.189219231e+00 -8.7501e-01 +2.3905e+00 -4.6166e-01 +1.7734e+00 -1.9487e+00
670 0 +3.204961774e+00 -7.235038226e+00 -7.235038226e+00 -8.7501e-01 +2.2890e+00 -5.6152e-01 +1.7734e+00 -1.9487e+00
712 0 +2.104843933e+00 -8.335156067e+00 -8.335156067e+00 -7.4809e-01 +1.7583e+00 -8.9138e-01 +2.1434e+00 -1.7637e+00
726 0 +1.752695224e+00 -8.687304776e+00 -8.687304776e+00 -6.6965e-01 +2.0271e+00 -8.3793e-01 +2.1789e+00 -1.4051e+00
750 0 +1.156444151e+00 -9.283555849e+00 -9.283555849e+00 -3.3376e-01 +1.9777e+00 -7.1401e-01 +2.2110e+00 -1.1278e+00
855 0 +1.087639975e+00 -9.352360025e+00 -9.352360025e+00 -1.3023e-01 +1.9407e+00 -6.8875e-01 +2.2981e+00 -8.6114e-01
1111 0 +1.006549305e+00 -9.433450695e+00 -9.433450695e+00 -2.1758e-01 +1.8950e+00 -6.8997e-01 +2.2534e+00 -1.0366e+00
1237 0 +9.424548613e-01 -9.497545139e+00 -9.497545139e+00 -2.4353e-01 +2.0020e+00 -5.9014e-01 +2.2332e+00 -1.0645e+00
1299 0 +8.490741490e-01 -9.590925851e+00 -9.590925851e+00 -1.5839e-01 +2.1535e+00 -4.0332e-01 +2.1077e+00 -1.0672e+00
1394 0 +8.232546795e-01 -9.616745321e+00 -9.616745321e+00 -1.8895e-01 +1.9971e+00 -6.2221e-01 +2.1204e+00 -1.0306e+00
1573 0 +8.113870844e-01 -9.628612916e+00 -9.628612916e+00 -1.7367e-01 +2.0753e+00 -4.7800e-01 +2.1141e+00 -1.0489e+00
1758 0 +7.857558738e-01 -9.654244126e+00 -9.654244126e+00 -1.5868e-01 +1.9942e+00 -5.5406e-01 +2.1440e+00 -1.0445e+00
1770 0 +7.756461956e-01 -9.664353804e+00 -9.664353804e+00 -1.0647e-01 +2.0494e+00 -5.4233e-01 +2.0760e+00 -1.0147e+00
1903 0 +7.542932132e-01 -9.685706787e+00 -9.685706787e+00 -1.6741e-01 +2.0818e+00 -5.6762e-01 +2.1162e+00 -1.0015e+00
1938 0 +7.374390256e-01 -9.702560974e+00 -9.702560974e+00 -7.7989e-02 +2.0020e+00 -4.7711e-01 +2.2314e+00 -1.0147e+00
2009 0 +7.182555327e-01 -9.721744467e+00 -9.721744467e+00 -9.1210e-02 +2.1305e+00 -4.8718e-01 +2.1613e+00 -9.0619e-01
2085 0 +6.397877498e-01 -9.800212250e+00 -9.800212250e+00 -2.1675e-02 +1.9646e+00 -5.6703e-01 +2.1894e+00 -8.3210e-01
2388 0 +6.176885146e-01 -9.822311485e+00 -9.822311485e+00 -3.5266e-02 +2.0590e+00 -5.8205e-01 +2.0870e+00 -7.9995e-01
2529 0 +5.877084857e-01 -9.852291514e+00 -9.852291514e+00 +4.4553e-02 +2.0399e+00 -5.6958e-01 +2.0859e+00 -7.9995e-01
2598 0 +5.634145778e-01 -9.876585422e+00 -9.876585422e+00 +1.2337e-01 +1.9393e+00 -4.1851e-01 +2.2382e+00 -8.6669e-01
2971 0 +5.596112934e-01 -9.880388707e+00 -9.880388707e+00 +1.3939e-01 +1.9015e+00 -3.8009e-01 +2.2382e+00 -8.6669e-01
3116 0 +5.346933809e-01 -9.905306619e+00 -9.905306619e+00 +1.2870e-01 +2.1776e+00 -6.3849e-01 +1.9867e+00 -5.4667e-01
3589 0 +5.181409781e-01 -9.921859022e+00 -9.921859022e+00 +1.8231e-01 +2.1776e+00 -5.5795e-01 +2.0090e+00 -5.4667e-01
3935 0 +5.123920950e-01 -9.927607905e+00 -9.927607905e+00 +2.5294e-01 +2.1629e+00 -4.3549e-01 +2.0189e+00 -5.9435e-01
4337 0 +4.989516731e-01 -9.941048327e+00 -9.941048327e+00 +3.2712e-01 +2.1005e+00 -4.5006e-01 +2.0972e+00 -4.1455e-01
% f evaluations | g evaluations | best noise-free fitness - Fopt (-1.039200000000e+02) + sum g_i+ | measured fitness | best measured fitness or single-digit g-values | x1 | x2...
1 0 +8.605019667e+01 -1.786980333e+01 -1.786980333e+01 -3.4545e+00 -1.9217e+00 +3.9519e+00 -4.8660e+00 +2.4810e+00
2 0 +8.545272116e+01 -1.846727884e+01 -1.846727884e+01 -4.7541e+00 -4.6392e+00 -3.8373e+00 +2.9168e+00 -4.3920e+00
3 0 +4.963400675e+01 -5.428599325e+01 -5.428599325e+01 -3.1223e+00 -7.2637e-01 -2.9008e+00 +2.9819e+00 +5.5359e-01
9 0 +3.136400808e+01 -7.255599192e+01 -7.255599192e+01 -3.2899e+00 +2.1866e+00 -1.3362e+00 -1.6665e+00 -3.0003e+00
22 0 +2.418495443e+01 -7.973504557e+01 -7.973504557e+01 +2.8022e+00 +1.2667e+00 +7.9478e-01 +2.8838e-01 +1.7782e+00
117 0 +2.044826852e+01 -8.347173148e+01 -8.347173148e+01 -2.4169e+00 -3.7343e+00 +7.9173e-01 -2.7339e-01 +3.3996e-01
122 0 +1.920104900e+01 -8.471895100e+01 -8.471895100e+01 +2.4617e-01 +1.2585e-01 -1.3019e+00 -8.8696e-01 -7.1616e-01
234 0 +1.676785082e+01 -8.715214918e+01 -8.715214918e+01 +2.4617e-01 +1.2585e-01 -1.2929e+00 -6.9750e-01 -7.1616e-01
309 0 +1.615827888e+01 -8.776172112e+01 -8.776172112e+01 +2.4617e-01 +1.0809e-01 -1.2240e+00 -6.9750e-01 -7.1616e-01
403 0 +1.265033107e+01 -9.126966893e+01 -9.126966893e+01 +2.4617e-01 +1.2585e-01 -1.4033e+00 -6.8357e-01 -8.4113e-01
413 0 +1.255650481e+01 -9.136349519e+01 -9.136349519e+01 +2.4617e-01 +1.0809e-01 -1.3139e+00 -6.9189e-01 -8.1922e-01
431 0 +8.187035572e+00 -9.573296443e+01 -9.573296443e+01 -7.8057e-01 -3.2436e-01 -1.5582e+00 -7.5071e-01 -8.0917e-01
474 0 +5.833057015e+00 -9.808694299e+01 -9.808694299e+01 -2.0835e+00 +8.9451e-01 -1.5926e+00 -3.2945e-01 -1.1479e+00
505 0 +3.374913512e+00 -1.005450865e+02 -1.005450865e+02 -9.1866e-01 +5.2459e-01 -1.4083e+00 -4.1183e-01 -9.0422e-01
533 0 +2.643418046e+00 -1.012765820e+02 -1.012765820e+02 -8.5117e-01 +5.4676e-01 -1.4979e+00 -4.5509e-01 -9.9453e-01
678 0 +2.298569089e+00 -1.016214309e+02 -1.016214309e+02 -1.4436e+00 +9.7287e-01 -1.4763e+00 -2.8139e-01 -1.0442e+00
713 0 +2.183377135e+00 -1.017366229e+02 -1.017366229e+02 -1.3346e+00 +3.6809e-01 -1.4284e+00 -2.6286e-01 -1.0068e+00
771 0 +2.120721237e+00 -1.017992788e+02 -1.017992788e+02 -1.4915e+00 +8.5717e-01 -1.5412e+00 -2.9620e-01 -1.0125e+00
859 0 +2.089172211e+00 -1.018308278e+02 -1.018308278e+02 -8.8883e-01 +5.3733e-01 -1.4978e+00 -3.1419e-01 -1.0703e+00
950 0 +2.025533635e+00 -1.018944664e+02 -1.018944664e+02 -1.4252e+00 +5.4228e-01 -1.5878e+00 -3.2756e-01 -1.0357e+00
1081 0 +1.993948618e+00 -1.019260514e+02 -1.019260514e+02 -1.1868e+00 +5.5813e-01 -1.5795e+00 -2.0471e-01 -1.0950e+00
1211 0 +1.830867321e+00 -1.020891327e+02 -1.020891327e+02 -1.1730e+00 +6.6462e-01 -1.7396e+00 -1.3236e-01 -1.1243e+00
1321 0 +1.705208128e+00 -1.022147919e+02 -1.022147919e+02 -1.2567e+00 +5.1746e-01 -1.8016e+00 -2.1082e-01 -1.0974e+00
1429 0 +1.423427216e+00 -1.024965728e+02 -1.024965728e+02 -1.3874e+00 +5.8798e-01 -1.9085e+00 -1.7966e-01 -1.0306e+00
1508 0 +1.295202026e+00 -1.026247980e+02 -1.026247980e+02 -1.3527e+00 +6.9853e-01 -1.9325e+00 -2.0637e-01 -1.0615e+00
1588 0 +8.822996103e-01 -1.030377004e+02 -1.030377004e+02 -1.3217e+00 +6.7709e-01 -2.0563e+00 -1.2732e-01 -1.1008e+00
1723 0 +7.069769653e-01 -1.032130230e+02 -1.032130230e+02 -1.3217e+00 +6.7709e-01 -2.1956e+00 -1.2732e-01 -1.1008e+00
2020 0 +6.853667033e-01 -1.032346333e+02 -1.032346333e+02 -1.3396e+00 +6.2910e-01 -2.1712e+00 -2.1214e-02 -1.1645e+00
2043 0 +6.099675695e-01 -1.033100324e+02 -1.033100324e+02 -1.3338e+00 +6.5491e-01 -2.3476e+00 -7.4449e-02 -1.1042e+00
2071 0 +5.638956078e-01 -1.033561044e+02 -1.033561044e+02 -1.4578e+00 +7.9015e-01 -2.1757e+00 -9.1643e-02 -1.1665e+00
2157 0 +5.174834704e-01 -1.034025165e+02 -1.034025165e+02 -1.4799e+00 +6.5491e-01 -2.3641e+00 -5.6094e-02 -1.1042e+00
2419 0 +4.985595551e-01 -1.034214404e+02 -1.034214404e+02 -1.4338e+00 +8.2265e-01 -2.3686e+00 -1.8762e-02 -1.1942e+00
2746 0 +3.732794555e-01 -1.035467205e+02 -1.035467205e+02 -1.6389e+00 +7.2965e-01 -2.7445e+00 +6.0622e-02 -1.1803e+00
3081 0 +2.493098461e-01 -1.036706902e+02 -1.036706902e+02 -1.7855e+00 +8.8434e-01 -2.7487e+00 +1.1555e-01 -1.2609e+00
3311 0 +2.266169896e-01 -1.036933830e+02 -1.036933830e+02 -1.7855e+00 +8.8438e-01 -2.7487e+00 +1.2924e-01 -1.2385e+00
3418 0 +2.047447468e-01 -1.037152553e+02 -1.037152553e+02 -1.8919e+00 +9.6528e-01 -2.7301e+00 +9.9514e-02 -1.2001e+00
3432 0 +1.913821578e-01 -1.037286178e+02 -1.037286178e+02 -1.9292e+00 +9.4866e-01 -2.7720e+00 +7.0578e-02 -1.1736e+00
3638 0 +1.696473179e-01 -1.037503527e+02 -1.037503527e+02 -1.8962e+00 +9.1803e-01 -2.8365e+00 +9.8789e-02 -1.2320e+00
3666 0 +1.625234751e-01 -1.037574765e+02 -1.037574765e+02 -1.9162e+00 +1.0935e+00 -2.7403e+00 +1.2246e-01 -1.2638e+00
3880 0 +1.595318983e-01 -1.037604681e+02 -1.037604681e+02 -1.8827e+00 +9.6909e-01 -2.8558e+00 +8.4344e-02 -1.2101e+00
3985 0 +1.451667107e-01 -1.037748333e+02 -1.037748333e+02 -1.9496e+00 +1.0612e+00 -2.9016e+00 +1.0243e-01 -1.2101e+00
4011 0 +1.405723642e-01 -1.037794276e+02 -1.037794276e+02 -2.0489e+00 +9.1198e-01 -2.9368e+00 +1.1979e-01 -1.1786e+00
4073 0 +1.308343043e-01 -1.037891657e+02 -1.037891657e+02 -1.8107e+00 +1.2700e+00 -2.8357e+00 +1.8660e-01 -1.3331e+00
4411 0 +1.272056672e-01 -1.037927943e+02 -1.037927943e+02 -1.9961e+00 +1.1231e+00 -2.8918e+00 +1.6326e-01 -1.2780e+00
4484 0 +1.253720892e-01 -1.037946279e+02 -1.037946279e+02 -1.9479e+00 +1.1558e+00 -2.9176e+00 +1.4704e-01 -1.2964e+00
4532 0 +1.207907938e-01 -1.037992092e+02 -1.037992092e+02 -1.9842e+00 +1.0767e+00 -2.9867e+00 +1.5848e-01 -1.2580e+00
4712 0 +1.182080332e-01 -1.038017920e+02 -1.038017920e+02 -1.8594e+00 +1.3539e+00 -2.8672e+00 +1.8660e-01 -1.3524e+00
4754 0 +1.126742132e-01 -1.038073258e+02 -1.038073258e+02 -2.0095e+00 +1.0973e+00 -3.0305e+00 +1.8479e-01 -1.2855e+00
4868 0 +1.002057732e-01 -1.038197942e+02 -1.038197942e+02 -2.1352e+00 +1.2170e+00 -3.1967e+00 +1.6618e-01 -1.2798e+00
4880 0 +8.888851694e-02 -1.038311115e+02 -1.038311115e+02 -2.1528e+00 +1.2339e+00 -3.1098e+00 +2.1257e-01 -1.2824e+00
% f evaluations | g evaluations | best noise-free fitness - Fopt (1.000000000000e+03) + sum g_i+ | measured fitness | best measured fitness or single-digit g-values | x1 | x2...
1 0 +6.181094805e+01 +1.061810948e+03 +1.061810948e+03 -2.8664e-01 +4.0570e+00 -2.8488e+00 -1.1822e-01 +2.2381e+00
2 0 +5.071964905e+01 +1.050719649e+03 +1.050719649e+03 -2.9748e+00 +1.9208e+00 -4.2150e-01 -1.3767e+00 +5.8017e-01
9 0 +2.332496730e+01 +1.023324967e+03 +1.023324967e+03 -1.0307e-01 -3.4936e-01 +3.2406e+00 +3.7493e+00 +2.3466e+00
57 0 +1.631031581e+01 +1.016310316e+03 +1.016310316e+03 +1.7853e+00 +5.9734e-01 +2.2277e+00 +1.9994e-01 +2.8757e+00
138 0 +1.468468757e+01 +1.014684688e+03 +1.014684688e+03 +1.7853e+00 +4.6078e-01 +2.2277e+00 +1.9994e-01 +2.7714e+00
203 0 +1.245790748e+01 +1.012457907e+03 +1.012457907e+03 +1.9222e+00 -8.2436e-01 +5.5690e-01 -7.0899e-02 +1.4632e+00
290 0 +1.137242158e+01 +1.011372422e+03 +1.011372422e+03 +1.9222e+00 -1.0108e+00 +6.3216e-01 -1.0045e-01 +1.4038e+00
319 0 +7.697420957e+00 +1.007697421e+03 +1.007697421e+03 +1.9626e+00 -2.8745e-01 +1.4299e+00 +8.5923e-03 +2.0876e+00
474 0 +7.564025813e+00 +1.007564026e+03 +1.007564026e+03 +1.9033e+00 -4.1092e-01 +1.4299e+00 +4.9745e-02 +2.0598e+00
687 0 +7.394771147e+00 +1.007394771e+03 +1.007394771e+03 +2.0612e+00 -2.6391e-01 +1.5288e+00 -1.0109e-01 +1.8767e+00
% f evaluations | g evaluations | best noise-free fitness - Fopt (-4.913000000000e+01) + sum g_i+ | measured fitness | best measured fitness or single-digit g-values | x1 | x2...
1 0 +8.143066477e+01 +3.230066477e+01 +3.230066477e+01 -1.8493e+00 -2.4518e+00 -4.7263e+00 -1.4425e+00 -2.8259e+00
2 0 +7.511124024e+01 +2.598124024e+01 +2.598124024e+01 -3.0903e+00 +4.0157e+00 +1.8224e+00 -4.5477e+00 -1.8156e+00
6 0 +5.588531815e+01 +6.755318154e+00 +6.755318154e+00 +4.7524e-01 -3.3845e+00 -3.2663e+00 +4.5713e+00 +2.3703e+00
23 0 +5.004068644e+01 +9.106864381e-01 +9.106864381e-01 -3.0793e+00 -4.6346e+00 -3.2505e+00 +2.3443e+00 -2.7609e+00
30 0 +3.421589911e+01 -1.491410089e+01 -1.491410089e+01 +3.5611e+00 +1.4511e+00 +4.6177e+00 +9.4865e-01 -1.9614e+00
36 0 +2.720869777e+01 -2.192130223e+01 -2.192130223e+01 +6.7852e-01 -4.6534e+00 +4.3975e+00 +3.2696e+00 +3.1582e+00
50 0 +1.621410341e+01 -3.291589659e+01 -3.291589659e+01 +9.5267e-02 -5.5996e-01 -1.8407e+00 -5.9925e-01 +1.9584e+00
167 0 +1.301467704e+01 -3.611532296e+01 -3.611532296e+01 -2.0208e-02 -5.1655e-01 -1.9158e+00 -6.8635e-01 +1.9584e+00
350 0 +6.464047131e+00 -4.266595287e+01 -4.266595287e+01 -6.6649e-01 -1.2522e+00 -1.6279e+00 -9.0351e-01 +1.6148e+00
409 0 +5.558043149e+00 -4.357195685e+01 -4.357195685e+01 -6.9210e-01 -1.3197e+00 -1.6196e+00 -7.8508e-01 +1.6267e+00
510 0 +5.236715941e+00 -4.389328406e+01 -4.389328406e+01 -7.4785e-01 -1.2522e+00 -1.6279e+00 -9.0351e-01 +1.6810e+00
601 0 +3.464931541e+00 -4.566506846e+01 -4.566506846e+01 -6.9012e-01 -1.0616e+00 -1.8594e+00 -8.9349e-01 +1.7832e+00
697 0 +3.286630533e+00 -4.584336947e+01 -4.584336947e+01 -5.9938e-01 -1.1721e+00 -1.8098e+00 -6.6580e-01 +1.7054e+00
708 0 +2.683813185e+00 -4.644618682e+01 -4.644618682e+01 -6.4638e-01 -1.1535e+00 -1.8594e+00 -8.9349e-01 +1.7832e+00
810 0 +2.289585412e+00 -4.684041459e+01 -4.684041459e+01 -2.6190e-01 -1.1823e+00 -2.1072e+00 -7.0372e-01 +1.7386e+00
907 0 +2.029393783e+00 -4.710060622e+01 -4.710060622e+01 -4.9130e-01 -1.0172e+00 -2.0472e+00 -8.1320e-01 +1.9604e+00
1096 0 +1.962070217e+00 -4.716792978e+01 -4.716792978e+01 -7.5058e-01 -1.0168e+00 -2.1138e+00 -6.5014e-01 +1.8339e+00
1219 0 +1.942723623e+00 -4.718727638e+01 -4.718727638e+01 -8.0851e-01 -1.0173e+00 -2.1138e+00 -6.3352e-01 +1.8339e+00
1397 0 +1.859411248e+00 -4.727058875e+01 -4.727058875e+01 -7.8605e-01 -9.6965e-01 -2.1160e+00 -7.6783e-01 +1.9574e+00
1490 0 +1.573906038e+00 -4.755609396e+01 -4.755609396e+01 -8.5987e-01 -9.0068e-01 -2.1467e+00 -7.1231e-01 +2.0047e+00
1617 0 +1.479425483e+00 -4.765057452e+01 -4.765057452e+01 -8.3806e-01 -9.5669e-01 -2.2755e+00 -6.4042e-01 +1.9723e+00
1798 0 +1.340502828e+00 -4.778949717e+01 -4.778949717e+01 -9.0275e-01 -9.0261e-01 -2.2971e+00 -6.0147e-01 +2.0592e+00
1805 0 +1.297882218e+00 -4.783211778e+01 -4.783211778e+01 -8.1582e-01 -8.5809e-01 -2.1884e+00 -6.1686e-01 +2.0170e+00
1847 0 +9.376290747e-01 -4.819237093e+01 -4.819237093e+01 -7.8004e-01 -8.5234e-01 -2.3019e+00 -4.4639e-01 +1.9738e+00
1984 0 +8.719783598e-01 -4.825802164e+01 -4.825802164e+01 -8.7339e-01 -9.1332e-01 -2.3525e+00 -3.6774e-01 +1.8998e+00
2008 0 +6.603285143e-01 -4.846967149e+01 -4.846967149e+01 -8.8925e-01 -7.9717e-01 -2.4443e+00 -3.4271e-01 +1.9423e+00
2210 0 +5.624047537e-01 -4.856759525e+01 -4.856759525e+01 -9.2073e-01 -7.4055e-01 -2.3913e+00 -3.0210e-01 +1.9731e+00
2491 0 +5.080720698e-01 -4.862192793e+01 -4.862192793e+01 -9.1989e-01 -6.6712e-01 -2.5901e+00 -2.8828e-01 +2.0979e+00
2666 0 +4.938573863e-01 -4.863614261e+01 -4.863614261e+01 -9.7758e-01 -6.0194e-01 -2.5901e+00 -2.8828e-01 +2.1451e+00
2904 0 +4.890002827e-01 -4.864099972e+01 -4.864099972e+01 -9.1672e-01 -5.7397e-01 -2.6095e+00 -1.7215e-01 +2.1341e+00
2968 0 +4.697673315e-01 -4.866023267e+01 -4.866023267e+01 -9.8090e-01 -5.3078e-01 -2.5175e+00 -1.4016e-01 +2.0755e+00
3000 0 +4.356302654e-01 -4.869436973e+01 -4.869436973e+01 -1.0653e+00 -4.1913e-01 -2.5175e+00 -5.3711e-02 +2.0978e+00
3060 0 +4.017221758e-01 -4.872827782e+01 -4.872827782e+01 -1.0242e+00 -4.8972e-01 -2.6095e+00 -1.7215e-01 +2.1341e+00
3144 0 +3.970815197e-01 -4.873291848e+01 -4.873291848e+01 -1.1204e+00 -4.8377e-01 -2.5319e+00 -9.1410e-02 +2.1103e+00
3178 0 +3.758848051e-01 -4.875411519e+01 -4.875411519e+01 -9.9940e-01 -4.0076e-01 -2.6193e+00 -2.4879e-01 +2.2208e+00
3184 0 +3.047333059e-01 -4.882526669e+01 -4.882526669e+01 -1.3249e+00 -3.9856e-01 -2.5671e+00 -1.2186e-01 +2.2038e+00
3342 0 +1.700942926e-01 -4.895990571e+01 -4.895990571e+01 -1.3249e+00 -2.8794e-01 -2.6024e+00 -2.3895e-03 +2.2038e+00
3768 0 +1.479411808e-01 -4.898205882e+01 -4.898205882e+01 -1.3962e+00 -2.2202e-01 -2.6279e+00 +1.3157e-01 +2.1935e+00
3919 0 +1.207115247e-01 -4.900928848e+01 -4.900928848e+01 -1.3689e+00 -1.8997e-01 -2.7665e+00 +1.2695e-01 +2.2406e+00
4077 0 +1.192889921e-01 -4.901071101e+01 -4.901071101e+01 -1.3689e+00 -1.8997e-01 -2.7665e+00 +1.5606e-01 +2.2406e+00
4166 0 +1.145360867e-01 -4.901546391e+01 -4.901546391e+01 -1.3689e+00 -1.2114e-01 -2.7665e+00 +1.1044e-01 +2.2688e+00
4224 0 +1.012389307e-01 -4.902876107e+01 -4.902876107e+01 -1.4486e+00 -1.1168e-01 -2.7597e+00 +1.5917e-01 +2.2770e+00
4495 0 +8.657258246e-02 -4.904342742e+01 -4.904342742e+01 -1.4584e+00 -3.1902e-02 -2.7591e+00 +1.5145e-01 +2.3188e+00
4695 0 +7.884004732e-02 -4.905115995e+01 -4.905115995e+01 -1.5410e+00 -4.0992e-02 -2.8090e+00 +3.0574e-01 +2.2604e+00
4873 0 +7.316429149e-02 -4.905683571e+01 -4.905683571e+01 -1.4348e+00 -2.7624e-02 -2.8660e+00 +2.9645e-01 +2.2999e+00
5010 0 +7.045377699e-02 -4.905954622e+01 -4.905954622e+01 -1.4803e+00 +1.4207e-01 -2.8718e+00 +2.0290e-01 +2.4022e+00
% f evaluations | g evaluations | best noise-free fitness - Fopt (3.930000000000e+00) + sum g_i+ | measured fitness | best measured fitness or single-digit g-values | x1 | x2...
1 0 +7.072004416e+01 +7.465004416e+01 +7.465004416e+01 +6.4190e-02 +2.5741e+00 +4.6925e-01 +2.0946e+00 -1.6139e+00
10 0 +4.010132644e+01 +4.403132644e+01 +4.403132644e+01 +4.3948e-01 -1.2795e+00 +2.8946e-01 -1.0352e+00 -2.3090e+00
26 0 +2.719122189e+01 +3.112122189e+01 +3.112122189e+01 -3.9842e+00 -2.5816e-01 +3.5252e+00 +3.0109e+00 -4.1782e+00
100 0 +2.254722526e+01 +2.647722526e+01 +2.647722526e+01 +2.8587e+00 -1.6669e+00 -1.8860e+00 -3.3429e+00 +1.6173e+00
121 0 +2.082903563e+01 +2.475903563e+01 +2.475903563e+01 +2.8587e+00 -1.7037e+00 -1.8018e+00 -3.3429e+00 +1.6173e+00
157 0 +1.008680044e+01 +1.401680044e+01 +1.401680044e+01 +2.8377e+00 -2.9840e+00 -2.2819e-01 -2.4399e+00 +1.7844e+00
183 0 +9.218698081e+00 +1.314869808e+01 +1.314869808e+01 -1.1835e-01 +5.8753e-01 +2.2538e+00 -2.5938e+00 +1.3564e+00
237 0 +9.010980535e+00 +1.294098054e+01 +1.294098054e+01 +2.9337e+00 -2.9840e+00 -1.2366e-01 -2.6990e+00 +1.6522e+00
258 0 +7.532970707e+00 +1.146297071e+01 +1.146297071e+01 +8.6772e-01 -1.6806e+00 +2.2554e+00 +2.4998e+00 -2.3764e+00
356 0 +7.272809279e+00 +1.120280928e+01 +1.120280928e+01 -1.6027e-01 +1.2607e+00 +2.1409e+00 -2.4128e+00 +1.5213e+00
408 0 +6.596778004e+00 +1.052677800e+01 +1.052677800e+01 +3.9502e-02 +1.8540e+00 +2.3276e+00 -2.2138e+00 +2.1238e+00
465 0 +4.019604615e+00 +7.949604615e+00 +7.949604615e+00 +5.9132e-01 +1.8763e+00 +2.3694e+00 -2.6532e+00 +2.1573e+00
636 0 +3.250556287e+00 +7.180556287e+00 +7.180556287e+00 +2.9880e-01 +1.7261e+00 +2.4395e+00 -2.6332e+00 +1.9209e+00
723 0 +2.928848663e+00 +6.858848663e+00 +6.858848663e+00 +1.8199e-01 +1.7261e+00 +2.7056e+00 -2.7110e+00 +1.7889e+00
816 0 +2.880720079e+00 +6.810720079e+00 +6.810720079e+00 +3.2030e-01 +1.6574e+00 +2.6358e+00 -2.9538e+00 +2.0030e+00
973 0 +2.731366504e+00 +6.661366504e+00 +6.661366504e+00 +2.4988e-01 +1.7504e+00 +2.6893e+00 -2.8163e+00 +1.8549e+00
1011 0 +2.656207210e+00 +6.586207210e+00 +6.586207210e+00 +3.3984e-01 +1.7404e+00 +2.6893e+00 -2.8107e+00 +1.8549e+00
1099 0 +2.605759316e+00 +6.535759316e+00 +6.535759316e+00 +4.5631e-01 +1.8361e+00 +2.7338e+00 -2.8761e+00 +1.8276e+00
% f evaluations | g evaluations | best noise-free fitness - Fopt (3.438000000000e+01) + sum g_i+ | measured fitness | best measured fitness or single-digit g-values | x1 | x2...
1 0 +7.469827814e+01 +1.090782781e+02 +1.090782781e+02 -2.0466e-01 +1.6266e-01 +4.2322e-01 -2.3044e+00 -2.2311e+00
4 0 +7.223537675e+01 +1.066153768e+02 +1.066153768e+02 +1.4933e+00 +3.2103e+00 -2.3826e+00 +3.8974e+00 +1.6263e+00
7 0 +5.996513317e+01 +9.434513317e+01 +9.434513317e+01 -3.3372e+00 +3.1688e+00 +1.1372e+00 +2.8160e+00 -1.6887e+00
21 0 +3.103692666e+01 +6.541692666e+01 +6.541692666e+01 -7.9245e-01 -2.3191e+00 +5.3665e-01 +1.2741e-01 +3.3776e+00
38 0 +2.324924325e+01 +5.762924325e+01 +5.762924325e+01 -1.1262e+00 +1.2987e+00 -8.9597e-01 +1.7782e+00 +3.5375e+00
135 0 +1.736438569e+01 +5.174438569e+01 +5.174438569e+01 +4.1940e-01 -4.5685e-03 -2.8454e+00 +2.7611e-01 +2.3682e+00
208 0 +1.645018396e+01 +5.083018396e+01 +5.083018396e+01 +1.0049e+00 +1.2621e+00 -1.8692e+00 -1.0341e-01 +2.3201e-01
304 0 +1.193022952e+01 +4.631022952e+01 +4.631022952e+01 +3.1162e-01 +6.9913e-01 -1.8754e+00 +1.6732e-01 +1.5642e+00
325 0 +1.047323186e+01 +4.485323186e+01 +4.485323186e+01 +1.5317e+00 +5.2587e-01 -2.1514e+00 +2.1858e-01 +1.8330e+00
370 0 +1.010490125e+01 +4.448490125e+01 +4.448490125e+01 +1.3944e+00 +1.2686e+00 -2.2902e+00 -5.7901e-02 +9.6572e-01
401 0 +7.684480569e+00 +4.206448057e+01 +4.206448057e+01 +9.5535e-01 +6.3201e-01 -2.5685e+00 +3.6826e-01 +1.5367e+00
539 0 +7.140363431e+00 +4.152036343e+01 +4.152036343e+01 +1.0505e+00 +5.0157e-01 -2.5177e+00 +3.6826e-01 +1.5367e+00
701 0 +7.058370729e+00 +4.143837073e+01 +4.143837073e+01 +1.1549e+00 +5.8388e-01 -2.2884e+00 +3.0803e-01 +1.4205e+00
719 0 +6.812240371e+00 +4.119224037e+01 +4.119224037e+01 +1.0450e+00 +7.3243e-01 -2.4171e+00 +4.4989e-01 +1.5367e+00
742 0 +6.616043803e+00 +4.099604380e+01 +4.099604380e+01 +1.2619e+00 +1.0197e+00 -2.5810e+00 +5.4046e-01 +1.3763e+00
859 0 +6.532108986e+00 +4.091210899e+01 +4.091210899e+01 +1.2118e+00 +8.0374e-01 -2.3070e+00 +4.7735e-01 +1.2687e+00
895 0 +6.455248498e+00 +4.083524850e+01 +4.083524850e+01 +1.3518e+00 +7.5804e-01 -2.3761e+00 +3.8980e-01 +1.3278e+00
897 0 +6.267289812e+00 +4.064728981e+01 +4.064728981e+01 +1.2969e+00 +7.8296e-01 -2.4452e+00 +4.5122e-01 +1.2400e+00
942 0 +5.907320713e+00 +4.028732071e+01 +4.028732071e+01 +1.4050e+00 +6.9800e-01 -2.5725e+00 +7.1219e-01 +1.2824e+00
1030 0 +5.753718547e+00 +4.013371855e+01 +4.013371855e+01 +1.3048e+00 +7.1706e-01 -2.5927e+00 +5.6204e-01 +1.5053e+00
1091 0 +5.579179392e+00 +3.995917939e+01 +3.995917939e+01 +1.3931e+00 +7.1706e-01 -2.7111e+00 +5.6204e-01 +1.5053e+00
1332 0 +5.418793622e+00 +3.979879362e+01 +3.979879362e+01 +1.3016e+00 +6.0708e-01 -2.7587e+00 +7.7042e-01 +1.5606e+00
1414 0 +5.318341124e+00 +3.969834112e+01 +3.969834112e+01 +1.4036e+00 +8.0954e-01 -2.7117e+00 +7.3416e-01 +1.5294e+00
1716 0 +5.211396084e+00 +3.959139608e+01 +3.959139608e+01 +1.4036e+00 +8.0954e-01 -2.9025e+00 +8.5508e-01 +1.5294e+00
2070 0 +5.108776166e+00 +3.948877617e+01 +3.948877617e+01 +1.5338e+00 +7.6271e-01 -3.0211e+00 +8.2823e-01 +1.5260e+00
% f evaluations | g evaluations | best noise-free fitness - Fopt (-5.877400000000e+02) + sum g_i+ | measured fitness | best measured fitness or single-digit g-values | x1 | x2...
1 0 +8.518636789e+01 -5.025536321e+02 -5.025536321e+02 +4.0946e+00 -1.7597e+00 +2.3587e+00 -3.4014e+00 -4.0127e+00
3 0 +7.796385626e+01 -5.097761437e+02 -5.097761437e+02 -4.4371e+00 -4.1086e+00 +2.6599e+00 +9.9251e-01 +4.8397e+00
4 0 +7.334968874e+01 -5.143903113e+02 -5.143903113e+02 -1.1705e+00 -6.7810e-01 +2.7430e+00 +1.0685e+00 +6.8223e-01
10 0 +4.301104529e+01 -5.447289547e+02 -5.447289547e+02 -1.5417e+00 -2.4555e+00 +2.1119e+00 +2.3948e+00 +1.1182e-01
57 0 +3.084872337e+01 -5.568912766e+02 -5.568912766e+02 -3.6750e+00 -9.6486e-02 +2.3171e+00 +2.5961e-01 +2.8433e+00
104 0 +2.138377565e+01 -5.663562243e+02 -5.663562243e+02 +9.0442e-02 +3.6880e+00 -6.7426e-01 +3.0945e-01 +2.6409e+00
136 0 +9.809385656e+00 -5.779306143e+02 -5.779306143e+02 -3.5963e+00 +6.7083e-01 -2.4926e+00 +9.1230e-01 -8.0795e-01
144 0 +4.617745669e+00 -5.831222543e+02 -5.831222543e+02 -3.1219e+00 -8.5258e-03 -2.9058e+00 +8.9662e-01 +7.4448e-01
258 0 +2.609370084e+00 -5.851306299e+02 -5.851306299e+02 -3.0374e+00 -2.1043e-01 -2.9058e+00 +8.9053e-01 +7.4448e-01
458 0 +2.271544563e+00 -5.854684554e+02 -5.854684554e+02 -3.0797e+00 -1.5814e-01 -2.9058e+00 +8.9357e-01 +6.0450e-01
518 0 +2.056587270e+00 -5.856834127e+02 -5.856834127e+02 -2.9649e+00 -1.5814e-01 -2.9058e+00 +8.3002e-01 +6.0450e-01
615 0 +2.026943084e+00 -5.857130569e+02 -5.857130569e+02 -2.9434e+00 -3.5250e-01 -2.9058e+00 +8.9053e-01 +5.9699e-01
706 0 +1.912522595e+00 -5.858274774e+02 -5.858274774e+02 -2.8027e+00 -1.6817e-01 -2.6870e+00 +6.4224e-01 +5.7719e-01
837 0 +1.854741614e+00 -5.858852584e+02 -5.858852584e+02 -2.8223e+00 -1.1434e-01 -2.8441e+00 +8.2191e-01 +5.4505e-01
870 0 +1.814006800e+00 -5.859259932e+02 -5.859259932e+02 -2.8521e+00 +3.1866e-01 -2.6626e+00 +7.1711e-01 +2.1633e-01
914 0 +1.393790462e+00 -5.863462095e+02 -5.863462095e+02 -2.7141e+00 -1.7522e-02 -2.8166e+00 +7.0464e-01 +4.2241e-01
929 0 +1.144109164e+00 -5.865958908e+02 -5.865958908e+02 -2.6678e+00 -1.1434e-01 -2.8441e+00 +8.2191e-01 +3.8720e-01
1021 0 +9.693972372e-01 -5.867706028e+02 -5.867706028e+02 -2.6678e+00 -1.2026e-01 -2.8131e+00 +8.2191e-01 +3.8720e-01
1102 0 +9.378114491e-01 -5.868021886e+02 -5.868021886e+02 -2.6113e+00 +6.6723e-02 -2.7691e+00 +6.9936e-01 +3.9865e-01
1134 0 +7.624622139e-01 -5.869775378e+02 -5.869775378e+02 -2.6179e+00 -2.4098e-01 -2.8131e+00 +8.2191e-01 +4.5853e-01
1195 0 +7.490680480e-01 -5.869909320e+02 -5.869909320e+02 -2.6678e+00 -1.6422e-01 -2.7558e+00 +8.2191e-01 +3.8720e-01
1211 0 +6.151106220e-01 -5.871248894e+02 -5.871248894e+02 -2.4597e+00 +1.6169e-02 -2.8043e+00 +6.4206e-01 +4.0101e-01
1408 0 +5.583018906e-01 -5.871816981e+02 -5.871816981e+02 -2.4597e+00 +1.6169e-02 -2.6899e+00 +6.1850e-01 +4.0101e-01
1502 0 +5.456192325e-01 -5.871943808e+02 -5.871943808e+02 -2.4692e+00 -2.6464e-02 -2.7127e+00 +7.0013e-01 +3.5213e-01
1527 0 +5.187658199e-01 -5.872212342e+02 -5.872212342e+02 -2.4917e+00 -1.4769e-01 -2.6899e+00 +6.1850e-01 +4.0101e-01
1559 0 +4.875632413e-01 -5.872524368e+02 -5.872524368e+02 -2.4270e+00 -2.1412e-01 -2.7094e+00 +6.6380e-01 +4.0166e-01
1741 0 +4.290061195e-01 -5.873109939e+02 -5.873109939e+02 -2.2836e+00 -5.8680e-02 -2.5751e+00 +5.8517e-01 +2.1880e-01
1821 0 +3.640343639e-01 -5.873759656e+02 -5.873759656e+02 -2.3014e+00 -2.1412e-01 -2.6461e+00 +6.8309e-01 +2.8474e-01
2026 0 +3.304176695e-01 -5.874095823e+02 -5.874095823e+02 -2.2365e+00 -1.3338e-01 -2.6114e+00 +5.7815e-01 +2.9403e-01
2080 0 +2.831881259e-01 -5.874568119e+02 -5.874568119e+02 -2.2265e+00 -2.1397e-01 -2.6355e+00 +5.6056e-01 +3.3831e-01
2141 0 +1.815818746e-01 -5.875584181e+02 -5.875584181e+02 -2.1833e+00 -3.9018e-01 -2.6297e+00 +7.1504e-01 +2.9632e-01
2187 0 +1.763554258e-01 -5.875636446e+02 -5.875636446e+02 -2.0236e+00 -2.5975e-01 -2.6093e+00 +6.0702e-01 +2.2781e-01
2430 0 +1.469226660e-01 -5.875930773e+02 -5.875930773e+02 -2.0057e+00 -3.7442e-01 -2.6297e+00 +6.3014e-01 +2.4859e-01
2525 0 +1.328821746e-01 -5.876071178e+02 -5.876071178e+02 -1.9154e+00 -4.9290e-01 -2.6093e+00 +6.0702e-01 +2.2781e-01
2620 0 +1.253487088e-01 -5.876146513e+02 -5.876146513e+02 -2.0814e+00 -5.0323e-01 -2.6297e+00 +6.3014e-01 +3.5253e-01
2774 0 +1.033349401e-01 -5.876366651e+02 -5.876366651e+02 -1.9195e+00 -6.2162e-01 -2.6093e+00 +6.5162e-01 +3.8664e-01
2986 0 +8.348869975e-02 -5.876565113e+02 -5.876565113e+02 -1.7750e+00 -6.2893e-01 -2.5605e+00 +5.6030e-01 +3.8664e-01
3051 0 +6.642856313e-02 -5.876735714e+02 -5.876735714e+02 -1.9195e+00 -7.2711e-01 -2.6438e+00 +6.5162e-01 +3.8664e-01
3240 0 +5.571856847e-02 -5.876842814e+02 -5.876842814e+02 -1.9195e+00 -9.1867e-01 -2.6262e+00 +6.5162e-01 +4.3701e-01
3327 0 +2.647530515e-02 -5.877135247e+02 -5.877135247e+02 -1.7348e+00 -8.5724e-01 -2.5505e+00 +4.9965e-01 +5.1707e-01
3507 0 +2.375022972e-02 -5.877162498e+02 -5.877162498e+02 -1.7010e+00 -8.9663e-01 -2.5400e+00 +4.6964e-01 +4.7248e-01
3627 0 +1.953216026e-02 -5.877204678e+02 -5.877204678e+02 -1.6921e+00 -8.5724e-01 -2.5505e+00 +4.5016e-01 +5.1707e-01
3847 0 +1.393477394e-02 -5.877260652e+02 -5.877260652e+02 -1.6416e+00 -1.0074e+00 -2.5347e+00 +5.1338e-01 +5.1707e-01
3911 0 +1.371982412e-02 -5.877262802e+02 -5.877262802e+02 -1.6921e+00 -1.0721e+00 -2.5505e+00 +5.1599e-01 +5.5133e-01
4093 0 +1.348006163e-02 -5.877265199e+02 -5.877265199e+02 -1.5592e+00 -1.1604e+00 -2.5440e+00 +5.4780e-01 +5.7482e-01
4497 0 +9.000198545e-03 -5.877309998e+02 -5.877309998e+02 -1.6344e+00 -1.0365e+00 -2.5948e+00 +4.7840e-01 +5.8962e-01
4569 0 +3.783792033e-03 -5.877362162e+02 -5.877362162e+02 -1.4967e+00 -1.3389e+00 -2.5440e+00 +5.0990e-01 +5.7482e-01
4983 0 +3.405296458e-03 -5.877365947e+02 -5.877365947e+02 -1.5621e+00 -1.3510e+00 -2.5730e+00 +5.0990e-01 +6.8411e-01
5036 0 +1.615500001e-03 -5.877383845e+02 -5.877383845e+02 -1.4967e+00 -1.4957e+00 -2.6035e+00 +5.9076e-01 +7.0869e-01
% f evaluations | g evaluations | best noise-free fitness - Fopt (4.491000000000e+01) + sum g_i+ | measured fitness | best measured fitness or single-digit g-values | x1 | x2...
1 0 +6.630975786e+01 +1.112197579e+02 +1.112197579e+02 -1.5865e+00 -1.3738e-01 -3.5028e+00 -1.1969e+00 +5.7625e-01
8 0 +6.148090745e+01 +1.063909075e+02 +1.063909075e+02 -1.8421e+00 +4.0026e-01 -9.4012e-02 +7.2500e-01 -4.7567e-01
14 0 +6.015942092e+01 +1.050694209e+02 +1.050694209e+02 -2.9092e+00 +1.9452e+00 -4.6315e+00 -3.5292e+00 +7.2377e-01
28 0 +2.559288895e+01 +7.050288895e+01 +7.050288895e+01 +2.1255e+00 +7.8939e-02 -2.0054e+00 -2.6555e+00 +3.1681e+00
31 0 +1.335803525e+01 +5.826803525e+01 +5.826803525e+01 -1.2940e+00 +2.1535e+00 -2.1513e+00 -4.0430e-01 -2.9514e+00
132 0 +1.246105674e+01 +5.737105674e+01 +5.737105674e+01 -1.5857e+00 +1.2661e+00 -2.3431e+00 +6.2941e-01 -2.3727e-01
160 0 +6.575619734e+00 +5.148561973e+01 +5.148561973e+01 +2.0549e+00 -2.2209e+00 -1.3701e+00 -1.4908e+00 +4.3580e+00
362 0 +2.790760634e+00 +4.770076063e+01 +4.770076063e+01 +2.6310e+00 -1.5582e+00 -2.2869e+00 -1.0637e+00 +3.3215e+00
387 0 +2.123505709e+00 +4.703350571e+01 +4.703350571e+01 +2.3976e+00 -9.3675e-01 -8.9843e-01 -1.8190e+00 +1.9834e+00
471 0 +2.015655918e+00 +4.692565592e+01 +4.692565592e+01 +2.3308e+00 -1.0443e+00 -7.5565e-01 -1.8190e+00 +2.1727e+00
663 0 +1.797343651e+00 +4.670734365e+01 +4.670734365e+01 +2.2371e+00 -1.3672e+00 -1.2726e+00 -1.7387e+00 +2.8497e+00
730 0 +1.711397721e+00 +4.662139772e+01 +4.662139772e+01 +2.4670e+00 -1.1769e+00 -8.9824e-01 -1.8113e+00 +2.5425e+00
798 0 +1.464830986e+00 +4.637483099e+01 +4.637483099e+01 +2.4752e+00 -1.2218e+00 -1.2941e+00 -1.7087e+00 +2.4379e+00
918 0 +1.376828894e+00 +4.628682889e+01 +4.628682889e+01 +2.5465e+00 -1.2628e+00 -1.1788e+00 -1.8156e+00 +2.4599e+00
1018 0 +1.316679401e+00 +4.622667940e+01 +4.622667940e+01 +2.3906e+00 -1.2987e+00 -1.0122e+00 -1.6720e+00 +2.4577e+00
1112 0 +1.273781725e+00 +4.618378172e+01 +4.618378172e+01 +2.5409e+00 -1.2619e+00 -1.1722e+00 -1.6625e+00 +2.3802e+00
1129 0 +1.017207842e+00 +4.592720784e+01 +4.592720784e+01 +2.5232e+00 -1.4221e+00 -1.4153e+00 -1.4682e+00 +2.5746e+00
1252 0 +9.791705956e-01 +4.588917060e+01 +4.588917060e+01 +2.4660e+00 -1.4221e+00 -1.4153e+00 -1.4943e+00 +2.5746e+00
1371 0 +9.397123253e-01 +4.584971233e+01 +4.584971233e+01 +2.4704e+00 -1.4298e+00 -1.2211e+00 -1.6511e+00 +2.5190e+00
1381 0 +8.342498689e-01 +4.574424987e+01 +4.574424987e+01 +2.5247e+00 -1.5639e+00 -1.3644e+00 -1.4795e+00 +2.5310e+00
1398 0 +8.145506564e-01 +4.572455066e+01 +4.572455066e+01 +2.5264e+00 -1.6942e+00 -1.3219e+00 -1.5450e+00 +2.4856e+00
1483 0 +7.949307526e-01 +4.570493075e+01 +4.570493075e+01 +2.4094e+00 -1.6024e+00 -1.2918e+00 -1.5208e+00 +2.5139e+00
1603 0 +7.711512342e-01 +4.568115123e+01 +4.568115123e+01 +2.4095e+00 -1.6592e+00 -1.2914e+00 -1.5520e+00 +2.7017e+00
1801 0 +7.330860599e-01 +4.564308606e+01 +4.564308606e+01 +2.3739e+00 -1.6404e+00 -1.3390e+00 -1.4827e+00 +2.7051e+00
1973 0 +7.218111940e-01 +4.563181119e+01 +4.563181119e+01 +2.3739e+00 -1.7068e+00 -1.3390e+00 -1.4827e+00 +2.6928e+00
2077 0 +7.061870932e-01 +4.561618709e+01 +4.561618709e+01 +2.3193e+00 -1.7467e+00 -1.3398e+00 -1.4147e+00 +2.7127e+00
% f evaluations | g evaluations | best noise-free fitness - Fopt (2.742300000000e+02) + sum g_i+ | measured fitness | best measured fitness or single-digit g-values | x1 | x2...
1 0 +7.938825510e+01 +3.536182551e+02 +3.536182551e+02 -1.8642e+00 -2.0119e+00 -9.0511e-01 -4.3433e+00 +3.8231e+00
2 0 +6.979169266e+01 +3.440216927e+02 +3.440216927e+02 -3.5440e+00 +2.1651e-01 -4.6966e+00 -4.5750e+00 +2.2338e+00
20 0 +3.400985900e+01 +3.082398590e+02 +3.082398590e+02 -3.2587e+00 -3.2388e+00 +3.1061e-01 -2.0895e+00 +2.6925e+00
21 0 +4.415132598e+00 +2.786451326e+02 +2.786451326e+02 +1.2294e+00 +1.4083e+00 -3.8359e+00 -4.6807e-01 -3.7010e-01
191 0 +4.132708960e+00 +2.783627090e+02 +2.783627090e+02 +1.2294e+00 +1.4850e+00 -3.8359e+00 -5.5841e-01 -1.9647e-01
213 0 +3.160297915e+00 +2.773902979e+02 +2.773902979e+02 +1.2294e+00 +1.4850e+00 -3.8359e+00 -5.5841e-01 -3.3055e-01
218 0 +2.960848414e+00 +2.771908484e+02 +2.771908484e+02 +1.2071e+00 +1.3564e+00 -4.0158e+00 -4.7221e-01 -3.0214e-01
310 0 +2.077449089e+00 +2.763074491e+02 +2.763074491e+02 +1.1881e+00 +1.3667e+00 -4.0291e+00 -6.2393e-01 -3.0712e-01
558 0 +2.006894677e+00 +2.762368947e+02 +2.762368947e+02 +1.2612e+00 +1.3564e+00 -4.0158e+00 -5.6470e-01 -4.0395e-01
601 0 +1.937419608e+00 +2.761674196e+02 +2.761674196e+02 +1.2612e+00 +1.3564e+00 -4.0158e+00 -6.8628e-01 -4.3020e-01
738 0 +1.899976307e+00 +2.761299763e+02 +2.761299763e+02 +1.2154e+00 +1.4303e+00 -4.2068e+00 -5.3142e-01 -4.3020e-01
788 0 +1.861113305e+00 +2.760911133e+02 +2.760911133e+02 +1.2612e+00 +1.3564e+00 -4.1306e+00 -6.8628e-01 -4.3020e-01
805 0 +1.682341725e+00 +2.759123417e+02 +2.759123417e+02 +1.3755e+00 +1.2674e+00 -4.2104e+00 -6.6205e-01 -3.0712e-01
897 0 +1.412240128e+00 +2.756422401e+02 +2.756422401e+02 +1.4589e+00 +1.1513e+00 -4.1799e+00 -5.4404e-01 -4.9203e-01
1092 0 +1.278433039e+00 +2.755084330e+02 +2.755084330e+02 +1.1795e+00 +1.2927e+00 -4.2320e+00 -5.7012e-01 -6.5502e-01
1144 0 +1.250689372e+00 +2.754806894e+02 +2.754806894e+02 +1.3914e+00 +1.2229e+00 -4.2394e+00 -6.3723e-01 -5.5916e-01
1159 0 +1.003654964e+00 +2.752336550e+02 +2.752336550e+02 +1.3914e+00 +1.2538e+00 -4.3417e+00 -3.8675e-01 -6.5805e-01
1352 0 +8.049905198e-01 +2.750349905e+02 +2.750349905e+02 +1.3914e+00 +1.1618e+00 -4.4620e+00 -3.8675e-01 -6.7625e-01
1361 0 +7.943198558e-01 +2.750243199e+02 +2.750243199e+02 +1.4419e+00 +1.1073e+00 -4.3007e+00 -5.7080e-01 -6.5703e-01
1801 0 +7.621171193e-01 +2.749921171e+02 +2.749921171e+02 +1.5167e+00 +1.1019e+00 -4.3534e+00 -4.8142e-01 -6.7043e-01
2116 0 +7.371817243e-01 +2.749671817e+02 +2.749671817e+02 +1.4520e+00 +1.1048e+00 -4.4314e+00 -4.1536e-01 -7.6948e-01
2289 0 +7.236436311e-01 +2.749536436e+02 +2.749536436e+02 +1.5071e+00 +1.1226e+00 -4.4443e+00 -3.7008e-01 -6.6682e-01
2859 0 +7.000568150e-01 +2.749300568e+02 +2.749300568e+02 +1.5904e+00 +1.1045e+00 -4.5307e+00 -2.7410e-01 -6.4301e-01
% f evaluations | g evaluations | best noise-free fitness - Fopt (6.897200000000e+02) + sum g_i+ | measured fitness | best measured fitness or single-digit g-values | x1 | x2...
1 0 +8.622152851e+01 +7.759415285e+02 +7.759415285e+02 -4.3165e+00 -3.5787e+00 -4.5596e+00 +1.0252e+00 -1.6422e+00
2 0 +8.224930468e+01 +7.719693047e+02 +7.719693047e+02 +6.0874e-01 +2.5708e-01 +3.0550e+00 +2.3602e+00 -3.0031e+00
7 0 +5.127377677e+01 +7.409937768e+02 +7.409937768e+02 +2.9659e+00 +2.1526e+00 +4.4372e+00 -5.9112e-02 -5.0423e-01
33 0 +4.588999396e+01 +7.356099940e+02 +7.356099940e+02 -2.3051e+00 -8.5414e-01 +2.8161e+00 -2.4963e+00 -3.5153e+00
39 0 +2.804121438e+01 +7.177612144e+02 +7.177612144e+02 -3.7145e+00 -1.2290e+00 +2.6746e+00 +3.8891e+00 +3.4876e+00
40 0 +1.983477057e+01 +7.095547706e+02 +7.095547706e+02 +1.9306e-01 +2.6171e+00 +1.8659e+00 +2.1751e+00 +4.6777e+00
95 0 +1.375171978e+01 +7.034717198e+02 +7.034717198e+02 -2.6420e+00 -4.9694e+00 +3.3507e+00 -2.7430e+00 +4.6286e+00
156 0 +1.035579734e+01 +7.000757973e+02 +7.000757973e+02 -2.6279e+00 -4.9474e+00 +3.3507e+00 -2.5380e+00 +4.6470e+00
201 0 +8.833410777e+00 +6.985534108e+02 +6.985534108e+02 -2.7647e+00 -4.9474e+00 +3.3507e+00 -2.4427e+00 +4.6015e+00
246 0 +1.838016834e+00 +6.915580168e+02 +6.915580168e+02 +1.3626e+00 +1.5753e+00 +3.1278e+00 -9.9916e-01 -7.6037e-01
649 0 +1.563928642e+00 +6.912839286e+02 +6.912839286e+02 +1.3277e+00 +1.4094e+00 +3.0656e+00 -9.9916e-01 -8.2676e-01
713 0 +1.493160802e+00 +6.912131608e+02 +6.912131608e+02 +1.3806e+00 +1.5753e+00 +3.2304e+00 -9.9916e-01 -6.6181e-01
846 0 +8.013115530e-01 +6.905213116e+02 +6.905213116e+02 +1.3509e+00 +1.4094e+00 +3.0656e+00 -1.1673e+00 -9.6150e-01
1019 0 +6.821512594e-01 +6.904021513e+02 +6.904021513e+02 +1.3025e+00 +1.3358e+00 +3.0876e+00 -1.1693e+00 -9.9424e-01
1223 0 +5.571304071e-01 +6.902771304e+02 +6.902771304e+02 +1.1023e+00 +1.4247e+00 +3.2364e+00 -1.0755e+00 -8.7967e-01
1339 0 +4.911428876e-01 +6.902111429e+02 +6.902111429e+02 +7.5849e-01 +1.3524e+00 +3.2364e+00 -1.1144e+00 -8.1222e-01
1626 0 +4.866324731e-01 +6.902066325e+02 +6.902066325e+02 +1.0071e+00 +1.3553e+00 +3.0159e+00 -1.3877e+00 -1.1539e+00
1680 0 +4.437501145e-01 +6.901637501e+02 +6.901637501e+02 +7.9984e-01 +1.3435e+00 +3.1379e+00 -1.1218e+00 -8.7626e-01
1701 0 +3.445681613e-01 +6.900645682e+02 +6.900645682e+02 +6.5497e-01 +1.2205e+00 +3.2913e+00 -9.2984e-01 -8.4812e-01
1900 0 +2.265009855e-01 +6.899465010e+02 +6.899465010e+02 +7.1040e-01 +1.0646e+00 +3.0386e+00 -1.1504e+00 -1.0942e+00
2116 0 +2.054834558e-01 +6.899254835e+02 +6.899254835e+02 +6.8759e-01 +1.0646e+00 +3.0386e+00 -1.1504e+00 -1.0942e+00
2184 0 +1.729787129e-01 +6.898929787e+02 +6.898929787e+02 +5.5866e-01 +1.0967e+00 +3.1987e+00 -1.0887e+00 -1.0716e+00
2352 0 +1.678552039e-01 +6.898878552e+02 +6.898878552e+02 +4.7466e-01 +1.0967e+00 +3.1563e+00 -1.1857e+00 -1.1564e+00
2488 0 +1.416498748e-01 +6.898616499e+02 +6.898616499e+02 +4.7095e-01 +1.1100e+00 +3.1720e+00 -1.0881e+00 -1.0083e+00
2510 0 +1.229205798e-01 +6.898429206e+02 +6.898429206e+02 +3.9706e-01 +1.0116e+00 +3.0581e+00 -1.0919e+00 -1.0547e+00
2704 0 +1.156770553e-01 +6.898356771e+02 +6.898356771e+02 +3.0499e-01 +1.0767e+00 +3.1421e+00 -1.0795e+00 -1.0238e+00
2763 0 +9.847809861e-02 +6.898184781e+02 +6.898184781e+02 +2.6910e-01 +1.0389e+00 +3.1033e+00 -1.1532e+00 -1.0967e+00
2782 0 +9.738251371e-02 +6.898173825e+02 +6.898173825e+02 +3.8441e-01 +9.1701e-01 +3.0454e+00 -1.1348e+00 -1.1670e+00
3075 0 +7.991497013e-02 +6.897999150e+02 +6.897999150e+02 +1.4697e-01 +8.2790e-01 +3.2241e+00 -9.3422e-01 -1.0135e+00
3090 0 +6.268797076e-02 +6.897826880e+02 +6.897826880e+02 +2.1528e-01 +8.5135e-01 +3.0307e+00 -1.0799e+00 -1.1572e+00
3492 0 +4.116416251e-02 +6.897611642e+02 +6.897611642e+02 +5.9805e-02 +7.4273e-01 +3.1461e+00 -9.6579e-01 -1.1936e+00
3629 0 +3.696829359e-02 +6.897569683e+02 +6.897569683e+02 +2.2452e-02 +8.1637e-01 +3.1110e+00 -1.0914e+00 -1.1728e+00
3839 0 +2.237016604e-02 +6.897423702e+02 +6.897423702e+02 -1.3380e-01 +7.3238e-01 +3.0938e+00 -1.0078e+00 -1.1936e+00
4223 0 +1.823225790e-02 +6.897382323e+02 +6.897382323e+02 -9.6495e-02 +7.1179e-01 +3.0715e+00 -1.0830e+00 -1.2291e+00
4260 0 +1.538462701e-02 +6.897353846e+02 +6.897353846e+02 -2.2631e-01 +7.1227e-01 +3.1449e+00 -9.9788e-01 -1.1634e+00
4788 0 +1.408251870e-02 +6.897340825e+02 +6.897340825e+02 -1.5288e-01 +6.1569e-01 +3.0734e+00 -1.0077e+00 -1.2506e+00
4992 0 +1.268971006e-02 +6.897326897e+02 +6.897326897e+02 -2.2808e-01 +6.0586e-01 +3.1135e+00 -9.5806e-01 -1.2129e+00
