% f evaluations | g evaluations | best noise-free fitness - Fopt (-9.210000000000e+00) + sum g_i+ | measured fitness | best measured fitness or single-digit g-values | x1 | x2...
1 0 +7.769605274e+02 +7.677505274e+02 +7.677505274e+02
3 0 +6.977814017e+02 +6.885714017e+02 +6.885714017e+02
8 0 +6.848182760e+02 +6.756082760e+02 +6.756082760e+02
21 0 +6.600186600e+02 +6.508086600e+02 +6.508086600e+02
61 0 +6.217598849e+02 +6.125498849e+02 +6.125498849e+02
92 0 +5.968571653e+02 +5.876471653e+02 +5.876471653e+02
755 0 +5.860664111e+02 +5.768564111e+02 +5.768564111e+02
1289 0 +5.737477419e+02 +5.645377419e+02 +5.645377419e+02
2001 0 +5.616535555e+02 +5.524435555e+02 +5.524435555e+02
2620 0 +5.492289317e+02 +5.400189317e+02 +5.400189317e+02
3161 0 +5.368451806e+02 +5.276351806e+02 +5.276351806e+02
3530 0 +5.229720940e+02 +5.137620940e+02 +5.137620940e+02
4347 0 +5.122194068e+02 +5.030094068e+02 +5.030094068e+02
4761 0 +4.990697095e+02 +4.898597095e+02 +4.898597095e+02
5358 0 +4.896267972e+02 +4.804167972e+02 +4.804167972e+02
5855 0 +4.777408171e+02 +4.685308171e+02 +4.685308171e+02
6358 0 +4.675005119e+02 +4.582905119e+02 +4.582905119e+02
6942 0 +4.538875626e+02 +4.446775626e+02 +4.446775626e+02
7433 0 +4.456184267e+02 +4.364084267e+02 +4.364084267e+02
7936 0 +4.357508480e+02 +4.265408480e+02 +4.265408480e+02
8442 0 +4.258399397e+02 +4.166299397e+02 +4.166299397e+02
8924 0 +4.162435682e+02 +4.070335682e+02 +4.070335682e+02
9510 0 +4.060418050e+02 +3.968318050e+02 +3.968318050e+02
9998 0 +3.977327289e+02 +3.885227289e+02 +3.885227289e+02
10517 0 +3.880559444e+02 +3.788459444e+02 +3.788459444e+02
11002 0 +3.764829606e+02 +3.672729606e+02 +3.672729606e+02
11460 0 +3.709595252e+02 +3.617495252e+02 +3.617495252e+02
11920 0 +3.625869477e+02 +3.533769477e+02 +3.533769477e+02
12437 0 +3.545089278e+02 +3.452989278e+02 +3.452989278e+02
12936 0 +3.458252597e+02 +3.366152597e+02 +3.366152597e+02
13467 0 +3.362133274e+02 +3.270033274e+02 +3.270033274e+02
13916 0 +3.309694160e+02 +3.217594160e+02 +3.217594160e+02
14333 0 +3.232715616e+02 +3.140615616e+02 +3.140615616e+02
14669 0 +3.141778550e+02 +3.049678550e+02 +3.049678550e+02
15347 0 +3.089309143e+02 +2.997209143e+02 +2.997209143e+02
15904 0 +3.004766312e+02 +2.912666312e+02 +2.912666312e+02
16349 0 +2.947317061e+02 +2.855217061e+02 +2.855217061e+02
16868 0 +2.871813522e+02 +2.779713522e+02 +2.779713522e+02
17746 0 +2.811610420e+02 +2.719510420e+02 +2.719510420e+02
18213 0 +2.753765082e+02 +2.661665082e+02 +2.661665082e+02
19177 0 +2.669134451e+02 +2.577034451e+02 +2.577034451e+02
19637 0 +2.628680315e+02 +2.536580315e+02 +2.536580315e+02
20400 0 +2.570328445e+02 +2.478228445e+02 +2.478228445e+02
21067 0 +2.509453708e+02 +2.417353708e+02 +2.417353708e+02
21616 0 +2.448504267e+02 +2.356404267e+02 +2.356404267e+02
22163 0 +2.383523801e+02 +2.291423801e+02 +2.291423801e+02
22607 0 +2.339801936e+02 +2.247701936e+02 +2.247701936e+02
23197 0 +2.287307427e+02 +2.195207427e+02 +2.195207427e+02
23992 0 +2.221753266e+02 +2.129653266e+02 +2.129653266e+02
24723 0 +2.183429155e+02 +2.091329155e+02 +2.091329155e+02
25265 0 +2.122450516e+02 +2.030350516e+02 +2.030350516e+02
25597 0 +2.085090256e+02 +1.992990256e+02 +1.992990256e+02
26137 0 +2.040115285e+02 +1.948015285e+02 +1.948015285e+02
26570 0 +1.987816081e+02 +1.895716081e+02 +1.895716081e+02
27325 0 +1.941623949e+02 +1.849523949e+02 +1.849523949e+02
27536 0 +1.900525836e+02 +1.808425836e+02 +1.808425836e+02
28042 0 +1.856895191e+02 +1.764795191e+02 +1.764795191e+02
28756 0 +1.811758354e+02 +1.719658354e+02 +1.719658354e+02
29257 0 +1.777915040e+02 +1.685815040e+02 +1.685815040e+02
29728 0 +1.735175217e+02 +1.643075217e+02 +1.643075217e+02
30505 0 +1.693556789e+02 +1.601456789e+02 +1.601456789e+02
30928 0 +1.654203033e+02 +1.562103033e+02 +1.562103033e+02
31554 0 +1.618385458e+02 +1.526285458e+02 +1.526285458e+02
31883 0 +1.576625696e+02 +1.484525696e+02 +1.484525696e+02
32407 0 +1.546476971e+02 +1.454376971e+02 +1.454376971e+02
32970 0 +1.508502959e+02 +1.416402959e+02 +1.416402959e+02
33318 0 +1.473425021e+02 +1.381325021e+02 +1.381325021e+02
33688 0 +1.427702218e+02 +1.335602218e+02 +1.335602218e+02
34125 0 +1.397909693e+02 +1.305809693e+02 +1.305809693e+02
34471 0 +1.379509724e+02 +1.287409724e+02 +1.287409724e+02
34781 0 +1.339468356e+02 +1.247368356e+02 +1.247368356e+02
35557 0 +1.317189669e+02 +1.225089669e+02 +1.225089669e+02
35877 0 +1.286470781e+02 +1.194370781e+02 +1.194370781e+02
36188 0 +1.255496153e+02 +1.163396153e+02 +1.163396153e+02
36832 0 +1.225292281e+02 +1.133192281e+02 +1.133192281e+02
37458 0 +1.191107625e+02 +1.099007625e+02 +1.099007625e+02
37885 0 +1.164802078e+02 +1.072702078e+02 +1.072702078e+02
38247 0 +1.147221071e+02 +1.055121071e+02 +1.055121071e+02
38877 0 +1.111488353e+02 +1.019388353e+02 +1.019388353e+02
39213 0 +1.094333342e+02 +1.002233342e+02 +1.002233342e+02
39646 0 +1.071053834e+02 +9.789538340e+01 +9.789538340e+01
% f evaluations | g evaluations | best noise-free fitness - Fopt (6.559900000000e+02) + sum g_i+ | measured fitness | best measured fitness or single-digit g-values | x1 | x2...
1 0 +8.020239238e+02 +1.458013924e+03 +1.458013924e+03
2 0 +7.317483305e+02 +1.387738330e+03 +1.387738330e+03
4 0 +7.213944427e+02 +1.377384443e+03 +1.377384443e+03
6 0 +6.553272305e+02 +1.311317230e+03 +1.311317230e+03
61 0 +5.234532548e+02 +1.179443255e+03 +1.179443255e+03
1194 0 +5.097402287e+02 +1.165730229e+03 +1.165730229e+03
1731 0 +5.002631304e+02 +1.156253130e+03 +1.156253130e+03
2288 0 +4.875773577e+02 +1.143567358e+03 +1.143567358e+03
2778 0 +4.781410130e+02 +1.134131013e+03 +1.134131013e+03
3278 0 +4.648973990e+02 +1.120887399e+03 +1.120887399e+03
3711 0 +4.553331981e+02 +1.111323198e+03 +1.111323198e+03
4062 0 +4.463631973e+02 +1.102353197e+03 +1.102353197e+03
4479 0 +4.363332686e+02 +1.092323269e+03 +1.092323269e+03
5052 0 +4.265046999e+02 +1.082494700e+03 +1.082494700e+03
5455 0 +4.162315591e+02 +1.072221559e+03 +1.072221559e+03
5962 0 +4.052624099e+02 +1.061252410e+03 +1.061252410e+03
6154 0 +3.962552284e+02 +1.052245228e+03 +1.052245228e+03
6676 0 +3.880243463e+02 +1.044014346e+03 +1.044014346e+03
6948 0 +3.788078650e+02 +1.034797865e+03 +1.034797865e+03
7484 0 +3.710263808e+02 +1.027016381e+03 +1.027016381e+03
7785 0 +3.611682285e+02 +1.017158229e+03 +1.017158229e+03
8159 0 +3.542639823e+02 +1.010253982e+03 +1.010253982e+03
8768 0 +3.467127104e+02 +1.002702710e+03 +1.002702710e+03
9117 0 +3.386908715e+02 +9.946808715e+02 +9.946808715e+02
9511 0 +3.300889316e+02 +9.860789316e+02 +9.860789316e+02
9903 0 +3.230930267e+02 +9.790830267e+02 +9.790830267e+02
10418 0 +3.161729666e+02 +9.721629666e+02 +9.721629666e+02
10646 0 +3.084058992e+02 +9.643958992e+02 +9.643958992e+02
10995 0 +3.016553200e+02 +9.576453200e+02 +9.576453200e+02
11587 0 +2.924843988e+02 +9.484743988e+02 +9.484743988e+02
11893 0 +2.882519766e+02 +9.442419766e+02 +9.442419766e+02
12298 0 +2.813601420e+02 +9.373501420e+02 +9.373501420e+02
12787 0 +2.748426985e+02 +9.308326985e+02 +9.308326985e+02
13182 0 +2.674392947e+02 +9.234292947e+02 +9.234292947e+02
13544 0 +2.623353277e+02 +9.183253277e+02 +9.183253277e+02
13819 0 +2.561100081e+02 +9.121000081e+02 +9.121000081e+02
14303 0 +2.502083104e+02 +9.061983104e+02 +9.061983104e+02
14558 0 +2.453488690e+02 +9.013388690e+02 +9.013388690e+02
14985 0 +2.389442316e+02 +8.949342316e+02 +8.949342316e+02
15369 0 +2.324383114e+02 +8.884283114e+02 +8.884283114e+02
15691 0 +2.285703688e+02 +8.845603688e+02 +8.845603688e+02
16162 0 +2.238104221e+02 +8.798004221e+02 +8.798004221e+02
16550 0 +2.179764697e+02 +8.739664697e+02 +8.739664697e+02
16905 0 +2.122011617e+02 +8.681911617e+02 +8.681911617e+02
17479 0 +2.077972808e+02 +8.637872808e+02 +8.637872808e+02
17958 0 +2.034803594e+02 +8.594703594e+02 +8.594703594e+02
18232 0 +1.993668371e+02 +8.553568371e+02 +8.553568371e+02
18616 0 +1.943169381e+02 +8.503069381e+02 +8.503069381e+02
19026 0 +1.904020285e+02 +8.463920285e+02 +8.463920285e+02
19452 0 +1.846291697e+02 +8.406191697e+02 +8.406191697e+02
19873 0 +1.803975109e+02 +8.363875109e+02 +8.363875109e+02
19983 0 +1.777953076e+02 +8.337853076e+02 +8.337853076e+02
20720 0 +1.722217973e+02 +8.282117973e+02 +8.282117973e+02
21300 0 +1.692805325e+02 +8.252705325e+02 +8.252705325e+02
21598 0 +1.657138405e+02 +8.217038405e+02 +8.217038405e+02
22122 0 +1.613838192e+02 +8.173738192e+02 +8.173738192e+02
22673 0 +1.583454711e+02 +8.143354711e+02 +8.143354711e+02
23266 0 +1.547425097e+02 +8.107325097e+02 +8.107325097e+02
23826 0 +1.511057113e+02 +8.070957113e+02 +8.070957113e+02
23991 0 +1.475585547e+02 +8.035485547e+02 +8.035485547e+02
24460 0 +1.430600039e+02 +7.990500039e+02 +7.990500039e+02
25287 0 +1.400375871e+02 +7.960275871e+02 +7.960275871e+02
25746 0 +1.368640982e+02 +7.928540982e+02 +7.928540982e+02
26341 0 +1.331381376e+02 +7.891281376e+02 +7.891281376e+02
26713 0 +1.315145682e+02 +7.875045682e+02 +7.875045682e+02
27465 0 +1.280205545e+02 +7.840105545e+02 +7.840105545e+02
28411 0 +1.255087610e+02 +7.814987610e+02 +7.814987610e+02
28957 0 +1.220348126e+02 +7.780248126e+02 +7.780248126e+02
29586 0 +1.201355740e+02 +7.761255740e+02 +7.761255740e+02
30106 0 +1.171917318e+02 +7.731817318e+02 +7.731817318e+02
30436 0 +1.130891268e+02 +7.690791268e+02 +7.690791268e+02
31143 0 +1.117625975e+02 +7.677525975e+02 +7.677525975e+02
32060 0 +1.083871207e+02 +7.643771207e+02 +7.643771207e+02
32771 0 +1.070140296e+02 +7.630040296e+02 +7.630040296e+02
33450 0 +1.046955845e+02 +7.606855845e+02 +7.606855845e+02
33963 0 +1.020927464e+02 +7.580827464e+02 +7.580827464e+02
34380 0 +9.981290845e+01 +7.558029084e+02 +7.558029084e+02
35578 0 +9.710867171e+01 +7.530986717e+02 +7.530986717e+02
36829 0 +9.535414340e+01 +7.513441434e+02 +7.513441434e+02
39233 0 +9.316255137e+01 +7.491525514e+02 +7.491525514e+02
% f evaluations | g evaluations | best noise-free fitness - Fopt (6.671000000000e+01) + sum g_i+ | measured fitness | best measured fitness or single-digit g-values | x1 | x2...
1 0 +7.975009285e+02 +8.642109285e+02 +8.642109285e+02
3 0 +7.949069145e+02 +8.616169145e+02 +8.616169145e+02
4 0 +7.846581952e+02 +8.513681952e+02 +8.513681952e+02
5 0 +6.600069786e+02 +7.267169786e+02 +7.267169786e+02
53 0 +6.105041662e+02 +6.772141662e+02 +6.772141662e+02
622 0 +6.021249765e+02 +6.688349765e+02 +6.688349765e+02
1212 0 +5.874818994e+02 +6.541918994e+02 +6.541918994e+02
1786 0 +5.753034257e+02 +6.420134257e+02 +6.420134257e+02
2322 0 +5.622893047e+02 +6.289993047e+02 +6.289993047e+02
2874 0 +5.478449748e+02 +6.145549748e+02 +6.145549748e+02
3448 0 +5.370172718e+02 +6.037272718e+02 +6.037272718e+02
4092 0 +5.247572919e+02 +5.914672919e+02 +5.914672919e+02
4676 0 +5.128602859e+02 +5.795702859e+02 +5.795702859e+02
5258 0 +5.011521368e+02 +5.678621368e+02 +5.678621368e+02
5991 0 +4.890212259e+02 +5.557312259e+02 +5.557312259e+02
6446 0 +4.762602625e+02 +5.429702625e+02 +5.429702625e+02
6932 0 +4.671790977e+02 +5.338890977e+02 +5.338890977e+02
7332 0 +4.560564749e+02 +5.227664749e+02 +5.227664749e+02
7756 0 +4.426003582e+02 +5.093103582e+02 +5.093103582e+02
8324 0 +4.361452064e+02 +5.028552064e+02 +5.028552064e+02
8904 0 +4.262575997e+02 +4.929675997e+02 +4.929675997e+02
9329 0 +4.127646055e+02 +4.794746055e+02 +4.794746055e+02
9809 0 +4.064425501e+02 +4.731525501e+02 +4.731525501e+02
10241 0 +3.978302084e+02 +4.645402084e+02 +4.645402084e+02
10599 0 +3.868563858e+02 +4.535663858e+02 +4.535663858e+02
11027 0 +3.797343456e+02 +4.464443456e+02 +4.464443456e+02
11534 0 +3.714437066e+02 +4.381537066e+02 +4.381537066e+02
11898 0 +3.623469168e+02 +4.290569168e+02 +4.290569168e+02
12203 0 +3.547891166e+02 +4.214991166e+02 +4.214991166e+02
12592 0 +3.446128789e+02 +4.113228789e+02 +4.113228789e+02
12875 0 +3.374366369e+02 +4.041466369e+02 +4.041466369e+02
13456 0 +3.303415740e+02 +3.970515740e+02 +3.970515740e+02
13697 0 +3.212152900e+02 +3.879252900e+02 +3.879252900e+02
13868 0 +3.160213144e+02 +3.827313144e+02 +3.827313144e+02
14464 0 +3.086687800e+02 +3.753787800e+02 +3.753787800e+02
14866 0 +3.011627228e+02 +3.678727228e+02 +3.678727228e+02
15463 0 +2.950502637e+02 +3.617602637e+02 +3.617602637e+02
15753 0 +2.875699792e+02 +3.542799792e+02 +3.542799792e+02
16216 0 +2.816146586e+02 +3.483246586e+02 +3.483246586e+02
16642 0 +2.748580782e+02 +3.415680782e+02 +3.415680782e+02
16835 0 +2.689501822e+02 +3.356601822e+02 +3.356601822e+02
17533 0 +2.617947184e+02 +3.285047184e+02 +3.285047184e+02
18026 0 +2.558640277e+02 +3.225740277e+02 +3.225740277e+02
18441 0 +2.501060513e+02 +3.168160513e+02 +3.168160513e+02
19123 0 +2.441275532e+02 +3.108375532e+02 +3.108375532e+02
19533 0 +2.396528126e+02 +3.063628126e+02 +3.063628126e+02
19840 0 +2.332860582e+02 +2.999960582e+02 +2.999960582e+02
20418 0 +2.287986753e+02 +2.955086753e+02 +2.955086753e+02
20767 0 +2.237869963e+02 +2.904969963e+02 +2.904969963e+02
21401 0 +2.184942503e+02 +2.852042503e+02 +2.852042503e+02
22040 0 +2.135074790e+02 +2.802174790e+02 +2.802174790e+02
22377 0 +2.085495645e+02 +2.752595645e+02 +2.752595645e+02
23209 0 +2.031698457e+02 +2.698798457e+02 +2.698798457e+02
23733 0 +1.984739353e+02 +2.651839353e+02 +2.651839353e+02
24192 0 +1.932114530e+02 +2.599214530e+02 +2.599214530e+02
24677 0 +1.904994098e+02 +2.572094098e+02 +2.572094098e+02
25202 0 +1.855439788e+02 +2.522539788e+02 +2.522539788e+02
25432 0 +1.814699921e+02 +2.481799921e+02 +2.481799921e+02
26170 0 +1.757676030e+02 +2.424776030e+02 +2.424776030e+02
26702 0 +1.736260120e+02 +2.403360120e+02 +2.403360120e+02
27134 0 +1.697628248e+02 +2.364728248e+02 +2.364728248e+02
27733 0 +1.651514022e+02 +2.318614022e+02 +2.318614022e+02
28524 0 +1.615816223e+02 +2.282916223e+02 +2.282916223e+02
29358 0 +1.584336783e+02 +2.251436783e+02 +2.251436783e+02
29875 0 +1.544712509e+02 +2.211812509e+02 +2.211812509e+02
30532 0 +1.502869085e+02 +2.169969085e+02 +2.169969085e+02
31196 0 +1.476191595e+02 +2.143291595e+02 +2.143291595e+02
31767 0 +1.444325528e+02 +2.111425528e+02 +2.111425528e+02
33134 0 +1.410620874e+02 +2.077720874e+02 +2.077720874e+02
33963 0 +1.374687398e+02 +2.041787398e+02 +2.041787398e+02
35039 0 +1.346822511e+02 +2.013922511e+02 +2.013922511e+02
35686 0 +1.314726976e+02 +1.981826976e+02 +1.981826976e+02
36280 0 +1.287560731e+02 +1.954660731e+02 +1.954660731e+02
37009 0 +1.244778620e+02 +1.911878620e+02 +1.911878620e+02
37648 0 +1.228610301e+02 +1.895710301e+02 +1.895710301e+02
38487 0 +1.196486693e+02 +1.863586693e+02 +1.863586693e+02
38924 0 +1.163911577e+02 +1.831011577e+02 +1.831011577e+02
39433 0 +1.146881350e+02 +1.813981350e+02 +1.813981350e+02
% f evaluations | g evaluations | best noise-free fitness - Fopt (9.416700000000e+02) + sum g_i+ | measured fitness | best measured fitness or single-digit g-values | x1 | x2...
1 0 +8.050734721e+02 +1.746743472e+03 +1.746743472e+03
2 0 +5.800479045e+02 +1.521717905e+03 +1.521717905e+03
434 0 +5.742344198e+02 +1.515904420e+03 +1.515904420e+03
1121 0 +5.611771423e+02 +1.502847142e+03 +1.502847142e+03
1619 0 +5.494966056e+02 +1.491166606e+03 +1.491166606e+03
2285 0 +5.351538765e+02 +1.476823876e+03 +1.476823876e+03
2583 0 +5.243639333e+02 +1.466033933e+03 +1.466033933e+03
3235 0 +5.116293382e+02 +1.453299338e+03 +1.453299338e+03
3851 0 +5.010405643e+02 +1.442710564e+03 +1.442710564e+03
4521 0 +4.897106599e+02 +1.431380660e+03 +1.431380660e+03
5053 0 +4.783252513e+02 +1.419995251e+03 +1.419995251e+03
5585 0 +4.668436551e+02 +1.408513655e+03 +1.408513655e+03
6214 0 +4.548392015e+02 +1.396509202e+03 +1.396509202e+03
6856 0 +4.449339182e+02 +1.386603918e+03 +1.386603918e+03
7446 0 +4.353155842e+02 +1.376985584e+03 +1.376985584e+03
7954 0 +4.263573119e+02 +1.368027312e+03 +1.368027312e+03
8531 0 +4.164936915e+02 +1.358163692e+03 +1.358163692e+03
9171 0 +4.071786091e+02 +1.348848609e+03 +1.348848609e+03
9740 0 +3.964080849e+02 +1.338078085e+03 +1.338078085e+03
10413 0 +3.876657028e+02 +1.329335703e+03 +1.329335703e+03
10811 0 +3.791125145e+02 +1.320782514e+03 +1.320782514e+03
11674 0 +3.708229214e+02 +1.312492921e+03 +1.312492921e+03
12102 0 +3.601455405e+02 +1.301815540e+03 +1.301815540e+03
12607 0 +3.546687395e+02 +1.296338740e+03 +1.296338740e+03
13297 0 +3.466112656e+02 +1.288281266e+03 +1.288281266e+03
13634 0 +3.382718718e+02 +1.279941872e+03 +1.279941872e+03
14443 0 +3.309860289e+02 +1.272656029e+03 +1.272656029e+03
14980 0 +3.223943853e+02 +1.264064385e+03 +1.264064385e+03
15484 0 +3.161782788e+02 +1.257848279e+03 +1.257848279e+03
16191 0 +3.087261886e+02 +1.250396189e+03 +1.250396189e+03
16649 0 +3.002221733e+02 +1.241892173e+03 +1.241892173e+03
17410 0 +2.948378561e+02 +1.236507856e+03 +1.236507856e+03
17740 0 +2.875555445e+02 +1.229225545e+03 +1.229225545e+03
18464 0 +2.818058100e+02 +1.223475810e+03 +1.223475810e+03
19341 0 +2.728187826e+02 +1.214488783e+03 +1.214488783e+03
19943 0 +2.690480555e+02 +1.210718056e+03 +1.210718056e+03
20460 0 +2.628060380e+02 +1.204476038e+03 +1.204476038e+03
21128 0 +2.569368547e+02 +1.198606855e+03 +1.198606855e+03
21694 0 +2.509483496e+02 +1.192618350e+03 +1.192618350e+03
22450 0 +2.434604834e+02 +1.185130483e+03 +1.185130483e+03
23286 0 +2.380011217e+02 +1.179671122e+03 +1.179671122e+03
23969 0 +2.343020904e+02 +1.175972090e+03 +1.175972090e+03
24685 0 +2.284021697e+02 +1.170072170e+03 +1.170072170e+03
25421 0 +2.237647121e+02 +1.165434712e+03 +1.165434712e+03
26052 0 +2.185231253e+02 +1.160193125e+03 +1.160193125e+03
26834 0 +2.133629735e+02 +1.155032974e+03 +1.155032974e+03
27785 0 +2.089268471e+02 +1.150596847e+03 +1.150596847e+03
28209 0 +2.036438181e+02 +1.145313818e+03 +1.145313818e+03
28749 0 +1.988844019e+02 +1.140554402e+03 +1.140554402e+03
29374 0 +1.945230286e+02 +1.136193029e+03 +1.136193029e+03
30023 0 +1.901485021e+02 +1.131818502e+03 +1.131818502e+03
31011 0 +1.860679372e+02 +1.127737937e+03 +1.127737937e+03
31882 0 +1.818596660e+02 +1.123529666e+03 +1.123529666e+03
32340 0 +1.768291627e+02 +1.118499163e+03 +1.118499163e+03
32948 0 +1.722307587e+02 +1.113900759e+03 +1.113900759e+03
33396 0 +1.697351125e+02 +1.111405113e+03 +1.111405113e+03
34096 0 +1.655715692e+02 +1.107241569e+03 +1.107241569e+03
34851 0 +1.602750802e+02 +1.101945080e+03 +1.101945080e+03
35764 0 +1.581942802e+02 +1.099864280e+03 +1.099864280e+03
36801 0 +1.548177301e+02 +1.096487730e+03 +1.096487730e+03
37056 0 +1.510633873e+02 +1.092733387e+03 +1.092733387e+03
37356 0 +1.475657025e+02 +1.089235702e+03 +1.089235702e+03
38200 0 +1.443628854e+02 +1.086032885e+03 +1.086032885e+03
38747 0 +1.411783442e+02 +1.082848344e+03 +1.082848344e+03
39346 0 +1.374163276e+02 +1.079086328e+03 +1.079086328e+03
% f evaluations | g evaluations | best noise-free fitness - Fopt (-3.745000000000e+01) + sum g_i+ | measured fitness | best measured fitness or single-digit g-values | x1 | x2...
1 0 +9.414560991e+02 +9.040060991e+02 +9.040060991e+02
2 0 +8.586061305e+02 +8.211561305e+02 +8.211561305e+02
3 0 +8.262294111e+02 +7.887794111e+02 +7.887794111e+02
4 0 +6.154517316e+02 +5.780017316e+02 +5.780017316e+02
900 0 +6.023360760e+02 +5.648860760e+02 +5.648860760e+02
1494 0 +5.854499777e+02 +5.479999777e+02 +5.479999777e+02
2008 0 +5.736602291e+02 +5.362102291e+02 +5.362102291e+02
2675 0 +5.603289616e+02 +5.228789616e+02 +5.228789616e+02
3192 0 +5.475029188e+02 +5.100529188e+02 +5.100529188e+02
3864 0 +5.357642150e+02 +4.983142150e+02 +4.983142150e+02
4502 0 +5.246669645e+02 +4.872169645e+02 +4.872169645e+02
4882 0 +5.112912083e+02 +4.738412083e+02 +4.738412083e+02
5448 0 +5.002875038e+02 +4.628375038e+02 +4.628375038e+02
5995 0 +4.890908812e+02 +4.516408812e+02 +4.516408812e+02
6470 0 +4.770291876e+02 +4.395791876e+02 +4.395791876e+02
7158 0 +4.674610024e+02 +4.300110024e+02 +4.300110024e+02
7751 0 +4.564294095e+02 +4.189794095e+02 +4.189794095e+02
8326 0 +4.442872401e+02 +4.068372401e+02 +4.068372401e+02
8915 0 +4.358337111e+02 +3.983837111e+02 +3.983837111e+02
9414 0 +4.245811978e+02 +3.871311978e+02 +3.871311978e+02
10108 0 +4.168473520e+02 +3.793973520e+02 +3.793973520e+02
10521 0 +4.034302882e+02 +3.659802882e+02 +3.659802882e+02
11093 0 +3.979664509e+02 +3.605164509e+02 +3.605164509e+02
11609 0 +3.863891120e+02 +3.489391120e+02 +3.489391120e+02
12015 0 +3.791634306e+02 +3.417134306e+02 +3.417134306e+02
12497 0 +3.709337140e+02 +3.334837140e+02 +3.334837140e+02
13094 0 +3.616369717e+02 +3.241869717e+02 +3.241869717e+02
13397 0 +3.528747781e+02 +3.154247781e+02 +3.154247781e+02
13883 0 +3.464702861e+02 +3.090202861e+02 +3.090202861e+02
14367 0 +3.373588622e+02 +2.999088622e+02 +2.999088622e+02
14729 0 +3.309425035e+02 +2.934925035e+02 +2.934925035e+02
15283 0 +3.225428725e+02 +2.850928725e+02 +2.850928725e+02
15698 0 +3.149077144e+02 +2.774577144e+02 +2.774577144e+02
15935 0 +3.053336661e+02 +2.678836661e+02 +2.678836661e+02
16091 0 +3.010529286e+02 +2.636029286e+02 +2.636029286e+02
16606 0 +2.950465559e+02 +2.575965559e+02 +2.575965559e+02
16838 0 +2.867714445e+02 +2.493214445e+02 +2.493214445e+02
17109 0 +2.814224321e+02 +2.439724321e+02 +2.439724321e+02
17370 0 +2.753622086e+02 +2.379122086e+02 +2.379122086e+02
17784 0 +2.689951576e+02 +2.315451576e+02 +2.315451576e+02
18052 0 +2.627937190e+02 +2.253437190e+02 +2.253437190e+02
18473 0 +2.559883173e+02 +2.185383173e+02 +2.185383173e+02
18845 0 +2.494712684e+02 +2.120212684e+02 +2.120212684e+02
19281 0 +2.435794633e+02 +2.061294633e+02 +2.061294633e+02
19684 0 +2.392225337e+02 +2.017725337e+02 +2.017725337e+02
19984 0 +2.333325797e+02 +1.958825797e+02 +1.958825797e+02
20111 0 +2.290002663e+02 +1.915502663e+02 +1.915502663e+02
20812 0 +2.229290723e+02 +1.854790723e+02 +1.854790723e+02
21127 0 +2.184566278e+02 +1.810066278e+02 +1.810066278e+02
21455 0 +2.125422890e+02 +1.750922890e+02 +1.750922890e+02
21849 0 +2.089120344e+02 +1.714620344e+02 +1.714620344e+02
22402 0 +2.017024632e+02 +1.642524632e+02 +1.642524632e+02
22772 0 +1.990326222e+02 +1.615826222e+02 +1.615826222e+02
23432 0 +1.939579176e+02 +1.565079176e+02 +1.565079176e+02
23939 0 +1.905029429e+02 +1.530529429e+02 +1.530529429e+02
24724 0 +1.855264034e+02 +1.480764034e+02 +1.480764034e+02
25161 0 +1.819560763e+02 +1.445060763e+02 +1.445060763e+02
25528 0 +1.765034187e+02 +1.390534187e+02 +1.390534187e+02
25905 0 +1.719167241e+02 +1.344667241e+02 +1.344667241e+02
26319 0 +1.691658421e+02 +1.317158421e+02 +1.317158421e+02
26645 0 +1.655396240e+02 +1.280896240e+02 +1.280896240e+02
27433 0 +1.600772168e+02 +1.226272168e+02 +1.226272168e+02
27864 0 +1.584740046e+02 +1.210240046e+02 +1.210240046e+02
28230 0 +1.542578261e+02 +1.168078261e+02 +1.168078261e+02
28663 0 +1.504804729e+02 +1.130304729e+02 +1.130304729e+02
29398 0 +1.478070970e+02 +1.103570970e+02 +1.103570970e+02
30023 0 +1.437640628e+02 +1.063140628e+02 +1.063140628e+02
30711 0 +1.410446863e+02 +1.035946863e+02 +1.035946863e+02
31786 0 +1.378669543e+02 +1.004169543e+02 +1.004169543e+02
32395 0 +1.337920610e+02 +9.634206095e+01 +9.634206095e+01
32689 0 +1.316566756e+02 +9.420667562e+01 +9.420667562e+01
33338 0 +1.280958435e+02 +9.064584352e+01 +9.064584352e+01
34462 0 +1.250478909e+02 +8.759789088e+01 +8.759789088e+01
34856 0 +1.224753237e+02 +8.502532372e+01 +8.502532372e+01
35927 0 +1.192825574e+02 +8.183255739e+01 +8.183255739e+01
36227 0 +1.172281138e+02 +7.977811381e+01 +7.977811381e+01
37286 0 +1.138570192e+02 +7.640701925e+01 +7.640701925e+01
38080 0 +1.117005611e+02 +7.425056108e+01 +7.425056108e+01
39087 0 +1.087059868e+02 +7.125598677e+01 +7.125598677e+01
% f evaluations | g evaluations | best noise-free fitness - Fopt (-1.226500000000e+02) + sum g_i+ | measured fitness | best measured fitness or single-digit g-values | x1 | x2...
1 0 +7.807320289e+02 +6.580820289e+02 +6.580820289e+02
2 0 +6.796717324e+02 +5.570217324e+02 +5.570217324e+02
4 0 +6.337073836e+02 +5.110573836e+02 +5.110573836e+02
27 0 +5.771436904e+02 +4.544936904e+02 +4.544936904e+02
131 0 +5.749413698e+02 +4.522913698e+02 +4.522913698e+02
819 0 +5.621050175e+02 +4.394550175e+02 +4.394550175e+02
1435 0 +5.476986873e+02 +4.250486873e+02 +4.250486873e+02
1797 0 +5.369056113e+02 +4.142556113e+02 +4.142556113e+02
2350 0 +5.238362882e+02 +4.011862882e+02 +4.011862882e+02
2903 0 +5.128441660e+02 +3.901941660e+02 +3.901941660e+02
3473 0 +5.003191482e+02 +3.776691482e+02 +3.776691482e+02
3834 0 +4.887379008e+02 +3.660879008e+02 +3.660879008e+02
4359 0 +4.768335404e+02 +3.541835404e+02 +3.541835404e+02
4756 0 +4.662451995e+02 +3.435951995e+02 +3.435951995e+02
5458 0 +4.552586367e+02 +3.326086367e+02 +3.326086367e+02
5949 0 +4.458542476e+02 +3.232042476e+02 +3.232042476e+02
6557 0 +4.361139829e+02 +3.134639829e+02 +3.134639829e+02
7080 0 +4.263339257e+02 +3.036839257e+02 +3.036839257e+02
7675 0 +4.161510378e+02 +2.935010378e+02 +2.935010378e+02
8226 0 +4.066909433e+02 +2.840409433e+02 +2.840409433e+02
8894 0 +3.979466429e+02 +2.752966429e+02 +2.752966429e+02
9315 0 +3.888593821e+02 +2.662093821e+02 +2.662093821e+02
9716 0 +3.792573194e+02 +2.566073194e+02 +2.566073194e+02
10302 0 +3.709648510e+02 +2.483148510e+02 +2.483148510e+02
10995 0 +3.616739550e+02 +2.390239550e+02 +2.390239550e+02
11518 0 +3.545364263e+02 +2.318864263e+02 +2.318864263e+02
12212 0 +3.457149033e+02 +2.230649033e+02 +2.230649033e+02
12732 0 +3.376078003e+02 +2.149578003e+02 +2.149578003e+02
13311 0 +3.299249284e+02 +2.072749284e+02 +2.072749284e+02
13822 0 +3.235642623e+02 +2.009142623e+02 +2.009142623e+02
14460 0 +3.153731923e+02 +1.927231923e+02 +1.927231923e+02
14890 0 +3.088142745e+02 +1.861642745e+02 +1.861642745e+02
15546 0 +3.015366844e+02 +1.788866844e+02 +1.788866844e+02
16040 0 +2.949330653e+02 +1.722830653e+02 +1.722830653e+02
16621 0 +2.871683800e+02 +1.645183800e+02 +1.645183800e+02
17253 0 +2.818342284e+02 +1.591842284e+02 +1.591842284e+02
17831 0 +2.752465858e+02 +1.525965858e+02 +1.525965858e+02
18520 0 +2.686975916e+02 +1.460475916e+02 +1.460475916e+02
19052 0 +2.628358317e+02 +1.401858317e+02 +1.401858317e+02
19540 0 +2.557884862e+02 +1.331384862e+02 +1.331384862e+02
20137 0 +2.506055796e+02 +1.279555796e+02 +1.279555796e+02
20798 0 +2.450694983e+02 +1.224194983e+02 +1.224194983e+02
21300 0 +2.397549695e+02 +1.171049695e+02 +1.171049695e+02
21980 0 +2.343776969e+02 +1.117276969e+02 +1.117276969e+02
22782 0 +2.283006046e+02 +1.056506046e+02 +1.056506046e+02
23330 0 +2.237056709e+02 +1.010556709e+02 +1.010556709e+02
23740 0 +2.185732892e+02 +9.592328921e+01 +9.592328921e+01
24479 0 +2.125692007e+02 +8.991920067e+01 +8.991920067e+01
25128 0 +2.074721727e+02 +8.482217266e+01 +8.482217266e+01
25391 0 +2.041060859e+02 +8.145608590e+01 +8.145608590e+01
25867 0 +1.990986181e+02 +7.644861808e+01 +7.644861808e+01
26451 0 +1.947906946e+02 +7.214069459e+01 +7.214069459e+01
26778 0 +1.902265470e+02 +6.757654705e+01 +6.757654705e+01
27206 0 +1.846325455e+02 +6.198254552e+01 +6.198254552e+01
27583 0 +1.815918351e+02 +5.894183511e+01 +5.894183511e+01
27714 0 +1.773277115e+02 +5.467771152e+01 +5.467771152e+01
28014 0 +1.730942769e+02 +5.044427693e+01 +5.044427693e+01
28873 0 +1.696178083e+02 +4.696780827e+01 +4.696780827e+01
29451 0 +1.652022543e+02 +4.255225426e+01 +4.255225426e+01
29895 0 +1.611251246e+02 +3.847512463e+01 +3.847512463e+01
30207 0 +1.583026912e+02 +3.565269115e+01 +3.565269115e+01
30792 0 +1.541385288e+02 +3.148852877e+01 +3.148852877e+01
31141 0 +1.510006939e+02 +2.835069393e+01 +2.835069393e+01
31399 0 +1.470864272e+02 +2.443642722e+01 +2.443642722e+01
32029 0 +1.443750505e+02 +2.172505054e+01 +2.172505054e+01
32596 0 +1.393561841e+02 +1.670618409e+01 +1.670618409e+01
32788 0 +1.363505151e+02 +1.370051507e+01 +1.370051507e+01
33722 0 +1.345031449e+02 +1.185314493e+01 +1.185314493e+01
34795 0 +1.311254955e+02 +8.475495480e+00 +8.475495480e+00
35642 0 +1.279643738e+02 +5.314373820e+00 +5.314373820e+00
36453 0 +1.258229791e+02 +3.172979078e+00 +3.172979078e+00
38935 0 +1.229940847e+02 +3.440846526e-01 +3.440846526e-01
39487 0 +1.186495400e+02 -4.000459990e+00 -4.000459990e+00
% f evaluations | g evaluations | best noise-free fitness - Fopt (-4.726000000000e+01) + sum g_i+ | measured fitness | best measured fitness or single-digit g-values | x1 | x2...
1 0 +8.116959271e+02 +7.644359271e+02 +7.644359271e+02
2 0 +7.076515883e+02 +6.603915883e+02 +6.603915883e+02
9 0 +6.522135205e+02 +6.049535205e+02 +6.049535205e+02
39 0 +6.092660151e+02 +5.620060151e+02 +5.620060151e+02
74 0 +5.651552356e+02 +5.178952356e+02 +5.178952356e+02
220 0 +5.607414161e+02 +5.134814161e+02 +5.134814161e+02
904 0 +5.470684700e+02 +4.998084700e+02 +4.998084700e+02
1397 0 +5.364385485e+02 +4.891785485e+02 +4.891785485e+02
1902 0 +5.246759305e+02 +4.774159305e+02 +4.774159305e+02
2630 0 +5.126642327e+02 +4.654042327e+02 +4.654042327e+02
3103 0 +5.005476902e+02 +4.532876902e+02 +4.532876902e+02
3652 0 +4.888871177e+02 +4.416271177e+02 +4.416271177e+02
4412 0 +4.780662417e+02 +4.308062417e+02 +4.308062417e+02
4819 0 +4.676127952e+02 +4.203527952e+02 +4.203527952e+02
5354 0 +4.565247567e+02 +4.092647567e+02 +4.092647567e+02
5760 0 +4.465010251e+02 +3.992410251e+02 +3.992410251e+02
6326 0 +4.356197185e+02 +3.883597185e+02 +3.883597185e+02
6741 0 +4.260015464e+02 +3.787415464e+02 +3.787415464e+02
7332 0 +4.160736519e+02 +3.688136519e+02 +3.688136519e+02
7674 0 +4.046458558e+02 +3.573858558e+02 +3.573858558e+02
8048 0 +3.969888018e+02 +3.497288018e+02 +3.497288018e+02
8547 0 +3.879268550e+02 +3.406668550e+02 +3.406668550e+02
9021 0 +3.787266674e+02 +3.314666674e+02 +3.314666674e+02
9452 0 +3.713144331e+02 +3.240544331e+02 +3.240544331e+02
10006 0 +3.614776013e+02 +3.142176013e+02 +3.142176013e+02
10647 0 +3.546137073e+02 +3.073537073e+02 +3.073537073e+02
11117 0 +3.438797643e+02 +2.966197643e+02 +2.966197643e+02
11677 0 +3.383821476e+02 +2.911221476e+02 +2.911221476e+02
12277 0 +3.302034800e+02 +2.829434800e+02 +2.829434800e+02
12907 0 +3.232597525e+02 +2.759997525e+02 +2.759997525e+02
13602 0 +3.161171463e+02 +2.688571463e+02 +2.688571463e+02
14173 0 +3.080601892e+02 +2.608001892e+02 +2.608001892e+02
14951 0 +3.010117615e+02 +2.537517615e+02 +2.537517615e+02
15638 0 +2.945953531e+02 +2.473353531e+02 +2.473353531e+02
16347 0 +2.873434531e+02 +2.400834531e+02 +2.400834531e+02
16965 0 +2.810548071e+02 +2.337948071e+02 +2.337948071e+02
17898 0 +2.753127774e+02 +2.280527774e+02 +2.280527774e+02
18603 0 +2.680428772e+02 +2.207828772e+02 +2.207828772e+02
19022 0 +2.630073619e+02 +2.157473619e+02 +2.157473619e+02
20086 0 +2.561078522e+02 +2.088478522e+02 +2.088478522e+02
20654 0 +2.501478362e+02 +2.028878362e+02 +2.028878362e+02
21189 0 +2.453922807e+02 +1.981322807e+02 +1.981322807e+02
21985 0 +2.397337682e+02 +1.924737682e+02 +1.924737682e+02
22352 0 +2.332108694e+02 +1.859508694e+02 +1.859508694e+02
22891 0 +2.286799990e+02 +1.814199990e+02 +1.814199990e+02
23578 0 +2.216294667e+02 +1.743694667e+02 +1.743694667e+02
24170 0 +2.178505917e+02 +1.705905917e+02 +1.705905917e+02
24656 0 +2.132807405e+02 +1.660207405e+02 +1.660207405e+02
25202 0 +2.081833673e+02 +1.609233673e+02 +1.609233673e+02
26059 0 +2.029965291e+02 +1.557365291e+02 +1.557365291e+02
26831 0 +1.994085798e+02 +1.521485798e+02 +1.521485798e+02
27270 0 +1.940458727e+02 +1.467858727e+02 +1.467858727e+02
27981 0 +1.896197428e+02 +1.423597428e+02 +1.423597428e+02
28535 0 +1.858606517e+02 +1.386006517e+02 +1.386006517e+02
29303 0 +1.815033491e+02 +1.342433491e+02 +1.342433491e+02
29902 0 +1.775188282e+02 +1.302588282e+02 +1.302588282e+02
30496 0 +1.728584899e+02 +1.255984899e+02 +1.255984899e+02
31311 0 +1.696143591e+02 +1.223543591e+02 +1.223543591e+02
32259 0 +1.659044646e+02 +1.186444646e+02 +1.186444646e+02
32754 0 +1.613323473e+02 +1.140723473e+02 +1.140723473e+02
33586 0 +1.574280546e+02 +1.101680546e+02 +1.101680546e+02
33840 0 +1.543493035e+02 +1.070893035e+02 +1.070893035e+02
34633 0 +1.511607622e+02 +1.039007622e+02 +1.039007622e+02
36455 0 +1.478625408e+02 +1.006025408e+02 +1.006025408e+02
37103 0 +1.434432011e+02 +9.618320107e+01 +9.618320107e+01
37472 0 +1.405369458e+02 +9.327694576e+01 +9.327694576e+01
37753 0 +1.376601838e+02 +9.040018375e+01 +9.040018375e+01
38852 0 +1.348891275e+02 +8.762912749e+01 +8.762912749e+01
39445 0 +1.317781639e+02 +8.451816391e+01 +8.451816391e+01
% f evaluations | g evaluations | best noise-free fitness - Fopt (-2.292300000000e+02) + sum g_i+ | measured fitness | best measured fitness or single-digit g-values | x1 | x2...
1 0 +8.302169447e+02 +6.009869447e+02 +6.009869447e+02
2 0 +8.221477820e+02 +5.929177820e+02 +5.929177820e+02
4 0 +8.051827634e+02 +5.759527634e+02 +5.759527634e+02
8 0 +7.248347836e+02 +4.956047836e+02 +4.956047836e+02
9 0 +6.933424683e+02 +4.641124683e+02 +4.641124683e+02
15 0 +6.671029768e+02 +4.378729768e+02 +4.378729768e+02
18 0 +5.541143922e+02 +3.248843922e+02 +3.248843922e+02
304 0 +5.478652377e+02 +3.186352377e+02 +3.186352377e+02
899 0 +5.360140428e+02 +3.067840428e+02 +3.067840428e+02
1440 0 +5.241716498e+02 +2.949416498e+02 +2.949416498e+02
1905 0 +5.115290352e+02 +2.822990352e+02 +2.822990352e+02
2512 0 +5.007727482e+02 +2.715427482e+02 +2.715427482e+02
2985 0 +4.886590775e+02 +2.594290775e+02 +2.594290775e+02
3648 0 +4.784091546e+02 +2.491791546e+02 +2.491791546e+02
3989 0 +4.641507146e+02 +2.349207146e+02 +2.349207146e+02
4464 0 +4.568968975e+02 +2.276668975e+02 +2.276668975e+02
5000 0 +4.465818961e+02 +2.173518961e+02 +2.173518961e+02
5555 0 +4.353046806e+02 +2.060746806e+02 +2.060746806e+02
6051 0 +4.262097440e+02 +1.969797440e+02 +1.969797440e+02
6643 0 +4.162717377e+02 +1.870417377e+02 +1.870417377e+02
7265 0 +4.064738062e+02 +1.772438062e+02 +1.772438062e+02
7706 0 +3.960110883e+02 +1.667810883e+02 +1.667810883e+02
8259 0 +3.889608915e+02 +1.597308915e+02 +1.597308915e+02
8753 0 +3.785070484e+02 +1.492770484e+02 +1.492770484e+02
9274 0 +3.711738019e+02 +1.419438019e+02 +1.419438019e+02
9767 0 +3.629141678e+02 +1.336841678e+02 +1.336841678e+02
10295 0 +3.539697325e+02 +1.247397325e+02 +1.247397325e+02
10812 0 +3.464713359e+02 +1.172413359e+02 +1.172413359e+02
11288 0 +3.386505925e+02 +1.094205925e+02 +1.094205925e+02
11689 0 +3.281387309e+02 +9.890873092e+01 +9.890873092e+01
11988 0 +3.229221162e+02 +9.369211619e+01 +9.369211619e+01
12587 0 +3.159715406e+02 +8.674154059e+01 +8.674154059e+01
13079 0 +3.082411270e+02 +7.901112701e+01 +7.901112701e+01
13548 0 +3.007521964e+02 +7.152219640e+01 +7.152219640e+01
14070 0 +2.946576328e+02 +6.542763283e+01 +6.542763283e+01
14393 0 +2.871437695e+02 +5.791376951e+01 +5.791376951e+01
14757 0 +2.809008714e+02 +5.167087139e+01 +5.167087139e+01
14976 0 +2.748498759e+02 +4.561987587e+01 +4.561987587e+01
15607 0 +2.686929854e+02 +3.946298543e+01 +3.946298543e+01
15928 0 +2.618419500e+02 +3.261195003e+01 +3.261195003e+01
16307 0 +2.569858862e+02 +2.775588619e+01 +2.775588619e+01
16476 0 +2.511445367e+02 +2.191453668e+01 +2.191453668e+01
16937 0 +2.450449906e+02 +1.581499059e+01 +1.581499059e+01
17445 0 +2.384521539e+02 +9.222153929e+00 +9.222153929e+00
18021 0 +2.337555433e+02 +4.525543283e+00 +4.525543283e+00
18247 0 +2.287538613e+02 -4.761387497e-01 -4.761387497e-01
18886 0 +2.238556708e+02 -5.374329195e+00 -5.374329195e+00
19281 0 +2.183458504e+02 -1.088414959e+01 -1.088414959e+01
19711 0 +2.116218165e+02 -1.760818346e+01 -1.760818346e+01
20229 0 +2.072285509e+02 -2.200144910e+01 -2.200144910e+01
20735 0 +2.040624662e+02 -2.516753381e+01 -2.516753381e+01
21163 0 +1.985284467e+02 -3.070155326e+01 -3.070155326e+01
21506 0 +1.934963641e+02 -3.573363589e+01 -3.573363589e+01
21666 0 +1.903136861e+02 -3.891631388e+01 -3.891631388e+01
22458 0 +1.843459941e+02 -4.488400586e+01 -4.488400586e+01
22975 0 +1.796623594e+02 -4.956764057e+01 -4.956764057e+01
23186 0 +1.762069937e+02 -5.302300629e+01 -5.302300629e+01
23840 0 +1.733643624e+02 -5.586563763e+01 -5.586563763e+01
24254 0 +1.683618018e+02 -6.086819822e+01 -6.086819822e+01
24922 0 +1.655134686e+02 -6.371653144e+01 -6.371653144e+01
25179 0 +1.617255538e+02 -6.750444615e+01 -6.750444615e+01
25529 0 +1.581169360e+02 -7.111306399e+01 -7.111306399e+01
26192 0 +1.533002162e+02 -7.592978376e+01 -7.592978376e+01
26667 0 +1.512808275e+02 -7.794917254e+01 -7.794917254e+01
26930 0 +1.466847176e+02 -8.254528237e+01 -8.254528237e+01
27347 0 +1.440529083e+02 -8.517709172e+01 -8.517709172e+01
27562 0 +1.405063755e+02 -8.872362452e+01 -8.872362452e+01
28256 0 +1.378042806e+02 -9.142571943e+01 -9.142571943e+01
28824 0 +1.347616934e+02 -9.446830662e+01 -9.446830662e+01
29489 0 +1.316946604e+02 -9.753533955e+01 -9.753533955e+01
29944 0 +1.278369136e+02 -1.013930864e+02 -1.013930864e+02
30027 0 +1.252393477e+02 -1.039906523e+02 -1.039906523e+02
31021 0 +1.221810614e+02 -1.070489386e+02 -1.070489386e+02
31233 0 +1.193576894e+02 -1.098723106e+02 -1.098723106e+02
31727 0 +1.165772177e+02 -1.126527823e+02 -1.126527823e+02
32793 0 +1.146068259e+02 -1.146231741e+02 -1.146231741e+02
33347 0 +1.107266794e+02 -1.185033206e+02 -1.185033206e+02
33797 0 +1.094197390e+02 -1.198102610e+02 -1.198102610e+02
34486 0 +1.068903172e+02 -1.223396828e+02 -1.223396828e+02
35021 0 +1.034045858e+02 -1.258254142e+02 -1.258254142e+02
35756 0 +1.022598752e+02 -1.269701248e+02 -1.269701248e+02
36572 0 +9.863351008e+01 -1.305964899e+02 -1.305964899e+02
36831 0 +9.679495032e+01 -1.324350497e+02 -1.324350497e+02
37302 0 +9.484481705e+01 -1.343851830e+02 -1.343851830e+02
37724 0 +9.204463018e+01 -1.371853698e+02 -1.371853698e+02
37854 0 +9.049902822e+01 -1.387309718e+02 -1.387309718e+02
38748 0 +8.823836235e+01 -1.409916377e+02 -1.409916377e+02
39615 0 +8.691981118e+01 -1.423101888e+02 -1.423101888e+02
% f evaluations | g evaluations | best noise-free fitness - Fopt (-8.745000000000e+01) + sum g_i+ | measured fitness | best measured fitness or single-digit g-values | x1 | x2...
1 0 +8.095307747e+02 +7.220807747e+02 +7.220807747e+02
2 0 +6.550968247e+02 +5.676468247e+02 +5.676468247e+02
39 0 +6.047393148e+02 +5.172893148e+02 +5.172893148e+02
228 0 +6.001927076e+02 +5.127427076e+02 +5.127427076e+02
712 0 +5.886301156e+02 +5.011801156e+02 +5.011801156e+02
1319 0 +5.752229242e+02 +4.877729242e+02 +4.877729242e+02
1905 0 +5.607347725e+02 +4.732847725e+02 +4.732847725e+02
2576 0 +5.484623088e+02 +4.610123088e+02 +4.610123088e+02
3153 0 +5.368313481e+02 +4.493813481e+02 +4.493813481e+02
3577 0 +5.238313655e+02 +4.363813655e+02 +4.363813655e+02
4087 0 +5.102679156e+02 +4.228179156e+02 +4.228179156e+02
4562 0 +5.005222060e+02 +4.130722060e+02 +4.130722060e+02
5060 0 +4.894962788e+02 +4.020462788e+02 +4.020462788e+02
5595 0 +4.781463158e+02 +3.906963158e+02 +3.906963158e+02
6253 0 +4.662314362e+02 +3.787814362e+02 +3.787814362e+02
6663 0 +4.569468389e+02 +3.694968389e+02 +3.694968389e+02
7231 0 +4.459787111e+02 +3.585287111e+02 +3.585287111e+02
7797 0 +4.358099482e+02 +3.483599482e+02 +3.483599482e+02
8266 0 +4.257730586e+02 +3.383230586e+02 +3.383230586e+02
8972 0 +4.163697381e+02 +3.289197381e+02 +3.289197381e+02
9377 0 +4.072258095e+02 +3.197758095e+02 +3.197758095e+02
10023 0 +3.980714036e+02 +3.106214036e+02 +3.106214036e+02
10552 0 +3.881028858e+02 +3.006528858e+02 +3.006528858e+02
10954 0 +3.794116929e+02 +2.919616929e+02 +2.919616929e+02
11491 0 +3.704776539e+02 +2.830276539e+02 +2.830276539e+02
12046 0 +3.609849851e+02 +2.735349851e+02 +2.735349851e+02
12625 0 +3.541434409e+02 +2.666934409e+02 +2.666934409e+02
13103 0 +3.467172324e+02 +2.592672324e+02 +2.592672324e+02
13908 0 +3.368461821e+02 +2.493961821e+02 +2.493961821e+02
14447 0 +3.309656663e+02 +2.435156663e+02 +2.435156663e+02
15169 0 +3.232785787e+02 +2.358285787e+02 +2.358285787e+02
15870 0 +3.143225327e+02 +2.268725327e+02 +2.268725327e+02
16532 0 +3.082507103e+02 +2.208007103e+02 +2.208007103e+02
17266 0 +3.000790985e+02 +2.126290985e+02 +2.126290985e+02
17969 0 +2.948022437e+02 +2.073522437e+02 +2.073522437e+02
18418 0 +2.882085180e+02 +2.007585180e+02 +2.007585180e+02
19149 0 +2.812585633e+02 +1.938085633e+02 +1.938085633e+02
19738 0 +2.734881513e+02 +1.860381513e+02 +1.860381513e+02
20130 0 +2.689544451e+02 +1.815044451e+02 +1.815044451e+02
20643 0 +2.630158856e+02 +1.755658856e+02 +1.755658856e+02
21515 0 +2.566217297e+02 +1.691717297e+02 +1.691717297e+02
22457 0 +2.492963117e+02 +1.618463117e+02 +1.618463117e+02
22804 0 +2.421332726e+02 +1.546832726e+02 +1.546832726e+02
23508 0 +2.391394797e+02 +1.516894797e+02 +1.516894797e+02
23963 0 +2.341686339e+02 +1.467186339e+02 +1.467186339e+02
24434 0 +2.273072663e+02 +1.398572663e+02 +1.398572663e+02
24800 0 +2.215671379e+02 +1.341171379e+02 +1.341171379e+02
25278 0 +2.179151727e+02 +1.304651727e+02 +1.304651727e+02
25776 0 +2.127673530e+02 +1.253173530e+02 +1.253173530e+02
26397 0 +2.084268378e+02 +1.209768378e+02 +1.209768378e+02
26792 0 +2.029939301e+02 +1.155439301e+02 +1.155439301e+02
27306 0 +1.990727412e+02 +1.116227412e+02 +1.116227412e+02
27736 0 +1.939224387e+02 +1.064724387e+02 +1.064724387e+02
27877 0 +1.899952521e+02 +1.025452521e+02 +1.025452521e+02
28217 0 +1.859358358e+02 +9.848583575e+01 +9.848583575e+01
28856 0 +1.810573022e+02 +9.360730217e+01 +9.360730217e+01
29306 0 +1.758481326e+02 +8.839813260e+01 +8.839813260e+01
29522 0 +1.724899906e+02 +8.503999056e+01 +8.503999056e+01
30009 0 +1.682671558e+02 +8.081715584e+01 +8.081715584e+01
30324 0 +1.656308187e+02 +7.818081867e+01 +7.818081867e+01
31147 0 +1.611484418e+02 +7.369844183e+01 +7.369844183e+01
31287 0 +1.572435191e+02 +6.979351912e+01 +6.979351912e+01
32181 0 +1.542326983e+02 +6.678269826e+01 +6.678269826e+01
32495 0 +1.513145093e+02 +6.386450927e+01 +6.386450927e+01
33187 0 +1.478962505e+02 +6.044625048e+01 +6.044625048e+01
33564 0 +1.442618438e+02 +5.681184381e+01 +5.681184381e+01
33996 0 +1.411222202e+02 +5.367222015e+01 +5.367222015e+01
34092 0 +1.378855792e+02 +5.043557918e+01 +5.043557918e+01
34649 0 +1.335668881e+02 +4.611688805e+01 +4.611688805e+01
35011 0 +1.308583095e+02 +4.340830952e+01 +4.340830952e+01
35249 0 +1.266337292e+02 +3.918372916e+01 +3.918372916e+01
35451 0 +1.248923459e+02 +3.744234587e+01 +3.744234587e+01
35942 0 +1.229459363e+02 +3.549593628e+01 +3.549593628e+01
36455 0 +1.199331939e+02 +3.248319394e+01 +3.248319394e+01
36788 0 +1.167769258e+02 +2.932692576e+01 +2.932692576e+01
37068 0 +1.147519281e+02 +2.730192807e+01 +2.730192807e+01
37675 0 +1.118748202e+02 +2.442482019e+01 +2.442482019e+01
37903 0 +1.094096242e+02 +2.195962424e+01 +2.195962424e+01
38396 0 +1.068583077e+02 +1.940830771e+01 +1.940830771e+01
39035 0 +1.041217545e+02 +1.667175455e+01 +1.667175455e+01
39529 0 +1.016670246e+02 +1.421702456e+01 +1.421702456e+01
% f evaluations | g evaluations | best noise-free fitness - Fopt (1.298700000000e+02) + sum g_i+ | measured fitness | best measured fitness or single-digit g-values | x1 | x2...
1 0 +8.237355833e+02 +9.536055833e+02 +9.536055833e+02
4 0 +8.212714401e+02 +9.511414401e+02 +9.511414401e+02
5 0 +7.481510297e+02 +8.780210297e+02 +8.780210297e+02
12 0 +7.393846289e+02 +8.692546289e+02 +8.692546289e+02
15 0 +7.140084562e+02 +8.438784562e+02 +8.438784562e+02
20 0 +6.063032785e+02 +7.361732785e+02 +7.361732785e+02
91 0 +5.848206619e+02 +7.146906619e+02 +7.146906619e+02
803 0 +5.736069102e+02 +7.034769102e+02 +7.034769102e+02
1395 0 +5.600289990e+02 +6.898989990e+02 +6.898989990e+02
1745 0 +5.490124848e+02 +6.788824848e+02 +6.788824848e+02
2379 0 +5.366439152e+02 +6.665139152e+02 +6.665139152e+02
2972 0 +5.247418230e+02 +6.546118230e+02 +6.546118230e+02
3375 0 +5.107706111e+02 +6.406406111e+02 +6.406406111e+02
3867 0 +5.004818104e+02 +6.303518104e+02 +6.303518104e+02
4450 0 +4.880349513e+02 +6.179049513e+02 +6.179049513e+02
5087 0 +4.784011614e+02 +6.082711614e+02 +6.082711614e+02
5744 0 +4.671147526e+02 +5.969847526e+02 +5.969847526e+02
6223 0 +4.570494478e+02 +5.869194478e+02 +5.869194478e+02
6666 0 +4.465768467e+02 +5.764468467e+02 +5.764468467e+02
7444 0 +4.359806873e+02 +5.658506873e+02 +5.658506873e+02
7938 0 +4.256827962e+02 +5.555527962e+02 +5.555527962e+02
8560 0 +4.166298919e+02 +5.464998919e+02 +5.464998919e+02
9075 0 +4.061925145e+02 +5.360625145e+02 +5.360625145e+02
9639 0 +3.970312024e+02 +5.269012024e+02 +5.269012024e+02
10303 0 +3.888694059e+02 +5.187394059e+02 +5.187394059e+02
11067 0 +3.794257778e+02 +5.092957778e+02 +5.092957778e+02
11639 0 +3.711225222e+02 +5.009925222e+02 +5.009925222e+02
12295 0 +3.630380277e+02 +4.929080277e+02 +4.929080277e+02
12805 0 +3.522630720e+02 +4.821330720e+02 +4.821330720e+02
13374 0 +3.461852333e+02 +4.760552333e+02 +4.760552333e+02
14177 0 +3.379665791e+02 +4.678365791e+02 +4.678365791e+02
14869 0 +3.308028481e+02 +4.606728481e+02 +4.606728481e+02
15434 0 +3.234520589e+02 +4.533220589e+02 +4.533220589e+02
16271 0 +3.160303470e+02 +4.459003470e+02 +4.459003470e+02
16734 0 +3.073794965e+02 +4.372494965e+02 +4.372494965e+02
17262 0 +3.010711186e+02 +4.309411186e+02 +4.309411186e+02
17824 0 +2.944410843e+02 +4.243110843e+02 +4.243110843e+02
18448 0 +2.881813223e+02 +4.180513223e+02 +4.180513223e+02
18771 0 +2.805904128e+02 +4.104604128e+02 +4.104604128e+02
19479 0 +2.753049137e+02 +4.051749137e+02 +4.051749137e+02
20002 0 +2.680560602e+02 +3.979260602e+02 +3.979260602e+02
20488 0 +2.622228024e+02 +3.920928024e+02 +3.920928024e+02
21164 0 +2.568471717e+02 +3.867171717e+02 +3.867171717e+02
21706 0 +2.491213350e+02 +3.789913350e+02 +3.789913350e+02
21924 0 +2.448359024e+02 +3.747059024e+02 +3.747059024e+02
22619 0 +2.390162802e+02 +3.688862802e+02 +3.688862802e+02
23054 0 +2.333715600e+02 +3.632415600e+02 +3.632415600e+02
23468 0 +2.283237005e+02 +3.581937005e+02 +3.581937005e+02
24107 0 +2.236344825e+02 +3.535044825e+02 +3.535044825e+02
24681 0 +2.187659288e+02 +3.486359288e+02 +3.486359288e+02
25014 0 +2.137393165e+02 +3.436093165e+02 +3.436093165e+02
25548 0 +2.082008779e+02 +3.380708779e+02 +3.380708779e+02
26180 0 +2.027367639e+02 +3.326067639e+02 +3.326067639e+02
26575 0 +1.984861293e+02 +3.283561293e+02 +3.283561293e+02
27413 0 +1.945614122e+02 +3.244314122e+02 +3.244314122e+02
28079 0 +1.902983912e+02 +3.201683912e+02 +3.201683912e+02
28427 0 +1.861412674e+02 +3.160112674e+02 +3.160112674e+02
29423 0 +1.808966794e+02 +3.107666794e+02 +3.107666794e+02
30006 0 +1.766196929e+02 +3.064896929e+02 +3.064896929e+02
30276 0 +1.736640243e+02 +3.035340243e+02 +3.035340243e+02
30538 0 +1.697454922e+02 +2.996154922e+02 +2.996154922e+02
31387 0 +1.651083894e+02 +2.949783894e+02 +2.949783894e+02
31550 0 +1.620120598e+02 +2.918820598e+02 +2.918820598e+02
32039 0 +1.582723117e+02 +2.881423117e+02 +2.881423117e+02
32884 0 +1.537015515e+02 +2.835715515e+02 +2.835715515e+02
33778 0 +1.510131131e+02 +2.808831131e+02 +2.808831131e+02
34125 0 +1.476312239e+02 +2.775012239e+02 +2.775012239e+02
34924 0 +1.442240686e+02 +2.740940686e+02 +2.740940686e+02
36012 0 +1.408775185e+02 +2.707475185e+02 +2.707475185e+02
37080 0 +1.377915160e+02 +2.676615160e+02 +2.676615160e+02
38390 0 +1.341271933e+02 +2.639971933e+02 +2.639971933e+02
38982 0 +1.306878874e+02 +2.605578874e+02 +2.605578874e+02
39236 0 +1.287037861e+02 +2.585737861e+02 +2.585737861e+02
% f evaluations | g evaluations | best noise-free fitness - Fopt (2.328000000000e+01) + sum g_i+ | measured fitness | best measured fitness or single-digit g-values | x1 | x2...
1 0 +6.747853831e+02 +6.980653831e+02 +6.980653831e+02
18 0 +5.871668248e+02 +6.104468248e+02 +6.104468248e+02
415 0 +5.741431499e+02 +5.974231499e+02 +5.974231499e+02
1053 0 +5.587339332e+02 +5.820139332e+02 +5.820139332e+02
1588 0 +5.494552837e+02 +5.727352837e+02 +5.727352837e+02
2294 0 +5.365407359e+02 +5.598207359e+02 +5.598207359e+02
2713 0 +5.246433437e+02 +5.479233437e+02 +5.479233437e+02
3434 0 +5.120382250e+02 +5.353182250e+02 +5.353182250e+02
3897 0 +5.000826682e+02 +5.233626682e+02 +5.233626682e+02
4482 0 +4.894276990e+02 +5.127076990e+02 +5.127076990e+02
4965 0 +4.770759950e+02 +5.003559950e+02 +5.003559950e+02
5566 0 +4.672947494e+02 +4.905747494e+02 +4.905747494e+02
6230 0 +4.564628090e+02 +4.797428090e+02 +4.797428090e+02
6780 0 +4.465283984e+02 +4.698083984e+02 +4.698083984e+02
7436 0 +4.363095877e+02 +4.595895877e+02 +4.595895877e+02
7951 0 +4.253300333e+02 +4.486100333e+02 +4.486100333e+02
8645 0 +4.154994290e+02 +4.387794290e+02 +4.387794290e+02
9252 0 +4.072567006e+02 +4.305367006e+02 +4.305367006e+02
9845 0 +3.976649608e+02 +4.209449608e+02 +4.209449608e+02
10340 0 +3.885208779e+02 +4.118008779e+02 +4.118008779e+02
11130 0 +3.769572486e+02 +4.002372486e+02 +4.002372486e+02
11688 0 +3.711011102e+02 +3.943811102e+02 +3.943811102e+02
12228 0 +3.627004361e+02 +3.859804361e+02 +3.859804361e+02
12706 0 +3.523648597e+02 +3.756448597e+02 +3.756448597e+02
13237 0 +3.456510461e+02 +3.689310461e+02 +3.689310461e+02
13616 0 +3.385260115e+02 +3.618060115e+02 +3.618060115e+02
14291 0 +3.310108118e+02 +3.542908118e+02 +3.542908118e+02
14655 0 +3.221965154e+02 +3.454765154e+02 +3.454765154e+02
15236 0 +3.161201461e+02 +3.394001461e+02 +3.394001461e+02
15742 0 +3.083851763e+02 +3.316651763e+02 +3.316651763e+02
16189 0 +3.019239427e+02 +3.252039427e+02 +3.252039427e+02
16640 0 +2.951193780e+02 +3.183993780e+02 +3.183993780e+02
17051 0 +2.871746442e+02 +3.104546442e+02 +3.104546442e+02
17396 0 +2.812178131e+02 +3.044978131e+02 +3.044978131e+02
17805 0 +2.749349536e+02 +2.982149536e+02 +2.982149536e+02
18299 0 +2.676280022e+02 +2.909080022e+02 +2.909080022e+02
18721 0 +2.616453141e+02 +2.849253141e+02 +2.849253141e+02
19199 0 +2.567026519e+02 +2.799826519e+02 +2.799826519e+02
19699 0 +2.489493774e+02 +2.722293774e+02 +2.722293774e+02
20281 0 +2.454374766e+02 +2.687174766e+02 +2.687174766e+02
20698 0 +2.398439039e+02 +2.631239039e+02 +2.631239039e+02
21237 0 +2.337833294e+02 +2.570633294e+02 +2.570633294e+02
21825 0 +2.280063382e+02 +2.512863382e+02 +2.512863382e+02
22408 0 +2.214781077e+02 +2.447581077e+02 +2.447581077e+02
22583 0 +2.178004886e+02 +2.410804886e+02 +2.410804886e+02
23075 0 +2.133832575e+02 +2.366632575e+02 +2.366632575e+02
23395 0 +2.082321258e+02 +2.315121258e+02 +2.315121258e+02
23871 0 +2.041734640e+02 +2.274534640e+02 +2.274534640e+02
24390 0 +1.988813181e+02 +2.221613181e+02 +2.221613181e+02
24970 0 +1.940982128e+02 +2.173782128e+02 +2.173782128e+02
25295 0 +1.905352558e+02 +2.138152558e+02 +2.138152558e+02
25785 0 +1.860807758e+02 +2.093607758e+02 +2.093607758e+02
26342 0 +1.819228596e+02 +2.052028596e+02 +2.052028596e+02
26631 0 +1.770067612e+02 +2.002867612e+02 +2.002867612e+02
27084 0 +1.730378012e+02 +1.963178012e+02 +1.963178012e+02
27948 0 +1.697662654e+02 +1.930462654e+02 +1.930462654e+02
28244 0 +1.645946910e+02 +1.878746910e+02 +1.878746910e+02
28531 0 +1.618201394e+02 +1.851001394e+02 +1.851001394e+02
29002 0 +1.563645540e+02 +1.796445540e+02 +1.796445540e+02
29225 0 +1.547698836e+02 +1.780498836e+02 +1.780498836e+02
29613 0 +1.497358298e+02 +1.730158298e+02 +1.730158298e+02
29915 0 +1.467686505e+02 +1.700486505e+02 +1.700486505e+02
30246 0 +1.441660695e+02 +1.674460695e+02 +1.674460695e+02
30532 0 +1.410383046e+02 +1.643183046e+02 +1.643183046e+02
31248 0 +1.376092931e+02 +1.608892931e+02 +1.608892931e+02
31702 0 +1.336548305e+02 +1.569348305e+02 +1.569348305e+02
32344 0 +1.318093463e+02 +1.550893463e+02 +1.550893463e+02
32608 0 +1.283863869e+02 +1.516663869e+02 +1.516663869e+02
32871 0 +1.245122918e+02 +1.477922918e+02 +1.477922918e+02
33396 0 +1.226419812e+02 +1.459219812e+02 +1.459219812e+02
34168 0 +1.192739541e+02 +1.425539541e+02 +1.425539541e+02
34395 0 +1.173278495e+02 +1.406078495e+02 +1.406078495e+02
34620 0 +1.147119655e+02 +1.379919655e+02 +1.379919655e+02
35263 0 +1.118751079e+02 +1.351551079e+02 +1.351551079e+02
36164 0 +1.088420596e+02 +1.321220596e+02 +1.321220596e+02
36823 0 +1.070084264e+02 +1.302884264e+02 +1.302884264e+02
37381 0 +1.047102052e+02 +1.279902052e+02 +1.279902052e+02
37763 0 +1.022607573e+02 +1.255407573e+02 +1.255407573e+02
37864 0 +9.979756807e+01 +1.230775681e+02 +1.230775681e+02
39201 0 +9.770570919e+01 +1.209857092e+02 +1.209857092e+02
% f evaluations | g evaluations | best noise-free fitness - Fopt (9.200000000000e+01) + sum g_i+ | measured fitness | best measured fitness or single-digit g-values | x1 | x2...
1 0 +8.504677563e+02 +9.424677563e+02 +9.424677563e+02
3 0 +7.858973829e+02 +8.778973829e+02 +8.778973829e+02
6 0 +7.738631190e+02 +8.658631190e+02 +8.658631190e+02
8 0 +7.560689027e+02 +8.480689027e+02 +8.480689027e+02
9 0 +6.819607716e+02 +7.739607716e+02 +7.739607716e+02
15 0 +6.596520434e+02 +7.516520434e+02 +7.516520434e+02
80 0 +6.132155065e+02 +7.052155065e+02 +7.052155065e+02
734 0 +6.008355899e+02 +6.928355899e+02 +6.928355899e+02
1191 0 +5.888306602e+02 +6.808306602e+02 +6.808306602e+02
1802 0 +5.746584989e+02 +6.666584989e+02 +6.666584989e+02
2362 0 +5.593792134e+02 +6.513792134e+02 +6.513792134e+02
2801 0 +5.488406860e+02 +6.408406860e+02 +6.408406860e+02
3372 0 +5.367298292e+02 +6.287298292e+02 +6.287298292e+02
3997 0 +5.241397263e+02 +6.161397263e+02 +6.161397263e+02
4756 0 +5.102347754e+02 +6.022347754e+02 +6.022347754e+02
5290 0 +5.008144834e+02 +5.928144834e+02 +5.928144834e+02
5908 0 +4.888288961e+02 +5.808288961e+02 +5.808288961e+02
6519 0 +4.757147879e+02 +5.677147879e+02 +5.677147879e+02
6946 0 +4.671183321e+02 +5.591183321e+02 +5.591183321e+02
7553 0 +4.548770832e+02 +5.468770832e+02 +5.468770832e+02
8123 0 +4.462009628e+02 +5.382009628e+02 +5.382009628e+02
8537 0 +4.364084602e+02 +5.284084602e+02 +5.284084602e+02
9138 0 +4.265192788e+02 +5.185192788e+02 +5.185192788e+02
9659 0 +4.164438542e+02 +5.084438542e+02 +5.084438542e+02
10043 0 +4.071044092e+02 +4.991044092e+02 +4.991044092e+02
10527 0 +3.978625132e+02 +4.898625132e+02 +4.898625132e+02
11038 0 +3.888877082e+02 +4.808877082e+02 +4.808877082e+02
11570 0 +3.800596555e+02 +4.720596555e+02 +4.720596555e+02
12159 0 +3.714734827e+02 +4.634734827e+02 +4.634734827e+02
12600 0 +3.627791740e+02 +4.547791740e+02 +4.547791740e+02
13035 0 +3.539923006e+02 +4.459923006e+02 +4.459923006e+02
13547 0 +3.467111878e+02 +4.387111878e+02 +4.387111878e+02
14172 0 +3.385374268e+02 +4.305374268e+02 +4.305374268e+02
14680 0 +3.292297277e+02 +4.212297277e+02 +4.212297277e+02
15149 0 +3.231024872e+02 +4.151024872e+02 +4.151024872e+02
15626 0 +3.154400090e+02 +4.074400090e+02 +4.074400090e+02
16171 0 +3.083100595e+02 +4.003100595e+02 +4.003100595e+02
16775 0 +3.013992183e+02 +3.933992183e+02 +3.933992183e+02
17328 0 +2.939803731e+02 +3.859803731e+02 +3.859803731e+02
17830 0 +2.881678684e+02 +3.801678684e+02 +3.801678684e+02
18333 0 +2.818126434e+02 +3.738126434e+02 +3.738126434e+02
19068 0 +2.735479648e+02 +3.655479648e+02 +3.655479648e+02
19425 0 +2.690037334e+02 +3.610037334e+02 +3.610037334e+02
19917 0 +2.627039460e+02 +3.547039460e+02 +3.547039460e+02
20665 0 +2.565377270e+02 +3.485377270e+02 +3.485377270e+02
21026 0 +2.506386765e+02 +3.426386765e+02 +3.426386765e+02
21417 0 +2.450403913e+02 +3.370403913e+02 +3.370403913e+02
22160 0 +2.390488693e+02 +3.310488693e+02 +3.310488693e+02
22708 0 +2.343660842e+02 +3.263660842e+02 +3.263660842e+02
23381 0 +2.277557223e+02 +3.197557223e+02 +3.197557223e+02
23776 0 +2.232143858e+02 +3.152143858e+02 +3.152143858e+02
24330 0 +2.175732672e+02 +3.095732672e+02 +3.095732672e+02
25008 0 +2.132384520e+02 +3.052384520e+02 +3.052384520e+02
25310 0 +2.085554790e+02 +3.005554790e+02 +3.005554790e+02
26000 0 +2.038100637e+02 +2.958100637e+02 +2.958100637e+02
26371 0 +1.994907226e+02 +2.914907226e+02 +2.914907226e+02
27116 0 +1.948656428e+02 +2.868656428e+02 +2.868656428e+02
27562 0 +1.899412318e+02 +2.819412318e+02 +2.819412318e+02
28276 0 +1.859608776e+02 +2.779608776e+02 +2.779608776e+02
28721 0 +1.818228380e+02 +2.738228380e+02 +2.738228380e+02
29262 0 +1.766523268e+02 +2.686523268e+02 +2.686523268e+02
29640 0 +1.728532634e+02 +2.648532634e+02 +2.648532634e+02
30007 0 +1.697549506e+02 +2.617549506e+02 +2.617549506e+02
30979 0 +1.651488430e+02 +2.571488430e+02 +2.571488430e+02
31240 0 +1.618539007e+02 +2.538539007e+02 +2.538539007e+02
31595 0 +1.578698706e+02 +2.498698706e+02 +2.498698706e+02
32312 0 +1.545478705e+02 +2.465478705e+02 +2.465478705e+02
32592 0 +1.502198040e+02 +2.422198040e+02 +2.422198040e+02
33548 0 +1.475608637e+02 +2.395608637e+02 +2.395608637e+02
34004 0 +1.441302757e+02 +2.361302757e+02 +2.361302757e+02
34474 0 +1.406634164e+02 +2.326634164e+02 +2.326634164e+02
34987 0 +1.376553784e+02 +2.296553784e+02 +2.296553784e+02
35345 0 +1.344256218e+02 +2.264256218e+02 +2.264256218e+02
35655 0 +1.309338872e+02 +2.229338872e+02 +2.229338872e+02
35793 0 +1.283847082e+02 +2.203847082e+02 +2.203847082e+02
36177 0 +1.252123750e+02 +2.172123750e+02 +2.172123750e+02
37162 0 +1.224745617e+02 +2.144745617e+02 +2.144745617e+02
37777 0 +1.192191977e+02 +2.112191977e+02 +2.112191977e+02
37924 0 +1.169273868e+02 +2.089273868e+02 +2.089273868e+02
38225 0 +1.146558560e+02 +2.066558560e+02 +2.066558560e+02
39622 0 +1.121785104e+02 +2.041785104e+02 +2.041785104e+02
% f evaluations | g evaluations | best noise-free fitness - Fopt (8.712000000000e+01) + sum g_i+ | measured fitness | best measured fitness or single-digit g-values | x1 | x2...
1 0 +6.904862527e+02 +7.776062527e+02 +7.776062527e+02
23 0 +6.793695666e+02 +7.664895666e+02 +7.664895666e+02
34 0 +6.539430938e+02 +7.410630938e+02 +7.410630938e+02
307 0 +6.453629151e+02 +7.324829151e+02 +7.324829151e+02
1042 0 +6.301841098e+02 +7.173041098e+02 +7.173041098e+02
1597 0 +6.160667334e+02 +7.031867334e+02 +7.031867334e+02
2201 0 +6.023698401e+02 +6.894898401e+02 +6.894898401e+02
2849 0 +5.881420370e+02 +6.752620370e+02 +6.752620370e+02
3499 0 +5.749365050e+02 +6.620565050e+02 +6.620565050e+02
4071 0 +5.596866457e+02 +6.468066457e+02 +6.468066457e+02
4792 0 +5.482763498e+02 +6.353963498e+02 +6.353963498e+02
5252 0 +5.362933226e+02 +6.234133226e+02 +6.234133226e+02
5844 0 +5.247004044e+02 +6.118204044e+02 +6.118204044e+02
6341 0 +5.103552860e+02 +5.974752860e+02 +5.974752860e+02
6983 0 +5.003759884e+02 +5.874959884e+02 +5.874959884e+02
7550 0 +4.887314510e+02 +5.758514510e+02 +5.758514510e+02
8064 0 +4.769300524e+02 +5.640500524e+02 +5.640500524e+02
8572 0 +4.666959154e+02 +5.538159154e+02 +5.538159154e+02
9053 0 +4.569507665e+02 +5.440707665e+02 +5.440707665e+02
9606 0 +4.451468178e+02 +5.322668178e+02 +5.322668178e+02
10093 0 +4.360148643e+02 +5.231348643e+02 +5.231348643e+02
10611 0 +4.265513103e+02 +5.136713103e+02 +5.136713103e+02
11114 0 +4.160704719e+02 +5.031904719e+02 +5.031904719e+02
11562 0 +4.072026461e+02 +4.943226461e+02 +4.943226461e+02
12144 0 +3.975502803e+02 +4.846702803e+02 +4.846702803e+02
12803 0 +3.889889735e+02 +4.761089735e+02 +4.761089735e+02
13280 0 +3.796903979e+02 +4.668103979e+02 +4.668103979e+02
13794 0 +3.695279492e+02 +4.566479492e+02 +4.566479492e+02
14523 0 +3.626981389e+02 +4.498181389e+02 +4.498181389e+02
15068 0 +3.547010634e+02 +4.418210634e+02 +4.418210634e+02
15603 0 +3.462290199e+02 +4.333490199e+02 +4.333490199e+02
16221 0 +3.370544244e+02 +4.241744244e+02 +4.241744244e+02
16703 0 +3.304658855e+02 +4.175858855e+02 +4.175858855e+02
17506 0 +3.216949124e+02 +4.088149124e+02 +4.088149124e+02
17905 0 +3.159217236e+02 +4.030417236e+02 +4.030417236e+02
18641 0 +3.087566544e+02 +3.958766544e+02 +3.958766544e+02
19429 0 +3.007572331e+02 +3.878772331e+02 +3.878772331e+02
19954 0 +2.947212041e+02 +3.818412041e+02 +3.818412041e+02
20628 0 +2.879545955e+02 +3.750745955e+02 +3.750745955e+02
21077 0 +2.807120258e+02 +3.678320258e+02 +3.678320258e+02
21556 0 +2.745451668e+02 +3.616651668e+02 +3.616651668e+02
22031 0 +2.688148227e+02 +3.559348227e+02 +3.559348227e+02
22561 0 +2.627205697e+02 +3.498405697e+02 +3.498405697e+02
23075 0 +2.562651699e+02 +3.433851699e+02 +3.433851699e+02
23498 0 +2.510188865e+02 +3.381388865e+02 +3.381388865e+02
24257 0 +2.452934751e+02 +3.324134751e+02 +3.324134751e+02
24856 0 +2.393183944e+02 +3.264383944e+02 +3.264383944e+02
25384 0 +2.327882787e+02 +3.199082787e+02 +3.199082787e+02
25798 0 +2.284652506e+02 +3.155852506e+02 +3.155852506e+02
26035 0 +2.232522640e+02 +3.103722640e+02 +3.103722640e+02
26519 0 +2.161497589e+02 +3.032697589e+02 +3.032697589e+02
26925 0 +2.136973547e+02 +3.008173547e+02 +3.008173547e+02
27426 0 +2.088888594e+02 +2.960088594e+02 +2.960088594e+02
28082 0 +2.037930090e+02 +2.909130090e+02 +2.909130090e+02
28440 0 +1.993911195e+02 +2.865111195e+02 +2.865111195e+02
29053 0 +1.934074617e+02 +2.805274617e+02 +2.805274617e+02
29502 0 +1.889068040e+02 +2.760268040e+02 +2.760268040e+02
29750 0 +1.858479445e+02 +2.729679445e+02 +2.729679445e+02
30326 0 +1.815545781e+02 +2.686745781e+02 +2.686745781e+02
30931 0 +1.772122942e+02 +2.643322942e+02 +2.643322942e+02
31412 0 +1.735251796e+02 +2.606451796e+02 +2.606451796e+02
31871 0 +1.694293807e+02 +2.565493807e+02 +2.565493807e+02
32619 0 +1.656453184e+02 +2.527653184e+02 +2.527653184e+02
33122 0 +1.617976142e+02 +2.489176142e+02 +2.489176142e+02
33604 0 +1.580800929e+02 +2.452000929e+02 +2.452000929e+02
34197 0 +1.546545499e+02 +2.417745499e+02 +2.417745499e+02
34878 0 +1.495364267e+02 +2.366564267e+02 +2.366564267e+02
35583 0 +1.459914888e+02 +2.331114888e+02 +2.331114888e+02
35801 0 +1.437516951e+02 +2.308716951e+02 +2.308716951e+02
36502 0 +1.408052178e+02 +2.279252178e+02 +2.279252178e+02
37003 0 +1.378156479e+02 +2.249356479e+02 +2.249356479e+02
37856 0 +1.347206018e+02 +2.218406018e+02 +2.218406018e+02
38489 0 +1.311853251e+02 +2.183053251e+02 +2.183053251e+02
38773 0 +1.287175286e+02 +2.158375286e+02 +2.158375286e+02
39237 0 +1.257769757e+02 +2.128969757e+02 +2.128969757e+02
% f evaluations | g evaluations | best noise-free fitness - Fopt (-1.017800000000e+02) + sum g_i+ | measured fitness | best measured fitness or single-digit g-values | x1 | x2...
1 0 +8.348964643e+02 +7.331164643e+02 +7.331164643e+02
2 0 +7.452556810e+02 +6.434756810e+02 +6.434756810e+02
3 0 +7.237766844e+02 +6.219966844e+02 +6.219966844e+02
4 0 +6.751721819e+02 +5.733921819e+02 +5.733921819e+02
33 0 +6.345672621e+02 +5.327872621e+02 +5.327872621e+02
37 0 +6.042357769e+02 +5.024557769e+02 +5.024557769e+02
382 0 +5.995843198e+02 +4.978043198e+02 +4.978043198e+02
1206 0 +5.887990458e+02 +4.870190458e+02 +4.870190458e+02
1535 0 +5.749259686e+02 +4.731459686e+02 +4.731459686e+02
2188 0 +5.618625174e+02 +4.600825174e+02 +4.600825174e+02
2678 0 +5.494740650e+02 +4.476940650e+02 +4.476940650e+02
3285 0 +5.351161658e+02 +4.333361658e+02 +4.333361658e+02
3962 0 +5.216775296e+02 +4.198975296e+02 +4.198975296e+02
4369 0 +5.122751775e+02 +4.104951775e+02 +4.104951775e+02
4961 0 +4.992976758e+02 +3.975176758e+02 +3.975176758e+02
5482 0 +4.859382198e+02 +3.841582198e+02 +3.841582198e+02
6001 0 +4.777447349e+02 +3.759647349e+02 +3.759647349e+02
6739 0 +4.673344879e+02 +3.655544879e+02 +3.655544879e+02
7268 0 +4.568647280e+02 +3.550847280e+02 +3.550847280e+02
7838 0 +4.450806389e+02 +3.433006389e+02 +3.433006389e+02
8425 0 +4.362825805e+02 +3.345025805e+02 +3.345025805e+02
8824 0 +4.265131509e+02 +3.247331509e+02 +3.247331509e+02
9506 0 +4.164455569e+02 +3.146655569e+02 +3.146655569e+02
9918 0 +4.064659932e+02 +3.046859932e+02 +3.046859932e+02
10508 0 +3.970174209e+02 +2.952374209e+02 +2.952374209e+02
10710 0 +3.888491899e+02 +2.870691899e+02 +2.870691899e+02
11418 0 +3.796152649e+02 +2.778352649e+02 +2.778352649e+02
11839 0 +3.708542839e+02 +2.690742839e+02 +2.690742839e+02
12114 0 +3.627497332e+02 +2.609697332e+02 +2.609697332e+02
12773 0 +3.546943891e+02 +2.529143891e+02 +2.529143891e+02
13251 0 +3.459918983e+02 +2.442118983e+02 +2.442118983e+02
13746 0 +3.368961620e+02 +2.351161620e+02 +2.351161620e+02
14182 0 +3.300697354e+02 +2.282897354e+02 +2.282897354e+02
14803 0 +3.228789686e+02 +2.210989686e+02 +2.210989686e+02
15406 0 +3.151615123e+02 +2.133815123e+02 +2.133815123e+02
16032 0 +3.088433165e+02 +2.070633165e+02 +2.070633165e+02
16619 0 +3.015593958e+02 +1.997793958e+02 +1.997793958e+02
17071 0 +2.949913452e+02 +1.932113452e+02 +1.932113452e+02
17551 0 +2.876674351e+02 +1.858874351e+02 +1.858874351e+02
18089 0 +2.813283579e+02 +1.795483579e+02 +1.795483579e+02
18597 0 +2.747761380e+02 +1.729961380e+02 +1.729961380e+02
19430 0 +2.681177458e+02 +1.663377458e+02 +1.663377458e+02
20101 0 +2.623025286e+02 +1.605225286e+02 +1.605225286e+02
20787 0 +2.570358334e+02 +1.552558334e+02 +1.552558334e+02
21317 0 +2.486425190e+02 +1.468625190e+02 +1.468625190e+02
21985 0 +2.449151383e+02 +1.431351383e+02 +1.431351383e+02
22790 0 +2.392162703e+02 +1.374362703e+02 +1.374362703e+02
23723 0 +2.340428188e+02 +1.322628188e+02 +1.322628188e+02
23994 0 +2.281229973e+02 +1.263429973e+02 +1.263429973e+02
24796 0 +2.230318449e+02 +1.212518449e+02 +1.212518449e+02
25398 0 +2.184662457e+02 +1.166862457e+02 +1.166862457e+02
26124 0 +2.128661909e+02 +1.110861909e+02 +1.110861909e+02
26842 0 +2.088710743e+02 +1.070910743e+02 +1.070910743e+02
27492 0 +2.039583512e+02 +1.021783512e+02 +1.021783512e+02
28056 0 +1.978732807e+02 +9.609328073e+01 +9.609328073e+01
28528 0 +1.940194525e+02 +9.223945251e+01 +9.223945251e+01
29634 0 +1.899039567e+02 +8.812395672e+01 +8.812395672e+01
30193 0 +1.849324468e+02 +8.315244678e+01 +8.315244678e+01
30616 0 +1.818936356e+02 +8.011363562e+01 +8.011363562e+01
31328 0 +1.776944595e+02 +7.591445954e+01 +7.591445954e+01
31792 0 +1.737496946e+02 +7.196969456e+01 +7.196969456e+01
32279 0 +1.691092182e+02 +6.732921821e+01 +6.732921821e+01
33056 0 +1.654464737e+02 +6.366647367e+01 +6.366647367e+01
33804 0 +1.615117341e+02 +5.973173414e+01 +5.973173414e+01
34161 0 +1.584132040e+02 +5.663320400e+01 +5.663320400e+01
34624 0 +1.545753112e+02 +5.279531125e+01 +5.279531125e+01
35326 0 +1.499702517e+02 +4.819025168e+01 +4.819025168e+01
35584 0 +1.466670197e+02 +4.488701969e+01 +4.488701969e+01
36320 0 +1.442861720e+02 +4.250617203e+01 +4.250617203e+01
36896 0 +1.406016143e+02 +3.882161428e+01 +3.882161428e+01
37826 0 +1.374361008e+02 +3.565610081e+01 +3.565610081e+01
38547 0 +1.348096696e+02 +3.302966961e+01 +3.302966961e+01
39409 0 +1.313766140e+02 +2.959661397e+01 +2.959661397e+01
% f evaluations | g evaluations | best noise-free fitness - Fopt (-5.149000000000e+01) + sum g_i+ | measured fitness | best measured fitness or single-digit g-values | x1 | x2...
1 0 +6.857670049e+02 +6.342770049e+02 +6.342770049e+02
13 0 +5.834917738e+02 +5.320017738e+02 +5.320017738e+02
15 0 +5.746585797e+02 +5.231685797e+02 +5.231685797e+02
32 0 +5.467844240e+02 +4.952944240e+02 +4.952944240e+02
710 0 +5.354213801e+02 +4.839313801e+02 +4.839313801e+02
1207 0 +5.226615094e+02 +4.711715094e+02 +4.711715094e+02
1495 0 +5.122455086e+02 +4.607555086e+02 +4.607555086e+02
1998 0 +4.970210353e+02 +4.455310353e+02 +4.455310353e+02
2350 0 +4.891052983e+02 +4.376152983e+02 +4.376152983e+02
2874 0 +4.773712107e+02 +4.258812107e+02 +4.258812107e+02
3378 0 +4.676137389e+02 +4.161237389e+02 +4.161237389e+02
3772 0 +4.544939026e+02 +4.030039026e+02 +4.030039026e+02
4295 0 +4.465564570e+02 +3.950664570e+02 +3.950664570e+02
4661 0 +4.327293191e+02 +3.812393191e+02 +3.812393191e+02
5144 0 +4.264018899e+02 +3.749118899e+02 +3.749118899e+02
5672 0 +4.128024637e+02 +3.613124637e+02 +3.613124637e+02
6149 0 +4.067218214e+02 +3.552318214e+02 +3.552318214e+02
6542 0 +3.970376289e+02 +3.455476289e+02 +3.455476289e+02
7146 0 +3.867580090e+02 +3.352680090e+02 +3.352680090e+02
7636 0 +3.798163282e+02 +3.283263282e+02 +3.283263282e+02
8324 0 +3.708681126e+02 +3.193781126e+02 +3.193781126e+02
8760 0 +3.625160128e+02 +3.110260128e+02 +3.110260128e+02
9617 0 +3.533107075e+02 +3.018207075e+02 +3.018207075e+02
10406 0 +3.451761937e+02 +2.936861937e+02 +2.936861937e+02
10987 0 +3.375388064e+02 +2.860488064e+02 +2.860488064e+02
11443 0 +3.310072308e+02 +2.795172308e+02 +2.795172308e+02
12182 0 +3.233959631e+02 +2.719059631e+02 +2.719059631e+02
12894 0 +3.161283090e+02 +2.646383090e+02 +2.646383090e+02
13524 0 +3.077889406e+02 +2.562989406e+02 +2.562989406e+02
14098 0 +2.999589816e+02 +2.484689816e+02 +2.484689816e+02
14734 0 +2.946132517e+02 +2.431232517e+02 +2.431232517e+02
15204 0 +2.865462504e+02 +2.350562504e+02 +2.350562504e+02
15843 0 +2.782941221e+02 +2.268041221e+02 +2.268041221e+02
16422 0 +2.750108789e+02 +2.235208789e+02 +2.235208789e+02
16918 0 +2.684265255e+02 +2.169365255e+02 +2.169365255e+02
17370 0 +2.628758839e+02 +2.113858839e+02 +2.113858839e+02
17964 0 +2.561876889e+02 +2.046976889e+02 +2.046976889e+02
18502 0 +2.507952615e+02 +1.993052615e+02 +1.993052615e+02
18794 0 +2.452728652e+02 +1.937828652e+02 +1.937828652e+02
19609 0 +2.391706922e+02 +1.876806922e+02 +1.876806922e+02
20181 0 +2.334208308e+02 +1.819308308e+02 +1.819308308e+02
20913 0 +2.290700442e+02 +1.775800442e+02 +1.775800442e+02
21345 0 +2.237304230e+02 +1.722404230e+02 +1.722404230e+02
22116 0 +2.176991265e+02 +1.662091265e+02 +1.662091265e+02
22578 0 +2.127773965e+02 +1.612873965e+02 +1.612873965e+02
23493 0 +2.087647116e+02 +1.572747116e+02 +1.572747116e+02
24194 0 +2.038450870e+02 +1.523550870e+02 +1.523550870e+02
25111 0 +1.990568701e+02 +1.475668701e+02 +1.475668701e+02
25509 0 +1.943370021e+02 +1.428470021e+02 +1.428470021e+02
26510 0 +1.875657292e+02 +1.360757292e+02 +1.360757292e+02
27406 0 +1.860370095e+02 +1.345470095e+02 +1.345470095e+02
27687 0 +1.818206799e+02 +1.303306799e+02 +1.303306799e+02
28536 0 +1.768766774e+02 +1.253866774e+02 +1.253866774e+02
28948 0 +1.734412270e+02 +1.219512270e+02 +1.219512270e+02
29327 0 +1.677053124e+02 +1.162153124e+02 +1.162153124e+02
30129 0 +1.657976630e+02 +1.143076630e+02 +1.143076630e+02
30639 0 +1.620078145e+02 +1.105178145e+02 +1.105178145e+02
31451 0 +1.579006925e+02 +1.064106925e+02 +1.064106925e+02
32006 0 +1.541636161e+02 +1.026736161e+02 +1.026736161e+02
32528 0 +1.506734514e+02 +9.918345140e+01 +9.918345140e+01
32850 0 +1.468584540e+02 +9.536845404e+01 +9.536845404e+01
33382 0 +1.424718014e+02 +9.098180139e+01 +9.098180139e+01
33593 0 +1.411039675e+02 +8.961396750e+01 +8.961396750e+01
35095 0 +1.371911827e+02 +8.570118274e+01 +8.570118274e+01
35919 0 +1.340283172e+02 +8.253831715e+01 +8.253831715e+01
37045 0 +1.311349654e+02 +7.964496543e+01 +7.964496543e+01
37470 0 +1.286434598e+02 +7.715345980e+01 +7.715345980e+01
38379 0 +1.252143642e+02 +7.372436424e+01 +7.372436424e+01
39614 0 +1.226073862e+02 +7.111738616e+01 +7.111738616e+01
