% f evaluations | g evaluations | best noise-free fitness - Fopt (-9.210000000000e+00) + sum g_i+ | measured fitness | best measured fitness or single-digit g-values | x1 | x2...
1 0 +1.473822992e+02 +1.381722992e+02 +1.381722992e+02 +3.5311e+00 -1.3853e+00 -4.9383e+00 +3.2249e+00 +4.3149e+00
2 0 +1.311987054e+02 +1.219887054e+02 +1.219887054e+02 -2.4559e+00 -1.1295e+00 +3.6441e+00 -2.4691e+00 +1.6553e+00
3 0 +9.417427193e+01 +8.496427193e+01 +8.496427193e+01 -3.5325e+00 +1.6315e+00 +4.6638e+00 -8.5188e-01 -4.3191e-01
16 0 +8.824578284e+01 +7.903578284e+01 +7.903578284e+01 +4.5275e+00 +2.1936e+00 -1.9003e+00 -1.7883e+00 -2.7212e+00
17 0 +8.583133770e+01 +7.662133770e+01 +7.662133770e+01 +4.8019e+00 -2.0203e+00 +6.2887e-01 -1.5448e-01 -1.9659e+00
22 0 +7.436120175e+01 +6.515120175e+01 +6.515120175e+01 -2.6881e+00 +3.0166e+00 +3.3386e+00 +6.1255e-01 -1.6780e+00
27 0 +5.334159299e+01 +4.413159299e+01 +4.413159299e+01 -1.6011e+00 +3.9227e+00 -9.2562e-01 +1.3212e+00 -4.4601e+00
44 0 +4.162925187e+01 +3.241925187e+01 +3.241925187e+01 -1.8325e+00 +3.0406e+00 -3.9364e-01 +2.4816e+00 -4.9906e+00
238 0 +4.019726127e+01 +3.098726127e+01 +3.098726127e+01 -1.4084e+00 +2.3068e+00 +1.1864e-01 +3.4326e+00 -4.5251e+00
424 0 +3.927494398e+01 +3.006494398e+01 +3.006494398e+01 -1.3698e+00 +2.2094e+00 +8.2570e-02 +3.5387e+00 -4.5825e+00
485 0 +3.847493575e+01 +2.926493575e+01 +2.926493575e+01 -1.1863e+00 +1.9056e+00 +3.6156e-01 +4.1050e+00 -4.2915e+00
600 0 +3.734235331e+01 +2.813235331e+01 +2.813235331e+01 -1.3698e+00 +2.2094e+00 +8.2570e-02 +3.5176e+00 -4.7876e+00
678 0 +3.685127649e+01 +2.764127649e+01 +2.764127649e+01 -1.2068e+00 +2.1980e+00 +1.1864e-01 +3.6363e+00 -4.7443e+00
710 0 +3.629351098e+01 +2.708351098e+01 +2.708351098e+01 -1.2508e+00 +2.1015e+00 +3.3578e-01 +3.8788e+00 -4.6166e+00
822 0 +3.493410271e+01 +2.572410271e+01 +2.572410271e+01 -1.3848e+00 +2.2451e+00 -6.8499e-02 +3.7085e+00 -4.9641e+00
920 0 +3.403265016e+01 +2.482265016e+01 +2.482265016e+01 -1.2357e+00 +2.2636e+00 +4.4117e-01 +3.8082e+00 -4.8187e+00
1011 0 +3.388312478e+01 +2.467312478e+01 +2.467312478e+01 -1.2357e+00 +2.3771e+00 +4.2459e-01 +3.8082e+00 -4.8187e+00
1039 0 +3.267911797e+01 +2.346911797e+01 +2.346911797e+01 -1.1362e+00 +2.2007e+00 +3.2802e-01 +3.9595e+00 -4.9060e+00
1092 0 +3.228784495e+01 +2.307784495e+01 +2.307784495e+01 -1.0584e+00 +2.4102e+00 +3.7631e-01 +3.8839e+00 -4.9274e+00
1301 0 +3.115428559e+01 +2.194428559e+01 +2.194428559e+01 -1.1575e+00 +2.3569e+00 +3.3843e-01 +4.0276e+00 -4.9913e+00
1414 0 +3.087863470e+01 +2.166863470e+01 +2.166863470e+01 -1.3759e+00 +2.4479e+00 +1.6875e-01 +4.3154e+00 -4.9163e+00
1514 0 +2.977155307e+01 +2.056155307e+01 +2.056155307e+01 -1.2386e+00 +2.4468e+00 +4.4302e-01 +4.2221e+00 -4.9792e+00
1566 0 +2.934227319e+01 +2.013227319e+01 +2.013227319e+01 -1.1244e+00 +2.2354e+00 +5.3759e-01 +4.4429e+00 -4.8943e+00
1689 0 +2.846493724e+01 +1.925493724e+01 +1.925493724e+01 -1.2517e+00 +2.2120e+00 +5.1905e-01 +4.5390e+00 -4.9507e+00
1802 0 +2.812720661e+01 +1.891720661e+01 +1.891720661e+01 -1.3075e+00 +2.2120e+00 +5.3188e-01 +4.6018e+00 -4.9507e+00
1888 0 +2.702914579e+01 +1.781914579e+01 +1.781914579e+01 -1.0641e+00 +2.4998e+00 +6.3636e-01 +4.5610e+00 -4.9749e+00
2044 0 +2.667457648e+01 +1.746457648e+01 +1.746457648e+01 -1.2102e+00 +2.2556e+00 +6.8728e-01 +4.6552e+00 -4.9993e+00
2257 0 +2.607999770e+01 +1.686999770e+01 +1.686999770e+01 -1.0453e+00 +2.3665e+00 +6.7344e-01 +4.7148e+00 -4.9934e+00
2329 0 +2.540586439e+01 +1.619586439e+01 +1.619586439e+01 -1.2903e+00 +2.1866e+00 +6.8728e-01 +4.9169e+00 -4.9993e+00
2380 0 +2.505026226e+01 +1.584026226e+01 +1.584026226e+01 -1.2903e+00 +2.4418e+00 +8.9443e-01 +4.9264e+00 -4.9186e+00
2624 0 +2.434230193e+01 +1.513230193e+01 +1.513230193e+01 -1.2903e+00 +2.4657e+00 +8.9443e-01 +4.9264e+00 -4.9852e+00
2675 0 +2.351658212e+01 +1.430658212e+01 +1.430658212e+01 -1.1517e+00 +2.4952e+00 +1.0905e+00 +4.9288e+00 -4.9853e+00
2875 0 +2.336634076e+01 +1.415634076e+01 +1.415634076e+01 -1.1517e+00 +2.4952e+00 +1.1380e+00 +4.9288e+00 -4.9853e+00
3041 0 +2.284165153e+01 +1.363165153e+01 +1.363165153e+01 -1.2448e+00 +2.7624e+00 +1.1173e+00 +4.9760e+00 -4.9796e+00
3511 0 +2.229842868e+01 +1.308842868e+01 +1.308842868e+01 -1.2066e+00 +2.8360e+00 +1.2149e+00 +4.9554e+00 -4.9977e+00
3806 0 +2.148621641e+01 +1.227621641e+01 +1.227621641e+01 -9.7196e-01 +2.6609e+00 +1.4997e+00 +4.9934e+00 -4.9751e+00
3893 0 +2.136810195e+01 +1.215810195e+01 +1.215810195e+01 -1.0035e+00 +2.7963e+00 +1.6588e+00 +4.9596e+00 -4.9347e+00
3988 0 +2.050515162e+01 +1.129515162e+01 +1.129515162e+01 -1.2295e+00 +2.8865e+00 +1.7677e+00 +4.9485e+00 -4.9994e+00
4265 0 +2.035510823e+01 +1.114510823e+01 +1.114510823e+01 -8.9203e-01 +2.5916e+00 +1.8658e+00 +4.9963e+00 -4.9752e+00
4703 0 +1.991167790e+01 +1.070167790e+01 +1.070167790e+01 -1.0717e+00 +3.0923e+00 +1.8527e+00 +4.9654e+00 -4.9700e+00
4773 0 +1.937743909e+01 +1.016743909e+01 +1.016743909e+01 -9.2710e-01 +3.0850e+00 +1.9816e+00 +4.9252e+00 -4.9921e+00
% f evaluations | g evaluations | best noise-free fitness - Fopt (6.559900000000e+02) + sum g_i+ | measured fitness | best measured fitness or single-digit g-values | x1 | x2...
1 0 +9.419807806e+01 +7.501880781e+02 +7.501880781e+02 -2.6817e-01 -4.2055e+00 +3.7861e+00 -5.6190e-01 -2.1544e+00
2 0 +7.110284618e+01 +7.270928462e+02 +7.270928462e+02 -4.6605e+00 -3.5567e+00 -4.1640e+00 +2.2871e-01 -2.0599e+00
8 0 +4.390855202e+01 +6.998985520e+02 +6.998985520e+02 +6.5082e-01 -4.0007e+00 -5.2820e-01 +1.9293e+00 -4.3626e+00
9 0 +3.700659880e+01 +6.929965988e+02 +6.929965988e+02 -1.8865e+00 +4.6421e+00 -3.9896e+00 +3.4756e+00 -4.8794e+00
95 0 +2.081045313e+01 +6.768004531e+02 +6.768004531e+02 +9.2292e-02 -3.1013e+00 -4.4912e+00 +4.0069e+00 -4.4667e+00
525 0 +1.907851341e+01 +6.750685134e+02 +6.750685134e+02 +9.2292e-02 -3.0990e+00 -4.4912e+00 +4.0069e+00 -4.6403e+00
603 0 +1.819593599e+01 +6.741859360e+02 +6.741859360e+02 +1.4896e-01 -3.0990e+00 -4.5897e+00 +4.1443e+00 -4.6145e+00
711 0 +1.768130668e+01 +6.736713067e+02 +6.736713067e+02 +9.2292e-02 -3.2997e+00 -4.4912e+00 +4.1919e+00 -4.6403e+00
881 0 +1.708726622e+01 +6.730772662e+02 +6.730772662e+02 +7.3727e-02 -3.0956e+00 -4.5002e+00 +4.3206e+00 -4.6626e+00
926 0 +1.388400619e+01 +6.698740062e+02 +6.698740062e+02 +1.8691e-01 -3.0956e+00 -4.6533e+00 +4.5312e+00 -4.8049e+00
1222 0 +1.308371089e+01 +6.690737109e+02 +6.690737109e+02 +2.3668e-01 -3.1196e+00 -4.7323e+00 +4.4919e+00 -4.8727e+00
1352 0 +1.270644644e+01 +6.686964464e+02 +6.686964464e+02 +1.4296e-01 -3.0054e+00 -4.8435e+00 +4.6275e+00 -4.8287e+00
1414 0 +1.192325040e+01 +6.679132504e+02 +6.679132504e+02 +1.8497e-01 -3.0722e+00 -4.3578e+00 +4.7962e+00 -4.9497e+00
1495 0 +1.132064773e+01 +6.673106477e+02 +6.673106477e+02 +2.8169e-01 -2.9852e+00 -4.7429e+00 +4.7104e+00 -4.9422e+00
1597 0 +1.117429892e+01 +6.671642989e+02 +6.671642989e+02 +1.8497e-01 -2.9591e+00 -4.3504e+00 +4.9077e+00 -4.9843e+00
1609 0 +1.055593538e+01 +6.665459354e+02 +6.665459354e+02 +8.9768e-02 -3.0722e+00 -4.7123e+00 +4.7962e+00 -4.9838e+00
1668 0 +1.030292882e+01 +6.662929288e+02 +6.662929288e+02 +1.8253e-01 -3.0560e+00 -4.5449e+00 +4.9227e+00 -4.9845e+00
1701 0 +1.008864090e+01 +6.660786409e+02 +6.660786409e+02 +8.9768e-02 -3.0722e+00 -4.8465e+00 +4.8039e+00 -4.9838e+00
1819 0 +9.922104037e+00 +6.659121040e+02 +6.659121040e+02 +2.5839e-01 -3.1930e+00 -4.9159e+00 +4.7287e+00 -4.9824e+00
1891 0 +9.695711024e+00 +6.656857110e+02 +6.656857110e+02 +2.5839e-01 -3.3203e+00 -4.9159e+00 +4.7287e+00 -4.9824e+00
2057 0 +9.340685165e+00 +6.653306852e+02 +6.653306852e+02 +2.7936e-01 -3.2900e+00 -4.8658e+00 +4.8419e+00 -4.9734e+00
2100 0 +9.050348253e+00 +6.650403483e+02 +6.650403483e+02 +1.5686e-01 -3.2448e+00 -4.9165e+00 +4.9305e+00 -4.9569e+00
2225 0 +8.529722887e+00 +6.645197229e+02 +6.645197229e+02 +4.8169e-01 -3.4516e+00 -4.8091e+00 +4.9217e+00 -4.9786e+00
2308 0 +8.477821876e+00 +6.644678219e+02 +6.644678219e+02 +2.9359e-01 -3.5427e+00 -4.9886e+00 +4.8669e+00 -4.9604e+00
2398 0 +7.914698111e+00 +6.639046981e+02 +6.639046981e+02 +2.3005e-01 -3.5427e+00 -4.9886e+00 +4.9783e+00 -4.9604e+00
2598 0 +7.646153162e+00 +6.636361532e+02 +6.636361532e+02 +4.2971e-01 -3.3708e+00 -4.9743e+00 +4.9896e+00 -4.9961e+00
2865 0 +7.566141207e+00 +6.635561412e+02 +6.635561412e+02 +5.0973e-01 -3.3708e+00 -4.9743e+00 +4.9896e+00 -4.9961e+00
3000 0 +7.378867942e+00 +6.633688679e+02 +6.633688679e+02 +3.8292e-01 -3.6812e+00 -4.9748e+00 +4.9803e+00 -4.9774e+00
3583 0 +7.205126912e+00 +6.631951269e+02 +6.631951269e+02 +4.6730e-01 -3.8035e+00 -4.9746e+00 +4.9772e+00 -4.9664e+00
3585 0 +6.933845834e+00 +6.629238458e+02 +6.629238458e+02 +2.6942e-01 -3.9589e+00 -4.9970e+00 +4.9448e+00 -4.9968e+00
3779 0 +6.881582276e+00 +6.628715823e+02 +6.628715823e+02 +4.8556e-01 -3.7782e+00 -4.9992e+00 +4.9796e+00 -4.9923e+00
4056 0 +6.737988623e+00 +6.627279886e+02 +6.627279886e+02 +6.6829e-01 -3.8697e+00 -4.9859e+00 +4.9698e+00 -4.9818e+00
4085 0 +6.592320394e+00 +6.625823204e+02 +6.625823204e+02 +7.2687e-01 -3.7619e+00 -4.9992e+00 +4.9933e+00 -4.9923e+00
4390 0 +6.441114770e+00 +6.624311148e+02 +6.624311148e+02 +8.0436e-01 -3.9251e+00 -4.9972e+00 +4.9933e+00 -4.9713e+00
4462 0 +6.304899817e+00 +6.622948998e+02 +6.622948998e+02 +8.0436e-01 -4.0017e+00 -4.9972e+00 +4.9933e+00 -4.9713e+00
4749 0 +6.109108570e+00 +6.620991086e+02 +6.620991086e+02 +8.2996e-01 -4.0599e+00 -4.9733e+00 +4.9839e+00 -4.9908e+00
4974 0 +5.723681492e+00 +6.617136815e+02 +6.617136815e+02 +8.1550e-01 -4.3307e+00 -4.9529e+00 +4.9955e+00 -4.9825e+00
% f evaluations | g evaluations | best noise-free fitness - Fopt (6.671000000000e+01) + sum g_i+ | measured fitness | best measured fitness or single-digit g-values | x1 | x2...
1 0 +7.294720270e+01 +1.396572027e+02 +1.396572027e+02 -2.1688e+00 +2.8579e+00 -3.4002e+00 +3.9133e+00 -5.0274e-01
7 0 +7.023635354e+01 +1.369463535e+02 +1.369463535e+02 -3.0298e+00 -1.3370e+00 -3.1862e+00 -2.8135e+00 -3.7922e+00
13 0 +5.653242323e+01 +1.232424232e+02 +1.232424232e+02 +1.0459e+00 +1.4066e+00 -1.8358e+00 +2.6667e+00 -3.4033e+00
14 0 +3.905453010e+01 +1.057645301e+02 +1.057645301e+02 -1.1673e+00 -7.9675e-01 -2.3843e+00 +3.9622e+00 -3.6360e+00
36 0 +3.611528945e+01 +1.028252894e+02 +1.028252894e+02 +3.1095e+00 -3.0894e+00 -3.8479e+00 +1.8898e+00 -4.6525e+00
448 0 +3.547504596e+01 +1.021850460e+02 +1.021850460e+02 +3.2201e+00 -2.9811e+00 -4.0054e+00 +1.9690e+00 -4.6525e+00
581 0 +3.281712445e+01 +9.952712445e+01 +9.952712445e+01 +3.2201e+00 -3.0371e+00 -4.0836e+00 +2.1440e+00 -4.7852e+00
598 0 +3.210235197e+01 +9.881235197e+01 +9.881235197e+01 +3.2370e+00 -3.3351e+00 -4.0046e+00 +1.9503e+00 -4.9393e+00
635 0 +3.102935056e+01 +9.773935056e+01 +9.773935056e+01 +3.2337e+00 -3.0091e+00 -4.3667e+00 +2.0565e+00 -4.9300e+00
831 0 +3.085268144e+01 +9.756268144e+01 +9.756268144e+01 +3.1843e+00 -2.9080e+00 -4.4266e+00 +2.2260e+00 -4.8465e+00
1021 0 +2.964085765e+01 +9.635085765e+01 +9.635085765e+01 +2.7599e+00 -3.0439e+00 -4.1134e+00 +2.2810e+00 -4.9692e+00
1028 0 +2.942386641e+01 +9.613386641e+01 +9.613386641e+01 +2.8823e+00 -2.9477e+00 -4.0434e+00 +2.3748e+00 -4.9896e+00
1195 0 +2.869403507e+01 +9.540403507e+01 +9.540403507e+01 +2.7658e+00 -2.9567e+00 -4.0434e+00 +2.4810e+00 -4.9896e+00
1321 0 +2.797022630e+01 +9.468022630e+01 +9.468022630e+01 +3.0950e+00 -3.2504e+00 -4.7403e+00 +2.1814e+00 -4.9907e+00
1487 0 +2.727169691e+01 +9.398169691e+01 +9.398169691e+01 +2.9203e+00 -3.0607e+00 -4.3483e+00 +2.6053e+00 -4.9624e+00
1591 0 +2.611056138e+01 +9.282056138e+01 +9.282056138e+01 +2.9203e+00 -2.9535e+00 -4.3483e+00 +2.8457e+00 -4.9624e+00
1833 0 +2.562325996e+01 +9.233325996e+01 +9.233325996e+01 +2.8718e+00 -3.2000e+00 -4.7948e+00 +2.6087e+00 -4.9545e+00
1866 0 +2.389399449e+01 +9.060399449e+01 +9.060399449e+01 +3.0039e+00 -3.2000e+00 -4.9689e+00 +2.7976e+00 -4.9794e+00
2189 0 +2.297382230e+01 +8.968382230e+01 +8.968382230e+01 +3.2194e+00 -3.3280e+00 -4.9801e+00 +2.9528e+00 -4.9794e+00
2300 0 +2.273269434e+01 +8.944269434e+01 +8.944269434e+01 +3.1247e+00 -3.3685e+00 -4.9866e+00 +2.9373e+00 -4.9935e+00
2461 0 +2.237496019e+01 +8.908496019e+01 +8.908496019e+01 +3.1290e+00 -3.4029e+00 -4.9849e+00 +3.0580e+00 -4.9563e+00
2621 0 +2.024911114e+01 +8.695911114e+01 +8.695911114e+01 +2.8568e+00 -3.4854e+00 -4.9812e+00 +3.3026e+00 -4.9906e+00
2952 0 +1.979997494e+01 +8.650997494e+01 +8.650997494e+01 +2.8568e+00 -3.4854e+00 -4.9275e+00 +3.4127e+00 -4.9906e+00
3186 0 +1.948441881e+01 +8.619441881e+01 +8.619441881e+01 +2.9838e+00 -3.2984e+00 -4.9176e+00 +3.7223e+00 -4.8971e+00
3274 0 +1.841270795e+01 +8.512270795e+01 +8.512270795e+01 +3.1107e+00 -3.7124e+00 -4.9118e+00 +3.7374e+00 -4.9367e+00
3538 0 +1.785236513e+01 +8.456236513e+01 +8.456236513e+01 +3.1107e+00 -3.8743e+00 -4.9979e+00 +3.7374e+00 -4.9367e+00
3644 0 +1.776209060e+01 +8.447209060e+01 +8.447209060e+01 +3.0554e+00 -3.6956e+00 -4.8561e+00 +3.8930e+00 -4.9293e+00
3690 0 +1.736487595e+01 +8.407487595e+01 +8.407487595e+01 +2.8242e+00 -3.5135e+00 -4.8058e+00 +3.9217e+00 -4.9781e+00
3837 0 +1.696371172e+01 +8.367371172e+01 +8.367371172e+01 +3.0095e+00 -3.5994e+00 -4.7825e+00 +4.0141e+00 -4.9768e+00
3856 0 +1.647584220e+01 +8.318584220e+01 +8.318584220e+01 +3.0904e+00 -3.5808e+00 -4.7961e+00 +4.0863e+00 -4.9921e+00
4024 0 +1.612596368e+01 +8.283596368e+01 +8.283596368e+01 +2.9495e+00 -3.3796e+00 -4.8155e+00 +4.1877e+00 -4.9856e+00
4114 0 +1.547899171e+01 +8.218899171e+01 +8.218899171e+01 +2.7946e+00 -3.8076e+00 -4.8844e+00 +4.1540e+00 -4.9559e+00
4203 0 +1.505103558e+01 +8.176103558e+01 +8.176103558e+01 +3.1596e+00 -3.6021e+00 -4.7767e+00 +4.3710e+00 -4.9838e+00
4290 0 +1.470313560e+01 +8.141313560e+01 +8.141313560e+01 +3.0980e+00 -3.8689e+00 -4.8369e+00 +4.3248e+00 -4.9719e+00
4396 0 +1.407268412e+01 +8.078268412e+01 +8.078268412e+01 +3.1533e+00 -3.9748e+00 -4.8369e+00 +4.4076e+00 -4.9751e+00
4510 0 +1.322215167e+01 +7.993215167e+01 +7.993215167e+01 +2.8830e+00 -3.9748e+00 -4.8192e+00 +4.5554e+00 -4.9556e+00
4762 0 +1.279788674e+01 +7.950788674e+01 +7.950788674e+01 +2.8054e+00 -3.6499e+00 -4.8676e+00 +4.7196e+00 -4.9404e+00
4834 0 +1.227253258e+01 +7.898253258e+01 +7.898253258e+01 +2.7607e+00 -3.9748e+00 -4.9280e+00 +4.6413e+00 -4.9556e+00
4921 0 +1.194191660e+01 +7.865191660e+01 +7.865191660e+01 +2.7607e+00 -3.9748e+00 -4.9280e+00 +4.7640e+00 -4.9197e+00
5020 0 +1.139784574e+01 +7.810784574e+01 +7.810784574e+01 +2.7424e+00 -4.0517e+00 -4.9965e+00 +4.7014e+00 -4.9721e+00
% f evaluations | g evaluations | best noise-free fitness - Fopt (9.416700000000e+02) + sum g_i+ | measured fitness | best measured fitness or single-digit g-values | x1 | x2...
1 0 +1.088646277e+02 +1.050534628e+03 +1.050534628e+03 +3.7246e+00 -1.5658e+00 -1.3153e-01 -6.8146e-01 -4.1435e-01
4 0 +1.039528182e+02 +1.045622818e+03 +1.045622818e+03 -1.3978e+00 +8.6106e-01 +4.5330e+00 -1.5224e+00 +1.7730e-01
6 0 +8.901768968e+01 +1.030687690e+03 +1.030687690e+03 +1.8861e+00 +3.9079e+00 -6.4972e-01 -3.2169e+00 -4.7782e+00
15 0 +5.033598384e+01 +9.920059838e+02 +9.920059838e+02 -9.8556e-02 -6.6061e-02 +3.7913e+00 +1.9581e+00 -3.4267e+00
31 0 +4.347708348e+01 +9.851470835e+02 +9.851470835e+02 +4.6571e+00 +2.0943e+00 +3.6268e+00 +2.8860e+00 -4.5026e+00
58 0 +3.203502506e+01 +9.737050251e+02 +9.737050251e+02 -9.9904e-02 -2.6792e-01 +1.9494e+00 +4.0753e+00 -4.6127e+00
99 0 +3.108619581e+01 +9.727561958e+02 +9.727561958e+02 -4.2496e+00 -3.6836e+00 +4.7748e+00 +1.8319e+00 -4.0533e+00
159 0 +3.073582891e+01 +9.724058289e+02 +9.724058289e+02 -4.2496e+00 -3.7049e+00 +4.8736e+00 +1.8319e+00 -4.0533e+00
212 0 +2.963066634e+01 +9.713006663e+02 +9.713006663e+02 -4.2494e+00 -3.7703e+00 +4.8348e+00 +1.8319e+00 -4.1644e+00
338 0 +2.795430039e+01 +9.696243004e+02 +9.696243004e+02 +6.7680e-02 -3.5432e-01 +2.0775e+00 +4.2133e+00 -4.9040e+00
598 0 +2.661158645e+01 +9.682815864e+02 +9.682815864e+02 -2.2711e+00 -2.0957e+00 +3.4951e+00 +3.0917e+00 -4.6772e+00
676 0 +2.619908099e+01 +9.678690810e+02 +9.678690810e+02 -3.6687e-02 -3.5432e-01 +2.1686e+00 +4.4557e+00 -4.9040e+00
751 0 +2.570123648e+01 +9.673712365e+02 +9.673712365e+02 -3.6687e-02 -3.5432e-01 +2.1686e+00 +4.5326e+00 -4.9105e+00
807 0 +2.321083759e+01 +9.648808376e+02 +9.648808376e+02 -2.1160e+00 -1.9978e+00 +3.4951e+00 +3.4137e+00 -4.8691e+00
927 0 +2.258783550e+01 +9.642578355e+02 +9.642578355e+02 -2.6415e+00 -2.2153e+00 +3.8789e+00 +3.1777e+00 -4.8516e+00
1094 0 +2.187638794e+01 +9.635463879e+02 +9.635463879e+02 -2.6290e+00 -2.2932e+00 +4.0325e+00 +3.6139e+00 -4.6162e+00
1232 0 +2.096561049e+01 +9.626356105e+02 +9.626356105e+02 -2.7455e+00 -2.0495e+00 +4.0075e+00 +3.2183e+00 -4.9694e+00
1235 0 +2.088281158e+01 +9.625528116e+02 +9.625528116e+02 -2.6935e+00 -2.3918e+00 +4.0740e+00 +3.1556e+00 -4.9362e+00
1314 0 +2.005586939e+01 +9.617258694e+02 +9.617258694e+02 -2.5179e+00 -2.2646e+00 +3.8861e+00 +3.5921e+00 -4.8730e+00
1391 0 +1.984264668e+01 +9.615126467e+02 +9.615126467e+02 -1.6309e+00 -1.6549e+00 +3.2853e+00 +4.2532e+00 -4.9097e+00
1532 0 +1.932433375e+01 +9.609943338e+02 +9.609943338e+02 -2.3675e+00 -2.3166e+00 +3.7049e+00 +3.6468e+00 -4.9785e+00
1554 0 +1.876756259e+01 +9.604375626e+02 +9.604375626e+02 -1.9941e+00 -2.0956e+00 +3.7018e+00 +3.8648e+00 -4.9892e+00
1726 0 +1.790792555e+01 +9.595779255e+02 +9.595779255e+02 -1.9060e+00 -2.2065e+00 +3.4328e+00 +4.1883e+00 -4.9674e+00
1825 0 +1.776501786e+01 +9.594350179e+02 +9.594350179e+02 -2.5837e+00 -2.3352e+00 +4.2497e+00 +3.7158e+00 -4.8984e+00
1886 0 +1.722517319e+01 +9.588951732e+02 +9.588951732e+02 -1.9597e+00 -2.0359e+00 +3.3169e+00 +4.4193e+00 -4.9674e+00
1989 0 +1.682734754e+01 +9.584973475e+02 +9.584973475e+02 -2.3381e+00 -2.3465e+00 +3.8519e+00 +4.0356e+00 -4.9607e+00
2140 0 +1.644700445e+01 +9.581170045e+02 +9.581170045e+02 -2.2764e+00 -2.1508e+00 +3.5303e+00 +4.4705e+00 -4.8969e+00
2194 0 +1.606271421e+01 +9.577327142e+02 +9.577327142e+02 -2.3149e+00 -2.1211e+00 +3.5303e+00 +4.5414e+00 -4.8969e+00
2280 0 +1.518346879e+01 +9.568534688e+02 +9.568534688e+02 -2.1321e+00 -2.6217e+00 +3.8567e+00 +4.2470e+00 -4.9764e+00
2295 0 +1.486419922e+01 +9.565341992e+02 +9.565341992e+02 -2.3620e+00 -2.2532e+00 +3.8798e+00 +4.3253e+00 -4.9995e+00
2440 0 +1.430820793e+01 +9.559782079e+02 +9.559782079e+02 -2.2280e+00 -2.3863e+00 +4.0644e+00 +4.3096e+00 -4.9953e+00
2594 0 +1.394036607e+01 +9.556103661e+02 +9.556103661e+02 -2.0357e+00 -2.6008e+00 +3.9297e+00 +4.4207e+00 -4.9933e+00
2682 0 +1.376457646e+01 +9.554345765e+02 +9.554345765e+02 -2.0875e+00 -2.7174e+00 +4.0383e+00 +4.4692e+00 -4.9233e+00
2756 0 +1.284847413e+01 +9.545184741e+02 +9.545184741e+02 -2.4593e+00 -2.3646e+00 +4.0196e+00 +4.6009e+00 -4.9724e+00
2983 0 +1.229516469e+01 +9.539651647e+02 +9.539651647e+02 -2.4750e+00 -2.5116e+00 +4.0196e+00 +4.6009e+00 -5.0000e+00
3018 0 +1.104565107e+01 +9.527156511e+02 +9.527156511e+02 -2.5092e+00 -2.5107e+00 +4.1798e+00 +4.7763e+00 -4.9724e+00
3156 0 +1.092804862e+01 +9.525980486e+02 +9.525980486e+02 -2.4073e+00 -2.3732e+00 +4.1240e+00 +4.8938e+00 -4.9703e+00
3201 0 +1.046390039e+01 +9.521339004e+02 +9.521339004e+02 -2.4112e+00 -2.3732e+00 +4.2695e+00 +4.8938e+00 -4.9703e+00
3221 0 +1.018469169e+01 +9.518546917e+02 +9.518546917e+02 -2.4804e+00 -2.6254e+00 +4.2022e+00 +4.8490e+00 -4.9930e+00
3306 0 +9.963431280e+00 +9.516334313e+02 +9.516334313e+02 -2.6500e+00 -2.6769e+00 +4.2868e+00 +4.8127e+00 -4.9827e+00
3406 0 +9.665191692e+00 +9.513351917e+02 +9.513351917e+02 -2.4198e+00 -2.6777e+00 +4.4404e+00 +4.8350e+00 -4.9742e+00
3467 0 +9.387682394e+00 +9.510576824e+02 +9.510576824e+02 -2.6388e+00 -2.5360e+00 +4.3550e+00 +4.9417e+00 -4.9723e+00
3540 0 +9.263024458e+00 +9.509330245e+02 +9.509330245e+02 -2.4018e+00 -2.7698e+00 +4.2473e+00 +4.9539e+00 -4.9941e+00
3674 0 +9.095997324e+00 +9.507659973e+02 +9.507659973e+02 -2.7091e+00 -2.6817e+00 +4.3249e+00 +4.9435e+00 -4.9770e+00
3725 0 +8.692541619e+00 +9.503625416e+02 +9.503625416e+02 -2.5703e+00 -2.7574e+00 +4.5638e+00 +4.9133e+00 -4.9592e+00
3793 0 +8.436133671e+00 +9.501061337e+02 +9.501061337e+02 -2.7220e+00 -2.6817e+00 +4.5295e+00 +4.9435e+00 -4.9770e+00
3809 0 +8.095578721e+00 +9.497655787e+02 +9.497655787e+02 -2.7515e+00 -2.8095e+00 +4.5638e+00 +4.9708e+00 -4.9592e+00
3996 0 +7.811442000e+00 +9.494814420e+02 +9.494814420e+02 -2.8641e+00 -2.8095e+00 +4.6317e+00 +4.9796e+00 -4.9499e+00
4031 0 +7.531057248e+00 +9.492010572e+02 +9.492010572e+02 -2.7515e+00 -2.8095e+00 +4.6650e+00 +4.9708e+00 -4.9836e+00
4130 0 +7.267985352e+00 +9.489379854e+02 +9.489379854e+02 -2.7841e+00 -2.8490e+00 +4.7194e+00 +4.9708e+00 -4.9825e+00
4316 0 +7.184802308e+00 +9.488548023e+02 +9.488548023e+02 -2.5878e+00 -2.7835e+00 +4.8220e+00 +4.9619e+00 -4.9946e+00
4366 0 +7.058825166e+00 +9.487288252e+02 +9.487288252e+02 -2.9964e+00 -2.9271e+00 +4.6981e+00 +4.9314e+00 -4.9971e+00
4563 0 +6.839771058e+00 +9.485097711e+02 +9.485097711e+02 -2.7219e+00 -2.8848e+00 +4.8332e+00 +4.9545e+00 -4.9983e+00
4615 0 +6.704307098e+00 +9.483743071e+02 +9.483743071e+02 -2.7935e+00 -2.7886e+00 +4.8917e+00 +4.9964e+00 -4.9798e+00
4874 0 +6.438622568e+00 +9.481086226e+02 +9.481086226e+02 -2.9342e+00 -3.1139e+00 +4.8331e+00 +4.9551e+00 -4.9761e+00
4915 0 +6.255531512e+00 +9.479255315e+02 +9.479255315e+02 -2.7782e+00 -3.2278e+00 +4.8851e+00 +4.9866e+00 -4.9556e+00
5041 0 +6.120288078e+00 +9.477902881e+02 +9.477902881e+02 -2.8837e+00 -3.0632e+00 +4.9875e+00 +4.9644e+00 -4.9680e+00
% f evaluations | g evaluations | best noise-free fitness - Fopt (-3.745000000000e+01) + sum g_i+ | measured fitness | best measured fitness or single-digit g-values | x1 | x2...
1 0 +1.097492096e+02 +7.229920957e+01 +7.229920957e+01 +4.3818e+00 +2.2401e+00 -1.5150e+00 -5.3131e-01 +8.4916e-01
2 0 +6.021864699e+01 +2.276864699e+01 +2.276864699e+01 +2.8914e+00 -2.6816e+00 -1.5599e+00 -4.6318e+00 -2.8365e+00
32 0 +3.451757389e+01 -2.932426106e+00 -2.932426106e+00 +2.7463e+00 +1.0234e+00 +1.9701e+00 -2.7698e+00 -4.6930e+00
101 0 +3.345810259e+01 -3.991897412e+00 -3.991897412e+00 +3.5346e-01 +3.7213e+00 +1.6729e+00 -2.8579e+00 -4.6030e+00
238 0 +3.213831895e+01 -5.311681054e+00 -5.311681054e+00 +2.3022e-01 +3.9018e+00 +1.6199e+00 -2.8033e+00 -4.7626e+00
305 0 +3.032202492e+01 -7.127975080e+00 -7.127975080e+00 +2.3022e-01 +3.9800e+00 +1.6199e+00 -3.0180e+00 -4.8096e+00
438 0 +3.007774515e+01 -7.372254853e+00 -7.372254853e+00 +2.3022e-01 +3.9800e+00 +1.7332e+00 -2.9978e+00 -4.8096e+00
511 0 +2.864470327e+01 -8.805296729e+00 -8.805296729e+00 +1.0529e-01 +3.9769e+00 +1.6766e+00 -2.9868e+00 -4.9900e+00
702 0 +2.809199203e+01 -9.358007968e+00 -9.358007968e+00 +1.5097e-01 +3.9665e+00 +1.8896e+00 -3.1376e+00 -4.8904e+00
786 0 +2.752398792e+01 -9.926012084e+00 -9.926012084e+00 +1.4424e-01 +3.9376e+00 +1.9759e+00 -3.4109e+00 -4.7720e+00
906 0 +2.658148026e+01 -1.086851974e+01 -1.086851974e+01 +1.8001e-01 +4.0496e+00 +1.8019e+00 -3.2498e+00 -4.9884e+00
1064 0 +2.627748361e+01 -1.117251639e+01 -1.117251639e+01 +1.5320e-01 +3.9901e+00 +2.0749e+00 -3.4109e+00 -4.8552e+00
1092 0 +2.531423767e+01 -1.213576233e+01 -1.213576233e+01 +4.8581e-01 +3.9702e+00 +1.9593e+00 -3.4726e+00 -4.9236e+00
1126 0 +2.412332794e+01 -1.332667206e+01 -1.332667206e+01 +2.5122e-01 +4.0434e+00 +1.9759e+00 -3.6173e+00 -4.9665e+00
1207 0 +2.388419507e+01 -1.356580493e+01 -1.356580493e+01 +2.5122e-01 +3.9500e+00 +1.9759e+00 -3.6893e+00 -4.9665e+00
1427 0 +2.274464703e+01 -1.470535297e+01 -1.470535297e+01 +3.3388e-01 +3.9850e+00 +2.2129e+00 -3.7525e+00 -4.9556e+00
1432 0 +2.217600047e+01 -1.527399953e+01 -1.527399953e+01 +1.0223e-01 +4.0800e+00 +2.2704e+00 -3.7808e+00 -4.9846e+00
1627 0 +2.174807242e+01 -1.570192758e+01 -1.570192758e+01 +1.0223e-01 +4.0800e+00 +2.4057e+00 -3.7808e+00 -4.9846e+00
1784 0 +2.127229715e+01 -1.617770285e+01 -1.617770285e+01 +1.3824e-01 +3.9211e+00 +2.4426e+00 -3.9307e+00 -4.9608e+00
1897 0 +2.081948089e+01 -1.663051911e+01 -1.663051911e+01 +1.2040e-01 +4.2770e+00 +2.4184e+00 -3.9096e+00 -4.9641e+00
2001 0 +1.995636600e+01 -1.749363400e+01 -1.749363400e+01 +2.4242e-01 +4.1497e+00 +2.5135e+00 -4.0355e+00 -4.9600e+00
2137 0 +1.947772415e+01 -1.797227585e+01 -1.797227585e+01 +3.7764e-01 +4.1535e+00 +2.5569e+00 -4.0800e+00 -4.9549e+00
2393 0 +1.863053992e+01 -1.881946008e+01 -1.881946008e+01 +1.6661e-01 +3.8750e+00 +2.4859e+00 -4.3903e+00 -4.9583e+00
2411 0 +1.743537480e+01 -2.001462520e+01 -2.001462520e+01 +6.0034e-01 +4.3360e+00 +2.5732e+00 -4.3558e+00 -4.9442e+00
2640 0 +1.728771534e+01 -2.016228466e+01 -2.016228466e+01 +4.9322e-01 +4.2871e+00 +2.6109e+00 -4.3558e+00 -4.9664e+00
2701 0 +1.688184711e+01 -2.056815289e+01 -2.056815289e+01 +4.9322e-01 +4.4531e+00 +2.6379e+00 -4.3558e+00 -4.9690e+00
2780 0 +1.657966957e+01 -2.087033043e+01 -2.087033043e+01 +6.1784e-01 +4.2374e+00 +2.8664e+00 -4.4182e+00 -4.9177e+00
2816 0 +1.570958643e+01 -2.174041357e+01 -2.174041357e+01 +3.6827e-01 +4.4667e+00 +3.0400e+00 -4.4553e+00 -4.9131e+00
2963 0 +1.465844043e+01 -2.279155957e+01 -2.279155957e+01 +4.9322e-01 +4.1587e+00 +2.7058e+00 -4.8126e+00 -4.9653e+00
3024 0 +1.365847876e+01 -2.379152124e+01 -2.379152124e+01 +4.9322e-01 +4.1587e+00 +2.8498e+00 -4.9094e+00 -4.9653e+00
3125 0 +1.297209441e+01 -2.447790559e+01 -2.447790559e+01 +4.7965e-01 +4.1587e+00 +2.9078e+00 -4.9675e+00 -4.9843e+00
3221 0 +1.263471250e+01 -2.481528750e+01 -2.481528750e+01 +4.9255e-01 +4.1587e+00 +3.1604e+00 -4.8831e+00 -4.9843e+00
3356 0 +1.229382871e+01 -2.515617129e+01 -2.515617129e+01 +6.1949e-01 +4.3257e+00 +3.2346e+00 -4.8831e+00 -4.9526e+00
3569 0 +1.191063968e+01 -2.553936032e+01 -2.553936032e+01 +4.0617e-01 +4.4381e+00 +3.2667e+00 -4.8893e+00 -4.9786e+00
3626 0 +1.173507454e+01 -2.571492546e+01 -2.571492546e+01 +2.5898e-01 +4.3704e+00 +3.3236e+00 -4.9361e+00 -4.9786e+00
3838 0 +1.139833284e+01 -2.605166716e+01 -2.605166716e+01 +6.2986e-01 +4.5327e+00 +3.2855e+00 -4.9575e+00 -4.9464e+00
3842 0 +1.120433481e+01 -2.624566519e+01 -2.624566519e+01 +9.1661e-01 +4.4907e+00 +3.2456e+00 -4.9528e+00 -4.9598e+00
4078 0 +1.094414289e+01 -2.650585711e+01 -2.650585711e+01 +9.6094e-01 +4.4907e+00 +3.3631e+00 -4.9050e+00 -4.9711e+00
4079 0 +1.044674335e+01 -2.700325665e+01 -2.700325665e+01 +5.9436e-01 +4.6593e+00 +3.4893e+00 -4.9035e+00 -4.9885e+00
4417 0 +1.002647058e+01 -2.742352942e+01 -2.742352942e+01 +8.1212e-01 +4.5890e+00 +3.7850e+00 -4.8949e+00 -4.9326e+00
4469 0 +9.900855038e+00 -2.754914496e+01 -2.754914496e+01 +5.1279e-01 +4.6089e+00 +3.6418e+00 -4.9357e+00 -4.9939e+00
4557 0 +9.762346445e+00 -2.768765356e+01 -2.768765356e+01 +8.8882e-01 +4.6509e+00 +3.8994e+00 -4.7877e+00 -4.9644e+00
4565 0 +9.256464403e+00 -2.819353560e+01 -2.819353560e+01 +6.0649e-01 +4.4462e+00 +3.8344e+00 -4.9811e+00 -4.9914e+00
5003 0 +8.925970833e+00 -2.852402917e+01 -2.852402917e+01 +6.3548e-01 +4.9364e+00 +3.6664e+00 -4.9692e+00 -4.9942e+00
% f evaluations | g evaluations | best noise-free fitness - Fopt (-1.226500000000e+02) + sum g_i+ | measured fitness | best measured fitness or single-digit g-values | x1 | x2...
1 0 +1.394971709e+02 +1.684717091e+01 +1.684717091e+01 -4.3472e+00 -1.0374e+00 +2.4170e+00 -1.4124e-02 +2.6457e+00
2 0 +1.096500819e+02 -1.299991809e+01 -1.299991809e+01 -3.6534e+00 -1.3776e+00 -9.8922e-01 +9.8298e-01 +1.1690e+00
4 0 +1.057407608e+02 -1.690923919e+01 -1.690923919e+01 +1.2785e+00 -2.0402e+00 -2.6364e+00 +2.9700e-02 +1.5182e-01
11 0 +9.818139113e+01 -2.446860887e+01 -2.446860887e+01 -2.4590e+00 -3.4503e+00 -3.5939e+00 -2.4825e+00 -1.5910e+00
12 0 +8.893159948e+01 -3.371840052e+01 -3.371840052e+01 -2.1339e+00 -4.9759e+00 +2.6912e+00 +3.8640e+00 -1.2384e+00
15 0 +5.092941455e+01 -7.172058545e+01 -7.172058545e+01 -2.7833e-01 +3.6468e+00 +1.9056e+00 +2.0903e+00 -4.4398e+00
44 0 +4.887620921e+01 -7.377379079e+01 -7.377379079e+01 +3.0743e+00 -1.8945e+00 +3.8444e-01 +3.9244e+00 -4.4534e+00
356 0 +4.697230909e+01 -7.567769091e+01 -7.567769091e+01 +3.2588e+00 -1.8361e+00 +2.8883e-01 +3.9138e+00 -4.6276e+00
406 0 +4.676457013e+01 -7.588542987e+01 -7.588542987e+01 +3.2588e+00 -1.7136e+00 +2.8883e-01 +3.9120e+00 -4.6276e+00
507 0 +4.496023062e+01 -7.768976938e+01 -7.768976938e+01 +2.9203e+00 -1.6372e+00 +2.6859e-01 +4.1551e+00 -4.6175e+00
632 0 +4.318416856e+01 -7.946583144e+01 -7.946583144e+01 +2.9203e+00 -1.6372e+00 +1.9909e-01 +4.2717e+00 -4.7075e+00
811 0 +4.206290353e+01 -8.058709647e+01 -8.058709647e+01 +2.2352e+00 -3.7879e-01 +6.4889e-01 +3.6859e+00 -4.9991e+00
878 0 +4.120390638e+01 -8.144609362e+01 -8.144609362e+01 +3.1714e+00 -1.4077e+00 -5.1505e-01 +4.1552e+00 -4.7296e+00
1105 0 +4.062800049e+01 -8.202199951e+01 -8.202199951e+01 +3.1026e+00 -1.4499e+00 -4.1795e-01 +4.2717e+00 -4.7530e+00
1188 0 +3.979925433e+01 -8.285074567e+01 -8.285074567e+01 +3.1963e+00 -1.4077e+00 -4.5949e-01 +4.4406e+00 -4.7296e+00
1218 0 +3.811642827e+01 -8.453357173e+01 -8.453357173e+01 +2.9118e+00 -1.0967e+00 -3.9450e-01 +4.4819e+00 -4.8115e+00
1352 0 +3.720269207e+01 -8.544730793e+01 -8.544730793e+01 +2.8353e+00 -1.1888e+00 -2.6916e-01 +4.4480e+00 -4.9702e+00
1359 0 +3.687615954e+01 -8.577384046e+01 -8.577384046e+01 +2.7896e+00 -1.1774e+00 -2.7372e-01 +4.5046e+00 -4.9630e+00
1394 0 +3.596436147e+01 -8.668563853e+01 -8.668563853e+01 +2.9185e+00 -9.2109e-01 -3.5800e-01 +4.5259e+00 -4.9829e+00
1756 0 +3.536132859e+01 -8.728867141e+01 -8.728867141e+01 +2.9907e+00 -1.1634e+00 -4.6407e-01 +4.7004e+00 -4.9618e+00
1863 0 +3.453239134e+01 -8.811760866e+01 -8.811760866e+01 +2.5984e+00 -1.2117e+00 -6.6069e-01 +4.7210e+00 -4.9403e+00
1995 0 +3.355017401e+01 -8.909982599e+01 -8.909982599e+01 +2.7647e+00 -7.9667e-01 -6.9778e-01 +4.6857e+00 -4.9895e+00
2115 0 +3.275588106e+01 -8.989411894e+01 -8.989411894e+01 +2.7647e+00 -7.9667e-01 -6.9778e-01 +4.8100e+00 -4.9990e+00
2216 0 +3.211753895e+01 -9.053246105e+01 -9.053246105e+01 +2.7003e+00 -7.2235e-01 -6.9778e-01 +4.8886e+00 -4.9990e+00
2562 0 +3.152810502e+01 -9.112189498e+01 -9.112189498e+01 +2.7990e+00 -9.1340e-01 -1.0204e+00 +4.9171e+00 -4.9838e+00
2855 0 +3.043129389e+01 -9.221870611e+01 -9.221870611e+01 +3.1998e+00 -7.1153e-01 -1.1891e+00 +4.9993e+00 -4.9980e+00
3091 0 +3.016340237e+01 -9.248659763e+01 -9.248659763e+01 +3.1998e+00 -5.9711e-01 -1.3012e+00 +4.9993e+00 -4.9690e+00
3324 0 +2.934688363e+01 -9.330311637e+01 -9.330311637e+01 +3.3123e+00 -5.4506e-01 -1.4875e+00 +4.9989e+00 -4.9940e+00
3613 0 +2.875264757e+01 -9.389735243e+01 -9.389735243e+01 +2.8371e+00 -3.4783e-01 -1.5384e+00 +4.9759e+00 -4.9676e+00
3952 0 +2.799747937e+01 -9.465252063e+01 -9.465252063e+01 +2.8784e+00 -1.2995e-01 -1.6501e+00 +4.9854e+00 -4.9679e+00
4338 0 +2.714082145e+01 -9.550917855e+01 -9.550917855e+01 +2.8682e+00 -1.4369e-01 -2.1050e+00 +4.8612e+00 -4.9810e+00
4466 0 +2.657458665e+01 -9.607541335e+01 -9.607541335e+01 +2.8682e+00 -1.3907e-01 -2.2651e+00 +4.9167e+00 -4.9549e+00
4796 0 +2.602264975e+01 -9.662735025e+01 -9.662735025e+01 +2.8891e+00 +1.4079e-01 -2.1773e+00 +4.9536e+00 -4.9695e+00
% f evaluations | g evaluations | best noise-free fitness - Fopt (-4.726000000000e+01) + sum g_i+ | measured fitness | best measured fitness or single-digit g-values | x1 | x2...
1 0 +1.390443345e+02 +9.178433452e+01 +9.178433452e+01 -9.9605e-01 -1.2449e+00 -3.5521e+00 -3.7921e+00 -2.2351e+00
2 0 +1.272620785e+02 +8.000207854e+01 +8.000207854e+01 -3.0436e+00 +2.0018e-01 +2.9873e-01 -4.4403e+00 +9.8720e-01
3 0 +8.638695814e+01 +3.912695814e+01 +3.912695814e+01 -4.6991e+00 -1.0354e+00 +1.1738e+00 +3.4245e+00 +8.7451e-01
6 0 +6.683457492e+01 +1.957457492e+01 +1.957457492e+01 -4.6789e+00 -4.0243e+00 -3.3444e+00 -3.7342e-01 +3.0032e+00
20 0 +2.273157759e+01 -2.452842241e+01 -2.452842241e+01 +1.3709e+00 -2.5351e+00 -3.8341e+00 +3.4202e+00 +4.7852e+00
244 0 +2.165166728e+01 -2.560833272e+01 -2.560833272e+01 +1.3709e+00 -2.5802e+00 -3.8449e+00 +3.4202e+00 +4.8817e+00
360 0 +2.121389334e+01 -2.604610666e+01 -2.604610666e+01 +1.4300e+00 -2.7051e+00 -3.9889e+00 +3.5388e+00 +4.7852e+00
429 0 +1.920735095e+01 -2.805264905e+01 -2.805264905e+01 +1.1385e+00 -2.5087e+00 -3.8678e+00 +3.7253e+00 +4.9833e+00
675 0 +1.853045443e+01 -2.872954557e+01 -2.872954557e+01 +1.3346e+00 -2.8069e+00 -3.9442e+00 +3.7344e+00 +4.9491e+00
766 0 +1.799125961e+01 -2.926874039e+01 -2.926874039e+01 +1.5127e+00 -2.8069e+00 -3.9442e+00 +3.7344e+00 +4.9852e+00
855 0 +1.711481847e+01 -3.014518153e+01 -3.014518153e+01 +1.4237e+00 -2.8069e+00 -4.0238e+00 +3.9449e+00 +4.9382e+00
1032 0 +1.618181512e+01 -3.107818488e+01 -3.107818488e+01 +1.2679e+00 -2.7639e+00 -4.0289e+00 +4.1041e+00 +4.9635e+00
1170 0 +1.544285591e+01 -3.181714409e+01 -3.181714409e+01 +1.2556e+00 -2.7424e+00 -4.0414e+00 +4.2106e+00 +4.9787e+00
1299 0 +1.504648178e+01 -3.221351822e+01 -3.221351822e+01 +1.0739e+00 -3.1009e+00 -4.3278e+00 +4.0737e+00 +4.9592e+00
1358 0 +1.439612736e+01 -3.286387264e+01 -3.286387264e+01 +1.3088e+00 -3.0545e+00 -4.4802e+00 +4.0357e+00 +4.9821e+00
1534 0 +1.342983794e+01 -3.383016206e+01 -3.383016206e+01 +1.1894e+00 -2.8310e+00 -3.8252e+00 +4.6786e+00 +4.9761e+00
1789 0 +1.300701910e+01 -3.425298090e+01 -3.425298090e+01 +1.5600e+00 -2.8076e+00 -4.2438e+00 +4.5224e+00 +4.9409e+00
1860 0 +1.257922434e+01 -3.468077566e+01 -3.468077566e+01 +1.3865e+00 -3.2947e+00 -4.3082e+00 +4.4155e+00 +4.9541e+00
1933 0 +1.211382826e+01 -3.514617174e+01 -3.514617174e+01 +1.1859e+00 -2.9597e+00 -4.2605e+00 +4.7590e+00 +4.9022e+00
2052 0 +1.175675066e+01 -3.550324934e+01 -3.550324934e+01 +1.0057e+00 -2.9939e+00 -4.3039e+00 +4.8194e+00 +4.9022e+00
2133 0 +1.174154236e+01 -3.551845764e+01 -3.551845764e+01 +1.2588e+00 -3.2276e+00 -4.3753e+00 +4.5709e+00 +4.9540e+00
2188 0 +1.146630626e+01 -3.579369374e+01 -3.579369374e+01 +1.3114e+00 -2.6645e+00 -4.5537e+00 +4.8445e+00 +4.8661e+00
2225 0 +1.077341346e+01 -3.648658654e+01 -3.648658654e+01 +1.3382e+00 -3.0063e+00 -4.3674e+00 +4.8405e+00 +4.9331e+00
2355 0 +1.024002254e+01 -3.701997746e+01 -3.701997746e+01 +1.2134e+00 -3.2693e+00 -4.4402e+00 +4.8079e+00 +4.9475e+00
2426 0 +1.006169514e+01 -3.719830486e+01 -3.719830486e+01 +1.4923e+00 -2.7784e+00 -4.4630e+00 +4.9151e+00 +4.9572e+00
2447 0 +9.948195450e+00 -3.731180455e+01 -3.731180455e+01 +1.2134e+00 -3.2644e+00 -4.4826e+00 +4.8637e+00 +4.9328e+00
2491 0 +9.453569529e+00 -3.780643047e+01 -3.780643047e+01 +1.4416e+00 -2.7736e+00 -4.7604e+00 +4.9021e+00 +4.9372e+00
2605 0 +8.832075203e+00 -3.842792480e+01 -3.842792480e+01 +1.3791e+00 -3.2381e+00 -4.6422e+00 +4.9251e+00 +4.9475e+00
2649 0 +8.568397693e+00 -3.869160231e+01 -3.869160231e+01 +1.0748e+00 -3.1441e+00 -4.7873e+00 +4.9759e+00 +4.9466e+00
2855 0 +8.482273319e+00 -3.877772668e+01 -3.877772668e+01 +1.3727e+00 -3.0541e+00 -4.6301e+00 +4.9710e+00 +4.9938e+00
2888 0 +8.063999636e+00 -3.919600036e+01 -3.919600036e+01 +1.4925e+00 -3.1282e+00 -4.9196e+00 +4.9383e+00 +4.9373e+00
2948 0 +7.853179919e+00 -3.940682008e+01 -3.940682008e+01 +1.3727e+00 -3.1273e+00 -4.7879e+00 +4.9710e+00 +4.9938e+00
3097 0 +7.580364212e+00 -3.967963579e+01 -3.967963579e+01 +1.4789e+00 -3.0811e+00 -4.9454e+00 +4.9747e+00 +4.9668e+00
3099 0 +7.173446251e+00 -4.008655375e+01 -4.008655375e+01 +1.3595e+00 -3.1620e+00 -4.9553e+00 +4.9868e+00 +4.9951e+00
3651 0 +6.947948138e+00 -4.031205186e+01 -4.031205186e+01 +1.3340e+00 -3.2547e+00 -4.9748e+00 +4.9911e+00 +4.9951e+00
3859 0 +6.890508265e+00 -4.036949173e+01 -4.036949173e+01 +1.4799e+00 -3.2326e+00 -4.9477e+00 +4.9947e+00 +4.9968e+00
4137 0 +6.612511489e+00 -4.064748851e+01 -4.064748851e+01 +1.6546e+00 -3.5547e+00 -4.9068e+00 +4.9778e+00 +4.9723e+00
4149 0 +6.450455871e+00 -4.080954413e+01 -4.080954413e+01 +1.5129e+00 -3.4342e+00 -4.9964e+00 +4.9907e+00 +4.9885e+00
4552 0 +6.304999725e+00 -4.095500028e+01 -4.095500028e+01 +1.2976e+00 -3.6550e+00 -4.9964e+00 +4.9915e+00 +4.9848e+00
4793 0 +6.098658513e+00 -4.116134149e+01 -4.116134149e+01 +1.4623e+00 -3.6550e+00 -4.9964e+00 +4.9989e+00 +4.9848e+00
4981 0 +5.970839355e+00 -4.128916065e+01 -4.128916065e+01 +1.7846e+00 -3.6583e+00 -4.9237e+00 +4.9773e+00 +4.9999e+00
% f evaluations | g evaluations | best noise-free fitness - Fopt (-2.292300000000e+02) + sum g_i+ | measured fitness | best measured fitness or single-digit g-values | x1 | x2...
1 0 +9.617060692e+01 -1.330593931e+02 -1.330593931e+02 +2.5955e+00 +4.2642e+00 +3.9233e+00 -3.7298e+00 -1.6744e+00
2 0 +5.108277837e+01 -1.781472216e+02 -1.781472216e+02 -4.3199e+00 -2.8915e+00 +2.1156e+00 -2.6011e+00 +3.4598e+00
71 0 +3.297029432e+01 -1.962597057e+02 -1.962597057e+02 -2.9241e-01 +2.6957e-01 +3.1025e-02 -4.9904e+00 +4.7460e+00
201 0 +3.209216858e+01 -1.971378314e+02 -1.971378314e+02 -2.9241e-01 +1.4385e-01 +3.1025e-02 -4.9522e+00 +4.8329e+00
471 0 +3.056672898e+01 -1.986632710e+02 -1.986632710e+02 -3.9102e-01 +1.4385e-01 +4.6373e-02 -4.9899e+00 +4.9693e+00
721 0 +2.998053209e+01 -1.992494679e+02 -1.992494679e+02 -3.5826e-01 +2.6662e-01 +2.8260e-01 -4.9442e+00 +4.9975e+00
1131 0 +2.882478820e+01 -2.004052118e+02 -2.004052118e+02 -3.2401e-01 -9.9343e-02 +4.4744e-01 -4.9833e+00 +4.9705e+00
1497 0 +2.813481324e+01 -2.010951868e+02 -2.010951868e+02 -5.0225e-01 +3.5735e-02 +8.4395e-01 -4.9820e+00 +4.9566e+00
1565 0 +2.749803605e+01 -2.017319640e+02 -2.017319640e+02 -5.9314e-01 -2.2164e-01 +8.6043e-01 -4.9585e+00 +4.9916e+00
1848 0 +2.669037252e+01 -2.025396275e+02 -2.025396275e+02 -5.3453e-01 -2.8525e-01 +1.0386e+00 -4.9585e+00 +4.9989e+00
2095 0 +2.611375201e+01 -2.031162480e+02 -2.031162480e+02 -5.3453e-01 -3.9642e-01 +1.1158e+00 -4.9922e+00 +4.9934e+00
2634 0 +2.545240925e+01 -2.037775907e+02 -2.037775907e+02 -9.4469e-02 -3.2734e-01 +1.2033e+00 -4.9961e+00 +4.9980e+00
2713 0 +2.505401322e+01 -2.041759868e+02 -2.041759868e+02 -2.7438e-01 -3.7873e-01 +1.5258e+00 -4.9073e+00 +4.9946e+00
2894 0 +2.437477858e+01 -2.048552214e+02 -2.048552214e+02 -2.4415e-01 -6.6708e-01 +1.5574e+00 -4.9726e+00 +4.9615e+00
3196 0 +2.380579034e+01 -2.054242097e+02 -2.054242097e+02 +3.2014e-01 -2.2751e-01 +1.7283e+00 -4.9961e+00 +4.9729e+00
3735 0 +2.300281272e+01 -2.062271873e+02 -2.062271873e+02 +3.8871e-02 -7.1044e-01 +1.9103e+00 -4.9206e+00 +4.9803e+00
3852 0 +2.232788238e+01 -2.069021176e+02 -2.069021176e+02 +4.6142e-02 -8.3420e-01 +1.9618e+00 -4.9617e+00 +4.9857e+00
4077 0 +2.181794752e+01 -2.074120525e+02 -2.074120525e+02 +5.9850e-02 -8.9221e-01 +2.0861e+00 -4.9617e+00 +4.9857e+00
4606 0 +2.085937053e+01 -2.083706295e+02 -2.083706295e+02 +1.1370e-01 -9.5777e-01 +2.3472e+00 -4.9600e+00 +4.9829e+00
% f evaluations | g evaluations | best noise-free fitness - Fopt (-8.745000000000e+01) + sum g_i+ | measured fitness | best measured fitness or single-digit g-values | x1 | x2...
1 0 +9.347326014e+01 +6.023260143e+00 +6.023260143e+00 +4.5748e-01 -3.9591e+00 +2.1446e-01 -2.8505e+00 +8.5025e-01
3 0 +5.869347498e+01 -2.875652502e+01 -2.875652502e+01 -2.6100e+00 -4.9277e+00 +1.2023e+00 -4.7884e+00 -1.9848e+00
11 0 +5.065812440e+01 -3.679187560e+01 -3.679187560e+01 -3.1753e-01 +4.9707e+00 -1.7100e+00 -2.5169e+00 -4.6757e+00
32 0 +4.301645640e+01 -4.443354360e+01 -4.443354360e+01 +4.1131e+00 -4.6605e+00 +1.8273e+00 -3.3127e+00 -3.9552e+00
90 0 +3.483805526e+01 -5.261194474e+01 -5.261194474e+01 +2.0424e+00 +4.5471e+00 -2.9301e+00 -4.6569e+00 -4.3572e+00
223 0 +3.398300268e+01 -5.346699732e+01 -5.346699732e+01 +1.9303e+00 +4.3887e+00 -2.9301e+00 -4.6569e+00 -4.4257e+00
448 0 +3.369294660e+01 -5.375705340e+01 -5.375705340e+01 +1.9303e+00 +4.3788e+00 -2.8185e+00 -4.6741e+00 -4.4786e+00
788 0 +3.295364337e+01 -5.449635663e+01 -5.449635663e+01 +2.0335e+00 +4.5446e+00 -3.0111e+00 -4.8071e+00 -4.4360e+00
809 0 +3.209897311e+01 -5.535102689e+01 -5.535102689e+01 +1.9782e+00 +4.1845e+00 -2.9277e+00 -4.1810e+00 -4.8414e+00
854 0 +3.150546626e+01 -5.594453374e+01 -5.594453374e+01 +1.9057e+00 +3.8436e+00 -2.7061e+00 -4.6507e+00 -4.6533e+00
889 0 +3.085796808e+01 -5.659203192e+01 -5.659203192e+01 +1.9336e+00 +4.1194e+00 -3.0648e+00 -4.4590e+00 -4.7587e+00
953 0 +3.003599436e+01 -5.741400564e+01 -5.741400564e+01 +1.9336e+00 +4.1194e+00 -3.0648e+00 -4.4590e+00 -4.8409e+00
1001 0 +2.806091921e+01 -5.938908079e+01 -5.938908079e+01 +1.7939e+00 +3.8931e+00 -2.6652e+00 -4.7183e+00 -4.9927e+00
1320 0 +2.740249647e+01 -6.004750353e+01 -6.004750353e+01 +1.9257e+00 +3.9745e+00 -3.2117e+00 -4.8183e+00 -4.8308e+00
1404 0 +2.660835807e+01 -6.084164193e+01 -6.084164193e+01 +2.1904e+00 +3.9259e+00 -2.8735e+00 -4.9461e+00 -4.9102e+00
1487 0 +2.626432120e+01 -6.118567880e+01 -6.118567880e+01 +2.1311e+00 +3.8901e+00 -2.9261e+00 -4.9877e+00 -4.9041e+00
1584 0 +2.538241777e+01 -6.206758223e+01 -6.206758223e+01 +1.9997e+00 +3.9528e+00 -3.2508e+00 -4.9361e+00 -4.9430e+00
1623 0 +2.494620783e+01 -6.250379217e+01 -6.250379217e+01 +2.0888e+00 +3.9360e+00 -3.2508e+00 -4.9361e+00 -4.9747e+00
1852 0 +2.447523361e+01 -6.297476639e+01 -6.297476639e+01 +2.1026e+00 +3.9669e+00 -3.3981e+00 -4.9904e+00 -4.9487e+00
2060 0 +2.391958916e+01 -6.353041084e+01 -6.353041084e+01 +2.1026e+00 +3.8704e+00 -3.5575e+00 -4.9904e+00 -4.9367e+00
2402 0 +2.323485898e+01 -6.421514102e+01 -6.421514102e+01 +2.1222e+00 +3.9998e+00 -3.8131e+00 -4.9943e+00 -4.9432e+00
2540 0 +2.280606770e+01 -6.464393230e+01 -6.464393230e+01 +2.1824e+00 +4.0162e+00 -3.7694e+00 -4.9890e+00 -4.9998e+00
2972 0 +2.228959548e+01 -6.516040452e+01 -6.516040452e+01 +2.2383e+00 +3.6109e+00 -3.8691e+00 -4.9550e+00 -4.9614e+00
3070 0 +2.160297142e+01 -6.584702858e+01 -6.584702858e+01 +2.3475e+00 +3.8312e+00 -4.0814e+00 -4.9678e+00 -4.9840e+00
3231 0 +2.116000374e+01 -6.628999626e+01 -6.628999626e+01 +2.6755e+00 +3.8090e+00 -4.0992e+00 -4.9540e+00 -4.9937e+00
3433 0 +2.079352880e+01 -6.665647120e+01 -6.665647120e+01 +2.3124e+00 +3.4389e+00 -4.0939e+00 -4.9623e+00 -4.9978e+00
3636 0 +2.001882352e+01 -6.743117648e+01 -6.743117648e+01 +2.6844e+00 +3.4551e+00 -4.2573e+00 -4.9944e+00 -4.9712e+00
3844 0 +1.979102429e+01 -6.765897571e+01 -6.765897571e+01 +2.7516e+00 +3.4551e+00 -4.2590e+00 -4.9944e+00 -4.9867e+00
4052 0 +1.923004031e+01 -6.821995969e+01 -6.821995969e+01 +2.7473e+00 +3.4087e+00 -4.5398e+00 -4.9409e+00 -4.9763e+00
4094 0 +1.885383767e+01 -6.859616233e+01 -6.859616233e+01 +2.9349e+00 +3.4374e+00 -4.6156e+00 -4.9409e+00 -4.9763e+00
4521 0 +1.825362232e+01 -6.919637768e+01 -6.919637768e+01 +2.9349e+00 +3.2625e+00 -4.7070e+00 -4.9409e+00 -4.9763e+00
4608 0 +1.818541922e+01 -6.926458078e+01 -6.926458078e+01 +2.9953e+00 +3.2625e+00 -4.7070e+00 -4.9423e+00 -4.9763e+00
4733 0 +1.732278220e+01 -7.012721780e+01 -7.012721780e+01 +2.6768e+00 +3.2081e+00 -4.8948e+00 -4.9987e+00 -4.9937e+00
% f evaluations | g evaluations | best noise-free fitness - Fopt (1.298700000000e+02) + sum g_i+ | measured fitness | best measured fitness or single-digit g-values | x1 | x2...
1 0 +6.405263103e+01 +1.939226310e+02 +1.939226310e+02 +1.4513e+00 -3.2918e+00 +4.7850e+00 +1.6191e+00 -3.0436e+00
5 0 +5.788552915e+01 +1.877555291e+02 +1.877555291e+02 -1.5388e+00 +1.6790e+00 -2.3647e+00 -2.4409e+00 -4.8211e+00
20 0 +4.425087444e+01 +1.741208744e+02 +1.741208744e+02 -8.2952e-01 +2.1116e+00 +4.4893e+00 -3.2837e+00 -3.5492e+00
25 0 +3.999825326e+01 +1.698682533e+02 +1.698682533e+02 +1.5528e+00 -1.2629e+00 +3.3830e+00 -2.2748e+00 -4.0533e+00
81 0 +3.591821200e+01 +1.657882120e+02 +1.657882120e+02 +3.6369e+00 -1.8329e-01 +4.3650e+00 -3.8453e+00 -3.2512e+00
99 0 +3.489763034e+01 +1.647676303e+02 +1.647676303e+02 +2.1356e+00 -4.2893e+00 +1.1295e+00 -2.2385e+00 -4.6999e+00
173 0 +3.411798115e+01 +1.639879811e+02 +1.639879811e+02 +2.1356e+00 -4.2587e+00 +1.1137e+00 -2.2026e+00 -4.8085e+00
287 0 +3.359665005e+01 +1.634666501e+02 +1.634666501e+02 +1.9919e+00 -4.2893e+00 +1.2591e+00 -2.2350e+00 -4.8054e+00
449 0 +3.286445114e+01 +1.627344511e+02 +1.627344511e+02 +1.8636e+00 -4.1171e+00 +1.2591e+00 -2.4425e+00 -4.8054e+00
597 0 +3.168374430e+01 +1.615537443e+02 +1.615537443e+02 +3.3838e+00 -1.2320e+00 +3.6072e+00 -3.4145e+00 -3.9953e+00
668 0 +3.102641609e+01 +1.608964161e+02 +1.608964161e+02 +2.8125e+00 -2.1438e+00 +2.9364e+00 -3.2128e+00 -4.2816e+00
754 0 +3.070639152e+01 +1.605763915e+02 +1.605763915e+02 +2.8125e+00 -2.1438e+00 +2.9364e+00 -3.1193e+00 -4.3662e+00
796 0 +3.010302953e+01 +1.599730295e+02 +1.599730295e+02 +2.9456e+00 -2.1027e+00 +3.0476e+00 -3.3129e+00 -4.2765e+00
924 0 +2.923145467e+01 +1.591014547e+02 +1.591014547e+02 +2.8697e+00 -2.0407e+00 +3.0156e+00 -3.1193e+00 -4.5012e+00
927 0 +2.740552492e+01 +1.572755249e+02 +1.572755249e+02 +2.8697e+00 -2.1438e+00 +3.1686e+00 -3.3787e+00 -4.4713e+00
1109 0 +2.590972159e+01 +1.557797216e+02 +1.557797216e+02 +2.7942e+00 -2.7394e+00 +2.7662e+00 -3.1150e+00 -4.7980e+00
1231 0 +2.463792046e+01 +1.545079205e+02 +1.545079205e+02 +2.6394e+00 -2.7394e+00 +2.7662e+00 -3.2564e+00 -4.8611e+00
1297 0 +2.350906088e+01 +1.533790609e+02 +1.533790609e+02 +2.8442e+00 -2.3685e+00 +3.1695e+00 -3.7471e+00 -4.6161e+00
1397 0 +2.259418377e+01 +1.524641838e+02 +1.524641838e+02 +3.1002e+00 -2.4952e+00 +2.9328e+00 -3.7267e+00 -4.7457e+00
1477 0 +2.035172285e+01 +1.502217228e+02 +1.502217228e+02 +2.9192e+00 -2.7339e+00 +2.9280e+00 -3.9400e+00 -4.8272e+00
1661 0 +1.947259975e+01 +1.493425997e+02 +1.493425997e+02 +2.9654e+00 -2.4177e+00 +3.2501e+00 -4.0171e+00 -4.8215e+00
1698 0 +1.868765321e+01 +1.485576532e+02 +1.485576532e+02 +2.9654e+00 -2.4177e+00 +3.2501e+00 -4.2018e+00 -4.7961e+00
1782 0 +1.825588148e+01 +1.481258815e+02 +1.481258815e+02 +3.0251e+00 -2.5310e+00 +3.2501e+00 -4.1870e+00 -4.8215e+00
1844 0 +1.815265123e+01 +1.480226512e+02 +1.480226512e+02 +2.8904e+00 -2.4203e+00 +3.2501e+00 -4.3380e+00 -4.7801e+00
1874 0 +1.772097396e+01 +1.475909740e+02 +1.475909740e+02 +2.9063e+00 -2.4177e+00 +3.4131e+00 -4.0171e+00 -4.9510e+00
1892 0 +1.687188616e+01 +1.467418862e+02 +1.467418862e+02 +2.9733e+00 -2.4325e+00 +3.3194e+00 -4.4290e+00 -4.8246e+00
1991 0 +1.631432298e+01 +1.461843230e+02 +1.461843230e+02 +2.8359e+00 -2.6341e+00 +3.2984e+00 -4.2351e+00 -4.9739e+00
2189 0 +1.555491838e+01 +1.454249184e+02 +1.454249184e+02 +2.8786e+00 -2.6341e+00 +3.2487e+00 -4.3958e+00 -4.9709e+00
2288 0 +1.497746245e+01 +1.448474625e+02 +1.448474625e+02 +2.9908e+00 -2.7284e+00 +3.4129e+00 -4.4132e+00 -4.9390e+00
2328 0 +1.477588751e+01 +1.446458875e+02 +1.446458875e+02 +2.8160e+00 -2.4550e+00 +3.3307e+00 -4.5310e+00 -4.9850e+00
2382 0 +1.409453542e+01 +1.439645354e+02 +1.439645354e+02 +2.9900e+00 -2.6362e+00 +3.4068e+00 -4.6384e+00 -4.9191e+00
2551 0 +1.359954276e+01 +1.434695428e+02 +1.434695428e+02 +3.0988e+00 -2.5393e+00 +3.5225e+00 -4.5361e+00 -4.9958e+00
2711 0 +1.326747076e+01 +1.431374708e+02 +1.431374708e+02 +2.8570e+00 -2.6485e+00 +3.4331e+00 -4.8279e+00 -4.8980e+00
2789 0 +1.302824939e+01 +1.428982494e+02 +1.428982494e+02 +2.8965e+00 -2.6388e+00 +3.4750e+00 -4.6721e+00 -4.9941e+00
2886 0 +1.238210772e+01 +1.422521077e+02 +1.422521077e+02 +2.7208e+00 -2.6521e+00 +3.7805e+00 -4.6460e+00 -4.9920e+00
2953 0 +1.180332813e+01 +1.416733281e+02 +1.416733281e+02 +3.2457e+00 -2.4499e+00 +3.5976e+00 -4.8722e+00 -4.9639e+00
3161 0 +1.169280627e+01 +1.415628063e+02 +1.415628063e+02 +3.2180e+00 -2.4499e+00 +3.7537e+00 -4.9712e+00 -4.8727e+00
3179 0 +1.143710159e+01 +1.413071016e+02 +1.413071016e+02 +3.2457e+00 -2.3766e+00 +3.7267e+00 -4.8723e+00 -4.9727e+00
3218 0 +1.067117349e+01 +1.405411735e+02 +1.405411735e+02 +3.2180e+00 -2.4499e+00 +3.8568e+00 -4.9712e+00 -4.9423e+00
3378 0 +9.989059605e+00 +1.398590596e+02 +1.398590596e+02 +3.3988e+00 -2.8002e+00 +3.8183e+00 -4.9712e+00 -4.9423e+00
3538 0 +9.669161241e+00 +1.395391612e+02 +1.395391612e+02 +3.2180e+00 -2.6834e+00 +3.9293e+00 -4.9964e+00 -4.9638e+00
3779 0 +9.369824102e+00 +1.392398241e+02 +1.392398241e+02 +3.2711e+00 -2.5982e+00 +4.0774e+00 -4.9355e+00 -4.9910e+00
3963 0 +8.876054737e+00 +1.387460547e+02 +1.387460547e+02 +3.2916e+00 -2.7013e+00 +4.0774e+00 -4.9953e+00 -4.9864e+00
4064 0 +8.370094435e+00 +1.382400944e+02 +1.382400944e+02 +3.4146e+00 -2.7644e+00 +4.3527e+00 -4.9527e+00 -4.9504e+00
4157 0 +8.264448566e+00 +1.381344486e+02 +1.381344486e+02 +3.3298e+00 -2.7678e+00 +4.3783e+00 -4.9810e+00 -4.9448e+00
4165 0 +7.817838186e+00 +1.376878382e+02 +1.376878382e+02 +3.4157e+00 -2.7678e+00 +4.3733e+00 -4.9810e+00 -4.9824e+00
4503 0 +7.542900143e+00 +1.374129001e+02 +1.374129001e+02 +3.4157e+00 -2.7678e+00 +4.5554e+00 -4.9275e+00 -4.9824e+00
4593 0 +7.300214250e+00 +1.371702143e+02 +1.371702143e+02 +3.4904e+00 -2.7273e+00 +4.6313e+00 -4.9275e+00 -4.9824e+00
4603 0 +6.931079746e+00 +1.368010797e+02 +1.368010797e+02 +3.4420e+00 -2.7822e+00 +4.6903e+00 -4.9532e+00 -4.9814e+00
4757 0 +6.908075908e+00 +1.367780759e+02 +1.367780759e+02 +3.4244e+00 -2.7111e+00 +4.8998e+00 -4.9566e+00 -4.9299e+00
4924 0 +6.226977308e+00 +1.360969773e+02 +1.360969773e+02 +3.3423e+00 -3.0179e+00 +4.8060e+00 -4.9437e+00 -4.9885e+00
5000 0 +6.042803911e+00 +1.359128039e+02 +1.359128039e+02 +3.6693e+00 -2.8909e+00 +4.8046e+00 -4.9847e+00 -4.9742e+00
% f evaluations | g evaluations | best noise-free fitness - Fopt (2.328000000000e+01) + sum g_i+ | measured fitness | best measured fitness or single-digit g-values | x1 | x2...
1 0 +1.019347598e+02 +1.252147598e+02 +1.252147598e+02 -2.5898e+00 +4.0792e+00 -4.2790e+00 +1.3050e+00 +4.9716e-01
2 0 +7.275256644e+01 +9.603256644e+01 +9.603256644e+01 +3.5470e+00 -4.3910e+00 -4.3387e+00 -1.0812e-01 -2.5001e+00
4 0 +6.702650960e+01 +9.030650960e+01 +9.030650960e+01 -4.0178e+00 -4.9010e-01 -2.1146e-01 -3.9420e+00 -2.2846e+00
9 0 +6.576247558e+01 +8.904247558e+01 +8.904247558e+01 +7.5413e-01 +1.1068e+00 -1.7865e+00 -3.4691e+00 -1.4178e+00
15 0 +3.675814467e+01 +6.003814467e+01 +6.003814467e+01 +2.8593e+00 -4.5818e+00 -6.1696e-01 -4.7484e+00 -4.7697e+00
27 0 +2.440715296e+01 +4.768715296e+01 +4.768715296e+01 +3.6527e+00 +2.6772e+00 -1.2383e+00 -4.6941e+00 -4.4686e+00
115 0 +2.253486827e+01 +4.581486827e+01 +4.581486827e+01 +3.6527e+00 +2.6772e+00 -1.2383e+00 -4.7404e+00 -4.6299e+00
247 0 +2.181082017e+01 +4.509082017e+01 +4.509082017e+01 +3.6527e+00 +2.7683e+00 -1.2608e+00 -4.7158e+00 -4.6927e+00
560 0 +1.994329104e+01 +4.322329104e+01 +4.322329104e+01 +3.5225e+00 +2.6446e+00 -1.3304e+00 -4.8537e+00 -4.8150e+00
604 0 +1.791531072e+01 +4.119531072e+01 +4.119531072e+01 +3.5225e+00 +2.7554e+00 -1.3304e+00 -4.8640e+00 -4.9923e+00
950 0 +1.733352991e+01 +4.061352991e+01 +4.061352991e+01 +3.4925e+00 +2.7554e+00 -1.4246e+00 -4.9592e+00 -4.9701e+00
1159 0 +1.677390817e+01 +4.005390817e+01 +4.005390817e+01 +3.4925e+00 +2.9518e+00 -1.4391e+00 -4.9592e+00 -4.9866e+00
1307 0 +1.639221534e+01 +3.967221534e+01 +3.967221534e+01 +3.5343e+00 +2.8081e+00 -1.6837e+00 -4.9625e+00 -4.9669e+00
1617 0 +1.609242142e+01 +3.937242142e+01 +3.937242142e+01 +3.3916e+00 +2.7117e+00 -2.0701e+00 -4.9198e+00 -4.9302e+00
1810 0 +1.566723404e+01 +3.894723404e+01 +3.894723404e+01 +3.7852e+00 +2.8433e+00 -1.7284e+00 -4.9730e+00 -4.9880e+00
1838 0 +1.534240664e+01 +3.862240664e+01 +3.862240664e+01 +3.5134e+00 +2.9977e+00 -1.8194e+00 -4.9661e+00 -4.9953e+00
1908 0 +1.451552749e+01 +3.779552749e+01 +3.779552749e+01 +3.5134e+00 +2.9977e+00 -2.0809e+00 -4.9661e+00 -4.9953e+00
2098 0 +1.440816845e+01 +3.768816845e+01 +3.768816845e+01 +3.6211e+00 +2.9906e+00 -2.2704e+00 -4.9661e+00 -4.9366e+00
2231 0 +1.408977130e+01 +3.736977130e+01 +3.736977130e+01 +3.4311e+00 +3.1174e+00 -2.1912e+00 -4.9614e+00 -4.9926e+00
2479 0 +1.377349219e+01 +3.705349219e+01 +3.705349219e+01 +3.5204e+00 +3.0571e+00 -2.3519e+00 -4.9609e+00 -4.9755e+00
2488 0 +1.346099279e+01 +3.674099279e+01 +3.674099279e+01 +3.4541e+00 +3.3068e+00 -2.2469e+00 -4.9780e+00 -4.9926e+00
2735 0 +1.311638357e+01 +3.639638357e+01 +3.639638357e+01 +3.7928e+00 +3.0803e+00 -2.5582e+00 -4.9455e+00 -4.9533e+00
2786 0 +1.285092999e+01 +3.613092999e+01 +3.613092999e+01 +3.8177e+00 +3.2155e+00 -2.5582e+00 -4.9455e+00 -4.9533e+00
2974 0 +1.244378404e+01 +3.572378404e+01 +3.572378404e+01 +3.9043e+00 +3.0803e+00 -2.6839e+00 -4.9746e+00 -4.9533e+00
3075 0 +1.198317532e+01 +3.526317532e+01 +3.526317532e+01 +4.0464e+00 +3.1090e+00 -2.6839e+00 -4.9967e+00 -4.9676e+00
3356 0 +1.171094445e+01 +3.499094445e+01 +3.499094445e+01 +3.7852e+00 +3.1521e+00 -2.9134e+00 -4.8930e+00 -4.9990e+00
3497 0 +1.128372946e+01 +3.456372946e+01 +3.456372946e+01 +3.6915e+00 +3.2404e+00 -2.9961e+00 -4.9305e+00 -4.9881e+00
3553 0 +1.115952804e+01 +3.443952804e+01 +3.443952804e+01 +3.7852e+00 +3.1521e+00 -2.9134e+00 -4.9911e+00 -4.9990e+00
3783 0 +1.070156576e+01 +3.398156576e+01 +3.398156576e+01 +3.8025e+00 +3.4490e+00 -3.3160e+00 -4.8930e+00 -4.9181e+00
3784 0 +1.040013452e+01 +3.368013452e+01 +3.368013452e+01 +3.8641e+00 +3.2539e+00 -3.0761e+00 -4.9975e+00 -4.9939e+00
3877 0 +1.015756325e+01 +3.343756325e+01 +3.343756325e+01 +3.7663e+00 +3.3489e+00 -3.2748e+00 -4.9409e+00 -4.9800e+00
4015 0 +9.983589093e+00 +3.326358909e+01 +3.326358909e+01 +3.8641e+00 +3.2539e+00 -3.4135e+00 -4.8819e+00 -4.9939e+00
4220 0 +9.214412932e+00 +3.249441293e+01 +3.249441293e+01 +3.9245e+00 +3.3792e+00 -3.4135e+00 -4.9683e+00 -4.9939e+00
4376 0 +9.004974183e+00 +3.228497418e+01 +3.228497418e+01 +3.8619e+00 +3.1965e+00 -3.6652e+00 -4.9608e+00 -4.9782e+00
4524 0 +8.729959974e+00 +3.200995997e+01 +3.200995997e+01 +3.8921e+00 +3.3678e+00 -3.6425e+00 -4.9809e+00 -4.9681e+00
4565 0 +8.442989811e+00 +3.172298981e+01 +3.172298981e+01 +4.3239e+00 +3.3331e+00 -3.6964e+00 -4.8958e+00 -4.9905e+00
4618 0 +8.250426006e+00 +3.153042601e+01 +3.153042601e+01 +3.7873e+00 +3.3817e+00 -3.7589e+00 -4.9943e+00 -4.9796e+00
4680 0 +7.610348143e+00 +3.089034814e+01 +3.089034814e+01 +4.1603e+00 +3.3391e+00 -3.9290e+00 -5.0000e+00 -4.9570e+00
4780 0 +7.426464148e+00 +3.070646415e+01 +3.070646415e+01 +4.1603e+00 +3.3842e+00 -3.9290e+00 -5.0000e+00 -4.9674e+00
4999 0 +7.171680443e+00 +3.045168044e+01 +3.045168044e+01 +4.1157e+00 +3.3914e+00 -3.9290e+00 -5.0000e+00 -4.9960e+00
% f evaluations | g evaluations | best noise-free fitness - Fopt (9.200000000000e+01) + sum g_i+ | measured fitness | best measured fitness or single-digit g-values | x1 | x2...
1 0 +1.299023531e+02 +2.219023531e+02 +2.219023531e+02 +1.6395e+00 -3.5526e+00 +3.6793e+00 +4.4738e+00 -2.7648e+00
3 0 +1.220374229e+02 +2.140374229e+02 +2.140374229e+02 -1.8619e+00 -2.0329e+00 +3.2952e+00 -2.5250e+00 +1.2155e+00
7 0 +9.688531095e+01 +1.888853110e+02 +1.888853110e+02 +1.6759e+00 -2.7022e+00 -1.6637e+00 -4.6759e+00 +3.8449e+00
10 0 +8.542701711e+01 +1.774270171e+02 +1.774270171e+02 +2.9844e+00 -4.7282e+00 -2.6890e+00 -1.7442e+00 +3.5090e+00
12 0 +6.517277514e+01 +1.571727751e+02 +1.571727751e+02 -9.2600e-01 +1.4788e+00 -5.4223e-01 +1.8439e-01 +3.6340e+00
15 0 +6.451474458e+01 +1.565147446e+02 +1.565147446e+02 -4.4584e+00 -4.7006e+00 +7.3820e-01 +1.4305e+00 +4.1496e+00
25 0 +5.933288848e+01 +1.513328885e+02 +1.513328885e+02 +3.2056e+00 +2.6830e+00 -3.2473e+00 -5.0754e-01 +3.9507e+00
43 0 +5.796962691e+01 +1.499696269e+02 +1.499696269e+02 +4.6229e+00 -1.7623e+00 -3.0569e+00 +2.8257e+00 +3.2050e+00
49 0 +5.477486542e+01 +1.467748654e+02 +1.467748654e+02 -1.0020e+00 +2.7434e+00 -3.8898e+00 +3.9480e+00 +1.2663e+00
81 0 +4.642749875e+01 +1.384274987e+02 +1.384274987e+02 -1.3826e+00 +3.7443e-02 -8.3781e-01 +3.6766e+00 +3.6619e+00
357 0 +4.567359471e+01 +1.376735947e+02 +1.376735947e+02 -1.3826e+00 +3.7443e-02 -8.3781e-01 +3.8106e+00 +3.6619e+00
515 0 +4.350350663e+01 +1.355035066e+02 +1.355035066e+02 -1.3826e+00 +3.7443e-02 -9.1388e-01 +3.9076e+00 +3.8003e+00
749 0 +4.262179889e+01 +1.346217989e+02 +1.346217989e+02 -1.3542e+00 +3.7443e-02 -9.4318e-01 +4.0445e+00 +3.8051e+00
932 0 +4.150926778e+01 +1.335092678e+02 +1.335092678e+02 -1.0441e+00 +2.0728e-01 -1.0651e+00 +4.0155e+00 +3.8949e+00
1071 0 +4.046037421e+01 +1.324603742e+02 +1.324603742e+02 -1.0446e+00 +2.2374e-01 -1.0651e+00 +4.0820e+00 +3.9594e+00
1111 0 +3.975346114e+01 +1.317534611e+02 +1.317534611e+02 -1.0446e+00 +2.3271e-01 -1.0651e+00 +4.0133e+00 +4.0671e+00
1270 0 +3.850888111e+01 +1.305088811e+02 +1.305088811e+02 -1.5192e+00 +1.3348e-01 -1.0676e+00 +4.1203e+00 +4.1008e+00
1392 0 +3.634083065e+01 +1.283408306e+02 +1.283408306e+02 -1.3961e+00 +2.2382e-01 -1.1318e+00 +4.0615e+00 +4.3266e+00
1594 0 +3.570065609e+01 +1.277006561e+02 +1.277006561e+02 -1.5557e+00 +3.9268e-01 -1.3381e+00 +4.1176e+00 +4.2479e+00
1687 0 +3.474260969e+01 +1.267426097e+02 +1.267426097e+02 -1.4184e+00 +3.7207e-01 -1.0441e+00 +4.3623e+00 +4.3165e+00
1722 0 +3.352067718e+01 +1.255206772e+02 +1.255206772e+02 -1.5177e+00 +1.5836e-01 -1.0399e+00 +4.1090e+00 +4.6105e+00
1814 0 +3.224215178e+01 +1.242421518e+02 +1.242421518e+02 -1.5631e+00 +3.5722e-01 -1.0951e+00 +4.4211e+00 +4.5055e+00
1968 0 +3.159106716e+01 +1.235910672e+02 +1.235910672e+02 -1.5322e+00 +2.7831e-01 -9.6118e-01 +4.3196e+00 +4.6871e+00
2011 0 +2.942618038e+01 +1.214261804e+02 +1.214261804e+02 -1.5480e+00 +2.0307e-01 -1.1144e+00 +4.1770e+00 +4.9471e+00
2088 0 +2.850224243e+01 +1.205022424e+02 +1.205022424e+02 -1.7098e+00 +1.6764e-01 -1.2382e+00 +4.7514e+00 +4.6675e+00
2184 0 +2.732631063e+01 +1.193263106e+02 +1.193263106e+02 -1.5740e+00 +1.9368e-01 -1.1159e+00 +4.6791e+00 +4.8734e+00
2327 0 +2.617567389e+01 +1.181756739e+02 +1.181756739e+02 -1.7098e+00 +4.0688e-01 -1.5185e+00 +4.6197e+00 +4.8431e+00
2476 0 +2.539956176e+01 +1.173995618e+02 +1.173995618e+02 -1.8091e+00 +4.0688e-01 -1.4482e+00 +4.7796e+00 +4.8431e+00
2585 0 +2.482425697e+01 +1.168242570e+02 +1.168242570e+02 -1.4966e+00 +4.0223e-01 -1.2093e+00 +4.8515e+00 +4.9678e+00
2758 0 +2.419838743e+01 +1.161983874e+02 +1.161983874e+02 -1.7166e+00 +4.5228e-01 -1.6493e+00 +4.8822e+00 +4.8431e+00
2914 0 +2.398381411e+01 +1.159838141e+02 +1.159838141e+02 -1.6335e+00 +5.5260e-01 -1.6509e+00 +4.8822e+00 +4.8545e+00
3120 0 +2.330300659e+01 +1.153030066e+02 +1.153030066e+02 -1.6329e+00 +4.9698e-01 -1.6377e+00 +4.9078e+00 +4.9223e+00
3151 0 +2.254574825e+01 +1.145457483e+02 +1.145457483e+02 -1.6985e+00 +8.0238e-01 -1.8889e+00 +4.8822e+00 +4.8721e+00
3338 0 +2.207195003e+01 +1.140719500e+02 +1.140719500e+02 -1.6985e+00 +8.0238e-01 -1.8351e+00 +4.9269e+00 +4.9113e+00
3443 0 +2.170923022e+01 +1.137092302e+02 +1.137092302e+02 -1.6985e+00 +8.0463e-01 -1.8351e+00 +4.9907e+00 +4.9113e+00
3499 0 +2.134462749e+01 +1.133446275e+02 +1.133446275e+02 -1.6834e+00 +6.8287e-01 -1.9008e+00 +4.9593e+00 +4.9678e+00
3713 0 +2.081865282e+01 +1.128186528e+02 +1.128186528e+02 -1.8771e+00 +7.3561e-01 -1.9193e+00 +4.9905e+00 +4.9683e+00
3931 0 +2.024800313e+01 +1.122480031e+02 +1.122480031e+02 -1.6542e+00 +9.8422e-01 -1.9960e+00 +4.9691e+00 +4.9912e+00
4061 0 +1.966259043e+01 +1.116625904e+02 +1.116625904e+02 -1.6981e+00 +9.8422e-01 -2.1584e+00 +4.9889e+00 +4.9829e+00
4216 0 +1.880486927e+01 +1.108048693e+02 +1.108048693e+02 -1.7470e+00 +9.8422e-01 -2.4142e+00 +4.9889e+00 +4.9829e+00
4970 0 +1.856065916e+01 +1.105606592e+02 +1.105606592e+02 -2.1199e+00 +1.2046e+00 -2.3619e+00 +4.9652e+00 +4.9607e+00
% f evaluations | g evaluations | best noise-free fitness - Fopt (8.712000000000e+01) + sum g_i+ | measured fitness | best measured fitness or single-digit g-values | x1 | x2...
1 0 +1.060409726e+02 +1.931609726e+02 +1.931609726e+02 -7.7471e-01 +4.9364e+00 +8.5796e-02 +5.2333e-01 -9.4389e-01
2 0 +8.297344063e+01 +1.700934406e+02 +1.700934406e+02 -1.5255e+00 +5.7830e-01 -2.7262e+00 +7.3088e-01 +2.9855e+00
6 0 +7.040327345e+01 +1.575232735e+02 +1.575232735e+02 +4.2318e+00 +1.4428e+00 +6.4438e-01 +4.3016e+00 +4.3916e-01
11 0 +6.870883529e+01 +1.558288353e+02 +1.558288353e+02 +4.0058e+00 -1.1085e+00 +8.7926e-02 +2.3345e+00 +2.3671e+00
13 0 +3.569314408e+01 +1.228131441e+02 +1.228131441e+02 +4.0993e+00 -4.7044e-01 +4.6737e+00 +1.7038e+00 +4.4503e+00
563 0 +3.547110021e+01 +1.225911002e+02 +1.225911002e+02 +4.0993e+00 -4.1678e-01 +4.7282e+00 +1.6340e+00 +4.4850e+00
656 0 +3.332918747e+01 +1.204491875e+02 +1.204491875e+02 -2.4744e-01 +2.3227e+00 +4.2636e+00 +2.3751e+00 +4.3769e+00
765 0 +3.286326175e+01 +1.199832618e+02 +1.199832618e+02 +3.9314e+00 -4.9150e-01 +4.6841e+00 +1.5454e+00 +4.8396e+00
856 0 +3.155074802e+01 +1.186707480e+02 +1.186707480e+02 -2.4744e-01 +2.3227e+00 +4.2636e+00 +2.3751e+00 +4.5547e+00
1063 0 +3.060415601e+01 +1.177241560e+02 +1.177241560e+02 +1.8420e+00 +9.8481e-01 +4.5614e+00 +2.0873e+00 +4.7460e+00
1102 0 +2.993505295e+01 +1.170550530e+02 +1.170550530e+02 +1.1017e+00 +1.5140e+00 +4.3309e+00 +2.2278e+00 +4.7868e+00
1256 0 +2.911752103e+01 +1.162375210e+02 +1.162375210e+02 +2.4484e+00 +5.9758e-01 +4.8191e+00 +1.8995e+00 +4.9270e+00
1290 0 +2.846495238e+01 +1.155849524e+02 +1.155849524e+02 +1.8282e+00 +9.8795e-01 +4.4918e+00 +2.2554e+00 +4.8882e+00
1396 0 +2.784414999e+01 +1.149641500e+02 +1.149641500e+02 +2.0234e+00 +9.8795e-01 +4.6263e+00 +2.2554e+00 +4.8882e+00
1556 0 +2.717616331e+01 +1.142961633e+02 +1.142961633e+02 +2.2033e+00 +7.4618e-01 +4.4475e+00 +2.3338e+00 +4.9925e+00
1657 0 +2.629839881e+01 +1.134183988e+02 +1.134183988e+02 +1.7285e+00 +9.3448e-01 +4.5925e+00 +2.4481e+00 +4.9842e+00
1891 0 +2.566059813e+01 +1.127805981e+02 +1.127805981e+02 +2.0618e+00 +1.1108e+00 +4.5785e+00 +2.4414e+00 +4.9915e+00
1988 0 +2.495487596e+01 +1.120748760e+02 +1.120748760e+02 +2.0329e+00 +8.4327e-01 +4.8525e+00 +2.5579e+00 +4.9603e+00
2168 0 +2.408254022e+01 +1.112025402e+02 +1.112025402e+02 +2.1371e+00 +9.5606e-01 +4.6966e+00 +2.7445e+00 +4.9615e+00
2206 0 +2.344675916e+01 +1.105667592e+02 +1.105667592e+02 +2.1994e+00 +9.0457e-01 +4.6028e+00 +2.8542e+00 +4.9959e+00
2231 0 +2.305562748e+01 +1.101756275e+02 +1.101756275e+02 +2.2849e+00 +9.5606e-01 +4.6966e+00 +2.9008e+00 +4.9615e+00
2307 0 +2.283874638e+01 +1.099587464e+02 +1.099587464e+02 +2.2849e+00 +1.0248e+00 +4.6966e+00 +2.9008e+00 +4.9709e+00
2584 0 +2.222460801e+01 +1.093446080e+02 +1.093446080e+02 +2.3016e+00 +1.0162e+00 +4.8220e+00 +2.9254e+00 +4.9787e+00
2602 0 +2.141680602e+01 +1.085368060e+02 +1.085368060e+02 +2.1108e+00 +9.9189e-01 +4.8450e+00 +3.1299e+00 +4.9607e+00
2782 0 +2.053945466e+01 +1.076594547e+02 +1.076594547e+02 +2.2551e+00 +1.0693e+00 +4.7478e+00 +3.2311e+00 +4.9940e+00
3041 0 +2.002361177e+01 +1.071436118e+02 +1.071436118e+02 +2.2824e+00 +9.7808e-01 +4.7478e+00 +3.3468e+00 +4.9940e+00
3097 0 +1.933488568e+01 +1.064548857e+02 +1.064548857e+02 +2.2824e+00 +9.7808e-01 +4.8266e+00 +3.4250e+00 +4.9940e+00
3235 0 +1.884711780e+01 +1.059671178e+02 +1.059671178e+02 +2.4267e+00 +1.0108e+00 +4.7250e+00 +3.6160e+00 +4.9473e+00
3290 0 +1.808779315e+01 +1.052077932e+02 +1.052077932e+02 +2.2422e+00 +1.1027e+00 +4.8808e+00 +3.6333e+00 +4.9663e+00
3397 0 +1.755498039e+01 +1.046749804e+02 +1.046749804e+02 +2.3584e+00 +1.2340e+00 +4.8825e+00 +3.6400e+00 +4.9803e+00
3470 0 +1.715252469e+01 +1.042725247e+02 +1.042725247e+02 +2.3221e+00 +1.1027e+00 +4.8745e+00 +3.7937e+00 +4.9636e+00
3613 0 +1.642913722e+01 +1.035491372e+02 +1.035491372e+02 +2.2941e+00 +1.2298e+00 +4.8997e+00 +3.9387e+00 +4.9267e+00
3739 0 +1.617178601e+01 +1.032917860e+02 +1.032917860e+02 +2.2941e+00 +1.2298e+00 +4.9794e+00 +3.9396e+00 +4.9267e+00
3792 0 +1.576630294e+01 +1.028863029e+02 +1.028863029e+02 +2.2941e+00 +1.2298e+00 +4.8444e+00 +4.0047e+00 +4.9733e+00
3867 0 +1.535323420e+01 +1.024732342e+02 +1.024732342e+02 +2.5473e+00 +1.3286e+00 +4.8997e+00 +4.0537e+00 +4.9267e+00
3984 0 +1.436380082e+01 +1.014838008e+02 +1.014838008e+02 +2.5473e+00 +1.4621e+00 +4.8997e+00 +4.1590e+00 +4.9427e+00
4082 0 +1.321367059e+01 +1.003336706e+02 +1.003336706e+02 +2.5473e+00 +1.4621e+00 +4.8997e+00 +4.2805e+00 +4.9893e+00
4220 0 +1.290877837e+01 +1.000287784e+02 +1.000287784e+02 +2.5473e+00 +1.4621e+00 +4.9895e+00 +4.2805e+00 +4.9914e+00
4331 0 +1.275204499e+01 +9.987204499e+01 +9.987204499e+01 +2.7053e+00 +1.6329e+00 +4.8997e+00 +4.2805e+00 +4.9893e+00
4437 0 +1.209650096e+01 +9.921650096e+01 +9.921650096e+01 +2.5144e+00 +1.4621e+00 +4.9815e+00 +4.4353e+00 +4.9914e+00
4610 0 +1.187405833e+01 +9.899405833e+01 +9.899405833e+01 +2.5131e+00 +1.5296e+00 +4.8196e+00 +4.5599e+00 +4.9829e+00
4707 0 +1.123947664e+01 +9.835947664e+01 +9.835947664e+01 +2.3271e+00 +1.4051e+00 +4.8115e+00 +4.7966e+00 +4.9566e+00
4783 0 +1.078016899e+01 +9.790016899e+01 +9.790016899e+01 +2.4198e+00 +1.6318e+00 +4.8206e+00 +4.7616e+00 +4.9698e+00
4806 0 +1.053926758e+01 +9.765926758e+01 +9.765926758e+01 +2.6535e+00 +1.4189e+00 +4.9212e+00 +4.7737e+00 +4.9697e+00
4881 0 +1.024486454e+01 +9.736486454e+01 +9.736486454e+01 +2.7047e+00 +1.5367e+00 +4.9318e+00 +4.7737e+00 +4.9697e+00
4966 0 +1.006175289e+01 +9.718175289e+01 +9.718175289e+01 +2.7073e+00 +1.4875e+00 +4.8213e+00 +4.9519e+00 +4.9313e+00
4967 0 +9.496713424e+00 +9.661671342e+01 +9.661671342e+01 +2.4219e+00 +1.4815e+00 +4.9940e+00 +4.9258e+00 +4.9775e+00
% f evaluations | g evaluations | best noise-free fitness - Fopt (-1.017800000000e+02) + sum g_i+ | measured fitness | best measured fitness or single-digit g-values | x1 | x2...
1 0 +7.213175027e+01 -2.964824973e+01 -2.964824973e+01 +5.5376e-01 -3.4429e+00 -6.2467e-03 -2.1888e+00 -4.2408e+00
5 0 +6.729506868e+01 -3.448493132e+01 -3.448493132e+01 -2.4160e+00 -2.8620e+00 -4.5808e+00 +4.9091e+00 +9.0727e-01
12 0 +5.063847978e+01 -5.114152022e+01 -5.114152022e+01 -3.4784e+00 +3.2644e+00 -2.7207e+00 +2.0958e+00 -3.9119e+00
17 0 +2.291809087e+01 -7.886190913e+01 -7.886190913e+01 -2.4499e-01 -1.9911e+00 -2.4772e+00 +4.8802e+00 -4.5839e+00
92 0 +2.276241236e+01 -7.901758764e+01 -7.901758764e+01 -4.9770e+00 -3.6170e+00 -4.9515e+00 +4.0215e+00 -3.5376e+00
146 0 +2.191838332e+01 -7.986161668e+01 -7.986161668e+01 -2.4499e-01 -1.9911e+00 -2.4772e+00 +4.8802e+00 -4.6839e+00
267 0 +2.132200045e+01 -8.045799955e+01 -8.045799955e+01 -1.3846e-01 -1.9911e+00 -2.4663e+00 +4.8802e+00 -4.7576e+00
467 0 +2.035026408e+01 -8.142973592e+01 -8.142973592e+01 -1.3846e-01 -1.6832e+00 -2.4016e+00 +4.8771e+00 -4.9318e+00
590 0 +1.970996051e+01 -8.207003949e+01 -8.207003949e+01 -2.4751e-01 -2.1277e+00 -2.5716e+00 +4.7192e+00 -4.9408e+00
607 0 +1.918004578e+01 -8.259995422e+01 -8.259995422e+01 -1.0188e-01 -2.0146e+00 -2.4105e+00 +4.8936e+00 -4.9814e+00
628 0 +1.844571224e+01 -8.333428776e+01 -8.333428776e+01 -1.7235e-01 -2.2247e+00 -2.6055e+00 +4.9330e+00 -4.9266e+00
701 0 +1.749962761e+01 -8.428037239e+01 -8.428037239e+01 -4.3148e-01 -2.2010e+00 -2.5498e+00 +4.9803e+00 -4.9906e+00
847 0 +1.717356811e+01 -8.460643189e+01 -8.460643189e+01 -3.5130e-01 -2.1542e+00 -2.7045e+00 +4.9803e+00 -4.9906e+00
1284 0 +1.693948990e+01 -8.484051010e+01 -8.484051010e+01 -2.4548e-01 -2.1409e+00 -2.8279e+00 +4.9680e+00 -4.9948e+00
1390 0 +1.623112269e+01 -8.554887731e+01 -8.554887731e+01 -4.6998e-01 -2.4085e+00 -3.0239e+00 +4.9261e+00 -4.9572e+00
1637 0 +1.594006134e+01 -8.583993866e+01 -8.583993866e+01 -4.2694e-01 -2.5765e+00 -2.8877e+00 +4.9682e+00 -4.9801e+00
1762 0 +1.577391264e+01 -8.600608736e+01 -8.600608736e+01 -3.0283e-01 -2.2194e+00 -3.2718e+00 +4.9664e+00 -4.9522e+00
1921 0 +1.547106632e+01 -8.630893368e+01 -8.630893368e+01 -6.6739e-01 -2.6742e+00 -3.1097e+00 +4.8821e+00 -4.9638e+00
2022 0 +1.496837314e+01 -8.681162686e+01 -8.681162686e+01 -4.3551e-01 -2.4859e+00 -3.2301e+00 +4.9779e+00 -4.9788e+00
2141 0 +1.464826225e+01 -8.713173775e+01 -8.713173775e+01 -5.7331e-01 -2.4000e+00 -3.4137e+00 +4.9370e+00 -4.9772e+00
2246 0 +1.435542541e+01 -8.742457459e+01 -8.742457459e+01 -4.5153e-01 -2.7355e+00 -3.2446e+00 +4.9671e+00 -4.9956e+00
2461 0 +1.364591132e+01 -8.813408868e+01 -8.813408868e+01 -4.5153e-01 -2.7355e+00 -3.4690e+00 +4.9671e+00 -4.9956e+00
2649 0 +1.345042678e+01 -8.832957322e+01 -8.832957322e+01 -4.5153e-01 -2.8454e+00 -3.4690e+00 +4.9671e+00 -4.9956e+00
2696 0 +1.280148509e+01 -8.897851491e+01 -8.897851491e+01 -5.7177e-01 -2.9912e+00 -3.5844e+00 +4.9750e+00 -4.9816e+00
2845 0 +1.237963576e+01 -8.940036424e+01 -8.940036424e+01 -6.7236e-01 -3.0346e+00 -3.6615e+00 +4.9750e+00 -4.9816e+00
2929 0 +1.220837291e+01 -8.957162709e+01 -8.957162709e+01 -6.7236e-01 -3.0226e+00 -3.6974e+00 +4.9891e+00 -4.9816e+00
3011 0 +1.188420401e+01 -8.989579599e+01 -8.989579599e+01 -6.7236e-01 -3.1102e+00 -3.7517e+00 +4.9885e+00 -4.9816e+00
3186 0 +1.132244082e+01 -9.045755918e+01 -9.045755918e+01 -6.7223e-01 -3.1893e+00 -3.9219e+00 +4.9677e+00 -4.9816e+00
3457 0 +1.093794064e+01 -9.084205936e+01 -9.084205936e+01 -5.0590e-01 -2.7197e+00 -4.3348e+00 +4.9770e+00 -4.9844e+00
3618 0 +1.057935807e+01 -9.120064193e+01 -9.120064193e+01 -3.3813e-01 -2.6185e+00 -4.5581e+00 +4.9770e+00 -4.9844e+00
3842 0 +1.020279747e+01 -9.157720253e+01 -9.157720253e+01 -5.4045e-01 -2.6349e+00 -4.6040e+00 +4.9770e+00 -4.9844e+00
3933 0 +9.997313278e+00 -9.178268672e+01 -9.178268672e+01 -5.3413e-01 -2.6349e+00 -4.6710e+00 +4.9770e+00 -4.9844e+00
4070 0 +9.495629552e+00 -9.228437045e+01 -9.228437045e+01 -5.6731e-01 -2.9253e+00 -4.6494e+00 +4.9620e+00 -4.9948e+00
4210 0 +8.666121374e+00 -9.311387863e+01 -9.311387863e+01 -8.2618e-01 -3.2302e+00 -4.7451e+00 +4.9814e+00 -4.9565e+00
4551 0 +8.464284636e+00 -9.331571536e+01 -9.331571536e+01 -7.3673e-01 -3.2302e+00 -4.9207e+00 +4.9814e+00 -4.9301e+00
4657 0 +8.245951755e+00 -9.353404824e+01 -9.353404824e+01 -7.3863e-01 -3.3043e+00 -4.9250e+00 +4.9941e+00 -4.9301e+00
4713 0 +8.025634473e+00 -9.375436553e+01 -9.375436553e+01 -7.6308e-01 -3.5079e+00 -4.8762e+00 +4.8755e+00 -4.9956e+00
4842 0 +7.908133775e+00 -9.387186622e+01 -9.387186622e+01 -6.8552e-01 -3.5350e+00 -4.9139e+00 +4.9164e+00 -4.9754e+00
4862 0 +7.652903158e+00 -9.412709684e+01 -9.412709684e+01 -8.2173e-01 -3.4314e+00 -4.8766e+00 +4.9478e+00 -4.9998e+00
% f evaluations | g evaluations | best noise-free fitness - Fopt (-5.149000000000e+01) + sum g_i+ | measured fitness | best measured fitness or single-digit g-values | x1 | x2...
1 0 +1.640963178e+02 +1.126063178e+02 +1.126063178e+02 -3.7895e+00 -7.0144e-01 +1.3053e+00 +4.6404e+00 +3.6851e+00
2 0 +9.358811895e+01 +4.209811895e+01 +4.209811895e+01 -4.3421e+00 +4.6168e+00 -1.6580e+00 -3.3618e+00 +1.1982e+00
16 0 +4.199284290e+01 -9.497157100e+00 -9.497157100e+00 -1.6489e+00 +3.1948e+00 +2.1435e+00 -3.5692e+00 -3.1648e+00
52 0 +3.610048666e+01 -1.538951334e+01 -1.538951334e+01 +8.6968e-01 +3.7443e+00 +2.3173e+00 -3.3823e+00 -3.9583e+00
58 0 +2.093830895e+01 -3.055169105e+01 -3.055169105e+01 -6.9890e-01 -1.1367e+00 +3.7377e+00 -4.8764e+00 -4.8962e+00
66 0 +1.942520514e+01 -3.206479486e+01 -3.206479486e+01 -2.3962e-01 +1.8126e+00 +4.4404e+00 -4.8498e+00 -4.3618e+00
222 0 +1.868556144e+01 -3.280443856e+01 -3.280443856e+01 -2.3962e-01 +1.9056e+00 +4.6220e+00 -4.8498e+00 -4.3618e+00
237 0 +1.707672107e+01 -3.441327893e+01 -3.441327893e+01 -1.2942e-01 +1.7209e+00 +4.5551e+00 -4.7118e+00 -4.6652e+00
359 0 +1.664546431e+01 -3.484453569e+01 -3.484453569e+01 -1.2942e-01 +1.7042e+00 +4.3984e+00 -4.6409e+00 -4.8008e+00
479 0 +1.650163545e+01 -3.498836455e+01 -3.498836455e+01 -5.4158e-02 +1.7126e+00 +4.5901e+00 -4.7572e+00 -4.6952e+00
550 0 +1.536401628e+01 -3.612598372e+01 -3.612598372e+01 -3.1986e-01 +1.9938e+00 +4.5793e+00 -4.7084e+00 -4.7632e+00
675 0 +1.397508535e+01 -3.751491465e+01 -3.751491465e+01 -3.1986e-01 +2.1628e+00 +4.5793e+00 -4.7084e+00 -4.8721e+00
729 0 +1.369688242e+01 -3.779311758e+01 -3.779311758e+01 -3.1986e-01 +2.1628e+00 +4.6673e+00 -4.7084e+00 -4.8721e+00
774 0 +1.343083285e+01 -3.805916715e+01 -3.805916715e+01 -2.3997e-01 +2.0923e+00 +4.6320e+00 -4.7597e+00 -4.9015e+00
899 0 +1.299826300e+01 -3.849173700e+01 -3.849173700e+01 -3.2641e-01 +2.3085e+00 +4.6748e+00 -4.7726e+00 -4.8769e+00
965 0 +1.267284308e+01 -3.881715692e+01 -3.881715692e+01 -1.9477e-01 +1.9970e+00 +4.5517e+00 -4.9483e+00 -4.9181e+00
1031 0 +1.231090122e+01 -3.917909878e+01 -3.917909878e+01 -2.4756e-01 +2.1431e+00 +4.4809e+00 -4.8634e+00 -4.9931e+00
1032 0 +1.190701118e+01 -3.958298882e+01 -3.958298882e+01 -3.0458e-01 +2.1043e+00 +4.6564e+00 -4.9248e+00 -4.9447e+00
1127 0 +1.157774692e+01 -3.991225308e+01 -3.991225308e+01 -4.1378e-01 +2.1695e+00 +4.7242e+00 -4.8380e+00 -4.9825e+00
1227 0 +1.128118265e+01 -4.020881735e+01 -4.020881735e+01 -3.0458e-01 +2.1043e+00 +4.7756e+00 -4.9248e+00 -4.9696e+00
1245 0 +1.105298743e+01 -4.043701257e+01 -4.043701257e+01 -4.1378e-01 +2.1695e+00 +4.7242e+00 -4.9313e+00 -4.9825e+00
1359 0 +1.067105994e+01 -4.081894006e+01 -4.081894006e+01 -3.3762e-01 +2.5122e+00 +4.7153e+00 -4.8967e+00 -4.9896e+00
1512 0 +1.033381123e+01 -4.115618877e+01 -4.115618877e+01 -3.2324e-01 +2.5122e+00 +4.8265e+00 -4.8967e+00 -4.9896e+00
1596 0 +1.004762268e+01 -4.144237732e+01 -4.144237732e+01 -2.3229e-01 +2.5047e+00 +4.9453e+00 -4.9208e+00 -4.9776e+00
1703 0 +9.909681919e+00 -4.158031808e+01 -4.158031808e+01 -2.1777e-01 +2.5047e+00 +4.9453e+00 -4.9479e+00 -4.9776e+00
1900 0 +9.651056267e+00 -4.183894373e+01 -4.183894373e+01 -1.1090e-01 +2.5302e+00 +4.9670e+00 -4.9926e+00 -4.9776e+00
2167 0 +8.567528487e+00 -4.292247151e+01 -4.292247151e+01 -7.2089e-01 +2.8546e+00 +4.9310e+00 -4.9924e+00 -4.9787e+00
2644 0 +8.299861215e+00 -4.319013879e+01 -4.319013879e+01 -7.3278e-01 +3.0885e+00 +4.9465e+00 -4.9851e+00 -4.9619e+00
2917 0 +8.096751056e+00 -4.339324894e+01 -4.339324894e+01 -9.4101e-01 +3.0388e+00 +4.9435e+00 -4.9340e+00 -5.0000e+00
2925 0 +7.812240263e+00 -4.367775974e+01 -4.367775974e+01 -9.1878e-01 +3.2193e+00 +4.9944e+00 -4.9291e+00 -4.9852e+00
3162 0 +7.733923407e+00 -4.375607659e+01 -4.375607659e+01 -9.1878e-01 +3.2633e+00 +4.9944e+00 -4.9291e+00 -4.9852e+00
3410 0 +7.526184505e+00 -4.396381549e+01 -4.396381549e+01 -9.4969e-01 +3.1951e+00 +4.9493e+00 -4.9987e+00 -4.9901e+00
3567 0 +7.321540700e+00 -4.416845930e+01 -4.416845930e+01 -1.0395e+00 +3.3067e+00 +4.9540e+00 -4.9988e+00 -4.9803e+00
3846 0 +7.228599764e+00 -4.426140024e+01 -4.426140024e+01 -9.4132e-01 +3.3419e+00 +4.9736e+00 -4.9832e+00 -4.9956e+00
4253 0 +7.013445043e+00 -4.447655496e+01 -4.447655496e+01 -1.0695e+00 +3.4715e+00 +4.9512e+00 -4.9711e+00 -4.9952e+00
4273 0 +6.639298520e+00 -4.485070148e+01 -4.485070148e+01 -1.0695e+00 +3.5355e+00 +4.9964e+00 -4.9920e+00 -4.9952e+00
4541 0 +6.601538323e+00 -4.488846168e+01 -4.488846168e+01 -1.0695e+00 +3.5289e+00 +4.9964e+00 -4.9948e+00 -4.9986e+00
5025 0 +6.326211939e+00 -4.516378806e+01 -4.516378806e+01 -1.2390e+00 +3.9296e+00 +4.8989e+00 -4.9836e+00 -4.9750e+00
