% f evaluations | g evaluations | best noise-free fitness - Fopt (-2.098800000000e+02) + sum g_i+ | measured fitness | best measured fitness or single-digit g-values | x1 | x2...
1 0 +5.206222308e+07 +5.206201320e+07 +5.206201320e+07 +3.2115e+00 -1.0276e+00 -2.0379e+00 +4.9278e+00 +4.0466e+00 +2.5558e-02 -8.0140e-01 +7.5206e-01 -4.9173e+00 -4.7648e+00
2 0 +9.042856786e+05 +9.040757986e+05 +9.040757986e+05 +1.3905e+00 -2.3440e+00 -2.9432e+00 -2.5341e-01 +3.0490e+00 +3.7827e+00 +3.2245e+00 -1.1083e+00 -2.0441e+00 +1.7403e+00
14 0 +7.514097627e+05 +7.511998827e+05 +7.511998827e+05 +1.0220e+00 -1.0235e+00 +3.0220e+00 -2.3952e+00 -3.3931e-01 +2.4799e+00 +2.2062e+00 +3.5746e+00 -4.9380e-01 +2.8210e+00
57 0 +4.487668382e+05 +4.485569582e+05 +4.485569582e+05 -3.1249e+00 -3.2991e+00 +2.1844e+00 +7.5350e-01 +4.8445e+00 -3.4264e+00 +9.9411e-01 -7.8507e-01 +2.6194e-02 +2.5924e+00
59 0 +2.045320124e+05 +2.043221324e+05 +2.043221324e+05 -5.0505e-01 -4.8425e+00 +2.3771e-01 +6.0531e-01 -2.0700e+00 -1.9267e-01 +2.9988e+00 -1.2658e+00 -1.7390e+00 +2.4418e+00
201 0 +4.793149335e+04 +4.772161335e+04 +4.772161335e+04 +5.4400e-01 -1.7930e+00 -1.2854e+00 -1.6720e+00 -2.4413e+00 +1.4006e+00 +2.7799e+00 -4.0637e-01 -1.3255e+00 +2.4803e+00
202 0 +2.924242435e+04 +2.903254435e+04 +2.903254435e+04 +7.1014e-01 -1.9516e+00 -1.4212e+00 -1.4191e+00 -2.6728e+00 +1.7189e+00 +2.8246e+00 -7.0459e-02 -8.9795e-01 +2.6667e+00
304 0 +2.370461704e+04 +2.349473704e+04 +2.349473704e+04 +7.0035e-01 -1.7155e+00 -1.2929e+00 -9.3179e-01 -2.7209e+00 +1.8660e+00 +2.9159e+00 -3.9117e-01 -1.0969e+00 +2.6537e+00
801 0 +2.223585028e+04 +2.202597028e+04 +2.202597028e+04 +6.5242e-01 -1.5725e+00 -1.3233e+00 -1.2625e+00 -2.7257e+00 +1.8011e+00 +2.8001e+00 -2.8935e-01 -1.1774e+00 +2.6776e+00
1002 0 +2.091689244e+04 +2.070701244e+04 +2.070701244e+04 +1.3105e+00 -4.5238e-01 -7.9638e-01 -1.0602e+00 -3.2730e+00 +2.1078e+00 +2.3436e+00 -2.8733e-01 -1.0059e+00 +2.6520e+00
1210 0 +2.067340844e+04 +2.046352844e+04 +2.046352844e+04 +7.3261e-01 -1.3003e+00 -1.3124e+00 -8.9660e-01 -3.0440e+00 +1.6017e+00 +2.9589e+00 +1.6190e-02 -1.1204e+00 +2.5794e+00
1701 0 +2.002740657e+04 +1.981752657e+04 +1.981752657e+04 +7.5385e-01 -1.4504e+00 -1.2141e+00 -1.2038e+00 -2.7640e+00 +1.5169e+00 +2.2447e+00 -4.2050e-01 -1.1119e+00 +2.6115e+00
1704 0 +1.869971027e+04 +1.848983027e+04 +1.848983027e+04 +3.4410e-01 +1.4264e-01 -1.8112e+00 -2.4354e+00 -3.1159e+00 +2.6062e+00 +2.4758e+00 -3.6249e-01 -1.0485e+00 +2.5791e+00
1773 0 +1.631343848e+04 +1.610355848e+04 +1.610355848e+04 +8.2375e-01 -1.1036e+00 -1.0368e+00 -1.1082e+00 -2.9107e+00 +1.6807e+00 +2.5705e+00 -1.7037e-01 -1.0257e+00 +2.6001e+00
2509 0 +1.307204128e+04 +1.286216128e+04 +1.286216128e+04 +8.5881e-01 -6.0771e-01 -1.1963e+00 -1.1071e+00 -2.9615e+00 +2.1251e+00 +2.5471e+00 -7.8296e-02 -1.1058e+00 +2.5998e+00
3208 0 +1.269837148e+04 +1.248849148e+04 +1.248849148e+04 +7.4875e-01 -1.4640e+00 -1.2101e+00 -1.1739e+00 -1.6579e+00 +1.4273e+00 +2.0333e+00 -3.5203e-02 -1.0684e+00 +2.5926e+00
3976 0 +1.225738002e+04 +1.204750002e+04 +1.204750002e+04 +6.4612e-01 -1.0059e+00 -1.0217e+00 -8.2150e-01 -1.8267e+00 +1.5461e+00 +2.0690e+00 -5.4241e-02 -1.0979e+00 +2.5743e+00
5110 0 +1.166225096e+04 +1.145237096e+04 +1.145237096e+04 +1.6304e-01 -7.9687e-01 -1.2625e+00 -9.3535e-01 -1.8886e+00 +1.4855e+00 +2.3439e+00 -6.4096e-02 -1.0831e+00 +2.5987e+00
5425 0 +1.135337980e+04 +1.114349980e+04 +1.114349980e+04 +3.6149e-01 -1.1058e+00 -4.7025e-01 -9.7156e-01 -1.7118e+00 +1.5968e+00 +1.9879e+00 -5.4487e-02 -1.1278e+00 +2.5895e+00
5804 0 +9.870642632e+03 +9.660762632e+03 +9.660762632e+03 +3.3376e-01 -1.8248e+00 -4.9757e-01 -8.9067e-01 -1.3226e+00 +1.9370e+00 +1.9835e+00 +1.0887e-01 -1.1094e+00 +2.5995e+00
6001 0 +8.748246680e+03 +8.538366680e+03 +8.538366680e+03 +2.0083e-01 -1.5449e+00 -5.2696e-01 -1.1035e+00 -9.5661e-01 +1.7328e+00 +1.9731e+00 -4.8722e-02 -1.0736e+00 +2.5844e+00
6101 0 +8.386304747e+03 +8.176424747e+03 +8.176424747e+03 +1.0539e-01 -1.7318e+00 -4.9486e-01 -1.1357e+00 -7.6664e-01 +1.8405e+00 +2.0285e+00 -1.4307e-01 -1.1302e+00 +2.5678e+00
6102 0 +7.807269059e+03 +7.597389059e+03 +7.597389059e+03 +1.7608e-01 -2.0996e+00 +4.5433e-02 -7.7202e-01 -1.1274e+00 +2.1829e+00 +1.9471e+00 +3.9945e-02 -1.1026e+00 +2.6104e+00
6620 0 +7.074455645e+03 +6.864575645e+03 +6.864575645e+03 +2.9939e-01 -2.1154e+00 -7.5651e-02 -7.6444e-01 -1.0511e+00 +2.1522e+00 +2.0737e+00 +5.6021e-02 -1.1321e+00 +2.6127e+00
6920 0 +6.136943583e+03 +5.927063583e+03 +5.927063583e+03 +2.1158e-01 -1.0758e+00 -6.0549e-01 -1.0665e+00 -6.1380e-01 +2.0669e+00 +2.1718e+00 -1.0960e-01 -1.1043e+00 +2.5728e+00
8809 0 +5.352006425e+03 +5.142126425e+03 +5.142126425e+03 +3.7642e-01 -1.4846e+00 -5.2981e-01 -4.6524e-01 -4.1214e-01 +2.2253e+00 +2.5482e+00 -7.0654e-02 -1.1072e+00 +2.5731e+00
% f evaluations | g evaluations | best noise-free fitness - Fopt (-9.209000000000e+01) + sum g_i+ | measured fitness | best measured fitness or single-digit g-values | x1 | x2...
1 0 +2.362235676e+07 +2.362226467e+07 +2.362226467e+07 -4.6005e+00 +3.9155e+00 -4.8353e+00 -2.4429e+00 -3.6263e+00 +4.9536e-01 -3.7563e+00 +3.4413e+00 +3.6802e+00 -2.9277e+00
4 0 +1.923561276e+06 +1.923469186e+06 +1.923469186e+06 +7.0350e-01 +6.9536e-01 -3.0272e+00 +2.4151e+00 +1.8449e+00 +2.0389e+00 -4.7493e+00 -3.5085e+00 +1.3008e+00 +8.7945e-01
11 0 +1.513241868e+06 +1.513149778e+06 +1.513149778e+06 -2.1260e+00 -4.7428e+00 -2.7552e+00 +3.7393e+00 -1.2247e+00 +3.5794e+00 -1.9131e+00 -8.3091e-01 +2.3254e+00 +2.3309e+00
14 0 +3.707926649e+05 +3.707005749e+05 +3.707005749e+05 -4.1040e+00 -7.7293e-01 +2.9699e+00 -4.6865e+00 -2.0592e+00 -3.6306e+00 -2.6839e+00 -7.3544e-01 +1.0247e+00 +1.4487e+00
93 0 +3.436382856e+05 +3.435461956e+05 +3.435461956e+05 -1.1299e+00 -1.6397e+00 -9.7681e-01 -3.3203e+00 -3.0597e+00 +4.6952e+00 +3.9166e+00 +3.5090e-02 +4.5670e-01 +1.6639e+00
202 0 +3.140424203e+05 +3.139503303e+05 +3.139503303e+05 -2.0984e+00 +5.2493e-01 -1.1729e+00 -1.1794e+00 -2.5125e+00 +5.2824e-01 +1.4604e+00 +1.3583e+00 -6.0367e-01 +1.6062e+00
237 0 +1.297881447e+05 +1.296960547e+05 +1.296960547e+05 -1.1958e+00 -1.5940e+00 +2.2632e+00 -1.6524e+00 -1.5244e+00 -2.6269e+00 -3.8672e-01 +1.3473e+00 +5.6623e-01 +1.3565e+00
249 0 +7.919899451e+04 +7.910690451e+04 +7.910690451e+04 -1.5097e+00 -1.7325e+00 +2.4977e+00 -1.9439e+00 -1.7677e+00 -2.9268e+00 -3.9434e-01 +1.5547e+00 +6.5190e-01 +1.4720e+00
251 0 +6.284864224e+04 +6.275655224e+04 +6.275655224e+04 -1.5607e+00 -1.6927e+00 +2.5753e+00 -2.0789e+00 -1.9220e+00 -2.9418e+00 -4.6942e-01 +1.6705e+00 +5.8746e-01 +1.5227e+00
280 0 +5.485265295e+04 +5.476056295e+04 +5.476056295e+04 -1.5601e+00 -1.8131e+00 +2.5308e+00 -1.8795e+00 -1.7658e+00 -3.0245e+00 -4.3988e-01 +1.8680e+00 +6.4407e-01 +1.5829e+00
307 0 +5.104073346e+04 +5.094864346e+04 +5.094864346e+04 -1.5835e+00 -1.7953e+00 +2.3289e+00 -1.8603e+00 -1.7254e+00 -2.9297e+00 -2.8825e-01 +1.7180e+00 +6.8346e-01 +1.5814e+00
407 0 +2.888936239e+04 +2.879727239e+04 +2.879727239e+04 -1.3679e+00 -1.6913e+00 +2.5111e+00 -1.7397e+00 -1.6323e+00 -2.7797e+00 -5.7675e-01 +1.3505e+00 +5.4917e-01 +1.5722e+00
720 0 +2.262027057e+04 +2.252818057e+04 +2.252818057e+04 -1.6794e+00 -1.5574e+00 +2.3460e+00 -2.0847e+00 -1.9163e+00 -2.7047e+00 -4.4439e-01 +1.3115e+00 +6.0348e-01 +1.6105e+00
750 0 +1.293370533e+04 +1.284161533e+04 +1.284161533e+04 -1.4822e+00 -1.4926e+00 +2.3424e+00 -1.7454e+00 -1.6939e+00 -2.5719e+00 -4.8276e-01 +1.2534e+00 +5.1718e-01 +1.7072e+00
902 0 +1.273862854e+04 +1.264653854e+04 +1.264653854e+04 -1.4498e+00 -1.7057e+00 +2.3025e+00 -1.5575e+00 -1.9146e+00 -2.5039e+00 -1.3555e-01 +1.2674e+00 +5.3402e-01 +1.7053e+00
1205 0 +8.772618588e+03 +8.680528588e+03 +8.680528588e+03 -1.4592e+00 -1.2711e+00 +2.4265e+00 -1.8546e+00 -1.3781e+00 -2.6322e+00 -1.3174e-01 +1.0154e+00 +5.6534e-01 +1.7108e+00
1475 0 +7.331371955e+03 +7.239281955e+03 +7.239281955e+03 -1.1370e+00 -1.5173e+00 +1.9191e+00 -1.6266e+00 -1.4169e+00 -2.1951e+00 -2.1980e-01 +1.1348e+00 +4.5086e-01 +1.6817e+00
1502 0 +6.722361371e+03 +6.630271371e+03 +6.630271371e+03 -1.2899e+00 -1.5590e+00 +1.9510e+00 -1.4253e+00 -1.3323e+00 -2.3245e+00 -8.1738e-02 +9.0324e-01 +3.9018e-01 +1.6636e+00
2318 0 +6.426953090e+03 +6.334863090e+03 +6.334863090e+03 -2.3283e+00 -2.2173e+00 +2.9343e+00 -1.7205e+00 -1.8746e+00 -2.6995e+00 -6.4095e-02 +1.0585e+00 +3.4383e-01 +1.6787e+00
2901 0 +6.123879851e+03 +6.031789851e+03 +6.031789851e+03 -1.3935e+00 -1.8319e+00 +1.9334e+00 -1.2391e+00 -1.6400e+00 -2.3772e+00 +5.5307e-02 +1.0374e+00 +4.4647e-01 +1.6994e+00
3819 0 +5.582924781e+03 +5.490834781e+03 +5.490834781e+03 -9.3366e-01 -1.3842e+00 +1.4074e+00 -1.0917e+00 -1.6934e+00 -2.5499e+00 -4.1301e-02 +9.2272e-01 +4.3345e-01 +1.6794e+00
4801 0 +2.755797016e+03 +2.663707016e+03 +2.663707016e+03 -9.2555e-01 -1.3388e+00 +2.0202e+00 -2.2163e+00 -1.2376e+00 -2.9221e+00 +1.7399e-02 +9.7172e-01 +4.4912e-01 +1.6608e+00
5317 0 +2.519667063e+03 +2.427577063e+03 +2.427577063e+03 -9.8096e-01 -1.4878e+00 +2.2927e+00 -2.3021e+00 -1.1187e+00 -2.9417e+00 +2.3503e-02 +9.7722e-01 +4.0936e-01 +1.6640e+00
5401 0 +2.172679920e+03 +2.080589920e+03 +2.080589920e+03 -9.7999e-01 -1.5277e+00 +2.2027e+00 -2.3560e+00 -1.1113e+00 -2.9870e+00 -2.4573e-02 +9.8562e-01 +4.0847e-01 +1.6724e+00
6408 0 +8.228406437e+02 +7.307506437e+02 +7.307506437e+02 -1.1550e+00 -1.6327e+00 +2.7751e+00 -2.8192e+00 -8.0378e-01 -3.4949e+00 -2.3453e-02 +9.8568e-01 +4.4390e-01 +1.6957e+00
% f evaluations | g evaluations | best noise-free fitness - Fopt (-8.789000000000e+01) + sum g_i+ | measured fitness | best measured fitness or single-digit g-values | x1 | x2...
1 0 +8.848378141e+06 +8.848290251e+06 +8.848290251e+06 +1.7055e+00 -3.6560e+00 +1.6408e+00 -1.7401e+00 +3.1963e+00 +9.2006e-01 -4.4965e+00 +2.6029e+00 -6.6310e-01 +5.1716e-01
3 0 +3.424738263e+06 +3.424650373e+06 +3.424650373e+06 +2.8509e+00 -4.5160e+00 +6.2092e-01 -1.8166e+00 -3.9782e+00 +3.2602e+00 +1.0367e+00 -1.1605e+00 -4.3146e-01 +4.7143e+00
5 0 +1.782912220e+06 +1.782824330e+06 +1.782824330e+06 -4.7542e+00 +3.1928e+00 +7.6690e-01 -3.4229e+00 +3.4288e+00 +4.0391e+00 -3.5195e+00 +5.2967e-01 -1.5588e+00 +2.2816e+00
22 0 +1.412635154e+06 +1.412547264e+06 +1.412547264e+06 -4.3362e+00 -9.9822e-01 -3.3637e+00 -3.5757e+00 +1.9949e+00 +2.7993e+00 +2.9814e+00 +4.4787e-01 -9.9397e-01 +4.1881e+00
26 0 +3.923815250e+05 +3.922936350e+05 +3.922936350e+05 +4.0271e+00 -8.4632e-02 +1.0569e+00 +4.4868e+00 -1.3059e-01 +3.1814e+00 +3.6806e-01 +1.0972e+00 -1.8607e+00 +3.0715e+00
31 0 +2.719725849e+05 +2.718846949e+05 +2.718846949e+05 +2.9873e+00 -2.3468e+00 -4.3983e+00 -3.7011e+00 +3.0153e+00 -1.7534e+00 -2.3060e+00 +1.6892e+00 -3.1841e+00 +3.0325e+00
401 0 +1.100930025e+05 +1.100051125e+05 +1.100051125e+05 +1.3693e+00 -3.4356e-01 -6.0308e-01 -6.2855e-01 +3.8117e+00 +8.3111e-01 -1.2374e+00 +1.9633e+00 -2.4943e+00 +3.2230e+00
1203 0 +5.635874034e+04 +5.627085034e+04 +5.627085034e+04 +2.9750e+00 -1.1845e+00 -5.9929e-02 -7.1325e-02 +3.1781e+00 -2.7543e-03 -1.1157e+00 +1.3894e+00 -2.3855e+00 +3.4383e+00
1401 0 +5.257491413e+04 +5.248702413e+04 +5.248702413e+04 +3.0737e+00 -1.2539e+00 -5.2170e-02 -2.2742e-01 +3.3320e+00 +3.3468e-02 -1.4218e+00 +1.7921e+00 -2.5879e+00 +3.5006e+00
1602 0 +5.049635720e+04 +5.040846720e+04 +5.040846720e+04 +2.9791e+00 -1.2532e+00 -3.1523e-02 -2.3447e-01 +3.3337e+00 -8.8454e-02 -1.3390e+00 +1.8003e+00 -2.5868e+00 +3.4643e+00
2601 0 +4.851049459e+04 +4.842260459e+04 +4.842260459e+04 +2.1439e+00 -1.0387e+00 +3.5983e-01 +7.2581e-02 +1.9011e+00 +2.3244e-01 -1.6767e+00 +8.9529e-01 -2.4466e+00 +3.4408e+00
2779 0 +3.849509246e+04 +3.840720246e+04 +3.840720246e+04 +2.5508e+00 -1.5151e+00 +1.2063e-01 -3.2589e-02 +2.6617e+00 -1.0763e-01 -1.4019e+00 +1.4449e+00 -2.5017e+00 +3.4466e+00
3418 0 +3.472955990e+04 +3.464166990e+04 +3.464166990e+04 +1.6470e+00 -1.6503e+00 +3.7818e-01 -3.2980e-01 +9.7427e-01 -1.2826e-01 -2.1099e+00 +7.8086e-01 -2.4586e+00 +3.4127e+00
3502 0 +2.640356142e+04 +2.631567142e+04 +2.631567142e+04 +3.0881e+00 -1.6142e+00 -3.3329e-01 +3.5344e-02 +3.1120e+00 +1.0861e-01 -2.5306e+00 +1.4055e+00 -2.6800e+00 +3.4181e+00
3801 0 +2.617177291e+04 +2.608388291e+04 +2.608388291e+04 +3.6042e+00 -1.9424e+00 -5.1206e-01 +1.0978e-01 +3.4639e+00 +2.8176e-01 -2.8709e+00 +1.3417e+00 -2.5499e+00 +3.3905e+00
4101 0 +2.542581768e+04 +2.533792768e+04 +2.533792768e+04 +2.4170e+00 -1.3339e+00 +1.1616e-01 +8.6221e-01 +2.6276e+00 +1.3836e-01 -2.5810e+00 +1.2474e+00 -2.4120e+00 +3.4661e+00
5614 0 +2.300486253e+04 +2.291697253e+04 +2.291697253e+04 +3.2643e+00 -1.4433e+00 +4.9795e-01 -1.4026e-01 +2.6365e+00 -5.7393e-01 -2.0916e+00 +1.4017e+00 -2.5709e+00 +3.4605e+00
5923 0 +2.279959946e+04 +2.271170946e+04 +2.271170946e+04 +9.8333e-01 -1.2937e+00 -6.2716e-02 +2.8415e+00 +1.5467e+00 +3.3138e-01 -2.7125e+00 +1.1747e+00 -2.5156e+00 +3.4955e+00
7601 0 +2.202083064e+04 +2.193294064e+04 +2.193294064e+04 +2.5209e+00 -1.3490e+00 +6.3486e-01 +7.6264e-02 +2.2463e+00 +9.1236e-03 -2.5242e+00 +1.1301e+00 -2.5656e+00 +3.4476e+00
7603 0 +2.185349804e+04 +2.176560804e+04 +2.176560804e+04 +2.4405e+00 -1.4208e+00 +5.1070e-01 +1.7161e-01 +2.2714e+00 +2.6189e-02 -2.5472e+00 +1.2275e+00 -2.4413e+00 +3.4477e+00
8104 0 +2.132221003e+04 +2.123432003e+04 +2.123432003e+04 +2.0029e+00 -1.4351e+00 +1.1098e+00 -8.6000e-02 +2.4844e+00 -3.2656e-01 -3.1459e+00 +1.4367e+00 -2.5991e+00 +3.3488e+00
8121 0 +1.944613414e+04 +1.935824414e+04 +1.935824414e+04 +2.4509e+00 -1.3775e+00 +6.5215e-01 +1.1275e-01 +1.6958e+00 +5.0295e-01 -2.5231e+00 +1.5252e+00 -2.4676e+00 +3.3869e+00
8301 0 +1.722799845e+04 +1.714010845e+04 +1.714010845e+04 +2.5531e+00 -1.3906e+00 +7.2089e-01 +9.0417e-02 +1.7422e+00 +5.0739e-01 -2.5441e+00 +1.5319e+00 -2.4754e+00 +3.4390e+00
8312 0 +1.644866768e+04 +1.636077768e+04 +1.636077768e+04 +2.6345e+00 -1.5350e+00 +8.2515e-01 -2.0027e-01 +1.9368e+00 +2.1720e-01 -2.8413e+00 +1.2488e+00 -2.4906e+00 +3.4432e+00
9002 0 +1.571493449e+04 +1.562704449e+04 +1.562704449e+04 +2.1265e+00 -1.3656e+00 +7.4235e-01 -1.6133e-01 +2.0515e+00 -2.5212e-01 -2.6599e+00 +1.3068e+00 -2.5137e+00 +3.4053e+00
9318 0 +1.536325535e+04 +1.527536535e+04 +1.527536535e+04 +2.0017e+00 -1.3059e+00 +5.7425e-01 -2.2883e-01 +2.0998e+00 -1.5023e-01 -2.4874e+00 +1.4884e+00 -2.5149e+00 +3.4222e+00
% f evaluations | g evaluations | best noise-free fitness - Fopt (3.201900000000e+02) + sum g_i+ | measured fitness | best measured fitness or single-digit g-values | x1 | x2...
1 0 +3.383870708e+07 +3.383902727e+07 +3.383902727e+07 -4.0559e-01 +3.7944e+00 +3.9586e-01 -4.8432e+00 -2.7193e+00 -1.8089e-01 -1.4255e+00 -2.6883e+00 +4.0270e+00 +4.3184e+00
2 0 +9.845275117e+06 +9.845595307e+06 +9.845595307e+06 -3.1469e+00 -1.7333e+00 -2.6109e+00 +2.8998e+00 +4.3424e+00 +4.8039e+00 +3.6023e+00 -1.2080e-02 +2.6639e+00 +7.6753e-01
3 0 +6.336589372e+05 +6.339791272e+05 +6.339791272e+05 -2.5354e+00 +2.9779e+00 -1.2167e+00 -3.8719e+00 -1.1501e+00 -3.7755e+00 -1.2436e+00 -9.9388e-01 -3.8771e+00 -7.8989e-01
17 0 +4.287627616e+05 +4.290829516e+05 +4.290829516e+05 +4.1917e+00 -4.1659e-01 -4.9272e+00 +3.1437e+00 -8.7626e-01 +1.7755e+00 +2.0856e+00 -1.6953e+00 -2.9971e+00 -7.8281e-01
101 0 +2.171847766e+05 +2.175049666e+05 +2.175049666e+05 +4.1289e+00 -7.4257e-01 -5.0000e+00 +3.3962e+00 -1.2073e+00 +1.7942e+00 +2.7295e+00 -1.7446e+00 -3.0266e+00 -5.1907e-01
411 0 +1.965334867e+05 +1.968536767e+05 +1.968536767e+05 +4.6441e+00 -5.2258e-01 -5.0000e+00 +3.8158e+00 -1.4397e+00 +2.3454e+00 +3.4542e+00 -2.1297e+00 -3.2813e+00 -5.6156e-01
608 0 +1.234023134e+05 +1.237225034e+05 +1.237225034e+05 +2.9212e+00 -2.1567e-01 -3.3845e+00 +2.1190e+00 -1.0650e+00 +1.0437e+00 +1.9692e+00 -1.3731e+00 -3.0657e+00 -3.2801e-01
804 0 +7.183950590e+04 +7.215969590e+04 +7.215969590e+04 +3.1732e+00 -1.6908e-01 -3.7106e+00 +2.2741e+00 -1.0840e+00 +1.0219e+00 +2.1131e+00 -1.4385e+00 -3.3353e+00 -3.4348e-01
1001 0 +6.654598459e+04 +6.686617459e+04 +6.686617459e+04 +3.8024e+00 -1.5797e-01 -4.0335e+00 +2.7778e+00 -1.1147e+00 +1.2502e+00 +2.0093e+00 -1.6087e+00 -3.5503e+00 -3.8701e-01
1106 0 +5.490507973e+04 +5.522526973e+04 +5.522526973e+04 +3.4615e+00 -8.3251e-01 -3.9079e+00 +2.6642e+00 -1.1100e+00 +1.1553e+00 +2.3286e+00 -1.2971e+00 -3.2732e+00 -1.4466e-01
1201 0 +3.946491324e+04 +3.978510324e+04 +3.978510324e+04 +3.6546e+00 -8.8777e-01 -4.0563e+00 +2.7346e+00 -1.1615e+00 +1.1895e+00 +2.4066e+00 -1.3556e+00 -3.4932e+00 -8.0538e-02
1303 0 +2.244479076e+04 +2.276498076e+04 +2.276498076e+04 +3.9840e+00 +3.1972e-01 -4.4116e+00 +3.0023e+00 -1.2821e+00 +1.1181e+00 +2.6490e+00 -1.5943e+00 -3.5333e+00 -1.2404e-01
1613 0 +1.764799588e+04 +1.796818588e+04 +1.796818588e+04 +4.2441e+00 +4.3747e-01 -4.6293e+00 +3.2188e+00 -1.6005e+00 +1.2609e+00 +2.8286e+00 -1.8125e+00 -3.6105e+00 -1.2226e-01
2409 0 +1.474249341e+04 +1.506268341e+04 +1.506268341e+04 +3.6948e+00 -7.7461e-01 -4.4686e+00 +1.5167e+00 -1.6914e+00 +3.2361e+00 +2.5120e+00 -1.9374e+00 -3.3974e+00 -1.5504e-01
3305 0 +1.442957426e+04 +1.474976426e+04 +1.474976426e+04 +3.9757e+00 -4.1241e-01 -3.5146e+00 +2.8309e+00 -1.4882e+00 +1.7220e+00 +3.1775e+00 -1.9791e+00 -3.5731e+00 -1.6171e-01
3412 0 +8.726767147e+03 +9.046957147e+03 +9.046957147e+03 +4.1492e+00 -1.8168e+00 -3.9605e+00 +2.4995e+00 -2.5532e+00 +2.6667e+00 +3.2605e+00 -1.5518e+00 -3.6557e+00 -1.6249e-01
4102 0 +7.610801868e+03 +7.930991868e+03 +7.930991868e+03 +4.3441e+00 -6.2427e-01 -3.0976e+00 +2.3976e+00 -1.7488e+00 +2.4008e+00 +2.8821e+00 -1.8021e+00 -3.5709e+00 -2.2480e-01
4301 0 +6.975029261e+03 +7.295219261e+03 +7.295219261e+03 +4.4503e+00 -6.9834e-01 -3.1012e+00 +2.4203e+00 -1.8522e+00 +2.6857e+00 +2.9386e+00 -1.7704e+00 -3.5549e+00 -2.2935e-01
4805 0 +6.150743567e+03 +6.470933567e+03 +6.470933567e+03 +3.2924e+00 -1.1912e+00 -3.0074e+00 +2.8616e+00 -1.7929e+00 +2.3778e+00 +2.8308e+00 -1.8851e+00 -3.5880e+00 -1.6704e-01
5705 0 +5.579081751e+03 +5.899271751e+03 +5.899271751e+03 +3.5616e+00 -4.9663e-01 -4.0026e+00 +3.3819e+00 -2.7689e+00 +3.0783e+00 +2.8708e+00 -1.7898e+00 -3.6866e+00 -2.1531e-01
6060 0 +5.306078500e+03 +5.626268500e+03 +5.626268500e+03 +2.8992e+00 -1.4724e+00 -3.4219e+00 +3.5119e+00 -2.2798e+00 +2.8563e+00 +2.5620e+00 -1.8147e+00 -3.6233e+00 -1.5548e-01
6101 0 +4.852292395e+03 +5.172482395e+03 +5.172482395e+03 +2.9646e+00 -1.5044e+00 -3.4763e+00 +3.5721e+00 -2.3134e+00 +2.9295e+00 +2.5641e+00 -1.8511e+00 -3.5787e+00 -1.6684e-01
6107 0 +4.674987302e+03 +4.995177302e+03 +4.995177302e+03 +2.4643e+00 -1.4845e+00 -3.5468e+00 +3.6944e+00 -2.4099e+00 +3.0075e+00 +2.9234e+00 -1.8487e+00 -3.5489e+00 -1.8562e-01
6501 0 +4.115621840e+03 +4.435811840e+03 +4.435811840e+03 +5.0000e+00 +2.3764e+00 -2.9084e+00 +2.0406e+00 -1.7344e+00 +2.6993e+00 +3.0040e+00 -1.7569e+00 -3.5921e+00 -1.7756e-01
% f evaluations | g evaluations | best noise-free fitness - Fopt (-1.042400000000e+02) + sum g_i+ | measured fitness | best measured fitness or single-digit g-values | x1 | x2...
1 0 +1.733340054e+07 +1.733329630e+07 +1.733329630e+07 +7.1065e-01 +1.1747e-01 +3.8326e+00 +1.8510e+00 -2.5885e+00 +2.5366e+00 +1.1651e+00 +1.0914e+00 -1.8263e+00 +5.6750e-01
2 0 +9.327532333e+06 +9.327428093e+06 +9.327428093e+06 -3.2250e+00 +6.3519e-01 -1.5772e+00 -3.0848e+00 -1.5363e+00 +1.9878e+00 +3.9171e+00 -4.4691e+00 +2.1078e+00 -6.0639e-01
3 0 +5.892309170e+06 +5.892204930e+06 +5.892204930e+06 +1.9932e+00 +2.6595e+00 +1.1843e+00 -3.2931e+00 -6.0745e-01 -3.6960e+00 -1.4564e+00 +3.7903e+00 +1.1036e-01 -4.9799e+00
4 0 +3.253697932e+06 +3.253593692e+06 +3.253593692e+06 -2.5353e+00 -4.6818e+00 +4.1890e+00 +4.1185e+00 -4.2738e+00 -2.6070e+00 +3.4524e+00 -1.6690e+00 +4.1873e-01 -3.9070e+00
5 0 +1.222201048e+06 +1.222096808e+06 +1.222096808e+06 -5.2114e-01 +3.8628e+00 +1.0363e-01 -1.7602e+00 -2.7153e+00 -7.2177e-01 -4.1503e-01 +4.6210e+00 +1.0275e+00 -3.4015e+00
10 0 +9.284332924e+05 +9.283290524e+05 +9.283290524e+05 +3.2635e+00 +4.6449e+00 -4.3471e+00 +3.7133e+00 -3.7845e+00 -4.6155e+00 -4.3755e+00 +3.9962e+00 +3.3306e+00 -3.6954e+00
34 0 +5.659920358e+05 +5.658877958e+05 +5.658877958e+05 +4.4172e+00 -3.6513e+00 +4.2353e-01 -4.5525e+00 +1.7871e+00 +4.0203e+00 +1.1388e+00 +1.1242e+00 +3.1249e+00 -2.5777e+00
85 0 +4.015358690e+05 +4.014316290e+05 +4.014316290e+05 -2.5696e+00 +2.7166e+00 -2.6674e+00 +7.9342e-01 +4.1980e+00 +2.3159e+00 +2.5813e+00 +1.1857e+00 +3.5394e+00 -2.9423e+00
204 0 +3.958176748e+05 +3.957134348e+05 +3.957134348e+05 -3.4262e+00 +3.4587e+00 -2.4083e+00 +1.8503e+00 +4.8125e+00 +4.0030e+00 +4.7710e+00 +1.3387e+00 +3.1183e+00 -2.9272e+00
327 0 +2.544334370e+05 +2.543291970e+05 +2.543291970e+05 -3.2155e-01 +2.9173e+00 -2.4123e+00 +2.0037e+00 +7.7153e-01 +9.4540e-02 +4.9611e-01 +1.7042e+00 +2.7253e+00 -3.0616e+00
401 0 +2.370521105e+05 +2.369478705e+05 +2.369478705e+05 -3.3293e-01 +3.0758e+00 -2.4129e+00 +2.1986e+00 +7.7344e-01 +7.2021e-02 +4.9920e-01 +1.7170e+00 +2.8931e+00 -3.0059e+00
701 0 +2.078223460e+05 +2.077181060e+05 +2.077181060e+05 -4.2426e-01 +3.3465e+00 -2.8602e+00 +2.0944e+00 +1.4260e-01 -7.6106e-02 +5.6322e-01 +1.9810e+00 +2.7538e+00 -3.0576e+00
1001 0 +1.958506061e+05 +1.957463661e+05 +1.957463661e+05 -1.5232e+00 +4.8278e+00 -4.0286e+00 +1.9041e+00 +7.2378e-01 +6.1882e-01 +1.5608e+00 +2.3984e+00 +3.2081e+00 -3.2614e+00
1003 0 +1.725870263e+05 +1.724827863e+05 +1.724827863e+05 -1.2499e+00 +3.9527e+00 -3.3113e+00 +1.3882e+00 +5.7423e-01 +5.7036e-01 +1.9856e+00 +1.9948e+00 +2.7841e+00 -2.9406e+00
1004 0 +1.188847800e+05 +1.187805400e+05 +1.187805400e+05 -1.8960e+00 +5.0000e+00 -4.0414e+00 +1.3034e+00 +2.3187e-01 +7.4571e-01 +2.1579e+00 +2.3209e+00 +2.7760e+00 -3.0136e+00
1103 0 +1.164264824e+05 +1.163222424e+05 +1.163222424e+05 -1.9309e+00 +5.0000e+00 -4.8065e+00 +1.1495e+00 -9.0313e-01 +1.8144e-01 +1.9468e+00 +2.3116e+00 +2.7320e+00 -3.0044e+00
1201 0 +6.218950689e+04 +6.208526689e+04 +6.208526689e+04 -2.8753e+00 +4.8902e+00 -5.0000e+00 +6.6086e-01 -2.1143e+00 +1.6016e-01 +2.8198e+00 +3.0049e+00 +2.9682e+00 -3.1227e+00
1804 0 +5.712545977e+04 +5.702121977e+04 +5.702121977e+04 -2.1890e+00 +4.2140e+00 -4.3604e+00 +6.2846e-01 -1.0883e+00 +4.6825e-01 +2.6953e+00 +2.7685e+00 +3.0061e+00 -2.9829e+00
1901 0 +5.379308331e+04 +5.368884331e+04 +5.368884331e+04 -2.5535e+00 +4.4053e+00 -5.0000e+00 +2.9911e-01 -1.9113e+00 +5.8240e-01 +3.1228e+00 +3.0797e+00 +3.0219e+00 -3.0523e+00
3702 0 +4.874988652e+04 +4.864564652e+04 +4.864564652e+04 -1.1086e+00 +2.9339e+00 -2.2897e+00 +1.4961e+00 +7.2826e-01 -3.4778e-01 +2.3868e+00 +2.6731e+00 +2.9681e+00 -2.9817e+00
3801 0 +4.667962238e+04 +4.657538238e+04 +4.657538238e+04 -7.0964e-01 +2.7866e+00 -2.0576e+00 +1.6863e+00 +1.0213e+00 -5.4565e-01 +2.4674e+00 +2.6993e+00 +3.0537e+00 -3.0215e+00
3901 0 +3.866488748e+04 +3.856064748e+04 +3.856064748e+04 -5.4616e-02 +2.0581e+00 -1.3431e+00 +2.0485e+00 +1.9210e+00 -1.0372e+00 +2.7881e+00 +2.8498e+00 +2.9944e+00 -3.0737e+00
4601 0 +3.378535578e+04 +3.368111578e+04 +3.368111578e+04 -3.4609e+00 +4.2986e+00 -4.6624e+00 +2.1963e-01 -1.0274e+00 -1.6110e-01 +2.8499e+00 +3.1651e+00 +2.9836e+00 -3.0488e+00
5604 0 +2.974757375e+04 +2.964333375e+04 +2.964333375e+04 +1.7029e+00 +6.6327e-01 -4.3986e-01 +3.7505e+00 +3.8675e+00 -1.8601e+00 +2.5358e+00 +2.9805e+00 +2.9689e+00 -2.9374e+00
5906 0 +2.461816843e+04 +2.451392843e+04 +2.451392843e+04 +6.9090e-01 +1.4456e+00 -6.1173e-01 +2.9790e+00 +2.5145e+00 -2.3239e+00 +2.5463e+00 +2.8347e+00 +2.9330e+00 -2.9918e+00
5913 0 +2.121332375e+04 +2.110908375e+04 +2.110908375e+04 +6.2199e-01 +1.1256e+00 -1.4178e+00 +3.0429e+00 +2.9824e+00 -2.0286e+00 +2.2684e+00 +3.0706e+00 +2.9127e+00 -2.9701e+00
6402 0 +1.546215239e+04 +1.535791239e+04 +1.535791239e+04 +6.7612e-01 +2.6819e+00 -1.9325e+00 +4.0014e+00 +2.8390e+00 -2.5939e+00 +2.9768e+00 +3.1475e+00 +3.0418e+00 -3.0225e+00
6902 0 +1.008395798e+04 +9.979717984e+03 +9.979717984e+03 -4.2083e-01 +1.8576e+00 +1.2949e+00 +2.1759e+00 +1.6191e+00 -3.2292e+00 +3.2250e+00 +3.4738e+00 +2.8525e+00 -3.0517e+00
7610 0 +9.258329765e+03 +9.154089765e+03 +9.154089765e+03 +8.6004e-01 +1.4815e+00 +2.4637e-01 +2.5645e+00 +2.4110e+00 -3.0301e+00 +3.2262e+00 +3.5887e+00 +2.9906e+00 -2.9553e+00
8506 0 +9.024827051e+03 +8.920587051e+03 +8.920587051e+03 +1.7510e+00 +1.0756e+00 +1.0629e+00 +3.0327e+00 +2.8640e+00 -3.3925e+00 +2.8874e+00 +3.2090e+00 +3.0376e+00 -2.9764e+00
% f evaluations | g evaluations | best noise-free fitness - Fopt (-1.351600000000e+02) + sum g_i+ | measured fitness | best measured fitness or single-digit g-values | x1 | x2...
1 0 +4.189850623e+06 +4.189715463e+06 +4.189715463e+06 -3.2020e+00 -4.1949e+00 -2.9513e+00 +5.4790e-01 +2.1993e+00 -2.0776e+00 -4.3991e-01 -2.4385e-01 -3.4060e-01 -3.9324e+00
20 0 +1.781206379e+06 +1.781071219e+06 +1.781071219e+06 -1.8164e+00 -3.0852e+00 -4.1892e+00 -4.5050e-01 +3.8352e-01 +1.0857e+00 +3.7689e+00 +1.2457e+00 +1.7505e+00 -2.0274e+00
31 0 +1.502609301e+06 +1.502474141e+06 +1.502474141e+06 -1.6968e+00 +2.1677e+00 +4.0215e+00 +2.6315e+00 -2.8734e+00 -2.3181e+00 +3.7533e+00 +2.0773e+00 -2.4631e+00 -1.0357e+00
33 0 +1.222908243e+06 +1.222773083e+06 +1.222773083e+06 -3.8336e+00 -2.6531e+00 +1.4830e+00 +4.7082e+00 +4.6078e+00 +4.7255e+00 +3.3949e+00 -3.2197e+00 -1.4813e+00 -2.3019e+00
39 0 +9.943695573e+05 +9.942343973e+05 +9.942343973e+05 +4.8643e+00 -3.2166e+00 +5.3442e-01 -4.0400e+00 +2.2130e+00 +3.6126e+00 +3.4042e+00 +2.3107e+00 +2.1837e-01 -2.7878e+00
48 0 +4.601078216e+05 +4.599726616e+05 +4.599726616e+05 -4.7764e+00 -4.8674e+00 -6.1441e-01 -1.3773e+00 +2.1668e+00 -4.3246e+00 -6.1719e-02 +2.2961e+00 -1.8374e+00 -1.5354e+00
126 0 +1.535441609e+05 +1.534090009e+05 +1.534090009e+05 -2.4880e+00 -2.7480e+00 -1.2388e+00 -3.6668e-01 +1.5709e+00 -1.7435e+00 -7.1618e-02 +6.2477e-01 -7.8136e-01 -2.1632e+00
138 0 +1.427724413e+05 +1.426372813e+05 +1.426372813e+05 -2.2277e+00 -2.5067e+00 -9.4517e-01 -2.9276e-01 +1.4625e+00 -1.5749e+00 +3.8985e-02 +5.5940e-01 -6.9961e-01 -2.0454e+00
142 0 +1.337839869e+05 +1.336488269e+05 +1.336488269e+05 -2.6555e+00 -2.7174e+00 -1.0246e+00 -3.1737e-01 +1.4597e+00 -1.7072e+00 -1.5015e-02 +6.0642e-01 -7.6505e-01 -2.0153e+00
176 0 +1.213080000e+05 +1.211728400e+05 +1.211728400e+05 -2.4446e+00 -2.8429e+00 -1.1355e+00 -2.3057e-01 +1.4122e+00 -1.5398e+00 -9.9898e-03 +7.0760e-01 -7.8479e-01 -2.0401e+00
305 0 +1.056759920e+05 +1.055408320e+05 +1.055408320e+05 -2.3259e+00 -2.6456e+00 -1.0636e+00 -2.7195e-01 +1.1418e+00 -1.4327e+00 +1.0852e-02 +6.6028e-01 -1.0389e+00 -1.9985e+00
602 0 +8.803986382e+04 +8.790470382e+04 +8.790470382e+04 -2.3873e+00 -2.5484e+00 -1.6469e+00 -4.5212e-01 +1.5540e+00 -1.5846e+00 +1.4770e-01 +7.9359e-01 -1.0879e+00 -2.0555e+00
713 0 +8.083209512e+04 +8.069693512e+04 +8.069693512e+04 -2.2587e+00 -1.9468e+00 -5.8842e-01 -3.2746e-01 +9.0326e-01 -1.6923e+00 +9.5944e-01 +9.2991e-01 -7.7474e-01 -1.9471e+00
801 0 +6.775884249e+04 +6.762368249e+04 +6.762368249e+04 -2.2852e+00 -2.0227e+00 -5.8219e-01 -3.2779e-01 +8.9897e-01 -1.8220e+00 +1.2600e+00 +9.3208e-01 -8.9311e-01 -1.9048e+00
1001 0 +5.483245018e+04 +5.469729018e+04 +5.469729018e+04 -2.3127e+00 -2.0965e+00 -4.4739e-01 -3.4096e-01 +8.2012e-01 -2.1399e+00 +1.6876e+00 +1.0927e+00 -9.6081e-01 -2.1772e+00
1301 0 +4.122739697e+04 +4.109223697e+04 +4.109223697e+04 -2.0773e+00 -1.7978e+00 -8.4051e-01 -1.0886e-01 +1.0914e+00 -1.9462e+00 +1.4452e+00 +1.1495e+00 -9.2804e-01 -2.1067e+00
1401 0 +3.625501568e+04 +3.611985568e+04 +3.611985568e+04 -2.1760e+00 -1.8072e+00 -8.4074e-01 -8.2793e-02 +1.0981e+00 -2.0127e+00 +1.4880e+00 +1.1760e+00 -9.4227e-01 -2.0917e+00
1902 0 +2.808892818e+04 +2.795376818e+04 +2.795376818e+04 -2.3430e+00 -1.4865e+00 -1.0100e+00 -2.3145e-01 +1.3647e+00 -1.9695e+00 +1.3381e+00 +1.4782e+00 -1.1012e+00 -2.0167e+00
2001 0 +2.329455732e+04 +2.315939732e+04 +2.315939732e+04 -2.2192e+00 -1.3876e+00 -9.7473e-01 -3.7341e-01 +1.3944e+00 -1.9787e+00 +1.6856e+00 +1.3133e+00 -1.2261e+00 -2.0410e+00
2102 0 +2.125463330e+04 +2.111947330e+04 +2.111947330e+04 -2.5332e+00 -1.9312e+00 -2.6142e+00 -1.3764e+00 +2.0270e+00 -2.2486e+00 +2.0171e+00 +1.9961e+00 -1.1105e+00 -2.0622e+00
2611 0 +1.856920895e+04 +1.843404895e+04 +1.843404895e+04 -2.3889e+00 -2.2548e+00 -2.2622e+00 -1.1115e+00 +2.7733e+00 -2.1559e+00 +1.7508e+00 +1.4601e+00 -9.3677e-01 -2.0566e+00
2802 0 +1.414917773e+04 +1.401401773e+04 +1.401401773e+04 -2.5473e+00 -2.6031e+00 -2.6233e+00 -1.3424e+00 +3.4499e+00 -2.2964e+00 +1.9699e+00 +1.4891e+00 -1.0347e+00 -2.1005e+00
3002 0 +1.358432929e+04 +1.344916929e+04 +1.344916929e+04 -2.5886e+00 -2.7099e+00 -2.9794e+00 -1.3171e+00 +3.7898e+00 -2.3923e+00 +2.0663e+00 +1.5212e+00 -1.0521e+00 -2.1048e+00
3960 0 +1.200576085e+04 +1.187060085e+04 +1.187060085e+04 -2.3330e+00 -2.1310e+00 -2.3428e+00 -1.1760e+00 +2.4724e+00 -1.9245e+00 +1.8314e+00 +1.4222e+00 -1.0557e+00 -2.0424e+00
4101 0 +9.886757953e+03 +9.751597953e+03 +9.751597953e+03 -1.7801e+00 -1.7728e+00 -2.0943e+00 -1.0651e-01 +1.2090e+00 -1.8192e+00 +2.0124e+00 +1.4406e+00 -1.1405e+00 -2.0422e+00
4508 0 +8.220908816e+03 +8.085748816e+03 +8.085748816e+03 -2.1948e+00 -1.7953e+00 -1.8934e+00 -5.6615e-01 +1.7595e+00 -1.8424e+00 +2.1630e+00 +1.3597e+00 -1.0834e+00 -2.0160e+00
4601 0 +8.051713588e+03 +7.916553588e+03 +7.916553588e+03 -2.2177e+00 -1.7913e+00 -1.7315e+00 -5.3091e-01 +1.7507e+00 -1.8514e+00 +2.1871e+00 +1.3595e+00 -1.0977e+00 -2.0175e+00
4627 0 +7.801729308e+03 +7.666569308e+03 +7.666569308e+03 -2.1570e+00 -1.7765e+00 -2.0652e+00 -5.9641e-01 +1.6689e+00 -1.6811e+00 +2.0880e+00 +1.4526e+00 -1.0922e+00 -2.0115e+00
5004 0 +6.962898411e+03 +6.827738411e+03 +6.827738411e+03 -2.2641e+00 -2.0431e+00 -2.4617e+00 -2.7696e-01 +1.8405e+00 -1.5610e+00 +2.1725e+00 +1.6228e+00 -1.0964e+00 -2.0153e+00
5422 0 +6.881420002e+03 +6.746260002e+03 +6.746260002e+03 -2.2788e+00 -2.2458e+00 -2.4588e+00 -2.6320e-01 +1.8237e+00 -1.5614e+00 +2.1924e+00 +1.6530e+00 -1.0828e+00 -2.0210e+00
6402 0 +6.134227817e+03 +5.999067817e+03 +5.999067817e+03 -2.5798e+00 -2.0899e+00 -3.1577e+00 -8.9694e-01 +2.4359e+00 -1.5938e+00 +2.9943e+00 +1.3319e+00 -1.0856e+00 -1.9998e+00
6536 0 +5.094078233e+03 +4.958918233e+03 +4.958918233e+03 -2.2100e+00 -2.0653e+00 -2.5696e+00 -7.2603e-01 +1.8616e+00 -1.5874e+00 +2.5338e+00 +1.3836e+00 -1.0947e+00 -2.0179e+00
6592 0 +3.849714980e+03 +3.714554980e+03 +3.714554980e+03 -2.1865e+00 -2.0532e+00 -2.6354e+00 -7.2178e-01 +2.2025e+00 -1.5781e+00 +2.6817e+00 +1.4988e+00 -1.0598e+00 -2.0510e+00
% f evaluations | g evaluations | best noise-free fitness - Fopt (-8.571000000000e+01) + sum g_i+ | measured fitness | best measured fitness or single-digit g-values | x1 | x2...
1 0 +2.709503084e+06 +2.709417374e+06 +2.709417374e+06 -1.9253e+00 +2.7048e+00 -3.9655e+00 +2.4563e-01 -3.6400e+00 -9.2921e-01 +3.6373e+00 -4.8229e+00 -1.9748e+00 +2.3600e+00
5 0 +1.341759444e+05 +1.340902344e+05 +1.340902344e+05 -2.4654e+00 -2.2792e+00 +9.7535e-01 +3.1628e+00 +1.3146e+00 -3.0797e+00 +1.6522e+00 +1.1441e+00 -3.5315e-01 +3.0936e+00
706 0 +1.318134798e+05 +1.317277698e+05 +1.317277698e+05 -2.2827e+00 -2.0423e+00 +1.2107e+00 +3.2500e+00 +1.5352e+00 -2.2530e+00 +1.7869e+00 +1.2025e+00 -4.9481e-01 +2.7752e+00
801 0 +6.095729922e+04 +6.087158922e+04 +6.087158922e+04 -2.5404e+00 -2.4940e+00 +1.5173e+00 +3.9505e+00 +2.0520e+00 -2.5130e+00 +2.0889e+00 +1.4389e+00 -5.0504e-01 +2.9900e+00
1404 0 +5.663290783e+04 +5.654719783e+04 +5.654719783e+04 -2.0879e+00 -1.7918e+00 +1.0957e+00 +2.9622e+00 +1.2364e+00 -1.9376e+00 +8.7988e-01 +1.2553e+00 -7.4632e-01 +2.9667e+00
1702 0 +5.532537139e+04 +5.523966139e+04 +5.523966139e+04 +4.4463e-01 -1.9706e+00 +2.3543e+00 +4.2628e+00 +5.8859e-01 -3.4594e+00 +2.7146e+00 +1.5223e+00 -7.1894e-01 +3.1082e+00
1805 0 +3.676454695e+04 +3.667883695e+04 +3.667883695e+04 -2.0109e+00 -1.7205e+00 +1.5672e+00 +3.7418e+00 +1.5114e+00 -2.2233e+00 +1.8318e+00 +1.3678e+00 -9.3069e-01 +3.0232e+00
2217 0 +3.015497607e+04 +3.006926607e+04 +3.006926607e+04 -2.2240e+00 -1.8709e+00 +1.3726e+00 +3.4019e+00 +1.2089e+00 -1.8341e+00 +1.1774e+00 +1.4915e+00 -8.3685e-01 +3.0417e+00
2302 0 +2.858328460e+04 +2.849757460e+04 +2.849757460e+04 -1.9812e+00 -1.3902e+00 +7.8961e-01 +3.0156e+00 +1.6870e+00 -1.9336e+00 +1.1588e+00 +1.6280e+00 -9.1007e-01 +2.9273e+00
2601 0 +2.578264402e+04 +2.569693402e+04 +2.569693402e+04 -1.9985e+00 -1.4258e+00 +4.0987e-01 +2.9524e+00 +2.4762e+00 -2.1316e+00 +1.1009e+00 +2.0684e+00 -6.4865e-01 +3.0232e+00
2802 0 +1.301300352e+04 +1.292729352e+04 +1.292729352e+04 -1.8912e+00 -6.2295e-01 +1.3098e+00 +3.9171e+00 +7.3880e-01 -2.1770e+00 +1.3747e+00 +1.8659e+00 -8.3335e-01 +2.9695e+00
2901 0 +1.097277702e+04 +1.088706702e+04 +1.088706702e+04 -2.1652e+00 -3.6903e-01 +1.4712e+00 +4.3002e+00 +5.7040e-01 -2.1755e+00 +1.2866e+00 +2.1780e+00 -9.3615e-01 +2.9425e+00
3221 0 +9.290408768e+03 +9.204698768e+03 +9.204698768e+03 -2.3402e+00 -1.8747e-01 +1.6051e+00 +4.7242e+00 +4.3011e-01 -2.2834e+00 +1.2882e+00 +2.4177e+00 -8.6655e-01 +2.9943e+00
3304 0 +6.181386981e+03 +6.095676981e+03 +6.095676981e+03 -2.3694e+00 -1.2108e+00 +1.0141e+00 +3.2175e+00 +1.0718e+00 -1.9729e+00 +1.4732e+00 +2.2370e+00 -9.0467e-01 +2.9924e+00
5513 0 +5.644523010e+03 +5.558813010e+03 +5.558813010e+03 -2.0284e+00 -1.1479e+00 +1.0237e+00 +3.0194e+00 +8.3199e-01 -1.2461e+00 +1.8368e+00 +2.2056e+00 -8.8960e-01 +3.0227e+00
5620 0 +5.556344694e+03 +5.470634694e+03 +5.470634694e+03 -1.9788e+00 -1.1937e+00 +1.1091e+00 +2.8925e+00 +7.2296e-01 -1.2584e+00 +1.7052e+00 +2.1955e+00 -8.2909e-01 +3.0235e+00
6504 0 +4.575784558e+03 +4.490074558e+03 +4.490074558e+03 -2.3633e+00 -1.4154e+00 +1.0888e+00 +3.0561e+00 +5.4066e-01 -1.4828e+00 +1.7168e+00 +2.2437e+00 -8.4866e-01 +2.9756e+00
8372 0 +3.799943205e+03 +3.714233205e+03 +3.714233205e+03 -2.2206e+00 -1.4827e+00 +9.0971e-01 +2.6504e+00 +3.3820e-01 -1.5174e+00 +1.6565e+00 +2.2508e+00 -8.9240e-01 +2.9978e+00
% f evaluations | g evaluations | best noise-free fitness - Fopt (-1.162500000000e+02) + sum g_i+ | measured fitness | best measured fitness or single-digit g-values | x1 | x2...
1 0 +1.986670796e+06 +1.986554546e+06 +1.986554546e+06 +3.4545e+00 -4.3161e+00 +8.8045e-01 -4.6838e+00 +1.0929e+00 -3.2513e+00 +2.5832e-01 -3.0446e+00 +6.2709e-01 -1.5717e+00
12 0 +1.569481995e+05 +1.568319495e+05 +1.568319495e+05 -2.0784e+00 -1.2081e+00 +2.0966e+00 -4.8424e+00 +5.4922e-01 -3.3768e+00 -4.7249e+00 -1.2739e-01 +3.2665e+00 -2.1052e+00
602 0 +8.408402027e+04 +8.396777027e+04 +8.396777027e+04 +4.9862e-01 -1.4771e+00 +2.1437e+00 -2.2150e+00 +7.8961e-01 -1.5209e-01 -2.7621e+00 -3.4907e-01 +2.6311e+00 -1.9150e+00
801 0 +3.434653988e+04 +3.423028988e+04 +3.423028988e+04 +1.1691e+00 -1.8237e+00 +2.3193e+00 -2.6164e+00 +1.0802e+00 +6.6112e-01 -2.9349e+00 -8.2072e-01 +3.0827e+00 -1.8441e+00
1602 0 +3.009062305e+04 +2.997437305e+04 +2.997437305e+04 +1.0855e-01 -1.6387e+00 +2.7475e+00 -3.0358e+00 +5.9537e-01 -5.7272e-01 -3.4777e+00 -2.6355e-01 +3.0690e+00 -1.8888e+00
1727 0 +2.825826948e+04 +2.814201948e+04 +2.814201948e+04 +1.7127e-01 -1.2748e+00 +2.0731e+00 -2.3942e+00 +4.3797e-01 -3.2675e-01 -2.7030e+00 -4.6915e-01 +3.0820e+00 -1.8836e+00
2207 0 +2.418961257e+04 +2.407336257e+04 +2.407336257e+04 +8.8065e-01 -1.3505e+00 +1.1835e+00 -1.8242e+00 +1.1828e+00 +4.4785e-01 -2.6965e+00 -6.3954e-01 +3.1930e+00 -1.8970e+00
2302 0 +2.236127183e+04 +2.224502183e+04 +2.224502183e+04 +7.3506e-01 -1.2662e+00 +9.9656e-01 -1.9462e+00 +1.1620e+00 +2.8321e-01 -2.4507e+00 -3.5193e-01 +3.2059e+00 -1.9603e+00
2501 0 +1.923755215e+04 +1.912130215e+04 +1.912130215e+04 +7.5033e-01 -3.2952e-01 +1.3812e+00 -1.4864e+00 +2.4278e-01 -4.7912e-02 -2.3045e+00 -4.3017e-02 +3.1723e+00 -1.8891e+00
2518 0 +1.877871970e+04 +1.866246970e+04 +1.866246970e+04 +1.3807e+00 -1.2860e+00 +5.8564e-01 -1.6096e+00 +1.4263e+00 +1.0225e+00 -2.6600e+00 -5.4932e-01 +3.2267e+00 -1.9093e+00
3214 0 +1.644581206e+04 +1.632956206e+04 +1.632956206e+04 +9.7166e-01 -1.1622e+00 +1.1815e+00 -2.1089e+00 +7.8579e-01 +1.8940e-01 -2.4881e+00 -2.1564e-01 +3.2656e+00 -1.9059e+00
3934 0 +1.585070305e+04 +1.573445305e+04 +1.573445305e+04 +1.1817e+00 -1.1744e+00 +3.9156e-01 -2.1891e+00 +9.0195e-01 +4.2554e-01 -2.3870e+00 +2.2102e-02 +3.2351e+00 -1.8624e+00
4001 0 +1.252568892e+04 +1.240943892e+04 +1.240943892e+04 +1.2626e+00 -1.2922e+00 +2.9253e-01 -2.4144e+00 +9.9419e-01 +5.7831e-01 -2.5438e+00 -1.0131e-01 +3.2614e+00 -1.8930e+00
6222 0 +1.126268040e+04 +1.114643040e+04 +1.114643040e+04 +1.4782e+00 -1.1991e+00 -1.4912e-01 -2.1180e+00 +3.2933e-01 +4.7775e-01 -2.6793e+00 -6.0397e-02 +3.2336e+00 -1.8647e+00
8735 0 +1.043855496e+04 +1.032230496e+04 +1.032230496e+04 +5.1438e-01 -1.0035e+00 -3.0966e-02 -2.0882e+00 +8.2123e-01 +8.5095e-01 -2.4891e+00 -1.2572e-01 +3.2416e+00 -1.8839e+00
9008 0 +8.979452168e+03 +8.863202168e+03 +8.863202168e+03 +5.2204e-01 -9.2812e-01 -4.8414e-02 -2.0664e+00 +7.4212e-01 +9.6159e-01 -2.6107e+00 -6.4511e-02 +3.2429e+00 -1.8872e+00
% f evaluations | g evaluations | best noise-free fitness - Fopt (2.528000000000e+01) + sum g_i+ | measured fitness | best measured fitness or single-digit g-values | x1 | x2...
1 0 +7.479800799e+06 +7.479826079e+06 +7.479826079e+06 +2.0718e+00 +8.1722e-01 -1.5107e+00 -1.6028e+00 +2.8801e+00 +1.8143e+00 +2.9255e+00 -3.7975e+00 -4.3508e-01 +1.8495e+00
2 0 +1.324142024e+06 +1.324167304e+06 +1.324167304e+06 +8.5467e-01 -2.4739e+00 +7.3382e-01 -1.7758e+00 +2.6680e+00 +6.0472e-01 +4.7203e+00 -5.9562e-01 -3.3292e+00 +5.8939e-01
27 0 +8.847003338e+05 +8.847256138e+05 +8.847256138e+05 +1.2074e+00 -2.1003e+00 +1.7795e+00 +4.5648e+00 -1.1032e+00 +1.0547e+00 -1.4768e+00 -1.3124e+00 -1.0108e+00 -8.6966e-01
48 0 +5.780606998e+05 +5.780859798e+05 +5.780859798e+05 -4.1923e+00 +3.9730e+00 +2.0062e+00 +2.7170e+00 -6.5105e-01 -4.6823e+00 +5.0964e-01 +2.2815e+00 -3.3723e+00 -4.4635e-01
71 0 +3.382649196e+05 +3.382901996e+05 +3.382901996e+05 +2.0600e+00 +2.9716e+00 +1.1959e+00 -2.3878e+00 -3.6692e+00 +5.0201e-01 +3.1270e+00 -1.7935e+00 -3.5496e+00 -2.9187e-01
501 0 +2.644896603e+05 +2.645149403e+05 +2.645149403e+05 -5.9597e-01 +1.2266e+00 -5.7852e-01 -1.1181e+00 -1.8866e+00 +4.4433e-02 +9.0058e-01 -1.6453e+00 -1.8422e+00 -6.5820e-01
715 0 +2.529554758e+05 +2.529807558e+05 +2.529807558e+05 -6.6608e-01 +1.4060e+00 -7.6681e-01 -1.5159e+00 -2.1877e+00 -8.3489e-02 +1.1423e+00 -1.8646e+00 -2.2370e+00 -7.4971e-01
805 0 +2.481125421e+05 +2.481378221e+05 +2.481378221e+05 -1.5990e-01 +7.3493e-01 -6.4685e-01 -1.0255e+00 -1.5564e+00 +4.8233e-01 +1.0081e+00 -1.5348e+00 -1.6587e+00 -5.1516e-01
854 0 +2.448092701e+05 +2.448345501e+05 +2.448345501e+05 -4.6046e-01 +8.5209e-01 -5.4436e-01 -1.0341e+00 -1.6678e+00 +2.8724e-01 +7.4429e-01 -1.6288e+00 -1.7118e+00 -4.1765e-01
902 0 +2.351320838e+05 +2.351573638e+05 +2.351573638e+05 -5.0348e-01 +1.0752e+00 -5.0851e-01 -1.0293e+00 -1.8010e+00 +3.2294e-01 +1.0244e+00 -1.7334e+00 -1.8344e+00 -4.8669e-01
911 0 +2.289269818e+05 +2.289522618e+05 +2.289522618e+05 -4.8553e-01 +1.2787e+00 -5.8964e-01 -1.2085e+00 -1.9689e+00 +3.3177e-01 +1.0548e+00 -2.0084e+00 -2.0757e+00 -5.6530e-01
925 0 +2.210835929e+05 +2.211088729e+05 +2.211088729e+05 -3.5860e-01 +7.1952e-01 -4.3465e-01 -8.7725e-01 -1.3273e+00 +5.7846e-02 +6.6749e-01 -1.2389e+00 -1.6896e+00 -5.3852e-01
1201 0 +2.111832517e+05 +2.112085317e+05 +2.112085317e+05 -3.8901e-01 +7.2252e-01 -3.8449e-01 -8.1175e-01 -1.1873e+00 +3.2336e-01 +5.3790e-01 -1.0627e+00 -1.7776e+00 -5.7087e-01
1203 0 +1.843914318e+05 +1.844167118e+05 +1.844167118e+05 -2.5275e-01 +9.1707e-01 -5.9178e-01 -1.1533e+00 -1.7808e+00 +1.2615e-01 +5.2463e-01 -1.7970e+00 -2.1404e+00 -4.5428e-01
1302 0 +1.788328101e+05 +1.788580901e+05 +1.788580901e+05 -1.3606e+00 -1.2142e+00 -2.1916e-01 -8.7835e-01 -2.9498e+00 +2.7288e-01 -4.7836e-01 -1.3393e+00 -2.2590e+00 -4.8530e-01
1502 0 +1.733312273e+05 +1.733565073e+05 +1.733565073e+05 -1.4444e+00 -1.1270e+00 -2.2859e-01 -8.6015e-01 -3.0264e+00 +2.5452e-01 -6.4648e-01 -1.0628e+00 -2.2978e+00 -4.6873e-01
1603 0 +1.512576043e+05 +1.512828843e+05 +1.512828843e+05 -1.3631e+00 +3.9296e-01 -7.8271e-01 -1.5849e+00 -2.6765e+00 +1.2896e+00 +1.5751e+00 -1.6294e+00 -2.0747e+00 -4.6538e-01
1745 0 +1.273011057e+05 +1.273263857e+05 +1.273263857e+05 -7.4996e-01 +6.3781e-01 -5.6075e-01 -8.0529e-01 -2.0001e+00 +3.0965e-01 +6.2096e-01 -1.4656e+00 -2.2292e+00 -4.8043e-01
1801 0 +1.252477542e+05 +1.252730342e+05 +1.252730342e+05 -8.1668e-01 +7.4185e-01 -6.1064e-01 -8.9249e-01 -2.0369e+00 +3.8753e-01 +6.7621e-01 -1.5915e+00 -2.4772e+00 -5.4407e-01
2001 0 +8.518397235e+04 +8.520925235e+04 +8.520925235e+04 -1.1085e+00 +7.7747e-01 -4.7981e-01 -6.5518e-01 -1.9962e+00 +4.2369e-01 +6.3112e-01 -1.0334e+00 -2.4198e+00 -4.9293e-01
2101 0 +7.717871294e+04 +7.720399294e+04 +7.720399294e+04 -1.2373e+00 +1.0920e+00 -4.7829e-01 -9.3466e-01 -2.2697e+00 +3.8054e-01 +9.9905e-01 -1.1956e+00 -2.6417e+00 -4.0162e-01
2201 0 +7.379146637e+04 +7.381674637e+04 +7.381674637e+04 -1.3017e+00 +1.1235e+00 -4.3226e-01 -1.1646e+00 -2.3901e+00 +3.8423e-01 +1.1089e+00 -1.2254e+00 -2.5512e+00 -4.0223e-01
2401 0 +7.224076802e+04 +7.226604802e+04 +7.226604802e+04 -8.9678e-01 +6.4894e-01 -3.4412e-01 -6.9910e-01 -1.7869e+00 +2.9503e-01 +7.0311e-01 -8.6286e-01 -2.4976e+00 -4.1028e-01
2405 0 +6.860202006e+04 +6.862730006e+04 +6.862730006e+04 -1.4661e+00 +1.4462e+00 -5.0008e-01 -1.4914e+00 -2.6510e+00 +4.4149e-01 +1.4235e+00 -1.0143e+00 -2.7422e+00 -3.7578e-01
2505 0 +6.201001496e+04 +6.203529496e+04 +6.203529496e+04 -1.1004e+00 +2.0182e+00 +1.9860e-01 -1.8227e+00 -2.5004e+00 -1.4236e-01 +1.2045e+00 -8.0995e-01 -2.4964e+00 -5.6467e-01
3102 0 +6.162921558e+04 +6.165449558e+04 +6.165449558e+04 -1.5207e+00 -7.1649e-01 -8.5451e-01 -1.9202e-01 -1.8840e+00 +3.3380e-01 +9.7460e-01 -6.8570e-01 -2.5149e+00 -3.9423e-01
3201 0 +5.719559025e+04 +5.722087025e+04 +5.722087025e+04 -4.8397e-01 +1.2445e+00 -1.0207e-01 -9.2879e-01 -1.5269e+00 +3.7931e-01 +1.6263e+00 -1.3650e-01 -2.7018e+00 -3.7614e-01
3402 0 +5.210043024e+04 +5.212571024e+04 +5.212571024e+04 -9.1248e-01 +1.1882e+00 +1.3847e-01 -1.2037e+00 -1.5910e+00 +1.9414e-01 +1.3431e+00 -4.3173e-01 -2.6269e+00 -3.8221e-01
3609 0 +4.738910020e+04 +4.741438020e+04 +4.741438020e+04 -1.9118e-02 +8.1534e-01 +4.0754e-02 -1.7005e-01 -1.1247e+00 +4.0470e-01 +1.9666e+00 -4.1088e-01 -2.2667e+00 -4.6654e-01
3701 0 +4.361253389e+04 +4.363781389e+04 +4.363781389e+04 +8.9664e-01 +8.9878e-01 +2.0338e-01 +4.7022e-01 -5.0757e-01 +4.6803e-01 +2.6190e+00 -3.1616e-01 -2.2757e+00 -3.7842e-01
3802 0 +2.662581982e+04 +2.665109982e+04 +2.665109982e+04 +1.5709e+00 +1.0298e+00 +4.2253e-01 +9.3304e-01 -2.0975e-01 +3.8828e-01 +3.1133e+00 -2.1334e-01 -2.4454e+00 -4.5920e-01
4403 0 +2.129102857e+04 +2.131630857e+04 +2.131630857e+04 +4.7955e-02 +5.6467e-01 -3.5711e-01 -8.1198e-01 -1.7839e+00 +3.5473e-01 +2.3216e+00 -7.3433e-01 -2.5338e+00 -4.4719e-01
4802 0 +1.938614277e+04 +1.941142277e+04 +1.941142277e+04 +9.5120e-01 +9.1569e-01 +3.5631e-01 -1.7261e-03 -1.1623e+00 +2.9526e-01 +2.6858e+00 -3.5600e-01 -2.5461e+00 -4.3215e-01
5705 0 +1.832882690e+04 +1.835410690e+04 +1.835410690e+04 +8.9782e-01 +1.0824e+00 +2.0284e-01 +6.9588e-01 -8.9081e-01 +1.8918e-01 +2.4885e+00 -5.3338e-01 -2.5104e+00 -4.3355e-01
5801 0 +1.746365228e+04 +1.748893228e+04 +1.748893228e+04 +1.0575e+00 +1.1395e+00 +3.2096e-01 +1.1112e+00 -9.8418e-01 +1.0586e-01 +2.7195e+00 -5.1057e-01 -2.6562e+00 -4.5342e-01
5807 0 +1.673172889e+04 +1.675700889e+04 +1.675700889e+04 +9.6276e-01 +1.0699e+00 +4.0735e-02 +3.2206e-01 -8.7519e-01 +2.3941e-01 +2.7468e+00 -6.5550e-01 -2.5686e+00 -4.4101e-01
5816 0 +1.602016138e+04 +1.604544138e+04 +1.604544138e+04 +8.6429e-01 +1.0146e+00 +3.4437e-01 +2.8017e-01 -1.2222e+00 +1.9255e-01 +3.0077e+00 -4.6175e-01 -2.5414e+00 -4.7690e-01
6647 0 +1.560493474e+04 +1.563021474e+04 +1.563021474e+04 +5.0036e-01 +8.5865e-01 +3.8169e-01 +1.3505e-01 -9.5670e-01 -4.6296e-02 +2.4357e+00 -5.4356e-01 -2.5565e+00 -4.7470e-01
6703 0 +1.068848950e+04 +1.071376950e+04 +1.071376950e+04 +1.2341e+00 +9.1752e-01 +3.3988e-01 -2.8146e-01 -1.8430e-01 -5.7160e-01 +2.4703e+00 -4.4111e-01 -2.5308e+00 -4.4067e-01
7712 0 +8.957102622e+03 +8.982382622e+03 +8.982382622e+03 +4.5793e-01 +4.8289e-01 -1.5419e-01 +5.8763e-01 -2.1319e-01 -6.6787e-01 +2.6352e+00 -4.5183e-01 -2.5856e+00 -4.4773e-01
9603 0 +8.769871408e+03 +8.795151408e+03 +8.795151408e+03 +7.1840e-01 +9.0711e-01 +1.7939e-01 +4.3370e-01 -7.1345e-01 -9.0284e-01 +2.7429e+00 -3.3683e-01 -2.5723e+00 -4.6431e-01
% f evaluations | g evaluations | best noise-free fitness - Fopt (-6.668000000000e+01) + sum g_i+ | measured fitness | best measured fitness or single-digit g-values | x1 | x2...
1 0 +1.200626532e+07 +1.200619864e+07 +1.200619864e+07 -4.6223e+00 -4.3096e+00 +3.2272e+00 +3.4725e+00 -9.7243e-01 +4.8930e+00 +2.5191e+00 +3.1107e+00 -3.6341e+00 +4.1467e+00
5 0 +3.749227870e+06 +3.749161190e+06 +3.749161190e+06 -2.6851e+00 +3.8635e+00 -3.9811e+00 +1.7299e+00 -1.4120e+00 +4.9792e+00 -4.5972e+00 +3.0490e+00 +4.8926e+00 +1.9529e+00
8 0 +3.299666842e+05 +3.299000042e+05 +3.299000042e+05 -4.4788e+00 -3.2515e+00 +3.5853e-01 +4.9485e+00 +3.2321e-01 -3.3180e+00 +5.7086e-01 -1.2023e+00 +3.7429e+00 +3.1930e+00
96 0 +3.134423837e+05 +3.133757037e+05 +3.133757037e+05 -4.5684e-01 +8.1697e-01 +4.9157e+00 -4.2930e+00 -3.8327e+00 +3.1872e+00 -5.2399e-01 +1.5622e+00 +3.3249e+00 +3.1941e+00
104 0 +2.889360534e+05 +2.888693734e+05 +2.888693734e+05 +5.0000e+00 -4.8941e+00 +1.6790e-01 +2.8404e-01 +2.2568e+00 +2.8426e+00 -3.5056e+00 +1.6722e+00 +4.1354e+00 +3.2636e+00
217 0 +2.690428355e+05 +2.689761555e+05 +2.689761555e+05 -4.9736e+00 -3.4052e+00 +3.3428e-01 +4.9655e+00 +3.2174e-01 -3.8101e+00 +5.9608e-01 -1.3805e+00 +3.9543e+00 +3.3290e+00
701 0 +2.276064880e+05 +2.275398080e+05 +2.275398080e+05 -9.1769e-02 -3.4867e+00 +1.6255e-01 +1.4908e+00 +6.6874e-01 -1.5734e-01 -1.2963e+00 +7.8580e-01 +3.4727e+00 +3.1563e+00
712 0 +1.248977664e+05 +1.248310864e+05 +1.248310864e+05 -1.9996e+00 -2.5077e+00 +9.1697e-01 +2.1394e+00 +6.6107e-02 -8.1774e-01 +1.2320e-01 -3.1284e-01 +3.2500e+00 +3.6710e+00
802 0 +8.177694603e+04 +8.171026603e+04 +8.171026603e+04 +2.0125e-01 -4.1566e+00 -6.1364e-02 +1.5638e+00 +6.8038e-01 -7.4152e-02 -1.6440e+00 +1.2784e+00 +3.9863e+00 +3.7245e+00
904 0 +3.507031823e+04 +3.500363823e+04 +3.500363823e+04 +1.1531e+00 -3.6776e+00 -4.8775e-01 +9.4543e-01 +2.1733e+00 +1.1073e+00 -1.4659e+00 -3.1673e-01 +3.9619e+00 +3.5167e+00
1203 0 +2.693009418e+04 +2.686341418e+04 +2.686341418e+04 -1.1781e+00 -3.6032e+00 +2.2830e-01 +2.3078e+00 +1.2061e+00 -7.5614e-01 -7.6918e-01 -1.9779e-01 +3.8028e+00 +3.5120e+00
1803 0 +1.253981141e+04 +1.247313141e+04 +1.247313141e+04 -1.5928e+00 -2.1050e+00 +6.8206e-01 +7.8941e-01 +3.3499e-01 -2.6214e-01 -5.5858e-01 +5.6280e-02 +3.8497e+00 +3.5130e+00
2009 0 +9.011837571e+03 +8.945157571e+03 +8.945157571e+03 -1.6289e+00 -2.0054e+00 +7.2150e-01 +6.2556e-01 +1.2946e-01 -9.7172e-02 -5.3292e-01 +7.9698e-02 +3.9209e+00 +3.5437e+00
2101 0 +5.048163426e+03 +4.981483426e+03 +4.981483426e+03 -1.4580e+00 -1.8381e+00 +9.9340e-01 +3.4972e-01 +2.4660e-01 +2.2624e-01 -6.0676e-01 +2.2323e-01 +3.8916e+00 +3.5466e+00
4404 0 +3.292905776e+03 +3.226225776e+03 +3.226225776e+03 -1.1672e+00 -2.7510e+00 +5.0033e-01 +1.5125e+00 +1.6688e+00 -3.1761e-01 -5.4748e-01 +3.0836e-01 +3.8878e+00 +3.5627e+00
6104 0 +3.089083011e+03 +3.022403011e+03 +3.022403011e+03 -8.7745e-01 -2.3210e+00 +5.5589e-01 +5.9431e-01 +9.2793e-01 +5.6395e-01 -6.1676e-01 +4.4162e-01 +3.9156e+00 +3.5798e+00
6511 0 +2.227444912e+03 +2.160764912e+03 +2.160764912e+03 -7.6059e-01 -2.3639e+00 +6.6238e-01 +7.3978e-01 +1.0732e+00 +5.1674e-01 -5.8287e-01 +4.1019e-01 +3.8875e+00 +3.5387e+00
% f evaluations | g evaluations | best noise-free fitness - Fopt (-3.294600000000e+02) + sum g_i+ | measured fitness | best measured fitness or single-digit g-values | x1 | x2...
1 0 +1.923144143e+07 +1.923111197e+07 +1.923111197e+07 -4.2545e+00 -1.6503e+00 +4.4983e+00 +5.8033e-01 -9.8610e-01 -4.4742e+00 -2.2968e+00 -1.8696e-01 +1.6693e+00 +5.7336e-01
3 0 +3.624788210e+06 +3.624458750e+06 +3.624458750e+06 +4.4490e+00 +1.3982e+00 -9.6324e-01 +4.8639e+00 +3.1016e-01 +3.6043e+00 -1.1824e+00 -4.3543e+00 -1.4435e+00 -1.8284e+00
5 0 +3.003054620e+06 +3.002725160e+06 +3.002725160e+06 +3.9796e+00 +2.0053e+00 -1.3864e+00 +2.0064e-01 +3.7672e+00 -4.6491e+00 -8.4841e-01 -3.7477e+00 -2.2261e+00 -1.9962e+00
6 0 +2.242113635e+06 +2.241784175e+06 +2.241784175e+06 -8.2914e-01 +4.9029e+00 +1.6209e+00 +2.6857e+00 -4.7715e+00 +5.1690e-01 +3.4762e+00 +4.1983e+00 -4.9362e+00 -2.8397e+00
9 0 +1.239119874e+06 +1.238790414e+06 +1.238790414e+06 -3.7608e+00 -3.3000e+00 -5.8005e-01 +2.1283e+00 +4.4733e-01 +1.5006e+00 -1.0554e+00 +4.1184e+00 -3.5353e+00 -2.5698e+00
16 0 +7.387078064e+05 +7.383783464e+05 +7.383783464e+05 +1.7289e+00 -3.4088e+00 +4.5463e-01 -1.9379e+00 -4.6742e+00 -4.4098e+00 -4.6642e+00 -2.9120e+00 -2.8867e+00 -3.2848e+00
67 0 +6.096917307e+05 +6.093622707e+05 +6.093622707e+05 -2.7180e+00 +2.2509e+00 +6.9358e-01 -4.7805e+00 -1.3004e+00 +3.9995e+00 -8.4033e-01 +1.9553e+00 -2.7058e+00 -4.0840e+00
90 0 +2.272393976e+05 +2.269099376e+05 +2.269099376e+05 -3.9187e-01 +1.9176e-01 +1.1334e+00 -3.6724e+00 -4.5141e-01 -4.6800e+00 +8.5261e-01 +9.4333e-02 -2.4667e+00 -3.6414e+00
601 0 +1.942956823e+05 +1.939662223e+05 +1.939662223e+05 -1.2374e+00 +9.5448e-01 -9.3481e-02 -2.3564e-01 -8.2797e-01 -2.2285e+00 +7.6881e-02 +1.0057e+00 -2.6553e+00 -2.9729e+00
702 0 +9.545150120e+04 +9.512204120e+04 +9.512204120e+04 -5.3936e-01 +2.3170e-01 -4.0521e-01 -2.0644e-01 +4.9078e-01 -5.5701e-01 +7.8772e-01 +4.5312e-01 -2.4716e+00 -3.3931e+00
1001 0 +3.467568918e+04 +3.434622918e+04 +3.434622918e+04 -1.4647e+00 +7.9303e-01 -5.9668e-01 +9.6195e-01 -1.5180e+00 -1.5058e+00 -6.2168e-01 +3.3866e-01 -2.7083e+00 -3.3184e+00
1009 0 +1.812524845e+04 +1.779578845e+04 +1.779578845e+04 -1.4809e+00 +5.4463e-01 -8.6923e-01 +5.4333e-01 -1.5770e+00 -9.3653e-01 -1.3643e+00 +6.9432e-01 -2.3935e+00 -3.2762e+00
1101 0 +1.385712183e+04 +1.352766183e+04 +1.352766183e+04 -1.4678e+00 +5.6658e-01 -8.5596e-01 +5.9345e-01 -1.6988e+00 -9.3696e-01 -1.7136e+00 +8.2193e-01 -2.4907e+00 -3.2561e+00
1401 0 +4.102970234e+03 +3.773510234e+03 +3.773510234e+03 -1.5615e+00 +6.2909e-01 -9.0951e-01 +6.4859e-01 -1.8659e+00 -8.5728e-01 -1.9917e+00 +9.0958e-01 -2.5709e+00 -3.3051e+00
2102 0 +3.598852634e+03 +3.269392634e+03 +3.269392634e+03 -1.4152e+00 +5.3079e-01 -8.2294e-01 +7.1567e-01 -1.6486e+00 -6.6995e-01 -1.7285e+00 +8.7553e-01 -2.5109e+00 -3.3587e+00
2905 0 +3.205904512e+03 +2.876444512e+03 +2.876444512e+03 -6.7938e-01 +7.4282e-01 -8.9931e-01 +1.5679e+00 -1.4806e+00 -9.8206e-01 -1.8308e+00 +5.6344e-01 -2.5620e+00 -3.3337e+00
4008 0 +1.188923109e+03 +8.594631086e+02 +8.594631086e+02 -1.2672e+00 -1.4348e-01 -1.6240e-01 +2.5761e+00 -1.2538e+00 -8.0748e-01 -2.0890e+00 +7.6245e-01 -2.5400e+00 -3.3307e+00
% f evaluations | g evaluations | best noise-free fitness - Fopt (1.737000000000e+01) + sum g_i+ | measured fitness | best measured fitness or single-digit g-values | x1 | x2...
1 0 +1.313446544e+07 +1.313448281e+07 +1.313448281e+07 +1.2175e+00 +1.7016e-01 +2.3087e+00 -1.4390e+00 -4.6054e+00 -2.4551e+00 -2.4108e+00 -1.8095e+00 -2.4326e+00 +1.3775e+00
3 0 +8.951787492e+06 +8.951804862e+06 +8.951804862e+06 +1.6757e+00 -9.6065e-01 -4.2554e+00 -2.8614e+00 -3.6150e+00 -6.0412e-01 +9.3473e-02 -3.0190e+00 -1.7151e+00 +2.4432e+00
4 0 +8.828192471e+05 +8.828366171e+05 +8.828366171e+05 +8.3670e-01 +4.9140e+00 -4.5501e+00 +4.0611e+00 +4.1925e+00 -4.0251e+00 +1.9472e+00 +4.3909e+00 +3.7172e+00 +4.3429e+00
43 0 +4.242205667e+05 +4.242379367e+05 +4.242379367e+05 -2.5751e+00 +4.3103e+00 -2.0553e+00 +5.2539e-01 -2.3524e+00 -8.1647e-01 +3.3495e+00 +1.4342e+00 +3.8045e+00 +4.1111e+00
401 0 +3.248472700e+05 +3.248646400e+05 +3.248646400e+05 -1.8204e+00 +2.7196e+00 -1.8430e+00 -3.3427e-01 -9.9409e-01 -1.0629e-01 +2.0226e+00 +1.7745e+00 +3.7590e+00 +3.5007e+00
604 0 +2.953217910e+05 +2.953391610e+05 +2.953391610e+05 -2.2628e+00 +1.8224e+00 -2.0734e+00 -3.1241e-01 -3.5206e-01 -1.1604e+00 +2.5346e+00 +2.0745e+00 +3.2426e+00 +3.7211e+00
902 0 +1.836820584e+05 +1.836994284e+05 +1.836994284e+05 -8.1407e-02 +1.8477e+00 -7.6811e-01 +4.9039e-01 -3.9758e-01 -1.2984e+00 +1.4578e+00 +9.1412e-01 +3.2337e+00 +3.7715e+00
1001 0 +1.612440173e+05 +1.612613873e+05 +1.612613873e+05 -1.4555e-01 +1.7978e+00 -7.2639e-01 +5.0917e-01 -4.1522e-01 -1.3574e+00 +1.4294e+00 +8.8039e-01 +3.3851e+00 +3.7952e+00
2204 0 +1.573238523e+05 +1.573412223e+05 +1.573412223e+05 -1.1801e-01 +4.3836e+00 -3.6253e-01 +9.5421e-01 -2.3176e+00 -1.5918e+00 +1.1451e+00 +1.3644e+00 +3.5919e+00 +4.0131e+00
2348 0 +1.503948672e+05 +1.504122372e+05 +1.504122372e+05 -8.8922e-01 +8.3840e-01 -8.8630e-01 +2.8858e-01 +2.9786e-01 -2.2694e+00 +1.2026e+00 +1.4218e+00 +3.2359e+00 +3.8794e+00
2401 0 +1.461808622e+05 +1.461982322e+05 +1.461982322e+05 -2.1236e-01 +5.3366e-01 -3.5731e-01 +4.8004e-01 +8.5692e-01 -2.6327e+00 +1.4839e+00 +1.4575e+00 +3.6038e+00 +3.8919e+00
2404 0 +1.374549945e+05 +1.374723645e+05 +1.374723645e+05 -4.7751e-01 +7.6070e-01 -6.6787e-01 +3.5827e-01 +5.5012e-01 -2.5330e+00 +1.2013e+00 +1.3165e+00 +3.2975e+00 +3.8150e+00
2825 0 +1.277195552e+05 +1.277369252e+05 +1.277369252e+05 +4.1067e-01 +1.0270e+00 -2.3368e-01 +7.0868e-01 +7.3721e-01 -3.0228e+00 +8.7296e-01 +1.2784e+00 +3.4188e+00 +3.9800e+00
2902 0 +1.257521720e+05 +1.257695420e+05 +1.257695420e+05 -5.2800e-01 +8.2668e-01 -6.0763e-01 +4.9786e-01 +4.5668e-01 -2.3543e+00 +1.2585e+00 +1.4581e+00 +3.4828e+00 +3.8183e+00
3106 0 +1.223599087e+05 +1.223772787e+05 +1.223772787e+05 +3.2589e-01 +1.1548e+00 -9.1691e-02 +6.8496e-01 +8.3623e-01 -2.6618e+00 +1.0462e+00 +1.2339e+00 +3.4449e+00 +3.9178e+00
3401 0 +1.199718018e+05 +1.199891718e+05 +1.199891718e+05 +1.1248e-02 +1.0612e+00 -3.4617e-01 +7.6447e-01 +7.3056e-01 -2.4868e+00 +9.9676e-01 +1.3692e+00 +3.3545e+00 +3.7560e+00
3701 0 +1.171802429e+05 +1.171976129e+05 +1.171976129e+05 +8.1046e-02 +1.1419e+00 -5.5405e-01 +5.1337e-01 +4.9758e-01 -2.4438e+00 +1.1265e+00 +1.3438e+00 +3.4607e+00 +3.8181e+00
3801 0 +1.100221400e+05 +1.100395100e+05 +1.100395100e+05 +1.0909e-01 +1.1721e+00 -5.8060e-01 +5.6971e-01 +2.8024e-01 -2.4803e+00 +1.0192e+00 +1.3484e+00 +3.4639e+00 +3.8173e+00
3802 0 +1.048053238e+05 +1.048226938e+05 +1.048226938e+05 -4.9641e-02 +9.2872e-01 -5.4685e-01 +5.7590e-01 +7.1197e-01 -2.2886e+00 +6.1360e-01 +1.4462e+00 +3.2918e+00 +3.8101e+00
4318 0 +1.010693184e+05 +1.010866884e+05 +1.010866884e+05 +6.9543e-01 +6.7979e-01 -4.0129e-01 +3.8138e-01 +6.4847e-01 -2.4496e+00 +7.0569e-01 +1.2734e+00 +3.3894e+00 +3.7829e+00
4402 0 +9.390773542e+04 +9.392510542e+04 +9.392510542e+04 +1.4429e-01 +8.9377e-01 -2.6936e-01 +5.1131e-01 +8.1775e-01 -2.8058e+00 +6.0341e-01 +1.2341e+00 +3.6139e+00 +3.9099e+00
4603 0 +9.262972026e+04 +9.264709026e+04 +9.264709026e+04 +2.1145e-01 +8.7378e-01 -3.2218e-01 +7.1086e-01 +8.7076e-01 -2.8301e+00 +5.1587e-01 +1.2163e+00 +3.6172e+00 +3.9151e+00
5508 0 +8.830055646e+04 +8.831792646e+04 +8.831792646e+04 -2.3414e-01 -2.9145e-01 -1.4262e+00 +8.3007e-01 +9.1693e-01 -2.8361e+00 +1.8637e-01 +8.5232e-01 +3.4646e+00 +3.7936e+00
5710 0 +8.566978211e+04 +8.568715211e+04 +8.568715211e+04 -2.4231e-01 -5.5234e-01 -1.5832e+00 +8.9781e-01 +9.5227e-01 -2.8615e+00 +6.5136e-02 +6.7957e-01 +3.5235e+00 +3.8281e+00
5801 0 +8.089502522e+04 +8.091239522e+04 +8.091239522e+04 -2.6879e-01 -1.3200e+00 -2.1349e+00 +1.0740e+00 +1.2425e+00 -3.0078e+00 -4.3870e-01 +4.5109e-01 +3.7451e+00 +3.8763e+00
6206 0 +6.804681775e+04 +6.806418775e+04 +6.806418775e+04 +8.9504e-02 +3.5565e-01 -2.9015e-01 +7.1128e-01 +2.6235e-01 -2.7308e+00 +7.4933e-02 +1.5352e+00 +3.5500e+00 +3.8413e+00
6401 0 +6.260464742e+04 +6.262201742e+04 +6.262201742e+04 +4.8860e-02 +2.9367e-01 -2.9646e-01 +7.1893e-01 +3.2991e-01 -2.7967e+00 -1.2212e-02 +1.4953e+00 +3.5517e+00 +3.8267e+00
6901 0 +6.147346993e+04 +6.149083993e+04 +6.149083993e+04 +3.6451e-02 -4.4875e-01 +9.4435e-01 +4.8857e-01 +2.3185e-02 -2.6158e+00 -2.0317e-01 +1.5995e+00 +3.4047e+00 +3.7763e+00
7001 0 +5.233940523e+04 +5.235677523e+04 +5.235677523e+04 +3.7035e-02 -6.2703e-01 +1.1150e+00 +5.6021e-01 -5.7417e-02 -2.7645e+00 -2.7865e-01 +1.6186e+00 +3.4428e+00 +3.8014e+00
7102 0 +4.781465743e+04 +4.783202743e+04 +4.783202743e+04 +6.2527e-01 +1.0634e+00 -3.6907e-01 +5.7937e-01 +1.2415e-01 -4.8450e+00 -1.5944e+00 +1.4124e+00 +3.4698e+00 +3.9788e+00
7903 0 +4.610261403e+04 +4.611998403e+04 +4.611998403e+04 +2.7452e-01 -4.2089e-02 +5.8311e-01 +4.5806e-01 -1.0450e+00 -3.2215e+00 -5.0811e-01 +1.7380e+00 +3.5752e+00 +3.7546e+00
8001 0 +4.411386898e+04 +4.413123898e+04 +4.413123898e+04 +2.4168e-01 -6.2723e-02 +6.2472e-01 +5.0726e-01 -1.2569e+00 -3.0306e+00 -5.8744e-01 +1.7030e+00 +3.4700e+00 +3.7581e+00
8205 0 +3.602967396e+04 +3.604704396e+04 +3.604704396e+04 +3.5989e-01 +1.6040e-01 +1.0235e+00 -2.2811e+00 +4.5294e-01 -2.9772e+00 -8.2336e-01 +1.8101e+00 +3.5347e+00 +3.7906e+00
8604 0 +2.736111189e+04 +2.737848189e+04 +2.737848189e+04 +2.3477e-01 -4.6089e-02 +6.1566e-01 -5.7478e-01 +8.0012e-02 -2.6557e+00 -1.1981e+00 +1.5710e+00 +3.4850e+00 +3.7439e+00
9107 0 +2.579206353e+04 +2.580943353e+04 +2.580943353e+04 -1.3177e-02 -3.1946e-01 +7.6576e-01 +1.2378e+00 -1.4259e+00 -2.9440e+00 -1.1590e+00 +1.4176e+00 +3.6920e+00 +3.8389e+00
9602 0 +2.203073259e+04 +2.204810259e+04 +2.204810259e+04 -3.9142e-02 -6.8043e-01 +1.0695e+00 +3.2469e-01 -2.1390e+00 -2.3465e+00 -1.4544e+00 +1.1941e+00 +3.6364e+00 +3.9017e+00
9606 0 +1.902927669e+04 +1.904664669e+04 +1.904664669e+04 -6.5508e-01 -8.5991e-01 +5.0064e-01 +3.6911e+00 -2.0002e+00 -3.2275e+00 -1.4878e+00 +1.2545e+00 +3.5286e+00 +3.8642e+00
% f evaluations | g evaluations | best noise-free fitness - Fopt (7.383000000000e+01) + sum g_i+ | measured fitness | best measured fitness or single-digit g-values | x1 | x2...
1 0 +4.601105817e+06 +4.601179647e+06 +4.601179647e+06 -2.5216e+00 -2.9923e+00 -2.5792e-01 -3.5857e+00 -1.7790e+00 +2.4592e+00 -1.2879e+00 +3.7661e+00 -3.3232e+00 -8.9422e-01
6 0 +4.265637141e+06 +4.265710971e+06 +4.265710971e+06 +2.7151e+00 +8.9172e-01 -3.2846e+00 +3.8477e+00 -3.7223e-01 +1.4881e+00 +1.4479e-01 +1.2280e+00 -1.5476e+00 +2.8431e+00
8 0 +1.604340876e+06 +1.604414706e+06 +1.604414706e+06 +1.8043e-02 -1.4335e+00 +6.1997e-01 +3.4417e+00 +1.0940e+00 +3.4951e+00 +1.3832e+00 +2.5004e+00 -1.0274e-01 +1.1145e-01
28 0 +1.010499180e+06 +1.010573010e+06 +1.010573010e+06 -2.5509e+00 -4.6180e+00 -2.1357e+00 +2.2108e+00 -4.2475e+00 +4.0218e+00 -1.0580e+00 +4.1477e+00 -2.2248e+00 +8.0340e-01
30 0 +6.564687809e+05 +6.565426109e+05 +6.565426109e+05 -2.0008e+00 -4.5562e+00 +2.5013e+00 +3.3848e+00 +4.4963e+00 +2.2623e+00 +2.9945e-01 -3.8135e+00 -2.2222e+00 +8.9791e-01
127 0 +5.907751612e+05 +5.908489912e+05 +5.908489912e+05 -1.7540e+00 -7.1665e-01 +1.6198e+00 +1.7977e+00 +1.9420e+00 +2.2448e-01 +2.1157e-01 +6.5797e-01 -4.7039e-01 +6.1771e-01
133 0 +5.645142002e+05 +5.645880302e+05 +5.645880302e+05 -2.0823e+00 -8.5078e-01 +1.9012e+00 +2.1851e+00 +2.1411e+00 +2.5967e-01 +2.5117e-01 +4.5598e-01 -3.6232e-01 +7.3331e-01
153 0 +5.606974272e+05 +5.607712572e+05 +5.607712572e+05 -1.7192e+00 -6.5431e-01 +1.5319e+00 +1.6086e+00 +1.6273e+00 +2.0495e-01 +1.7041e-01 +2.6723e-01 -4.0399e-01 +6.6894e-01
308 0 +5.403071892e+05 +5.403810192e+05 +5.403810192e+05 -2.4631e+00 -9.8869e-01 +2.0951e+00 +2.9455e+00 +2.5371e+00 +3.0969e-01 +9.9054e-02 +5.5578e-01 -4.2098e-01 +7.6029e-01
360 0 +5.267300857e+05 +5.268039157e+05 +5.268039157e+05 -1.9232e+00 -8.4594e-01 +1.6550e+00 +2.1688e+00 +2.0134e+00 +1.1436e-01 +1.0643e-01 +4.9486e-01 -4.4396e-01 +8.0122e-01
402 0 +5.176648793e+05 +5.177387093e+05 +5.177387093e+05 -1.5571e+00 -6.3876e-01 +1.0641e+00 +1.8502e+00 +2.0811e+00 +1.8901e-01 -1.4245e-01 +6.4190e-01 -5.2812e-01 +7.4916e-01
405 0 +5.122242496e+05 +5.122980796e+05 +5.122980796e+05 -1.8045e+00 -6.8594e-01 +1.6785e+00 +2.0860e+00 +2.0922e+00 +1.8729e-01 +1.0629e-01 +5.0509e-01 -6.7057e-01 +6.8712e-01
520 0 +4.728354330e+05 +4.729092630e+05 +4.729092630e+05 -2.5216e+00 -8.7932e-01 +2.3087e+00 +3.1906e+00 +3.4386e+00 +4.5963e-01 -2.4300e-02 +5.3643e-01 -7.1267e-01 +7.9140e-01
601 0 +3.618399277e+05 +3.619137577e+05 +3.619137577e+05 -3.5541e+00 -1.1908e+00 +3.2138e+00 +4.6159e+00 +5.0000e+00 +6.0598e-01 -1.6254e-01 +9.3074e-01 -9.5674e-01 +6.9446e-01
701 0 +2.967441254e+05 +2.968179554e+05 +2.968179554e+05 -4.1597e+00 -1.4362e+00 +4.0136e+00 +4.9021e+00 +5.0000e+00 +6.2442e-01 -2.4387e-01 +1.1546e+00 -1.1785e+00 +6.0311e-01
904 0 +2.929596194e+05 +2.930334494e+05 +2.930334494e+05 -2.6521e+00 -9.1507e-01 +2.5223e+00 +3.0959e+00 +3.2308e+00 +3.2525e-01 -3.3721e-01 +8.4444e-01 -9.9373e-01 +8.5672e-01
1001 0 +2.443832687e+05 +2.444570987e+05 +2.444570987e+05 -2.8794e+00 -1.0853e+00 +2.7639e+00 +3.4422e+00 +3.5967e+00 +4.5116e-01 -3.6827e-01 +7.9974e-01 -1.1321e+00 +9.8334e-01
1104 0 +1.894114564e+05 +1.894852864e+05 +1.894852864e+05 -2.9500e+00 -1.4443e+00 +2.7129e+00 +3.5337e+00 +4.0640e+00 +5.5848e-01 -1.5241e-01 +1.9374e-01 -1.0821e+00 +8.2474e-01
1201 0 +1.411843028e+05 +1.412581328e+05 +1.412581328e+05 -3.2156e+00 -1.8867e+00 +3.2134e+00 +4.0105e+00 +4.9075e+00 +8.5428e-01 -1.5761e-01 -2.2349e-01 -1.3337e+00 +8.6266e-01
1301 0 +6.521896827e+04 +6.529279827e+04 +6.529279827e+04 -3.7644e+00 -2.3714e+00 +3.5014e+00 +4.6284e+00 +5.0000e+00 +1.1853e+00 -2.3513e-01 -6.4130e-01 -1.6837e+00 +8.7382e-01
1701 0 +4.217455733e+04 +4.224838733e+04 +4.224838733e+04 -2.7596e+00 -3.1657e+00 +4.4954e+00 +4.9274e+00 +4.4207e+00 +1.6683e+00 -6.3340e-01 -1.5364e-01 -2.0454e+00 +9.0200e-01
1904 0 +4.101001713e+04 +4.108384713e+04 +4.108384713e+04 -2.6914e+00 -2.2073e+00 +3.8569e+00 +4.1840e+00 +4.0098e+00 +1.1879e+00 -4.0327e-01 -1.6988e-01 -1.7790e+00 +8.1932e-01
2002 0 +4.035639920e+04 +4.043022920e+04 +4.043022920e+04 -2.9254e+00 -3.4790e+00 +4.9553e+00 +4.9515e+00 +4.6841e+00 +1.7241e+00 -6.9108e-01 -1.4863e-01 -2.0079e+00 +8.7737e-01
2201 0 +3.962608578e+04 +3.969991578e+04 +3.969991578e+04 -2.4568e+00 -2.0604e+00 +3.8424e+00 +3.8716e+00 +3.6397e+00 +9.4534e-01 -3.6154e-01 -7.5152e-02 -1.8008e+00 +8.1960e-01
2203 0 +3.466615812e+04 +3.473998812e+04 +3.473998812e+04 -2.7794e+00 -2.4237e+00 +4.0872e+00 +4.2686e+00 +4.1013e+00 +1.2903e+00 -5.3612e-01 -3.0564e-01 -1.8749e+00 +7.9242e-01
2602 0 +3.178853407e+04 +3.186236407e+04 +3.186236407e+04 -2.5330e+00 -2.5537e+00 +3.6996e+00 +4.1103e+00 +3.8264e+00 +1.1625e+00 -5.0310e-01 -3.3066e-01 -1.9725e+00 +8.0036e-01
2603 0 +2.435080040e+04 +2.442463040e+04 +2.442463040e+04 -2.5895e+00 -1.6408e+00 +3.4582e+00 +3.0376e+00 +3.6791e+00 +2.0403e-01 -1.3144e+00 -2.1759e-01 -1.7794e+00 +7.3644e-01
3001 0 +1.851745943e+04 +1.859128943e+04 +1.859128943e+04 -3.4283e+00 -2.3270e+00 +3.3314e+00 +3.5178e+00 +4.5428e+00 +7.3509e-01 -1.1836e+00 -3.5463e-01 -1.8369e+00 +8.4869e-01
3110 0 +1.688929397e+04 +1.696312397e+04 +1.696312397e+04 -2.1860e+00 -1.4991e+00 +3.4497e+00 +3.3058e+00 +3.3439e+00 +3.7993e-01 -1.1338e+00 -4.7533e-01 -1.8305e+00 +8.2177e-01
3201 0 +1.326561144e+04 +1.333944144e+04 +1.333944144e+04 -2.1920e+00 -1.3357e+00 +3.5128e+00 +3.2718e+00 +3.2015e+00 +1.7370e-01 -1.3701e+00 -5.2368e-01 -1.9073e+00 +7.9553e-01
3205 0 +1.278092420e+04 +1.285475420e+04 +1.285475420e+04 -3.2280e+00 -1.5332e+00 +2.8095e+00 +2.7427e+00 +3.7395e+00 +4.0779e-01 -1.1992e+00 -1.9247e-01 -1.8755e+00 +8.2208e-01
4001 0 +1.241278543e+04 +1.248661543e+04 +1.248661543e+04 -1.0076e+00 -1.4349e+00 +3.5273e+00 +3.9291e+00 +2.3784e+00 +2.5839e-02 -1.7827e+00 -6.7505e-01 -1.9510e+00 +8.1546e-01
4009 0 +1.073902738e+04 +1.081285738e+04 +1.081285738e+04 -1.4349e+00 -1.7456e+00 +3.0663e+00 +3.1796e+00 +2.5754e+00 +2.3775e-01 -1.2043e+00 -3.2117e-01 -1.9601e+00 +8.0769e-01
4402 0 +1.012000475e+04 +1.019383475e+04 +1.019383475e+04 -1.0365e+00 -1.4363e+00 +3.0553e+00 +3.1417e+00 +2.7152e+00 +1.3354e-01 -1.3768e+00 -4.2695e-01 -1.9719e+00 +8.4283e-01
5204 0 +8.724859630e+03 +8.798689630e+03 +8.798689630e+03 -1.5169e+00 -1.1963e+00 +2.9105e+00 +3.0122e+00 +2.7383e+00 +2.4595e-01 -1.4733e+00 -3.1998e-01 -1.9058e+00 +8.1760e-01
5510 0 +8.235046674e+03 +8.308876674e+03 +8.308876674e+03 -1.7152e+00 -1.2397e+00 +3.0512e+00 +3.3031e+00 +3.1199e+00 +5.9379e-01 -1.7666e+00 -2.7683e-01 -1.9943e+00 +7.9212e-01
6903 0 +7.728160836e+03 +7.801990836e+03 +7.801990836e+03 -8.6618e-01 -1.5530e+00 +2.5228e+00 +2.9499e+00 +2.0427e+00 +1.3189e-01 -1.5577e+00 -4.3786e-01 -2.0219e+00 +8.2841e-01
7613 0 +6.211467177e+03 +6.285297177e+03 +6.285297177e+03 -9.4264e-01 -1.4237e+00 +2.5650e+00 +3.1157e+00 +1.9525e+00 -2.3481e-01 -1.9148e+00 -2.4206e-01 -1.9561e+00 +8.5968e-01
8501 0 +5.405039349e+03 +5.478869349e+03 +5.478869349e+03 -1.0168e+00 -1.3139e+00 +2.3085e+00 +2.6941e+00 +1.8497e+00 -3.6516e-01 -1.9034e+00 -2.8513e-01 -1.9452e+00 +7.9657e-01
8603 0 +4.102967554e+03 +4.176797554e+03 +4.176797554e+03 -7.3372e-01 -1.2627e+00 +2.2235e+00 +2.4501e+00 +1.9779e+00 -1.3726e-01 -1.8431e+00 -3.1233e-01 -1.9796e+00 +8.3373e-01
% f evaluations | g evaluations | best noise-free fitness - Fopt (4.488700000000e+02) + sum g_i+ | measured fitness | best measured fitness or single-digit g-values | x1 | x2...
1 0 +2.734794780e+06 +2.735243650e+06 +2.735243650e+06 -8.4676e-01 -1.6850e+00 +4.3562e+00 -9.3035e-01 +4.1776e-01 +2.1457e+00 -1.8971e-01 -4.5427e+00 +6.7602e-01 +2.8094e+00
6 0 +1.545157069e+06 +1.545605939e+06 +1.545605939e+06 -2.8856e+00 +3.5808e+00 -4.2666e+00 +2.5251e+00 +4.4664e-01 -4.2180e+00 -4.6754e+00 -3.5812e+00 +2.7285e+00 +1.9738e+00
23 0 +6.376304055e+05 +6.380792755e+05 +6.380792755e+05 -6.4991e-01 +8.7250e-01 -1.8724e-01 -3.0867e+00 +3.1200e+00 +7.7043e-01 +1.8963e+00 +7.5959e-01 +3.4217e+00 +2.9711e+00
74 0 +6.080258521e+05 +6.084747221e+05 +6.084747221e+05 -2.0843e+00 +4.9113e+00 -4.9112e+00 -4.4171e+00 +1.7225e+00 -2.4801e+00 +8.3473e-01 +7.3116e-01 +3.7307e+00 +2.9879e+00
101 0 +4.180509749e+05 +4.184998449e+05 +4.184998449e+05 -1.3821e+00 +4.9622e+00 -4.8114e+00 -4.9651e+00 +3.1780e+00 -4.1885e+00 +1.9395e+00 +3.5704e-01 +3.8892e+00 +2.3580e+00
502 0 +4.106132032e+05 +4.110620732e+05 +4.110620732e+05 -1.3953e+00 +3.3808e+00 -3.3229e+00 -3.7366e+00 +2.5139e+00 -2.8947e+00 +1.5367e+00 -8.4851e-02 +3.1657e+00 +2.3409e+00
503 0 +3.813722026e+05 +3.818210726e+05 +3.818210726e+05 -9.8196e-01 +4.3884e+00 -3.9255e+00 -4.6455e+00 +2.5059e+00 -3.7883e+00 +1.4452e+00 +2.6255e-01 +3.6775e+00 +2.4661e+00
601 0 +3.392627418e+05 +3.397116118e+05 +3.397116118e+05 -1.0390e+00 +4.4288e+00 -3.9995e+00 -4.6272e+00 +2.5345e+00 -3.8223e+00 +1.4399e+00 +1.1703e-01 +3.8570e+00 +2.4332e+00
702 0 +2.247586222e+05 +2.252074922e+05 +2.252074922e+05 -1.8745e+00 +4.1347e+00 -4.2351e+00 -4.6460e+00 +3.1696e+00 -3.5515e+00 +1.5786e+00 -1.5158e-01 +3.7755e+00 +2.6836e+00
1019 0 +2.017756902e+05 +2.022245602e+05 +2.022245602e+05 -2.5464e+00 +5.0000e+00 -4.9526e+00 -5.0000e+00 +3.7981e+00 -4.0052e+00 +2.1925e+00 -2.9049e-01 +4.3079e+00 +2.5501e+00
1205 0 +1.887147590e+05 +1.891636290e+05 +1.891636290e+05 -3.0583e+00 +4.9110e+00 -4.7358e+00 -4.2769e+00 +3.6501e+00 -4.5590e+00 +2.1426e+00 -3.5630e-01 +3.8654e+00 +2.4500e+00
1301 0 +1.718087561e+05 +1.722576261e+05 +1.722576261e+05 -3.3699e+00 +5.0000e+00 -4.8499e+00 -4.5171e+00 +4.0536e+00 -5.0000e+00 +2.2547e+00 -4.2513e-01 +4.0198e+00 +2.4861e+00
1303 0 +1.624771399e+05 +1.629260099e+05 +1.629260099e+05 -1.8095e+00 +3.8697e+00 -3.5173e+00 -4.0979e+00 +2.8381e+00 -3.7720e+00 +1.6653e+00 -6.5006e-01 +3.8664e+00 +2.4959e+00
1401 0 +1.499826079e+05 +1.504314779e+05 +1.504314779e+05 -1.8074e+00 +3.8777e+00 -3.3938e+00 -4.0652e+00 +2.8184e+00 -3.7806e+00 +1.8052e+00 -5.4596e-01 +3.8781e+00 +2.6713e+00
1602 0 +1.291192768e+05 +1.295681468e+05 +1.295681468e+05 -1.9448e+00 +3.5213e+00 -2.6946e+00 -4.1035e+00 +3.5943e+00 -3.2403e+00 +1.2878e+00 -1.0571e+00 +4.0698e+00 +2.6847e+00
1702 0 +8.626769326e+04 +8.671656326e+04 +8.671656326e+04 -2.3696e+00 +4.6164e+00 -4.1289e+00 -4.8479e+00 +3.5745e+00 -4.6303e+00 +1.5867e+00 -1.5052e+00 +3.7717e+00 +2.6775e+00
1801 0 +8.104882155e+04 +8.149769155e+04 +8.149769155e+04 -2.4824e+00 +4.6101e+00 -4.0782e+00 -4.8935e+00 +3.6945e+00 -4.7454e+00 +1.6979e+00 -1.5504e+00 +3.7663e+00 +2.5365e+00
1901 0 +7.699814108e+04 +7.744701108e+04 +7.744701108e+04 -2.7303e+00 +4.8059e+00 -4.3600e+00 -4.9051e+00 +3.9532e+00 -5.0000e+00 +1.8027e+00 -1.7436e+00 +3.8406e+00 +2.7232e+00
2201 0 +6.077701688e+04 +6.122588688e+04 +6.122588688e+04 -2.5516e+00 +4.0919e+00 -5.0000e+00 -5.0000e+00 +3.5107e+00 -5.0000e+00 +2.0618e+00 -1.6405e+00 +3.9692e+00 +2.6756e+00
3303 0 +5.755530431e+04 +5.800417431e+04 +5.800417431e+04 -2.6974e+00 +4.1635e+00 -4.3032e+00 -4.4440e+00 +3.8306e+00 -4.2994e+00 +2.2923e+00 -1.5958e+00 +3.9832e+00 +2.5180e+00
3308 0 +4.788224635e+04 +4.833111635e+04 +4.833111635e+04 -2.6561e+00 +3.9179e+00 -4.2736e+00 -4.5599e+00 +3.6925e+00 -4.2793e+00 +2.2204e+00 -1.6741e+00 +3.9632e+00 +2.5972e+00
3602 0 +4.276486413e+04 +4.321373413e+04 +4.321373413e+04 -2.7883e+00 +4.3151e+00 -4.5084e+00 -4.5031e+00 +3.9491e+00 -4.4059e+00 +2.5269e+00 -1.9351e+00 +3.9589e+00 +2.5153e+00
3701 0 +3.977017683e+04 +4.021904683e+04 +4.021904683e+04 -2.9546e+00 +4.8464e+00 -4.9956e+00 -4.6713e+00 +4.5983e+00 -4.7798e+00 +2.9676e+00 -2.1834e+00 +4.1431e+00 +2.5423e+00
3711 0 +3.560558867e+04 +3.605445867e+04 +3.605445867e+04 -2.6607e+00 +4.6579e+00 -4.4775e+00 -4.9841e+00 +3.0917e+00 -4.3313e+00 +2.7473e+00 -1.6313e+00 +4.0669e+00 +2.6014e+00
4138 0 +3.447253385e+04 +3.492140385e+04 +3.492140385e+04 -2.9564e+00 +4.2060e+00 -4.2670e+00 -4.5527e+00 +3.4477e+00 -4.1549e+00 +2.6650e+00 -1.8351e+00 +3.8647e+00 +2.5289e+00
4141 0 +3.252086137e+04 +3.296973137e+04 +3.296973137e+04 -3.0033e+00 +4.2111e+00 -4.2599e+00 -4.5158e+00 +3.5412e+00 -4.2455e+00 +2.7851e+00 -1.6407e+00 +3.9259e+00 +2.5532e+00
4201 0 +1.874960011e+04 +1.919847011e+04 +1.919847011e+04 -3.2851e+00 +4.3099e+00 -4.3960e+00 -4.6276e+00 +3.5937e+00 -4.5535e+00 +2.9833e+00 -2.0241e+00 +3.9701e+00 +2.6419e+00
4807 0 +1.733457396e+04 +1.778344396e+04 +1.778344396e+04 -3.2357e+00 +4.4833e+00 -4.5648e+00 -4.5623e+00 +3.4572e+00 -4.1311e+00 +3.1568e+00 -1.9172e+00 +3.7984e+00 +2.5686e+00
4816 0 +1.211479413e+04 +1.256366413e+04 +1.256366413e+04 -3.5397e+00 +3.9578e+00 -4.3415e+00 -4.8484e+00 +3.0899e+00 -3.8562e+00 +3.2923e+00 -2.2036e+00 +3.8348e+00 +2.5785e+00
5001 0 +1.099853134e+04 +1.144740134e+04 +1.144740134e+04 -3.3397e+00 +4.7693e+00 -4.9305e+00 -4.6803e+00 +3.5905e+00 -4.4257e+00 +3.4171e+00 -1.9889e+00 +3.9266e+00 +2.5893e+00
5407 0 +6.756315825e+03 +7.205185825e+03 +7.205185825e+03 -3.7947e+00 +3.6786e+00 -4.3129e+00 -4.5923e+00 +2.5517e+00 -3.7197e+00 +3.7920e+00 -2.2760e+00 +3.8697e+00 +2.6275e+00
5501 0 +4.497217418e+03 +4.946087418e+03 +4.946087418e+03 -4.5390e+00 +3.3909e+00 -4.0119e+00 -4.1440e+00 +1.7482e+00 -4.0028e+00 +4.3115e+00 -2.1652e+00 +3.9160e+00 +2.6351e+00
5901 0 +3.471856988e+03 +3.920726988e+03 +3.920726988e+03 -3.7941e+00 +3.5494e+00 -4.0104e+00 -3.7985e+00 +2.1053e+00 -3.8274e+00 +4.0312e+00 -2.1176e+00 +3.8369e+00 +2.6226e+00
% f evaluations | g evaluations | best noise-free fitness - Fopt (-7.546600000000e+02) + sum g_i+ | measured fitness | best measured fitness or single-digit g-values | x1 | x2...
1 0 +4.124704831e+06 +4.123950171e+06 +4.123950171e+06 +3.6451e-01 +1.3462e+00 -2.3806e+00 -4.0604e+00 -2.7511e+00 -3.8592e+00 -4.0737e+00 -4.3622e-01 +1.5627e+00 -2.2088e+00
7 0 +5.711762444e+05 +5.704215844e+05 +5.704215844e+05 +1.6125e+00 -1.1737e+00 -4.1469e+00 -4.0953e+00 +4.8706e+00 -1.2460e+00 -1.9348e+00 +4.6477e+00 +4.7283e+00 -6.5651e-01
85 0 +1.295537238e+05 +1.287990638e+05 +1.287990638e+05 -4.7400e+00 -2.3950e+00 +1.2180e+00 +2.4932e+00 +1.7290e+00 -5.0455e-01 -3.8478e+00 +4.2951e+00 +3.1606e+00 -4.4229e-01
1001 0 +6.657360828e+04 +6.581894828e+04 +6.581894828e+04 -1.0484e+00 -7.2797e-01 +9.2796e-02 +2.1278e+00 +2.5271e+00 +5.2616e-01 -3.3705e+00 +3.3963e+00 +2.8849e+00 -6.0044e-01
1201 0 +5.852336589e+04 +5.776870589e+04 +5.776870589e+04 -1.1297e+00 -8.1469e-01 +1.5558e-01 +2.2010e+00 +2.6902e+00 +5.5489e-01 -3.5867e+00 +3.5941e+00 +3.0760e+00 -6.2152e-01
1701 0 +4.608639618e+04 +4.533173618e+04 +4.533173618e+04 -1.0355e+00 -3.3993e-01 -5.5046e-01 +1.7103e+00 +2.5416e+00 +1.2039e-01 -3.3966e+00 +3.4916e+00 +2.8774e+00 -6.9470e-01
1801 0 +3.488065016e+04 +3.412599016e+04 +3.412599016e+04 -9.9437e-01 -4.6671e-01 -6.8417e-01 +1.6511e+00 +2.5316e+00 -5.2010e-02 -3.3991e+00 +3.6300e+00 +2.9727e+00 -7.0893e-01
2110 0 +3.421924794e+04 +3.346458794e+04 +3.346458794e+04 -9.7624e-01 -4.6987e-01 -7.1217e-01 +1.6372e+00 +2.7902e+00 -9.2214e-02 -3.4537e+00 +3.7361e+00 +3.0348e+00 -7.2236e-01
2501 0 +1.592875822e+04 +1.517409822e+04 +1.517409822e+04 -1.6521e+00 +3.5965e-01 -5.3610e-01 +2.8260e+00 +3.1141e+00 -6.9921e-01 -2.9619e+00 +3.8799e+00 +2.9520e+00 -6.8336e-01
3202 0 +1.319305513e+04 +1.243839513e+04 +1.243839513e+04 -1.5516e+00 +1.6186e-02 -7.0852e-01 +2.3490e+00 +2.7403e+00 -1.4525e-01 -2.7548e+00 +3.7941e+00 +3.0690e+00 -6.9186e-01
3502 0 +6.302799904e+03 +5.548139904e+03 +5.548139904e+03 -1.1476e+00 +2.8903e-01 +1.1134e-01 +1.8493e+00 +2.0102e+00 -4.2994e-01 -2.1371e+00 +3.9022e+00 +2.9868e+00 -6.9349e-01
4504 0 +5.593422799e+03 +4.838762799e+03 +4.838762799e+03 -1.3974e+00 +6.8782e-01 -2.6989e-01 +2.7893e+00 +3.7150e+00 -1.4189e+00 -2.4087e+00 +3.7335e+00 +3.0296e+00 -6.8167e-01
5421 0 +5.102096441e+03 +4.347436441e+03 +4.347436441e+03 -1.4131e+00 +4.4329e-01 -6.6074e-01 +3.4162e+00 +3.2473e+00 -1.7117e+00 -2.5367e+00 +4.0004e+00 +3.0130e+00 -6.9490e-01
6919 0 +4.686860624e+03 +3.932200624e+03 +3.932200624e+03 -1.5215e+00 +7.4139e-01 -7.7960e-01 +2.7766e+00 +2.9577e+00 -1.5385e+00 -2.3826e+00 +3.6980e+00 +3.0243e+00 -6.8491e-01
7615 0 +2.755394335e+03 +2.000734335e+03 +2.000734335e+03 -9.5276e-01 +8.2928e-01 -1.1896e+00 +2.8791e+00 +3.0391e+00 -1.3836e+00 -2.1280e+00 +3.7785e+00 +3.0447e+00 -7.3961e-01
