% f evaluations | g evaluations | best noise-free fitness - Fopt (-2.098800000000e+02) + sum g_i+ | measured fitness | best measured fitness or single-digit g-values | x1 | x2...
1 0 +8.705629529e+06 +8.705419649e+06 +8.705419649e+06 -1.8386e+00 -2.6290e+00 +3.0823e+00 -2.0367e+00 -1.1373e+00
3 0 +1.296927333e+05 +1.294828533e+05 +1.294828533e+05 +2.5709e+00 +2.4810e+00 +4.2831e+00 +4.2546e-01 +1.8389e+00
5 0 +1.754360433e+04 +1.733372433e+04 +1.733372433e+04 -1.9298e+00 +4.1836e-01 +4.4886e-01 +2.3951e+00 +1.8743e+00
603 0 +1.585504594e+04 +1.564516594e+04 +1.564516594e+04 -3.1797e-01 +4.6740e+00 +5.0000e+00 +2.3999e+00 +1.6714e+00
901 0 +6.102314875e+03 +5.892434875e+03 +5.892434875e+03 +1.1716e+00 +2.2041e+00 +2.3446e+00 +2.1341e+00 +1.7398e+00
1101 0 +2.604312916e+03 +2.394432916e+03 +2.394432916e+03 +1.2783e+00 +2.5517e+00 +2.8294e+00 +2.4669e+00 +1.8282e+00
2503 0 +1.302273123e+03 +1.092393123e+03 +1.092393123e+03 -2.2606e+00 +4.4016e+00 +4.1241e+00 +2.4954e+00 +1.7858e+00
2507 0 +8.112874326e+02 +6.014074326e+02 +6.014074326e+02 -1.0931e+00 +3.4895e+00 +3.7525e+00 +2.2806e+00 +1.7976e+00
2618 0 +6.711391793e+02 +4.612591793e+02 +4.612591793e+02 -3.9322e-01 +3.2379e+00 +3.6055e+00 +2.4508e+00 +1.7687e+00
3103 0 +6.002649708e+02 +3.903849708e+02 +3.903849708e+02 -2.0146e+00 +3.4345e+00 +3.8171e+00 +2.4045e+00 +1.7706e+00
4501 0 +3.859428033e+02 +1.760628033e+02 +1.760628033e+02 +1.1345e+00 +8.8924e-01 +3.3898e+00 +2.3290e+00 +1.8019e+00
5003 0 +3.095446343e+02 +9.966463428e+01 +9.966463428e+01 +1.5521e-01 +2.1907e+00 +3.2828e+00 +2.3098e+00 +1.7858e+00
% f evaluations | g evaluations | best noise-free fitness - Fopt (-9.209000000000e+01) + sum g_i+ | measured fitness | best measured fitness or single-digit g-values | x1 | x2...
1 0 +5.465923678e+06 +5.465831588e+06 +5.465831588e+06 +1.1316e+00 +5.8223e-01 +3.6338e+00 +2.3587e+00 -2.3752e+00
2 0 +2.705059578e+05 +2.704138678e+05 +2.704138678e+05 -1.4104e+00 -3.2536e+00 -1.4785e+00 -4.3343e+00 -4.0114e-01
10 0 +1.476164942e+05 +1.475244042e+05 +1.475244042e+05 +4.0296e-01 +3.4864e+00 +4.4675e+00 -4.3380e-01 +1.3484e-01
104 0 +8.632476699e+04 +8.623267699e+04 +8.623267699e+04 +4.0770e+00 -4.9062e+00 +1.2791e+00 -7.7442e-02 -1.0297e-01
204 0 +8.177185554e+04 +8.167976554e+04 +8.167976554e+04 +6.6691e-02 -9.8157e-02 -3.1052e-02 -3.3621e-01 +1.3255e-02
208 0 +6.817302714e+04 +6.808093714e+04 +6.808093714e+04 -9.9408e-02 -2.1152e-01 -2.5747e-01 -3.6478e-01 -1.7859e-01
301 0 +6.428054569e+04 +6.418845569e+04 +6.418845569e+04 -4.6595e-01 -2.2495e-02 -4.8706e-01 -5.6458e-01 -4.7084e-02
701 0 +4.399093563e+04 +4.389884563e+04 +4.389884563e+04 +5.2975e-01 +8.7077e-03 -3.2752e-02 -7.5455e-01 -1.7564e-01
801 0 +2.038616292e+04 +2.029407292e+04 +2.029407292e+04 +6.2057e-01 +3.2157e-02 -9.6191e-02 -1.0917e+00 -1.9042e-01
901 0 +1.606572822e+04 +1.597363822e+04 +1.597363822e+04 +9.3152e-01 -5.2054e-03 -1.2921e-01 -1.6492e+00 -2.3824e-01
1101 0 +3.609416639e+03 +3.517326639e+03 +3.517326639e+03 +4.8737e-01 -9.9770e-03 -3.1226e-03 -1.5069e+00 -1.1832e-01
1301 0 +5.056306652e+02 +4.135406652e+02 +4.135406652e+02 +6.1262e-01 -3.2157e-03 +3.5299e-02 -1.7859e+00 -1.3469e-01
2411 0 +4.744199273e+02 +3.823299273e+02 +3.823299273e+02 +1.0623e-01 -2.3592e-01 +6.1537e-02 -1.7480e+00 -1.2748e-01
2602 0 +4.364864159e+02 +3.443964159e+02 +3.443964159e+02 +1.4732e-01 -1.4512e-01 +1.0935e-02 -1.8094e+00 -1.0540e-01
3007 0 +3.226460994e+02 +2.305560994e+02 +2.305560994e+02 +3.3687e-02 -1.5448e-01 -1.3080e-03 -1.8150e+00 -1.1036e-01
4302 0 +2.864191001e+02 +1.943291001e+02 +1.943291001e+02 +1.0550e-01 -1.4902e-01 +1.4603e-03 -1.8603e+00 -1.2241e-01
% f evaluations | g evaluations | best noise-free fitness - Fopt (-8.789000000000e+01) + sum g_i+ | measured fitness | best measured fitness or single-digit g-values | x1 | x2...
1 0 +1.033806297e+07 +1.033797508e+07 +1.033797508e+07 +4.0550e+00 +2.0594e+00 +3.3117e-01 +4.3614e+00 -3.4277e-02
2 0 +2.222082434e+06 +2.221994544e+06 +2.221994544e+06 +3.8473e+00 +3.4047e+00 +1.7773e+00 -4.7197e+00 -1.6574e+00
3 0 +1.537934947e+06 +1.537847057e+06 +1.537847057e+06 +5.7527e-01 +1.8231e+00 +4.9136e+00 -1.6017e+00 -4.2444e+00
7 0 +2.726682204e+05 +2.725803304e+05 +2.725803304e+05 +3.5805e+00 +3.5670e+00 +4.3856e+00 -3.0637e-02 -2.7341e+00
10 0 +2.292825858e+05 +2.291946958e+05 +2.291946958e+05 -3.6844e+00 +1.2888e+00 -4.4579e+00 -4.5951e+00 -2.9525e+00
32 0 +1.576538955e+05 +1.575660055e+05 +1.575660055e+05 -4.4332e+00 -2.6037e-01 +1.1611e+00 -4.0858e+00 -2.9090e+00
91 0 +5.423549946e+04 +5.414760946e+04 +5.414760946e+04 +4.0596e+00 -4.3999e+00 +4.4453e+00 -3.2121e+00 -3.1136e+00
105 0 +4.977000277e+04 +4.968211277e+04 +4.968211277e+04 +5.0000e+00 +4.9677e+00 +4.8300e+00 -2.6378e+00 -2.9115e+00
206 0 +3.956364638e+04 +3.947575638e+04 +3.947575638e+04 +3.2738e+00 -1.8253e-01 +2.6373e+00 -2.9829e+00 -2.9559e+00
301 0 +3.012809397e+04 +3.004020397e+04 +3.004020397e+04 +3.4115e+00 -2.0363e-01 +2.9189e+00 -3.0589e+00 -3.0800e+00
302 0 +2.370221849e+04 +2.361432849e+04 +2.361432849e+04 +5.0000e+00 +5.0000e+00 +4.8459e+00 -2.7253e+00 -3.1102e+00
408 0 +2.183979461e+04 +2.175190461e+04 +2.175190461e+04 +2.1948e+00 +1.1978e+00 +2.4016e+00 -2.1975e+00 -2.9355e+00
505 0 +8.778726483e+03 +8.690836483e+03 +8.690836483e+03 +2.4729e+00 -6.3730e-01 +2.3980e+00 -2.4758e+00 -3.0382e+00
703 0 +6.803555851e+03 +6.715665851e+03 +6.715665851e+03 +2.8107e+00 +2.0138e+00 +2.9572e+00 -2.1532e+00 -3.1530e+00
809 0 +5.514640954e+03 +5.426750954e+03 +5.426750954e+03 +1.9402e+00 +5.4103e-01 +2.2414e+00 -2.3319e+00 -3.0348e+00
811 0 +3.271380122e+03 +3.183490122e+03 +3.183490122e+03 +2.6724e+00 +2.7331e+00 +2.4902e+00 -2.2332e+00 -3.0531e+00
1120 0 +3.185324710e+03 +3.097434710e+03 +3.097434710e+03 +2.3435e+00 +7.6491e-01 +2.8976e+00 -2.2044e+00 -3.0625e+00
1511 0 +2.621790801e+03 +2.533900801e+03 +2.533900801e+03 +2.2724e+00 +1.2325e+00 +2.8319e+00 -2.2052e+00 -3.0861e+00
2206 0 +2.460408842e+03 +2.372518842e+03 +2.372518842e+03 +1.7173e+00 +7.9793e-01 +2.2613e+00 -2.0061e+00 -3.0564e+00
3218 0 +1.294620809e+03 +1.206730809e+03 +1.206730809e+03 +1.9882e+00 -2.6265e-01 +2.1759e+00 -2.1094e+00 -3.0899e+00
3801 0 +7.000973866e+02 +6.122073866e+02 +6.122073866e+02 +1.5641e+00 +2.7612e+00 +1.9990e+00 -2.1810e+00 -3.0880e+00
% f evaluations | g evaluations | best noise-free fitness - Fopt (3.201900000000e+02) + sum g_i+ | measured fitness | best measured fitness or single-digit g-values | x1 | x2...
1 0 +8.624334686e+06 +8.624654876e+06 +8.624654876e+06 -2.2603e+00 +1.6299e+00 +1.8676e+00 -2.3010e+00 -5.1352e-01
7 0 +1.140146973e+06 +1.140467163e+06 +1.140467163e+06 +4.8361e+00 -3.4832e+00 +2.4589e+00 +4.0060e+00 -2.8845e+00
8 0 +5.101229897e+05 +5.104431797e+05 +5.104431797e+05 -3.8177e+00 +2.5722e+00 +4.9822e-02 +1.5265e-01 -4.2209e+00
10 0 +2.980537797e+05 +2.983739697e+05 +2.983739697e+05 +4.8633e+00 -4.0761e+00 +3.5040e+00 +9.2364e-02 -4.0021e+00
12 0 +1.481465742e+05 +1.484667642e+05 +1.484667642e+05 +2.9290e+00 +3.3164e+00 -5.9337e-01 -2.9393e+00 -3.5555e+00
107 0 +9.751864873e+04 +9.783883873e+04 +9.783883873e+04 +1.1373e+00 +5.0000e+00 -4.3824e+00 -2.1524e+00 -3.5184e+00
301 0 +6.014183766e+04 +6.046202766e+04 +6.046202766e+04 +4.9135e+00 +3.1916e+00 +2.7896e+00 -1.9326e+00 -3.5992e+00
304 0 +3.073585842e+04 +3.105604842e+04 +3.105604842e+04 +3.4418e+00 +2.9293e+00 +2.5632e+00 -1.8129e+00 -3.4484e+00
405 0 +2.655223090e+04 +2.687242090e+04 +2.687242090e+04 +4.9080e-01 +3.0410e+00 -1.2899e+00 -1.6098e+00 -3.4033e+00
807 0 +2.121314216e+04 +2.153333216e+04 +2.153333216e+04 +1.9966e+00 +2.8669e+00 +4.9004e-01 -1.6129e+00 -3.3969e+00
1101 0 +8.795688674e+03 +9.115878674e+03 +9.115878674e+03 +2.1206e+00 +2.8344e+00 +4.4299e-01 -1.2458e+00 -3.5111e+00
1314 0 +8.287106333e+03 +8.607296333e+03 +8.607296333e+03 +4.9011e+00 +3.2305e+00 +3.2554e+00 -1.0741e+00 -3.5205e+00
1322 0 +1.234714302e+03 +1.554904302e+03 +1.554904302e+03 +3.2384e+00 +2.9628e+00 +1.6367e+00 -8.1381e-01 -3.4844e+00
3208 0 +1.006022435e+03 +1.326212435e+03 +1.326212435e+03 +2.4173e+00 +3.0720e+00 +1.5106e+00 -8.2230e-01 -3.4631e+00
% f evaluations | g evaluations | best noise-free fitness - Fopt (-1.042400000000e+02) + sum g_i+ | measured fitness | best measured fitness or single-digit g-values | x1 | x2...
1 0 +4.164824850e+05 +4.163782450e+05 +4.163782450e+05 +2.0710e+00 +2.8119e+00 -4.7364e+00 +2.2526e+00 -4.1456e-01
19 0 +2.653999979e+05 +2.652957579e+05 +2.652957579e+05 -3.7764e+00 -4.7274e+00 +2.3660e+00 -1.3709e+00 -5.5471e-01
48 0 +1.172725109e+05 +1.171682709e+05 +1.171682709e+05 -2.5606e-01 -2.8820e+00 -9.4820e-01 -1.9575e+00 +1.1838e-01
64 0 +1.002485696e+05 +1.001443296e+05 +1.001443296e+05 -1.6018e+00 +2.1454e+00 +2.3537e+00 +1.0379e+00 +1.1817e-01
102 0 +7.727914286e+04 +7.717490286e+04 +7.717490286e+04 +2.0921e-02 -4.3661e+00 -2.3046e+00 -1.6920e+00 -1.6945e-01
103 0 +5.482239219e+04 +5.471815219e+04 +5.471815219e+04 +3.0957e+00 -4.8929e+00 +3.5222e+00 -9.4750e-01 -2.6142e-01
130 0 +2.918153798e+04 +2.907729798e+04 +2.907729798e+04 -2.6169e-04 -8.1634e-04 +3.2439e-03 -5.2665e-04 +8.5698e-02
133 0 +2.218059924e+04 +2.207635924e+04 +2.207635924e+04 -1.3296e-01 -4.0593e-02 +1.0731e-01 -6.2196e-02 +6.3265e-02
157 0 +6.641087759e+03 +6.536847759e+03 +6.536847759e+03 -1.9832e-03 -6.1867e-03 +2.1417e-02 -1.2177e-01 -6.5528e-02
203 0 +6.088159011e+03 +5.983919011e+03 +5.983919011e+03 +7.6840e-03 +4.8029e-02 +2.9647e-01 -1.1188e-01 -4.1349e-02
217 0 +4.707684734e+03 +4.603444734e+03 +4.603444734e+03 +1.4178e-02 -1.2644e-01 +8.3518e-01 -2.1453e-01 -9.4326e-02
343 0 +4.472712733e+03 +4.368472733e+03 +4.368472733e+03 +3.4743e-01 -2.0680e-01 +3.6429e-01 -2.2646e-01 -2.9714e-02
401 0 +3.028659087e+03 +2.924419087e+03 +2.924419087e+03 +5.2972e-01 -4.5311e-01 +4.2097e-01 -3.2658e-01 -2.2483e-02
506 0 +2.959993418e+03 +2.855753418e+03 +2.855753418e+03 +5.4972e-01 +2.9741e-01 +8.2568e-01 -2.7263e-01 -8.3249e-02
587 0 +1.670506172e+03 +1.566266172e+03 +1.566266172e+03 +2.7812e-01 -2.5868e-01 +2.9652e-01 -4.1022e-01 -5.8409e-02
752 0 +1.529968601e+03 +1.425728601e+03 +1.425728601e+03 +4.9794e-01 +1.2108e-01 +6.1003e-01 -3.4997e-01 -6.0043e-02
801 0 +9.634828681e+02 +8.592428681e+02 +8.592428681e+02 +5.3860e-01 +2.4899e-01 +8.8807e-01 -4.7472e-01 -7.2644e-02
803 0 +8.544694745e+02 +7.502294745e+02 +7.502294745e+02 +2.3275e-01 -1.8744e-01 +6.1389e-01 -4.9270e-01 -6.2038e-02
1706 0 +8.246772368e+02 +7.204372368e+02 +7.204372368e+02 +4.1723e-01 -1.7327e-02 +8.4629e-01 -4.4512e-01 -5.1996e-02
1821 0 +7.068271108e+02 +6.025871108e+02 +6.025871108e+02 -8.1032e-02 +6.5535e-02 +9.6687e-01 -4.7785e-01 -5.0161e-02
3205 0 +5.879329247e+02 +4.836929247e+02 +4.836929247e+02 +4.9347e-02 +1.2942e-01 +1.1044e+00 -4.9851e-01 -5.3841e-02
% f evaluations | g evaluations | best noise-free fitness - Fopt (-1.351600000000e+02) + sum g_i+ | measured fitness | best measured fitness or single-digit g-values | x1 | x2...
1 0 +3.019307651e+07 +3.019294135e+07 +3.019294135e+07 -3.6523e+00 -1.7728e+00 +4.9245e+00 -4.7354e+00 -2.0546e+00
2 0 +1.996072813e+06 +1.995937653e+06 +1.995937653e+06 -1.7760e+00 -1.4317e+00 +9.1711e-01 -4.9935e+00 +3.2040e+00
4 0 +1.496672695e+06 +1.496537535e+06 +1.496537535e+06 -3.6636e+00 -3.2421e+00 -5.3140e-01 -2.9508e+00 +2.7581e+00
6 0 +1.150538408e+06 +1.150403248e+06 +1.150403248e+06 -1.0692e+00 +1.7180e+00 -4.4395e+00 -2.8533e+00 +3.8081e+00
19 0 +4.355925687e+05 +4.354574087e+05 +4.354574087e+05 +1.4421e-01 +2.5462e+00 +3.1035e+00 +1.4776e+00 +2.8658e+00
43 0 +2.053673765e+05 +2.052322165e+05 +2.052322165e+05 -4.8562e+00 +1.6991e+00 +2.1833e+00 +4.3000e+00 +3.8980e+00
46 0 +1.137411231e+05 +1.136059631e+05 +1.136059631e+05 -8.4797e-01 +2.1141e+00 -2.6486e+00 +4.3901e+00 +3.3723e+00
111 0 +3.404946446e+04 +3.391430446e+04 +3.391430446e+04 +3.3558e+00 -4.6553e+00 +1.0261e+00 +2.1192e+00 +3.5655e+00
507 0 +2.440795962e+04 +2.427279962e+04 +2.427279962e+04 +4.4976e-01 -2.0694e+00 -5.8564e-01 +2.9019e+00 +3.5868e+00
604 0 +1.038363901e+04 +1.024847901e+04 +1.024847901e+04 +1.7892e+00 -2.9200e+00 +7.4077e-01 +2.9316e+00 +3.5552e+00
1103 0 +6.573817071e+03 +6.438657071e+03 +6.438657071e+03 +4.8879e+00 -4.9711e+00 +2.6328e+00 +2.6717e+00 +3.4628e+00
1201 0 +2.447599970e+03 +2.312439970e+03 +2.312439970e+03 +5.0000e+00 -4.9496e+00 +3.2751e+00 +2.7660e+00 +3.4943e+00
1301 0 +4.893430051e+02 +3.541830051e+02 +3.541830051e+02 +5.0000e+00 -5.0000e+00 +3.6336e+00 +2.9860e+00 +3.5165e+00
2402 0 +3.794385109e+02 +2.442785109e+02 +2.442785109e+02 +4.2430e+00 -4.2206e+00 +3.7207e+00 +2.9849e+00 +3.4868e+00
% f evaluations | g evaluations | best noise-free fitness - Fopt (-8.571000000000e+01) + sum g_i+ | measured fitness | best measured fitness or single-digit g-values | x1 | x2...
1 0 +3.386561668e+07 +3.386553097e+07 +3.386553097e+07 -4.0013e+00 -3.2183e-02 +2.8805e+00 +4.2560e+00 +3.6970e+00
3 0 +2.165720904e+07 +2.165712333e+07 +2.165712333e+07 +7.9455e-01 +4.6781e+00 -2.2225e+00 +2.4572e+00 +2.5711e+00
4 0 +3.192585466e+05 +3.191728366e+05 +3.191728366e+05 +2.2968e+00 -2.2763e+00 +2.4799e+00 -1.1445e+00 -2.1348e+00
85 0 +2.351469285e+05 +2.350612185e+05 +2.350612185e+05 +1.4045e+00 +4.0406e+00 -3.6256e+00 +1.0592e+00 -2.5375e+00
101 0 +1.224353080e+05 +1.223495980e+05 +1.223495980e+05 +1.3637e+00 +5.0000e+00 -4.2578e+00 +6.7028e-01 -2.2991e+00
201 0 +8.021870835e+04 +8.013299835e+04 +8.013299835e+04 +1.4633e+00 +4.9914e+00 -4.5322e+00 +7.2435e-01 -2.1468e+00
301 0 +4.603126723e+04 +4.594555723e+04 +4.594555723e+04 +2.0930e+00 +4.9025e+00 -4.7680e+00 +1.0664e+00 -2.1382e+00
501 0 +1.924821528e+04 +1.916250528e+04 +1.916250528e+04 -6.9663e-02 +4.9126e+00 -4.6799e+00 +1.8262e+00 -2.1452e+00
971 0 +1.794835509e+04 +1.786264509e+04 +1.786264509e+04 -1.9566e+00 +2.5441e+00 -1.3202e+00 +1.3375e+00 -2.0329e+00
1001 0 +4.128405010e+03 +4.042695010e+03 +4.042695010e+03 -3.7036e+00 +2.5254e+00 -1.9268e-01 +1.7717e+00 -2.1198e+00
1901 0 +1.767437109e+03 +1.681727109e+03 +1.681727109e+03 -4.9503e+00 +1.8235e+00 -2.5195e-01 +1.9865e+00 -2.0872e+00
2411 0 +1.461404762e+03 +1.375694762e+03 +1.375694762e+03 -3.2333e+00 +2.1883e+00 -1.4873e+00 +2.0552e+00 -2.1124e+00
3720 0 +1.330702533e+03 +1.244992533e+03 +1.244992533e+03 -3.3534e+00 +2.3035e+00 -1.1718e+00 +2.0307e+00 -2.0906e+00
4208 0 +1.174179083e+03 +1.088469083e+03 +1.088469083e+03 -3.6718e+00 +2.1176e+00 -1.0364e+00 +1.9707e+00 -2.1049e+00
4210 0 +1.093463920e+03 +1.007753920e+03 +1.007753920e+03 -3.2886e+00 +2.1254e+00 -1.0112e+00 +2.0178e+00 -2.0982e+00
% f evaluations | g evaluations | best noise-free fitness - Fopt (-1.162500000000e+02) + sum g_i+ | measured fitness | best measured fitness or single-digit g-values | x1 | x2...
1 0 +1.972068014e+07 +1.972056389e+07 +1.972056389e+07 -2.8645e+00 +4.9643e-01 +2.1337e+00 +1.6903e+00 +4.0767e+00
2 0 +2.608087120e+06 +2.607970870e+06 +2.607970870e+06 -3.4049e+00 -3.7118e+00 -2.5284e+00 -3.0587e+00 +1.2773e+00
6 0 +2.014164202e+06 +2.014047952e+06 +2.014047952e+06 +3.7392e+00 +2.5314e+00 -3.9570e+00 +4.0954e+00 +7.8393e-01
7 0 +9.825056326e+05 +9.823893826e+05 +9.823893826e+05 -4.5405e+00 -2.9659e+00 -2.2840e+00 -7.0673e-01 -1.3358e+00
10 0 +5.476547639e+05 +5.475385139e+05 +5.475385139e+05 +1.0150e+00 -5.5531e-01 -2.4398e+00 -2.6808e+00 -9.1192e-01
15 0 +3.410409647e+05 +3.409247147e+05 +3.409247147e+05 -9.9562e-01 +8.3446e-01 +4.4746e+00 -2.8959e+00 -4.6284e-01
39 0 +2.034648429e+05 +2.033485929e+05 +2.033485929e+05 +2.8874e+00 +1.9844e+00 +3.5294e+00 +2.1287e-01 -7.7253e-01
84 0 +1.337374566e+05 +1.336212066e+05 +1.336212066e+05 -1.2557e-02 -4.7728e+00 -6.2438e-01 -1.4495e+00 -5.1454e-01
102 0 +1.287040245e+05 +1.285877745e+05 +1.285877745e+05 -4.9055e+00 +4.9531e+00 +1.9606e+00 +1.9918e+00 -5.4817e-01
126 0 +3.639622860e+04 +3.627997860e+04 +3.627997860e+04 +2.5674e-01 -1.4528e+00 +2.7905e-01 +3.7381e-01 -5.3272e-01
128 0 +5.569344075e+03 +5.453094075e+03 +5.453094075e+03 +1.8311e-01 -9.4970e-01 +1.5999e-01 +1.4417e-01 -2.8090e-01
140 0 +2.971137493e+03 +2.854887493e+03 +2.854887493e+03 +2.5805e-01 -1.3401e+00 +1.7761e-01 +3.1794e-01 -3.9586e-01
147 0 +8.981165172e+02 +7.818665172e+02 +7.818665172e+02 +3.3988e-01 -1.2120e+00 +2.0392e-01 +2.8755e-01 -3.5802e-01
178 0 +7.714180952e+02 +6.551680952e+02 +6.551680952e+02 +3.3728e-01 -1.1754e+00 +1.2415e-01 +2.7888e-01 -3.4723e-01
318 0 +7.346692394e+02 +6.184192394e+02 +6.184192394e+02 +4.4320e-01 -1.1234e+00 +3.0892e-02 +2.5031e-01 -3.4576e-01
604 0 +6.497759159e+02 +5.335259159e+02 +5.335259159e+02 +2.1633e-01 -4.1032e-01 +9.7585e-02 +2.4081e-01 -3.5715e-01
801 0 +6.126398503e+02 +4.963898503e+02 +4.963898503e+02 +2.9717e-01 -4.2912e-01 +8.1751e-03 +2.7927e-01 -3.5564e-01
1007 0 +5.859914191e+02 +4.697414191e+02 +4.697414191e+02 -2.8708e-01 -2.1090e-02 -2.5146e-01 +1.7872e-01 -3.6730e-01
1102 0 +3.069427110e+02 +1.906927110e+02 +1.906927110e+02 +3.3904e-01 -5.1905e-01 -3.1591e-01 +2.5234e-01 -3.6238e-01
3505 0 +1.432911314e+02 +2.704113135e+01 +2.704113135e+01 +7.7942e-02 -1.4286e-02 -5.3380e-01 +3.0179e-01 -3.5313e-01
4801 0 +1.097528682e+02 -6.497131834e+00 -6.497131834e+00 -5.0474e-02 +4.3051e-01 -4.5245e-01 +2.5104e-01 -3.5944e-01
% f evaluations | g evaluations | best noise-free fitness - Fopt (2.528000000000e+01) + sum g_i+ | measured fitness | best measured fitness or single-digit g-values | x1 | x2...
1 0 +1.203974786e+06 +1.204000066e+06 +1.204000066e+06 +4.6750e+00 +4.4769e+00 +2.2438e+00 -4.2379e+00 -1.5038e+00
9 0 +3.265363771e+05 +3.265616571e+05 +3.265616571e+05 -2.0157e+00 +7.1934e-01 -3.0516e+00 -2.6987e+00 -2.3332e+00
67 0 +1.684182465e+05 +1.684435265e+05 +1.684435265e+05 -4.9007e+00 +3.7921e+00 +2.6522e+00 +1.5203e+00 -1.8856e+00
89 0 +6.487893791e+04 +6.490421791e+04 +6.490421791e+04 +4.9216e+00 -4.5221e+00 +4.9058e-01 +1.7472e+00 -2.1747e+00
127 0 +6.157373634e+04 +6.159901634e+04 +6.159901634e+04 +1.3130e+00 +3.4032e-01 -1.0025e+00 -2.3090e-01 -2.0049e+00
128 0 +8.379985218e+03 +8.405265218e+03 +8.405265218e+03 +1.4475e+00 +4.5488e-01 -1.0312e+00 -2.0097e-02 -2.2108e+00
311 0 +8.255907908e+03 +8.281187908e+03 +8.281187908e+03 +1.3675e+00 +2.1100e-01 -9.7091e-01 -1.7869e-02 -2.2303e+00
506 0 +6.828501595e+03 +6.853781595e+03 +6.853781595e+03 +1.5130e+00 +1.3578e-01 -1.2085e+00 +3.9465e-02 -2.2176e+00
508 0 +2.001996599e+03 +2.027276599e+03 +2.027276599e+03 +1.6207e+00 +4.2180e-01 -1.3231e+00 +3.3459e-01 -2.1912e+00
601 0 +9.504482315e+02 +9.757282315e+02 +9.757282315e+02 +1.4960e+00 +4.1425e-01 -1.3834e+00 +4.6032e-01 -2.2484e+00
801 0 +6.550633184e+02 +6.803433184e+02 +6.803433184e+02 +1.4982e+00 +4.1965e-01 -1.3949e+00 +4.8913e-01 -2.2426e+00
2001 0 +3.949756621e+02 +4.202556621e+02 +4.202556621e+02 +1.3100e+00 +3.8805e-01 -1.0569e+00 +4.5166e-01 -2.2306e+00
2187 0 +3.507867978e+02 +3.760667978e+02 +3.760667978e+02 +2.6895e+00 -5.5931e-01 -8.1756e-01 +5.1476e-01 -2.2279e+00
2211 0 +2.989421863e+02 +3.242221863e+02 +3.242221863e+02 +2.6356e+00 -7.0336e-01 -1.1534e+00 +5.6801e-01 -2.2172e+00
2514 0 +2.780871817e+02 +3.033671817e+02 +3.033671817e+02 +9.3400e-01 +3.2172e-01 -1.0590e+00 +4.8133e-01 -2.2228e+00
2911 0 +2.730902470e+02 +2.983702470e+02 +2.983702470e+02 +1.3512e+00 +4.0893e-01 -1.1533e+00 +4.6771e-01 -2.2203e+00
4624 0 +1.887815472e+02 +2.140615472e+02 +2.140615472e+02 +4.9959e+00 -1.9065e-01 -1.3399e+00 +5.1422e-01 -2.2238e+00
% f evaluations | g evaluations | best noise-free fitness - Fopt (-6.668000000000e+01) + sum g_i+ | measured fitness | best measured fitness or single-digit g-values | x1 | x2...
1 0 +1.731651796e+07 +1.731645128e+07 +1.731645128e+07 +8.3419e-01 -3.8545e+00 +3.4149e+00 +8.5741e-02 -1.5082e+00
2 0 +1.553140519e+05 +1.552473719e+05 +1.552473719e+05 -1.6755e+00 +2.8937e+00 -1.8091e-01 -8.0594e-01 +3.0543e+00
18 0 +4.218575240e+04 +4.211907240e+04 +4.211907240e+04 +2.7676e+00 -3.1338e+00 -5.6033e-01 -1.6177e+00 +2.6644e+00
202 0 +1.297242937e+04 +1.290574937e+04 +1.290574937e+04 -2.2064e+00 +4.9692e+00 -3.2366e+00 -2.1938e-01 +2.6262e+00
304 0 +1.272524793e+04 +1.265856793e+04 +1.265856793e+04 +2.2870e+00 +7.0423e-01 -1.1945e+00 -1.2728e-01 +2.5489e+00
412 0 +7.176079946e+03 +7.109399946e+03 +7.109399946e+03 +4.7529e+00 -3.8867e+00 -2.4118e+00 -2.8069e-01 +2.6649e+00
1015 0 +4.424225098e+03 +4.357545098e+03 +4.357545098e+03 +2.7996e+00 -1.4084e+00 -2.1256e+00 -3.8828e-01 +2.6552e+00
1411 0 +1.395135598e+03 +1.328455598e+03 +1.328455598e+03 +1.4198e+00 -6.3521e-01 -1.3254e+00 -5.2207e-01 +2.6274e+00
1715 0 +5.341472865e+02 +4.674672865e+02 +4.674672865e+02 +2.7654e+00 -1.0459e+00 -1.0141e+00 -5.3573e-01 +2.6353e+00
3074 0 +2.190939189e+02 +1.524139189e+02 +1.524139189e+02 +2.6816e+00 -2.8917e-01 -6.1699e-01 -5.1194e-01 +2.6455e+00
3308 0 +1.614650563e+02 +9.478505626e+01 +9.478505626e+01 +3.2955e+00 -2.2458e+00 -3.5359e-01 -4.5472e-01 +2.6394e+00
3712 0 +1.016163365e+02 +3.493633647e+01 +3.493633647e+01 +2.5148e+00 -4.0200e-01 -3.0477e-01 -4.8997e-01 +2.6462e+00
% f evaluations | g evaluations | best noise-free fitness - Fopt (-3.294600000000e+02) + sum g_i+ | measured fitness | best measured fitness or single-digit g-values | x1 | x2...
1 0 +1.043020463e+06 +1.042691003e+06 +1.042691003e+06 -2.0361e+00 +2.9734e-01 +3.7286e+00 -3.5096e+00 -1.6431e+00
11 0 +3.169531251e+05 +3.166236651e+05 +3.166236651e+05 -4.2656e+00 +1.3116e+00 +1.1543e-01 +1.7097e+00 -2.6244e+00
56 0 +7.514860846e+04 +7.481914846e+04 +7.481914846e+04 +1.3347e+00 -8.8466e-01 -3.3139e+00 +2.8314e+00 -1.8888e+00
89 0 +6.864093700e+04 +6.831147700e+04 +6.831147700e+04 -4.3641e+00 +2.8046e+00 +4.9718e+00 +3.5120e+00 -2.0699e+00
203 0 +6.036920466e+04 +6.003974466e+04 +6.003974466e+04 +4.8829e+00 -4.9656e+00 -2.5621e+00 +2.4545e+00 -1.8789e+00
404 0 +4.623965612e+04 +4.591019612e+04 +4.591019612e+04 -3.7094e+00 -1.5947e+00 +2.2132e+00 +1.0355e+00 -1.9357e+00
603 0 +3.231439680e+04 +3.198493680e+04 +3.198493680e+04 -1.2775e+00 -2.6025e+00 -7.5149e-01 +2.7670e+00 -2.0111e+00
702 0 +2.842000513e+04 +2.809054513e+04 +2.809054513e+04 -4.9966e+00 -6.8621e-01 +5.0000e+00 +1.5771e+00 -1.8986e+00
704 0 +2.043243006e+04 +2.010297006e+04 +2.010297006e+04 -2.4728e+00 -1.3794e+00 +1.8244e+00 +1.9161e+00 -1.9015e+00
706 0 +7.584919931e+03 +7.255459931e+03 +7.255459931e+03 -1.5149e+00 -1.5234e+00 +4.3353e-01 +1.9446e+00 -2.0272e+00
902 0 +6.548999068e+03 +6.219539068e+03 +6.219539068e+03 -2.5413e+00 -1.7918e+00 +1.0517e+00 +2.1592e+00 -1.9991e+00
904 0 +2.185095923e+03 +1.855635923e+03 +1.855635923e+03 -3.1830e+00 -1.2209e+00 +2.6906e+00 +1.9161e+00 -2.0739e+00
1801 0 +1.370148524e+03 +1.040688524e+03 +1.040688524e+03 -2.4740e+00 -3.3084e-01 +2.5990e+00 +1.8976e+00 -2.0232e+00
2002 0 +3.323361101e+02 +2.876110068e+00 +2.876110068e+00 -2.7303e+00 -8.6781e-02 +2.8349e+00 +1.9690e+00 -2.0476e+00
2101 0 +2.545581960e+02 -7.490180399e+01 -7.490180399e+01 -2.9840e+00 +1.2426e-01 +3.1711e+00 +2.0412e+00 -2.0554e+00
3906 0 +2.459630483e+02 -8.349695173e+01 -8.349695173e+01 -3.1595e+00 -4.5276e-01 +2.8828e+00 +2.1089e+00 -2.0337e+00
% f evaluations | g evaluations | best noise-free fitness - Fopt (1.737000000000e+01) + sum g_i+ | measured fitness | best measured fitness or single-digit g-values | x1 | x2...
1 0 +5.115603888e+04 +5.117340888e+04 +5.117340888e+04 +2.0145e+00 +3.4805e-01 -7.2345e-01 +3.5825e+00 +2.1252e+00
16 0 +2.222132638e+04 +2.223869638e+04 +2.223869638e+04 +1.2138e+00 -2.9698e+00 +4.2089e+00 +4.1655e+00 +1.9906e+00
701 0 +1.054199372e+04 +1.055936372e+04 +1.055936372e+04 -2.6825e+00 -1.2113e+00 +3.7665e+00 +3.8277e+00 +1.8844e+00
718 0 +4.951484680e+03 +4.968854680e+03 +4.968854680e+03 -2.9856e+00 -1.8409e+00 +2.5322e+00 +3.5108e+00 +1.8807e+00
1954 0 +3.017627992e+03 +3.034997992e+03 +3.034997992e+03 -1.1221e+00 -5.6261e-01 +2.6689e+00 +3.1494e+00 +1.9095e+00
2002 0 +1.804818462e+03 +1.822188462e+03 +1.822188462e+03 -9.8398e-01 -2.0118e-01 +3.8680e+00 +3.1891e+00 +1.9520e+00
3011 0 +1.677366532e+03 +1.694736532e+03 +1.694736532e+03 -3.0240e-01 -2.1149e-01 +2.4218e+00 +3.3223e+00 +1.9110e+00
3103 0 +1.523947912e+03 +1.541317912e+03 +1.541317912e+03 -3.2057e+00 -3.3291e+00 +2.3857e+00 +3.3058e+00 +1.9443e+00
3802 0 +1.274749963e+03 +1.292119963e+03 +1.292119963e+03 -1.5704e+00 -1.7035e+00 +2.5147e+00 +3.4151e+00 +1.9246e+00
3813 0 +1.001728056e+03 +1.019098056e+03 +1.019098056e+03 -2.7375e+00 -2.6808e+00 +2.9210e+00 +3.4363e+00 +1.9407e+00
3906 0 +9.233310685e+02 +9.407010685e+02 +9.407010685e+02 -3.0835e+00 -3.0807e+00 +3.0195e+00 +3.3714e+00 +1.9375e+00
% f evaluations | g evaluations | best noise-free fitness - Fopt (7.383000000000e+01) + sum g_i+ | measured fitness | best measured fitness or single-digit g-values | x1 | x2...
1 0 +4.444298741e+07 +4.444306124e+07 +4.444306124e+07 +4.0721e+00 -1.6703e+00 -8.4292e-01 -4.7214e+00 -4.7491e+00
2 0 +3.959397043e+06 +3.959470873e+06 +3.959470873e+06 -1.3695e+00 -2.2540e+00 +4.3097e-01 +7.0744e-01 +5.3875e-01
6 0 +2.361975326e+05 +2.362713626e+05 +2.362713626e+05 -2.8675e+00 +2.0087e-01 -4.3624e+00 -2.2941e+00 +2.7596e+00
43 0 +7.716597937e+04 +7.723980937e+04 +7.723980937e+04 +3.8161e+00 -3.0798e+00 -4.3294e+00 -2.4655e+00 +2.4947e+00
502 0 +5.621264997e+04 +5.628647997e+04 +5.628647997e+04 +3.5494e+00 +2.3798e+00 -3.1579e+00 -2.2604e+00 +2.2264e+00
601 0 +5.343681392e+04 +5.351064392e+04 +5.351064392e+04 +3.7608e+00 +2.6142e+00 -3.4223e+00 -2.2755e+00 +2.2550e+00
802 0 +1.957781959e+04 +1.965164959e+04 +1.965164959e+04 +4.2894e+00 -1.0668e+00 -8.8842e-02 -2.5643e+00 +2.2581e+00
1001 0 +1.844008603e+04 +1.851391603e+04 +1.851391603e+04 +4.9413e+00 -4.1802e+00 +3.9017e+00 -3.6297e+00 +2.3848e+00
1201 0 +8.095248641e+03 +8.169078641e+03 +8.169078641e+03 +4.2148e+00 -1.6885e+00 +9.5636e-01 -2.8503e+00 +2.2620e+00
1206 0 +7.518923442e+03 +7.592753442e+03 +7.592753442e+03 +4.3973e+00 -2.2470e+00 +1.5673e+00 -2.8131e+00 +2.2980e+00
1302 0 +4.316615438e+03 +4.390445438e+03 +4.390445438e+03 +4.7060e+00 -3.1421e+00 +2.3610e+00 -3.3379e+00 +2.3526e+00
1409 0 +1.523583997e+03 +1.597413997e+03 +1.597413997e+03 +3.3644e+00 +6.5216e-03 +4.4966e-01 -3.4087e+00 +2.2844e+00
2560 0 +3.028020562e+02 +3.766320562e+02 +3.766320562e+02 +3.3103e+00 -4.6157e-01 +6.2320e-01 -3.2152e+00 +2.3040e+00
3101 0 +2.066113511e+02 +2.804413511e+02 +2.804413511e+02 +2.1764e+00 -1.5824e+00 +8.1057e-01 -3.2923e+00 +2.3112e+00
% f evaluations | g evaluations | best noise-free fitness - Fopt (4.488700000000e+02) + sum g_i+ | measured fitness | best measured fitness or single-digit g-values | x1 | x2...
1 0 +1.145043054e+06 +1.145491924e+06 +1.145491924e+06 +2.4957e+00 -4.9768e+00 +4.0409e+00 +2.6275e+00 -5.4972e-02
10 0 +1.116940500e+06 +1.117389370e+06 +1.117389370e+06 +2.3003e+00 +4.7106e+00 -3.5517e+00 -3.5622e+00 -7.0363e-01
12 0 +8.461720226e+05 +8.466208926e+05 +8.466208926e+05 +4.7366e+00 +4.6395e+00 -6.5781e-01 +2.1701e+00 +4.4179e-01
24 0 +4.079299917e+05 +4.083788617e+05 +4.083788617e+05 -3.4761e-01 -2.6257e+00 +8.3194e-02 -7.3341e-01 -1.4396e-01
128 0 +3.591657404e+05 +3.596146104e+05 +3.596146104e+05 +6.0994e-01 +4.2547e-01 -3.1118e-01 +4.1488e-01 +3.8559e-01
133 0 +3.547125579e+05 +3.551614279e+05 +3.551614279e+05 +2.9905e-01 +1.3991e-01 +1.9270e-03 +2.9712e-01 +1.7234e-01
135 0 +3.336732546e+05 +3.341221246e+05 +3.341221246e+05 +4.1587e-01 +2.9032e-01 +9.8663e-02 +3.1972e-01 +3.0600e-01
138 0 +3.229850386e+05 +3.234339086e+05 +3.234339086e+05 +3.7712e-01 +3.1303e-01 -1.9688e-01 +2.5185e-01 +3.6303e-01
145 0 +2.985348581e+05 +2.989837281e+05 +2.989837281e+05 +4.4631e-01 +4.5347e-01 -1.1262e-01 +1.1981e-01 +3.2840e-01
192 0 +2.905435727e+05 +2.909924427e+05 +2.909924427e+05 +4.4767e-02 -6.4242e-03 +3.7081e-03 +3.9713e-02 +2.5206e-01
201 0 +2.503901081e+05 +2.508389781e+05 +2.508389781e+05 -3.2500e-02 -1.3772e-01 +1.7224e-01 -2.6984e-01 +3.2348e-01
301 0 +2.320948904e+05 +2.325437604e+05 +2.325437604e+05 -1.3204e-01 -4.1749e-01 +3.1672e-01 -5.4400e-01 +4.3919e-01
401 0 +1.674937949e+05 +1.679426649e+05 +1.679426649e+05 -1.4194e-01 -6.8937e-01 +4.3041e-01 -8.2023e-01 +3.3594e-01
501 0 +9.990631351e+04 +1.003551835e+05 +1.003551835e+05 -1.8557e-01 -1.2004e+00 +5.5452e-01 -1.1860e+00 +3.9718e-01
601 0 +8.140052631e+04 +8.184939631e+04 +8.184939631e+04 -2.2387e-01 -1.6999e+00 +5.2403e-01 -1.5710e+00 +4.2866e-01
701 0 +2.129415112e+04 +2.174302112e+04 +2.174302112e+04 -4.8144e-01 -2.9228e+00 +7.8571e-01 -2.5495e+00 +4.2136e-01
801 0 +8.616007768e+03 +9.064877768e+03 +9.064877768e+03 -5.4285e-01 -3.2993e+00 +8.8298e-01 -2.8729e+00 +3.9044e-01
2001 0 +6.842402024e+03 +7.291272024e+03 +7.291272024e+03 -9.4805e-01 -2.7308e+00 +8.8352e-01 -2.7221e+00 +3.0162e-01
2005 0 +3.812720476e+03 +4.261590476e+03 +4.261590476e+03 -9.4648e-01 -2.5694e+00 +1.0819e+00 -2.8577e+00 +3.2312e-01
2102 0 +3.334412754e+03 +3.783282754e+03 +3.783282754e+03 -1.0485e+00 -1.9521e+00 +1.3780e+00 -3.1676e+00 +3.3778e-01
3502 0 +2.603305116e+03 +3.052175116e+03 +3.052175116e+03 -1.3968e+00 -4.9828e+00 +2.5571e+00 -2.9683e+00 +3.1509e-01
3907 0 +1.224376366e+03 +1.673246366e+03 +1.673246366e+03 -4.0136e+00 +2.9436e+00 +1.6629e+00 -3.1383e+00 +3.1964e-01
5003 0 +1.126433831e+03 +1.575303831e+03 +1.575303831e+03 -3.2877e+00 -3.0485e-01 +1.7360e+00 -3.0439e+00 +3.1179e-01
% f evaluations | g evaluations | best noise-free fitness - Fopt (-7.546600000000e+02) + sum g_i+ | measured fitness | best measured fitness or single-digit g-values | x1 | x2...
1 0 +3.832431719e+06 +3.831677059e+06 +3.831677059e+06 -6.2948e-01 -1.6696e+00 -1.2828e+00 -3.3664e+00 +7.3078e-01
9 0 +3.112133006e+06 +3.111378346e+06 +3.111378346e+06 -4.6151e+00 +1.1912e+00 -3.2698e-01 -4.2215e+00 +3.1389e+00
27 0 +2.305654460e+04 +2.230188460e+04 +2.230188460e+04 +1.5060e+00 +1.7660e+00 -1.2463e+00 +3.6016e+00 +2.2257e+00
402 0 +2.183407372e+04 +2.107941372e+04 +2.107941372e+04 -2.1142e+00 +4.2743e+00 -5.0000e+00 +4.8242e+00 +2.1144e+00
416 0 +1.902790396e+04 +1.827324396e+04 +1.827324396e+04 -3.8660e-01 +2.9645e+00 -3.2996e+00 +3.7831e+00 +2.2530e+00
602 0 +1.718761107e+04 +1.643295107e+04 +1.643295107e+04 -5.1883e-01 +2.1953e+00 -2.3260e+00 +3.2322e+00 +2.1448e+00
617 0 +1.486357769e+04 +1.410891769e+04 +1.410891769e+04 +6.1442e-01 +2.1367e+00 -1.7644e+00 +3.2987e+00 +2.1112e+00
701 0 +1.258404451e+04 +1.182938451e+04 +1.182938451e+04 +1.5460e-01 +2.5591e+00 -2.5283e+00 +3.4920e+00 +2.1865e+00
703 0 +1.813016833e+03 +1.058356833e+03 +1.058356833e+03 -8.4429e-01 +3.2188e+00 -3.7855e+00 +3.7873e+00 +2.1149e+00
1608 0 +1.030993284e+03 +2.763332844e+02 +2.763332844e+02 +8.6423e-02 +2.5813e+00 -2.3573e+00 +4.0050e+00 +2.1093e+00
1811 0 +9.506892754e+02 +1.960292754e+02 +1.960292754e+02 -6.4169e-01 +2.7171e+00 -2.4135e+00 +3.9570e+00 +2.1073e+00
2309 0 +7.815552334e+02 +2.689523342e+01 +2.689523342e+01 -7.4004e-02 +2.1066e+00 -2.7150e+00 +3.9497e+00 +2.1305e+00
2716 0 +5.432534474e+02 -2.114065526e+02 -2.114065526e+02 -1.4834e+00 +1.4956e+00 -2.6265e+00 +4.0125e+00 +2.1129e+00
