% f evaluations | g evaluations | best noise-free fitness - Fopt (-1.694000000000e+01) + sum g_i+ | measured fitness | best measured fitness or single-digit g-values | x1 | x2...
1 0 +1.603413680e+02 +1.434013680e+02 +1.434013680e+02 -7.4697e-01 +3.1156e+00 +5.6725e-01 -4.5792e+00 +4.1533e+00
2 0 +5.754969871e+01 +4.060969871e+01 +4.060969871e+01 +3.2062e+00 -2.9353e+00 -3.7969e+00 +1.4718e+00 +4.2179e+00
7 0 +3.867528775e+01 +2.173528775e+01 +2.173528775e+01 +4.1757e+00 +1.7747e+00 +5.2564e-01 +7.8789e-01 +7.3642e-01
32 0 +3.653386004e+01 +1.959386004e+01 +1.959386004e+01 +2.7288e+00 -5.5590e-01 -1.9294e+00 +2.7623e+00 -1.1610e+00
34 0 +3.227834998e+01 +1.533834998e+01 +1.533834998e+01 +4.1512e+00 +2.0324e+00 -2.2239e+00 -3.3531e-01 +2.1289e+00
72 0 +2.917825278e+01 +1.223825278e+01 +1.223825278e+01 +2.8528e+00 +4.4147e+00 -1.5083e+00 -2.7295e+00 +4.8328e+00
119 0 +2.657823340e+01 +9.638233395e+00 +9.638233395e+00 +2.8528e+00 +4.4147e+00 -1.4535e+00 -2.5385e+00 +4.8740e+00
130 0 +2.038947496e+01 +3.449474957e+00 +3.449474957e+00 +2.0178e+00 +3.3328e+00 +1.1708e-01 +2.0983e+00 +1.1834e+00
231 0 +1.964460561e+01 +2.704605606e+00 +2.704605606e+00 +2.8438e+00 -6.7810e-01 -2.6030e+00 +2.2543e+00 +2.8475e+00
238 0 +1.897057775e+01 +2.030577754e+00 +2.030577754e+00 +3.4144e+00 +6.1008e-01 -8.1088e-01 -1.4830e-01 +1.7637e+00
299 0 +1.696932086e+01 +2.932085572e-02 +2.932085572e-02 +1.7930e+00 +1.4364e+00 -3.2932e+00 +2.6296e+00 -7.2475e-02
309 0 +8.678012304e+00 -8.261987696e+00 -8.261987696e+00 +2.4702e+00 +1.6009e+00 -1.7870e+00 +1.9934e+00 +1.1622e+00
509 0 +6.411896992e+00 -1.052810301e+01 -1.052810301e+01 +2.3962e+00 +1.9382e+00 -1.8994e+00 +1.8960e+00 +8.1941e-01
622 0 +6.265869774e+00 -1.067413023e+01 -1.067413023e+01 +2.5407e+00 +1.8265e+00 -1.8661e+00 +1.9155e+00 +1.1120e+00
631 0 +5.360016729e+00 -1.157998327e+01 -1.157998327e+01 +2.4702e+00 +1.5842e+00 -1.9556e+00 +2.0333e+00 +1.3096e+00
705 0 +5.138375765e+00 -1.180162424e+01 -1.180162424e+01 +2.3962e+00 +1.9382e+00 -2.0673e+00 +1.8563e+00 +8.1941e-01
713 0 +3.369667566e+00 -1.357033243e+01 -1.357033243e+01 +2.3962e+00 +1.8791e+00 -2.1172e+00 +1.8818e+00 +8.1941e-01
819 0 +2.588656898e+00 -1.435134310e+01 -1.435134310e+01 +2.6117e+00 +1.7977e+00 -1.9466e+00 +1.9336e+00 +9.6648e-01
1060 0 +2.065115035e+00 -1.487488496e+01 -1.487488496e+01 +2.4908e+00 +2.0692e+00 -2.1194e+00 +1.9617e+00 +1.0469e+00
1333 0 +1.557933585e+00 -1.538206641e+01 -1.538206641e+01 +2.6802e+00 +1.7597e+00 -2.0923e+00 +1.9979e+00 +1.0797e+00
1401 0 +1.293185075e+00 -1.564681492e+01 -1.564681492e+01 +2.4478e+00 +1.9999e+00 -2.0869e+00 +2.1549e+00 +9.7421e-01
1490 0 +1.106709059e+00 -1.583329094e+01 -1.583329094e+01 +2.7258e+00 +2.1876e+00 -2.0218e+00 +1.9659e+00 +1.2206e+00
1519 0 +6.893328475e-01 -1.625066715e+01 -1.625066715e+01 +2.7579e+00 +1.8132e+00 -2.1214e+00 +2.1133e+00 +1.1774e+00
2296 0 +6.630525427e-01 -1.627694746e+01 -1.627694746e+01 +2.7257e+00 +1.8485e+00 -2.1061e+00 +2.1020e+00 +1.1931e+00
2373 0 +6.494714924e-01 -1.629052851e+01 -1.629052851e+01 +2.7049e+00 +1.8279e+00 -2.0812e+00 +2.1412e+00 +1.1607e+00
2406 0 +5.912284018e-01 -1.634877160e+01 -1.634877160e+01 +2.7993e+00 +1.8945e+00 -2.0623e+00 +2.0938e+00 +1.1973e+00
2761 0 +4.965597604e-01 -1.644344024e+01 -1.644344024e+01 +2.7748e+00 +1.8492e+00 -2.0561e+00 +2.1337e+00 +1.1722e+00
2849 0 +4.841498703e-01 -1.645585013e+01 -1.645585013e+01 +2.7703e+00 +1.8865e+00 -2.0746e+00 +2.0972e+00 +1.1786e+00
3138 0 +4.343780210e-01 -1.650562198e+01 -1.650562198e+01 +2.7692e+00 +1.8507e+00 -2.0599e+00 +2.1225e+00 +1.1751e+00
3356 0 +4.097579780e-01 -1.653024202e+01 -1.653024202e+01 +2.7771e+00 +1.8304e+00 -2.0915e+00 +2.1249e+00 +1.1877e+00
3903 0 +3.947398347e-01 -1.654526017e+01 -1.654526017e+01 +2.8105e+00 +1.8523e+00 -2.0557e+00 +2.1182e+00 +1.1853e+00
4959 0 +3.734502511e-01 -1.656654975e+01 -1.656654975e+01 +2.7703e+00 +1.8505e+00 -2.0633e+00 +2.1189e+00 +1.1848e+00
% f evaluations | g evaluations | best noise-free fitness - Fopt (1.881000000000e+01) + sum g_i+ | measured fitness | best measured fitness or single-digit g-values | x1 | x2...
1 0 +9.426172459e+01 +1.130717246e+02 +1.130717246e+02 +2.2573e+00 +1.0729e+00 -9.4075e-02 -4.0156e+00 -3.3120e+00
2 0 +9.050878009e+01 +1.093187801e+02 +1.093187801e+02 +2.5467e+00 +4.9990e-01 +4.1068e+00 +1.2238e+00 -8.7835e-01
3 0 +7.395918702e+01 +9.276918702e+01 +9.276918702e+01 -3.8591e-01 -1.3683e+00 +1.6199e+00 -1.2342e+00 -2.5910e+00
4 0 +5.361429567e+01 +7.242429567e+01 +7.242429567e+01 +2.2912e+00 +1.5082e+00 -2.6779e+00 +4.0264e+00 +1.5227e+00
5 0 +1.825344686e+01 +3.706344686e+01 +3.706344686e+01 -5.1903e-01 +6.8717e-01 -2.4822e-01 -4.3963e-02 +8.6105e-01
126 0 +1.788163600e+01 +3.669163600e+01 +3.669163600e+01 -2.6901e+00 +1.2488e+00 -3.1458e+00 +3.2581e+00 -2.0678e+00
133 0 +1.298058620e+01 +3.179058620e+01 +3.179058620e+01 -1.2678e+00 +2.7386e+00 -1.1618e+00 +2.2861e+00 -1.2725e+00
215 0 +1.271376967e+01 +3.152376967e+01 +3.152376967e+01 -7.7474e-01 +2.2050e-01 -4.5625e-01 +3.8350e-02 +1.8793e+00
217 0 +1.164182035e+01 +3.045182035e+01 +3.045182035e+01 -1.6582e-02 +2.6233e+00 +1.8145e-01 +1.2665e+00 +4.1923e-01
238 0 +9.797104509e+00 +2.860710451e+01 +2.860710451e+01 -8.1678e-01 +3.5467e-01 -1.6989e+00 -4.2607e-01 +1.4716e+00
254 0 +5.444209207e+00 +2.425420921e+01 +2.425420921e+01 -4.6765e-01 +1.6022e+00 -2.9197e-01 +3.0358e-01 +1.6584e+00
257 0 +5.158893490e+00 +2.396889349e+01 +2.396889349e+01 +3.1582e-02 +4.5328e-01 -6.0735e-01 -8.2851e-01 +1.7768e+00
395 0 +3.902977122e+00 +2.271297712e+01 +2.271297712e+01 -6.4222e-01 +1.1238e+00 -1.0263e+00 -6.1244e-02 +1.5650e+00
459 0 +2.574417927e+00 +2.138441793e+01 +2.138441793e+01 -5.9621e-01 +1.7377e+00 -7.3682e-01 -6.8483e-03 +1.5395e+00
531 0 +1.984818670e+00 +2.079481867e+01 +2.079481867e+01 -4.2145e-01 +1.2902e+00 -8.2150e-01 +1.5886e-01 +1.4254e+00
745 0 +1.818113863e+00 +2.062811386e+01 +2.062811386e+01 -6.3907e-01 +1.3883e+00 -1.1041e+00 +6.6352e-01 +6.2221e-01
817 0 +1.572149874e+00 +2.038214987e+01 +2.038214987e+01 -2.4933e-01 +1.4056e+00 -8.8591e-01 -9.4104e-02 +1.5403e+00
949 0 +1.521871995e+00 +2.033187200e+01 +2.033187200e+01 -3.3879e-01 +1.3765e+00 -8.8137e-01 -1.4845e-01 +1.5500e+00
978 0 +1.265712777e+00 +2.007571278e+01 +2.007571278e+01 -2.8481e-01 +1.2344e+00 -8.9512e-01 -7.4779e-02 +1.4673e+00
995 0 +1.089892988e+00 +1.989989299e+01 +1.989989299e+01 -2.6716e-01 +1.4803e+00 -8.3740e-01 -7.7369e-02 +1.5200e+00
1100 0 +1.028770697e+00 +1.983877070e+01 +1.983877070e+01 -2.6247e-01 +1.6005e+00 -8.9010e-01 +5.5795e-02 +1.5100e+00
1155 0 +7.666369412e-01 +1.957663694e+01 +1.957663694e+01 -2.7598e-01 +1.3573e+00 -8.8526e-01 -7.6074e-02 +1.4936e+00
1449 0 +7.536376692e-01 +1.956363767e+01 +1.956363767e+01 -2.7598e-01 +1.3192e+00 -8.8526e-01 -7.6074e-02 +1.5581e+00
1637 0 +7.355859790e-01 +1.954558598e+01 +1.954558598e+01 -3.0370e-01 +1.5316e+00 -9.3014e-01 +7.2892e-02 +1.5253e+00
1736 0 +7.149908151e-01 +1.952499082e+01 +1.952499082e+01 -2.9645e-01 +1.5317e+00 -9.0885e-01 +1.5190e-02 +1.4819e+00
1892 0 +5.620537661e-01 +1.937205377e+01 +1.937205377e+01 -2.2145e-01 +1.7548e+00 -9.0353e-01 -6.0284e-03 +1.5483e+00
2041 0 +4.853255812e-01 +1.929532558e+01 +1.929532558e+01 -1.8963e-01 +1.7452e+00 -8.4894e-01 -2.6702e-02 +1.6929e+00
2457 0 +3.902257661e-01 +1.920022577e+01 +1.920022577e+01 -2.5061e-01 +1.8241e+00 -8.4851e-01 +7.6580e-03 +1.6951e+00
2495 0 +3.543374174e-01 +1.916433742e+01 +1.916433742e+01 -2.4808e-01 +1.8268e+00 -8.3363e-01 +2.8378e-02 +1.5959e+00
2514 0 +2.794806028e-01 +1.908948060e+01 +1.908948060e+01 -2.7203e-01 +1.8416e+00 -8.6598e-01 +1.1217e-01 +1.5107e+00
2654 0 +1.995626387e-01 +1.900956264e+01 +1.900956264e+01 -2.0199e-01 +1.8459e+00 -8.3143e-01 +2.7849e-02 +1.6239e+00
3012 0 +1.614899579e-01 +1.897148996e+01 +1.897148996e+01 -2.3482e-01 +1.8688e+00 -8.5302e-01 +6.0515e-02 +1.6075e+00
4908 0 +1.139370699e-01 +1.892393707e+01 +1.892393707e+01 -2.0419e-01 +1.8260e+00 -8.2666e-01 +6.6992e-03 +1.6208e+00
% f evaluations | g evaluations | best noise-free fitness - Fopt (2.731500000000e+02) + sum g_i+ | measured fitness | best measured fitness or single-digit g-values | x1 | x2...
1 0 +3.783891276e+02 +6.515391276e+02 +6.515391276e+02 -2.9111e+00 +4.2983e+00 +5.4858e-01 -1.4386e+00 -4.6831e+00
2 0 +2.370176149e+02 +5.101676149e+02 +5.101676149e+02 -4.7148e+00 +6.5012e-01 -4.7835e-01 -3.6589e+00 +1.5675e+00
3 0 +6.288975869e+01 +3.360397587e+02 +3.360397587e+02 -4.4218e+00 +4.2236e+00 +1.0929e+00 +4.0111e+00 +4.6957e+00
6 0 +3.631134285e+01 +3.094613428e+02 +3.094613428e+02 +3.3167e+00 +2.5710e-01 -4.3855e+00 +1.9866e-02 +2.6737e+00
7 0 +2.449714236e+01 +2.976471424e+02 +2.976471424e+02 +1.4964e+00 +3.1279e+00 +4.4801e+00 +3.2112e+00 -2.2007e-01
118 0 +2.189741054e+01 +2.950474105e+02 +2.950474105e+02 +1.4106e+00 +3.1279e+00 +4.4801e+00 +3.2112e+00 -2.2007e-01
134 0 +2.048258299e+01 +2.936325830e+02 +2.936325830e+02 -3.7197e+00 +2.7498e+00 -4.7640e+00 +7.2894e-01 +1.9680e+00
167 0 +1.934572234e+01 +2.924957223e+02 +2.924957223e+02 +2.0799e+00 +2.1220e+00 -2.5111e+00 +1.0462e+00 +1.5549e+00
172 0 +1.507879197e+01 +2.882287920e+02 +2.882287920e+02 +1.6896e+00 +3.4062e+00 -3.4210e+00 +6.0891e-01 +1.5715e+00
215 0 +1.207614214e+01 +2.852261421e+02 +2.852261421e+02 +1.6896e+00 +3.4062e+00 -3.5087e+00 +6.0662e-01 +1.5715e+00
226 0 +7.324949802e+00 +2.804749498e+02 +2.804749498e+02 +1.7733e+00 +3.1264e+00 +1.0261e+00 +2.4141e+00 +1.4957e+00
494 0 +6.410036336e+00 +2.795600363e+02 +2.795600363e+02 +1.3556e+00 +3.3398e+00 +5.4138e-01 +1.9514e+00 +8.0642e-01
551 0 +5.817236095e+00 +2.789672361e+02 +2.789672361e+02 +1.4720e+00 +3.0877e+00 -7.0010e-01 +1.6976e+00 +1.6075e+00
816 0 +5.586772773e+00 +2.787367728e+02 +2.787367728e+02 +1.4241e+00 +3.0186e+00 +4.1564e-01 +1.9283e+00 +1.5547e+00
819 0 +4.150209254e+00 +2.773002093e+02 +2.773002093e+02 +1.3109e+00 +3.0186e+00 +2.7087e-01 +2.0452e+00 +1.5547e+00
1304 0 +3.778046772e+00 +2.769280468e+02 +2.769280468e+02 +1.4372e+00 +3.6258e+00 +2.6146e-01 +1.9792e+00 +1.2949e+00
1322 0 +3.549453369e+00 +2.766994534e+02 +2.766994534e+02 +1.4420e+00 +3.2648e+00 +8.1369e-02 +1.9137e+00 +1.4524e+00
1491 0 +3.121685199e+00 +2.762716852e+02 +2.762716852e+02 +1.4679e+00 +3.2648e+00 +8.1369e-02 +1.8633e+00 +1.4306e+00
1552 0 +3.022281569e+00 +2.761722816e+02 +2.761722816e+02 +1.4801e+00 +3.5357e+00 -7.2180e-02 +1.7877e+00 +1.2605e+00
1601 0 +2.858699334e+00 +2.760086993e+02 +2.760086993e+02 +1.4462e+00 +3.5357e+00 -7.2180e-02 +1.7877e+00 +1.2605e+00
1894 0 +2.612488743e+00 +2.757624887e+02 +2.757624887e+02 +1.2776e+00 +3.7130e+00 +3.1872e-01 +1.9708e+00 +1.2521e+00
2112 0 +2.357181848e+00 +2.755071818e+02 +2.755071818e+02 +1.2917e+00 +3.7795e+00 +4.0102e-01 +1.9807e+00 +1.2948e+00
2125 0 +2.167842163e+00 +2.753178422e+02 +2.753178422e+02 +1.1704e+00 +3.7795e+00 +2.4585e-01 +1.9494e+00 +1.1806e+00
2301 0 +2.119774655e+00 +2.752697747e+02 +2.752697747e+02 +1.3497e+00 +3.7070e+00 +1.9403e-01 +1.8333e+00 +1.1770e+00
2435 0 +1.583047548e+00 +2.747330475e+02 +2.747330475e+02 +1.3497e+00 +3.7632e+00 +1.7857e-01 +1.8333e+00 +1.1770e+00
2707 0 +1.404872131e+00 +2.745548721e+02 +2.745548721e+02 +1.2392e+00 +3.8787e+00 +1.5508e-01 +1.7576e+00 +1.1226e+00
2816 0 +1.231747074e+00 +2.743817471e+02 +2.743817471e+02 +1.2899e+00 +3.8907e+00 +1.4021e-01 +1.8286e+00 +1.1169e+00
3013 0 +1.089116727e+00 +2.742391167e+02 +2.742391167e+02 +1.2306e+00 +3.8730e+00 +3.1631e-01 +1.9050e+00 +1.1535e+00
3205 0 +1.055466230e+00 +2.742054662e+02 +2.742054662e+02 +1.2288e+00 +3.8478e+00 +2.2290e-01 +1.8637e+00 +1.1727e+00
3413 0 +1.035371920e+00 +2.741853719e+02 +2.741853719e+02 +1.2238e+00 +3.8478e+00 +2.2290e-01 +1.8637e+00 +1.1727e+00
3551 0 +9.858643860e-01 +2.741358644e+02 +2.741358644e+02 +1.1769e+00 +3.8977e+00 +8.1290e-02 +1.8058e+00 +1.1420e+00
4219 0 +8.839206641e-01 +2.740339207e+02 +2.740339207e+02 +1.3445e+00 +3.9054e+00 +1.3644e-01 +1.7906e+00 +1.1423e+00
4349 0 +7.080591703e-01 +2.738580592e+02 +2.738580592e+02 +1.2446e+00 +3.9030e+00 +1.0718e-01 +1.8019e+00 +1.1408e+00
4862 0 +6.575817462e-01 +2.738075817e+02 +2.738075817e+02 +1.2489e+00 +3.9030e+00 +1.0718e-01 +1.8019e+00 +1.1408e+00
% f evaluations | g evaluations | best noise-free fitness - Fopt (3.718000000000e+01) + sum g_i+ | measured fitness | best measured fitness or single-digit g-values | x1 | x2...
1 0 +2.364041120e+02 +2.735841120e+02 +2.735841120e+02 +7.1863e-01 +3.2223e+00 +2.5964e+00 +3.6825e+00 +3.9757e+00
2 0 +1.105422900e+02 +1.477222900e+02 +1.477222900e+02 -4.5059e+00 +1.1759e+00 -3.0127e+00 +2.1045e+00 -2.0598e+00
5 0 +1.022236038e+02 +1.394036038e+02 +1.394036038e+02 +1.4302e+00 +4.4797e+00 +1.9717e+00 -4.0899e+00 -2.6935e+00
25 0 +7.424663275e+01 +1.114266327e+02 +1.114266327e+02 -2.8885e+00 +3.3583e+00 -3.5353e+00 +4.4873e+00 -4.4337e+00
26 0 +7.007276808e+01 +1.072527681e+02 +1.072527681e+02 +2.8392e+00 +2.7155e-01 +1.2633e+00 +2.3981e+00 -4.8409e+00
30 0 +5.957095046e+01 +9.675095046e+01 +9.675095046e+01 -3.0129e+00 +3.7889e+00 -1.6499e+00 -3.3343e-01 -2.0557e+00
32 0 +1.802082613e+01 +5.520082613e+01 +5.520082613e+01 -4.3147e+00 +1.7817e+00 +2.5094e+00 +1.7837e+00 -2.3506e+00
171 0 +8.600941793e+00 +4.578094179e+01 +4.578094179e+01 -4.3147e+00 +1.7817e+00 +2.6207e+00 +1.6561e+00 -2.3273e+00
308 0 +6.921369691e+00 +4.410136969e+01 +4.410136969e+01 -4.2359e+00 +1.7842e+00 +2.4771e+00 +1.7837e+00 -2.3680e+00
394 0 +5.283366557e+00 +4.246336656e+01 +4.246336656e+01 -3.6416e+00 +1.9510e+00 +1.3733e+00 +1.8161e+00 -2.8457e+00
498 0 +4.840378047e+00 +4.202037805e+01 +4.202037805e+01 -3.6017e+00 +1.8779e+00 +2.3415e+00 +1.3128e+00 -2.6978e+00
533 0 +3.513370078e+00 +4.069337008e+01 +4.069337008e+01 -3.6789e+00 +1.8779e+00 +2.3316e+00 +1.4070e+00 -2.7271e+00
640 0 +3.352610119e+00 +4.053261012e+01 +4.053261012e+01 -3.4799e+00 +1.4694e+00 +1.7244e+00 +1.4672e+00 -3.0669e+00
670 0 +2.575360323e+00 +3.975536032e+01 +3.975536032e+01 -3.5207e+00 +1.8779e+00 +2.5555e+00 +1.3128e+00 -2.6978e+00
791 0 +2.395676811e+00 +3.957567681e+01 +3.957567681e+01 -3.4303e+00 +1.4178e+00 +1.8170e+00 +1.5086e+00 -3.0417e+00
971 0 +2.152642646e+00 +3.933264265e+01 +3.933264265e+01 -3.4800e+00 +1.7187e+00 +2.2127e+00 +1.2765e+00 -3.1507e+00
998 0 +2.015828807e+00 +3.919582881e+01 +3.919582881e+01 -3.4551e+00 +1.8873e+00 +2.4954e+00 +1.3054e+00 -2.8473e+00
1085 0 +1.902536949e+00 +3.908253695e+01 +3.908253695e+01 -3.6031e+00 +1.9794e+00 +2.4069e+00 +1.3264e+00 -2.7130e+00
1454 0 +1.589678921e+00 +3.876967892e+01 +3.876967892e+01 -3.6095e+00 +1.9229e+00 +2.4744e+00 +1.4093e+00 -3.0933e+00
1553 0 +1.205120608e+00 +3.838512061e+01 +3.838512061e+01 -3.5176e+00 +1.8229e+00 +2.3536e+00 +1.4618e+00 -3.3038e+00
1571 0 +1.065268808e+00 +3.824526881e+01 +3.824526881e+01 -3.4217e+00 +1.7395e+00 +2.5423e+00 +1.4372e+00 -3.2026e+00
1663 0 +6.305595495e-01 +3.781055955e+01 +3.781055955e+01 -3.5368e+00 +1.8408e+00 +2.3793e+00 +1.4711e+00 -3.2546e+00
2589 0 +5.496179050e-01 +3.772961790e+01 +3.772961790e+01 -3.7448e+00 +1.9729e+00 +2.2256e+00 +1.5083e+00 -3.3016e+00
2845 0 +3.305260198e-01 +3.751052602e+01 +3.751052602e+01 -3.6119e+00 +1.9527e+00 +2.3724e+00 +1.4997e+00 -3.3978e+00
3192 0 +3.030689632e-01 +3.748306896e+01 +3.748306896e+01 -3.6119e+00 +1.9527e+00 +2.3864e+00 +1.4991e+00 -3.3978e+00
3947 0 +1.643725782e-01 +3.734437258e+01 +3.734437258e+01 -3.6141e+00 +2.0240e+00 +2.4339e+00 +1.4851e+00 -3.3893e+00
% f evaluations | g evaluations | best noise-free fitness - Fopt (-1.479000000000e+02) + sum g_i+ | measured fitness | best measured fitness or single-digit g-values | x1 | x2...
1 0 +8.970395952e+01 -5.819604048e+01 -5.819604048e+01 -2.0794e-01 +1.9990e+00 -4.8947e+00 +3.0043e+00 -2.4786e+00
3 0 +5.515887400e+01 -9.274112600e+01 -9.274112600e+01 -1.2766e+00 -5.8796e-01 -4.9139e+00 -1.6158e+00 -3.3547e+00
7 0 +4.843319804e+01 -9.946680196e+01 -9.946680196e+01 +8.7880e-01 -4.6617e+00 +2.1526e+00 +1.4732e+00 -4.8451e+00
12 0 +1.053154917e+01 -1.373684508e+02 -1.373684508e+02 -1.8332e+00 +1.9924e-01 +1.4576e+00 -1.4613e+00 -4.0259e+00
215 0 +1.006942734e+01 -1.378305727e+02 -1.378305727e+02 -1.9143e+00 +1.9924e-01 +1.4576e+00 -1.6333e+00 -4.0485e+00
233 0 +7.901848861e+00 -1.399981511e+02 -1.399981511e+02 -2.3561e+00 -8.2697e-01 +9.5531e-01 -8.6025e-01 -3.3009e+00
327 0 +6.713207863e+00 -1.411867921e+02 -1.411867921e+02 -1.7717e+00 +1.5503e-01 +1.4576e+00 -1.5864e+00 -4.0655e+00
331 0 +6.172298091e+00 -1.417277019e+02 -1.417277019e+02 -2.4446e+00 +6.8651e-01 +3.1996e-01 -2.1365e+00 -2.9145e+00
332 0 +5.192807109e+00 -1.427071929e+02 -1.427071929e+02 -1.4083e+00 +3.0065e-01 +4.8751e-01 -2.1903e+00 -3.6158e+00
414 0 +3.583665310e+00 -1.443163347e+02 -1.443163347e+02 -1.4975e+00 -1.4735e-01 +1.2404e+00 -2.0800e+00 -2.8339e+00
460 0 +3.431351904e+00 -1.444686481e+02 -1.444686481e+02 -1.9958e+00 -1.0717e-01 +1.5130e+00 -1.8757e+00 -2.8986e+00
515 0 +2.416493938e+00 -1.454835061e+02 -1.454835061e+02 -1.8044e+00 -1.0717e-01 +1.6254e+00 -1.8757e+00 -2.8986e+00
540 0 +2.239916612e+00 -1.456600834e+02 -1.456600834e+02 -1.5725e+00 +6.3022e-01 +7.0503e-01 -1.7939e+00 -3.4135e+00
542 0 +1.923117346e+00 -1.459768827e+02 -1.459768827e+02 -1.7296e+00 -1.4735e-01 +1.2404e+00 -2.0800e+00 -2.8339e+00
612 0 +1.402604042e+00 -1.464973960e+02 -1.464973960e+02 -1.5834e+00 -1.6301e-01 +1.6254e+00 -1.8757e+00 -2.9618e+00
721 0 +1.036929623e+00 -1.468630704e+02 -1.468630704e+02 -1.6919e+00 -2.0984e-01 +1.5760e+00 -1.9982e+00 -2.9327e+00
797 0 +8.578872484e-01 -1.470421128e+02 -1.470421128e+02 -1.6722e+00 -5.1927e-02 +1.3170e+00 -1.9535e+00 -3.1798e+00
813 0 +8.447156883e-01 -1.470552843e+02 -1.470552843e+02 -1.6290e+00 +1.6153e-01 +1.1917e+00 -1.9436e+00 -3.1697e+00
893 0 +6.533749991e-01 -1.472466250e+02 -1.472466250e+02 -1.7045e+00 -2.9390e-02 +1.3659e+00 -1.9243e+00 -3.0629e+00
973 0 +6.012805338e-01 -1.472987195e+02 -1.472987195e+02 -1.6829e+00 +6.3960e-02 +1.2137e+00 -1.9735e+00 -3.1207e+00
1057 0 +5.286858214e-01 -1.473713142e+02 -1.473713142e+02 -1.5954e+00 +1.2394e-01 +1.0854e+00 -1.9811e+00 -3.0708e+00
1072 0 +3.119443079e-01 -1.475880557e+02 -1.475880557e+02 -1.6889e+00 -1.5746e-02 +1.3229e+00 -1.9711e+00 -2.9965e+00
1241 0 +2.970355460e-01 -1.476029645e+02 -1.476029645e+02 -1.6660e+00 +4.7235e-02 +1.1894e+00 -2.0599e+00 -3.0796e+00
1282 0 +2.611178194e-01 -1.476388822e+02 -1.476388822e+02 -1.6282e+00 +2.8750e-02 +1.3267e+00 -1.9930e+00 -3.1040e+00
1564 0 +2.200350811e-01 -1.476799649e+02 -1.476799649e+02 -1.6927e+00 +5.6648e-02 +1.2174e+00 -1.9852e+00 -3.0460e+00
1634 0 +1.489015212e-01 -1.477510985e+02 -1.477510985e+02 -1.6913e+00 +1.2095e-01 +1.1615e+00 -1.9882e+00 -3.0815e+00
1709 0 +1.269271969e-01 -1.477730728e+02 -1.477730728e+02 -1.6890e+00 +1.2095e-01 +1.1615e+00 -1.9882e+00 -3.0815e+00
2434 0 +1.008767602e-01 -1.477991232e+02 -1.477991232e+02 -1.6771e+00 +9.6818e-02 +1.1772e+00 -1.9902e+00 -3.0948e+00
3218 0 +9.979788612e-02 -1.478002021e+02 -1.478002021e+02 -1.6782e+00 +1.2396e-01 +1.1434e+00 -2.0000e+00 -3.0946e+00
% f evaluations | g evaluations | best noise-free fitness - Fopt (1.699300000000e+02) + sum g_i+ | measured fitness | best measured fitness or single-digit g-values | x1 | x2...
1 0 +1.161240305e+02 +2.860540305e+02 +2.860540305e+02 +8.8877e-01 +4.7869e+00 +1.6400e+00 -3.0312e-01 +1.0305e+00
3 0 +7.814790969e+01 +2.480779097e+02 +2.480779097e+02 -3.4218e+00 -4.8147e+00 -1.5277e+00 +1.0094e+00 +3.3582e+00
8 0 +3.314923207e+01 +2.030792321e+02 +2.030792321e+02 -2.2179e+00 +1.4877e+00 -1.7216e-01 -7.8121e-01 -7.8619e-01
37 0 +2.570655386e+01 +1.956365539e+02 +1.956365539e+02 -8.4930e-02 +4.5813e-01 -7.9524e-01 -2.9648e+00 -1.6008e+00
79 0 +2.517460971e+01 +1.951046097e+02 +1.951046097e+02 -2.9348e+00 -1.9843e+00 -4.6132e+00 -4.0596e+00 -3.3102e+00
115 0 +8.543668364e+00 +1.784736684e+02 +1.784736684e+02 +7.8619e-02 -1.1803e+00 -3.0779e+00 -3.3526e+00 -3.8982e+00
256 0 +7.925487022e+00 +1.778554870e+02 +1.778554870e+02 -8.4599e-01 +9.8026e-01 -1.3635e+00 -2.4901e+00 -3.4220e+00
310 0 +7.072233084e+00 +1.770022331e+02 +1.770022331e+02 -2.2916e+00 -8.3961e-01 -2.3944e+00 -2.7175e+00 -2.9901e+00
371 0 +5.680021829e+00 +1.756100218e+02 +1.756100218e+02 -9.2217e-01 -2.3624e-01 -1.7768e+00 -2.4076e+00 -3.2279e+00
400 0 +4.458519612e+00 +1.743885196e+02 +1.743885196e+02 -7.9684e-01 -1.1290e+00 -2.1386e+00 -2.9076e+00 -3.6582e+00
444 0 +2.455946628e+00 +1.723859466e+02 +1.723859466e+02 -3.2719e-02 -3.7345e-01 -2.0854e+00 -3.1452e+00 -3.8332e+00
663 0 +2.171646502e+00 +1.721016465e+02 +1.721016465e+02 -3.2719e-02 -3.7345e-01 -2.0854e+00 -3.1516e+00 -3.8332e+00
832 0 +2.037192086e+00 +1.719671921e+02 +1.719671921e+02 -3.2719e-02 -4.2342e-01 -2.1547e+00 -3.1714e+00 -3.8508e+00
863 0 +1.946003959e+00 +1.718760040e+02 +1.718760040e+02 -1.1966e-01 +4.6863e-02 -1.8573e+00 -2.8229e+00 -3.7447e+00
897 0 +1.395623696e+00 +1.713256237e+02 +1.713256237e+02 -3.3562e-01 -5.1352e-02 -1.9828e+00 -2.9862e+00 -3.8969e+00
1022 0 +1.117145801e+00 +1.710471458e+02 +1.710471458e+02 -2.7357e-01 -1.0034e-01 -1.9281e+00 -2.7514e+00 -3.6631e+00
1120 0 +1.063017040e+00 +1.709930170e+02 +1.709930170e+02 -3.8240e-01 -9.5071e-02 -1.9289e+00 -2.6857e+00 -3.6648e+00
1122 0 +9.462970533e-01 +1.708762971e+02 +1.708762971e+02 -4.0884e-01 -1.1318e-01 -2.0062e+00 -2.9147e+00 -3.8943e+00
1254 0 +5.128728754e-01 +1.704428729e+02 +1.704428729e+02 -5.9463e-01 +1.0111e-01 -1.8958e+00 -2.7228e+00 -3.8237e+00
1358 0 +5.017433435e-01 +1.704317433e+02 +1.704317433e+02 -5.9463e-01 +7.6476e-02 -1.8663e+00 -2.7228e+00 -3.8237e+00
1541 0 +4.405043023e-01 +1.703705043e+02 +1.703705043e+02 -3.6741e-01 +1.4680e-01 -1.8645e+00 -2.7704e+00 -3.8209e+00
1571 0 +4.003375272e-01 +1.703303375e+02 +1.703303375e+02 -6.8690e-01 -4.1964e-03 -1.9352e+00 -2.7454e+00 -3.8541e+00
1900 0 +3.751072173e-01 +1.703051072e+02 +1.703051072e+02 -6.8690e-01 +1.8029e-02 -1.9352e+00 -2.7454e+00 -3.8541e+00
2503 0 +2.893504371e-01 +1.702193504e+02 +1.702193504e+02 -5.2118e-01 +1.2347e-02 -1.9264e+00 -2.7778e+00 -3.8469e+00
2604 0 +2.316740436e-01 +1.701616740e+02 +1.701616740e+02 -6.4024e-01 -1.6193e-02 -1.9352e+00 -2.7168e+00 -3.8027e+00
3337 0 +1.836699008e-01 +1.701136699e+02 +1.701136699e+02 -6.7359e-01 -4.0145e-02 -1.9468e+00 -2.7271e+00 -3.8059e+00
% f evaluations | g evaluations | best noise-free fitness - Fopt (1.181700000000e+02) + sum g_i+ | measured fitness | best measured fitness or single-digit g-values | x1 | x2...
1 0 +8.986150430e+01 +2.080315043e+02 +2.080315043e+02 +5.2894e-01 +4.7018e+00 +3.0790e+00 -1.6270e+00 -4.6220e+00
3 0 +2.291293262e+01 +1.410829326e+02 +1.410829326e+02 +8.0844e-01 -1.8172e+00 -3.8325e+00 -2.8684e-01 -3.3605e+00
67 0 +1.001495311e+01 +1.281849531e+02 +1.281849531e+02 +2.2613e+00 -2.4298e+00 -4.7316e+00 +5.7701e-01 -3.6973e+00
145 0 +4.764411091e+00 +1.229344111e+02 +1.229344111e+02 +2.2613e+00 -2.5849e+00 -4.7316e+00 +5.7015e-01 -3.6973e+00
391 0 +4.557390445e+00 +1.227273904e+02 +1.227273904e+02 +2.2414e+00 -2.5983e+00 -4.7158e+00 +7.2220e-01 -3.6973e+00
416 0 +3.203474947e+00 +1.213734749e+02 +1.213734749e+02 +1.8174e+00 -2.3189e+00 -4.2120e+00 +9.6140e-01 -3.1027e+00
693 0 +2.837102377e+00 +1.210071024e+02 +1.210071024e+02 +8.5871e-01 -2.6042e+00 -3.1364e+00 +2.3757e+00 -2.1363e+00
718 0 +2.489859115e+00 +1.206598591e+02 +1.206598591e+02 +1.5953e+00 -2.4442e+00 -3.9313e+00 +1.2379e+00 -2.9677e+00
739 0 +2.082956629e+00 +1.202529566e+02 +1.202529566e+02 +1.9031e+00 -2.4750e+00 -4.2753e+00 +1.0021e+00 -3.2107e+00
842 0 +1.937083580e+00 +1.201070836e+02 +1.201070836e+02 +1.6943e+00 -2.4813e+00 -3.9486e+00 +1.3533e+00 -2.8851e+00
895 0 +1.885403845e+00 +1.200554038e+02 +1.200554038e+02 +1.3267e+00 -2.4412e+00 -3.6869e+00 +1.9183e+00 -2.6195e+00
914 0 +1.499021667e+00 +1.196690217e+02 +1.196690217e+02 +1.7134e+00 -2.5145e+00 -4.0673e+00 +1.3801e+00 -2.9262e+00
966 0 +1.367068274e+00 +1.195370683e+02 +1.195370683e+02 +1.9730e+00 -2.5238e+00 -4.3044e+00 +1.0307e+00 -3.1458e+00
1132 0 +1.318185780e+00 +1.194881858e+02 +1.194881858e+02 +1.6810e+00 -2.3723e+00 -3.9718e+00 +1.2465e+00 -2.6176e+00
1134 0 +1.209359751e+00 +1.193793598e+02 +1.193793598e+02 +1.9512e+00 -2.5798e+00 -4.1940e+00 +1.0558e+00 -3.2817e+00
1154 0 +1.114401962e+00 +1.192844020e+02 +1.192844020e+02 +1.7542e+00 -2.5089e+00 -4.0744e+00 +1.3069e+00 -2.8755e+00
1209 0 +1.041655498e+00 +1.192116555e+02 +1.192116555e+02 +1.8016e+00 -2.4845e+00 -4.0706e+00 +1.2509e+00 -2.9138e+00
1292 0 +8.429646567e-01 +1.190129647e+02 +1.190129647e+02 +1.5563e+00 -2.4169e+00 -3.7817e+00 +1.5927e+00 -2.5613e+00
1298 0 +7.303212805e-01 +1.189003213e+02 +1.189003213e+02 +1.7758e+00 -2.4889e+00 -4.0604e+00 +1.2620e+00 -2.8592e+00
1503 0 +5.984821126e-01 +1.187684821e+02 +1.187684821e+02 +1.6167e+00 -2.4463e+00 -3.7932e+00 +1.5660e+00 -2.6440e+00
3046 0 +5.301536223e-01 +1.187001536e+02 +1.187001536e+02 +1.5745e+00 -2.4423e+00 -3.7673e+00 +1.6086e+00 -2.5933e+00
4050 0 +5.106206073e-01 +1.186806206e+02 +1.186806206e+02 +1.5778e+00 -2.4538e+00 -3.7917e+00 +1.6214e+00 -2.6130e+00
4330 0 +4.727855509e-01 +1.186427856e+02 +1.186427856e+02 +1.5928e+00 -2.4584e+00 -3.7499e+00 +1.6070e+00 -2.6200e+00
% f evaluations | g evaluations | best noise-free fitness - Fopt (-1.791300000000e+02) + sum g_i+ | measured fitness | best measured fitness or single-digit g-values | x1 | x2...
1 0 +3.580502253e+02 +1.789202253e+02 +1.789202253e+02 +3.7780e+00 +3.8542e+00 -7.3246e-01 +9.6531e-01 +2.6228e-01
2 0 +9.699026978e+01 -8.213973022e+01 -8.213973022e+01 +4.7371e+00 -1.8040e+00 -7.3669e-01 -2.3714e+00 +4.4083e-02
6 0 +3.280908825e+01 -1.463209117e+02 -1.463209117e+02 +7.0525e-01 -4.0801e+00 +3.9599e+00 -1.6418e-01 +1.6475e+00
32 0 +2.788689069e+01 -1.512431093e+02 -1.512431093e+02 +4.0262e+00 -4.5698e+00 +6.4068e-01 -9.1014e-01 +2.7917e+00
45 0 +2.463488002e+01 -1.544951200e+02 -1.544951200e+02 -1.3735e+00 -4.5497e+00 +3.5264e+00 -2.9370e+00 -2.6808e-02
119 0 +1.744516738e+01 -1.616848326e+02 -1.616848326e+02 +6.3631e-02 -2.6397e+00 +2.8755e+00 -2.5932e+00 -1.6922e-01
229 0 +1.313246159e+01 -1.659975384e+02 -1.659975384e+02 +1.3196e-01 -2.0241e+00 +3.1606e+00 -1.0989e+00 +7.7978e-01
301 0 +1.194143853e+01 -1.671885615e+02 -1.671885615e+02 +8.3023e-01 -2.7643e+00 +6.6708e-01 -3.0473e+00 -4.6132e-01
319 0 +9.623216881e+00 -1.695067831e+02 -1.695067831e+02 +3.0394e-01 -2.2300e+00 +1.8320e+00 -2.4180e+00 -4.2633e-01
368 0 +8.737824438e+00 -1.703921756e+02 -1.703921756e+02 -5.5317e-01 -2.5877e+00 +2.6539e+00 -1.0360e+00 +6.1428e-01
371 0 +7.889008250e+00 -1.712409917e+02 -1.712409917e+02 +7.2914e-01 -2.2320e+00 +2.0047e+00 -3.1767e+00 +9.7629e-01
398 0 +7.748761267e+00 -1.713812387e+02 -1.713812387e+02 +1.4203e+00 -2.1781e+00 +2.4489e+00 -2.8449e+00 +9.6974e-01
403 0 +6.306267048e+00 -1.728237330e+02 -1.728237330e+02 +8.5352e-01 -2.6189e+00 +2.1247e+00 -2.5063e+00 +3.1011e-01
423 0 +5.900252112e+00 -1.732297479e+02 -1.732297479e+02 +1.3293e+00 -2.4307e+00 +2.7362e+00 -2.0951e+00 +1.0586e+00
427 0 +4.516050009e+00 -1.746139500e+02 -1.746139500e+02 +9.7425e-01 -2.7450e+00 +2.3338e+00 -2.4609e+00 +1.7951e-01
492 0 +3.718835999e+00 -1.754111640e+02 -1.754111640e+02 +1.1670e+00 -2.7219e+00 +1.9248e+00 -2.8372e+00 +4.0946e-01
506 0 +3.538252350e+00 -1.755917477e+02 -1.755917477e+02 +6.9677e-01 -2.1199e+00 +2.6362e+00 -2.1096e+00 +9.5779e-01
618 0 +3.431816432e+00 -1.756981836e+02 -1.756981836e+02 +7.5498e-01 -2.3723e+00 +2.3868e+00 -2.2156e+00 +5.1078e-01
698 0 +2.473796186e+00 -1.766562038e+02 -1.766562038e+02 +8.0272e-01 -2.6915e+00 +2.1357e+00 -2.6134e+00 +7.7468e-01
714 0 +2.196961223e+00 -1.769330388e+02 -1.769330388e+02 +8.9840e-01 -2.1855e+00 +2.5228e+00 -2.3235e+00 +7.5437e-01
728 0 +2.077739539e+00 -1.770522605e+02 -1.770522605e+02 +9.3268e-01 -2.2584e+00 +2.5601e+00 -2.2897e+00 +6.4384e-01
859 0 +2.006996103e+00 -1.771230039e+02 -1.771230039e+02 +7.8595e-01 -2.4765e+00 +2.4682e+00 -2.2723e+00 +7.0434e-01
865 0 +9.134617083e-01 -1.782165383e+02 -1.782165383e+02 +8.9467e-01 -2.3299e+00 +2.5414e+00 -2.2810e+00 +7.5393e-01
1127 0 +7.013791536e-01 -1.784286208e+02 -1.784286208e+02 +8.2975e-01 -2.3378e+00 +2.6126e+00 -2.2265e+00 +8.0930e-01
2277 0 +5.158899169e-01 -1.786141101e+02 -1.786141101e+02 +8.1954e-01 -2.3849e+00 +2.5697e+00 -2.2621e+00 +9.0774e-01
4349 0 +4.710280590e-01 -1.786589719e+02 -1.786589719e+02 +8.1583e-01 -2.3846e+00 +2.5865e+00 -2.2599e+00 +9.0116e-01
% f evaluations | g evaluations | best noise-free fitness - Fopt (-5.784000000000e+02) + sum g_i+ | measured fitness | best measured fitness or single-digit g-values | x1 | x2...
1 0 +4.911325873e+02 -8.726741265e+01 -8.726741265e+01 +3.5777e+00 -3.5681e+00 -2.0043e+00 -1.9916e+00 -1.8216e+00
2 0 +4.381745157e+02 -1.402254843e+02 -1.402254843e+02 +2.3636e+00 -4.8784e+00 +1.6308e-01 -3.0855e+00 +1.5672e+00
3 0 +1.885339869e+02 -3.898660131e+02 -3.898660131e+02 +2.2542e+00 -7.3883e-01 +1.2517e+00 -4.0101e+00 +3.2131e+00
4 0 +1.460005510e+02 -4.323994490e+02 -4.323994490e+02 +1.3975e+00 -2.0024e+00 -1.4077e+00 +4.2503e+00 +1.9326e+00
5 0 +7.202150232e+01 -5.063784977e+02 -5.063784977e+02 +3.3786e+00 +2.1258e+00 -3.9152e-01 +2.9557e+00 -4.7081e+00
16 0 +6.048830203e+01 -5.179116980e+02 -5.179116980e+02 +3.9409e+00 +2.6673e+00 -3.7741e+00 +2.9056e-01 +4.2441e+00
26 0 +1.259364654e+01 -5.658063535e+02 -5.658063535e+02 -8.4057e-01 +2.8681e+00 +1.0055e+00 +1.2854e+00 -1.8152e+00
200 0 +1.068966115e+01 -5.677103388e+02 -5.677103388e+02 -8.4057e-01 +2.8170e+00 +9.7109e-01 +1.3278e+00 -1.7223e+00
283 0 +1.003697388e+01 -5.683630261e+02 -5.683630261e+02 -1.4242e+00 +2.1965e+00 -1.4495e+00 +3.4844e-01 -1.1987e+00
319 0 +9.183670285e+00 -5.692163297e+02 -5.692163297e+02 -3.1907e+00 +4.3580e+00 -6.4937e-01 +1.4629e+00 -2.4061e+00
320 0 +6.942870667e+00 -5.714571293e+02 -5.714571293e+02 -2.6199e+00 +3.0534e+00 -2.3708e+00 -9.6065e-01 -1.0023e+00
404 0 +6.024083827e+00 -5.723759162e+02 -5.723759162e+02 -1.7213e+00 +2.2846e+00 -2.2922e+00 -6.3650e-01 -7.2301e-01
439 0 +5.845415100e+00 -5.725545849e+02 -5.725545849e+02 -2.2263e+00 +3.3129e+00 -3.4027e+00 -1.1240e+00 -2.5003e-01
445 0 +4.444326334e+00 -5.739556737e+02 -5.739556737e+02 -2.6696e+00 +3.4516e+00 -1.1596e+00 +2.7871e-01 -1.8489e+00
587 0 +3.575234396e+00 -5.748247656e+02 -5.748247656e+02 -2.6696e+00 +3.4516e+00 -1.2488e+00 +3.3066e-01 -1.8489e+00
610 0 +3.376402618e+00 -5.750235974e+02 -5.750235974e+02 -1.9122e+00 +3.0040e+00 -9.9696e-01 +2.1367e-01 -1.3719e+00
639 0 +3.248767108e+00 -5.751512329e+02 -5.751512329e+02 -2.7023e+00 +3.2193e+00 -2.9097e+00 -6.9703e-01 -9.4642e-01
743 0 +2.194036699e+00 -5.762059633e+02 -5.762059633e+02 -2.7023e+00 +3.2193e+00 -2.9097e+00 -6.6772e-01 -9.4642e-01
927 0 +1.880220876e+00 -5.765197791e+02 -5.765197791e+02 -2.7964e+00 +3.6362e+00 -1.5418e+00 +1.8443e-01 -1.9301e+00
1170 0 +1.425488885e+00 -5.769745111e+02 -5.769745111e+02 -2.7966e+00 +3.3908e+00 -2.1242e+00 -1.2629e-01 -1.6881e+00
1551 0 +1.330388144e+00 -5.770696119e+02 -5.770696119e+02 -2.7964e+00 +3.3874e+00 -2.2509e+00 -2.0047e-01 -1.5180e+00
1683 0 +1.120739972e+00 -5.772792600e+02 -5.772792600e+02 -2.7966e+00 +3.3908e+00 -2.0846e+00 -1.2629e-01 -1.6881e+00
2457 0 +9.875631539e-01 -5.774124368e+02 -5.774124368e+02 -2.8003e+00 +3.4322e+00 -2.1065e+00 -1.1113e-01 -1.6428e+00
3205 0 +9.316412356e-01 -5.774683588e+02 -5.774683588e+02 -2.8119e+00 +3.4552e+00 -2.0788e+00 -1.0374e-01 -1.6706e+00
% f evaluations | g evaluations | best noise-free fitness - Fopt (1.000000000000e+03) + sum g_i+ | measured fitness | best measured fitness or single-digit g-values | x1 | x2...
1 0 +9.996111932e+01 +1.099961119e+03 +1.099961119e+03 +1.2074e+00 +1.7759e+00 +1.0539e-01 -6.4155e-01 -2.8057e+00
2 0 +9.031918958e+01 +1.090319190e+03 +1.090319190e+03 -3.2201e+00 -3.3588e+00 +1.2072e+00 -3.3370e+00 +4.9122e+00
14 0 +4.747222810e+01 +1.047472228e+03 +1.047472228e+03 -1.5035e+00 +1.7061e+00 +2.0079e+00 -2.9171e+00 -1.2383e+00
49 0 +4.503874891e+01 +1.045038749e+03 +1.045038749e+03 -4.8250e+00 -1.1682e+00 +2.2074e+00 -1.0510e+00 -1.2117e+00
52 0 +2.197413167e+01 +1.021974132e+03 +1.021974132e+03 -7.6190e-01 -3.1008e+00 +3.2451e+00 -1.1263e+00 +5.9643e-02
107 0 +1.993345407e+01 +1.019933454e+03 +1.019933454e+03 -6.2816e-01 -3.1008e+00 +3.2451e+00 -1.1054e+00 -1.5348e-01
131 0 +1.185281398e+01 +1.011852814e+03 +1.011852814e+03 -8.0054e-01 -2.5098e+00 +9.2743e-02 -1.3060e+00 -7.2268e-01
298 0 +9.101836426e+00 +1.009101836e+03 +1.009101836e+03 -1.0843e+00 -3.2919e+00 +2.0506e-02 -1.9675e+00 -8.0460e-01
348 0 +7.593219811e+00 +1.007593220e+03 +1.007593220e+03 -1.9577e+00 -3.1035e+00 +2.3204e-01 -2.8144e+00 -1.3492e+00
445 0 +6.180942386e+00 +1.006180942e+03 +1.006180942e+03 -1.1442e+00 -3.2919e+00 +2.6435e-02 -1.9675e+00 -8.0703e-01
498 0 +6.012240385e+00 +1.006012240e+03 +1.006012240e+03 -1.0095e+00 -2.8690e+00 +2.2909e-01 -2.0732e+00 -5.7885e-01
625 0 +4.776855471e+00 +1.004776855e+03 +1.004776855e+03 -1.1442e+00 -3.4561e+00 -2.7245e-02 -2.1131e+00 -8.2170e-01
732 0 +3.999736340e+00 +1.003999736e+03 +1.003999736e+03 -1.5500e+00 -3.1145e+00 +1.7929e-01 -2.4567e+00 -9.9762e-01
811 0 +3.063711686e+00 +1.003063712e+03 +1.003063712e+03 -1.2745e+00 -3.5384e+00 +1.3306e-01 -2.0306e+00 -7.6048e-01
1151 0 +2.850091683e+00 +1.002850092e+03 +1.002850092e+03 -1.3405e+00 -3.6802e+00 +1.3396e-01 -2.0532e+00 -6.5979e-01
1196 0 +2.807248984e+00 +1.002807249e+03 +1.002807249e+03 -1.2745e+00 -3.3924e+00 +1.5998e-01 -2.0144e+00 -6.7662e-01
1248 0 +2.698692885e+00 +1.002698693e+03 +1.002698693e+03 -1.2762e+00 -3.5610e+00 +1.2237e-01 -2.0286e+00 -6.2950e-01
1303 0 +2.263860677e+00 +1.002263861e+03 +1.002263861e+03 -1.1978e+00 -3.6387e+00 +1.3306e-01 -2.1431e+00 -5.3740e-01
1305 0 +1.078764770e+00 +1.001078765e+03 +1.001078765e+03 -1.2918e+00 -3.6039e+00 +1.8238e-01 -2.0352e+00 -4.9407e-01
1681 0 +9.077919689e-01 +1.000907792e+03 +1.000907792e+03 -1.2994e+00 -3.6039e+00 +1.8238e-01 -2.0352e+00 -4.9407e-01
1814 0 +8.758974412e-01 +1.000875897e+03 +1.000875897e+03 -1.2232e+00 -3.5957e+00 +1.3208e-01 -2.0162e+00 -4.8908e-01
2108 0 +6.600030739e-01 +1.000660003e+03 +1.000660003e+03 -1.2672e+00 -3.6325e+00 +1.9064e-01 -2.0435e+00 -5.0863e-01
4415 0 +5.270995125e-01 +1.000527100e+03 +1.000527100e+03 -1.3220e+00 -3.6844e+00 +3.4833e-01 -2.0881e+00 -5.3864e-01
4439 0 +4.909814615e-01 +1.000490981e+03 +1.000490981e+03 -1.2937e+00 -3.6645e+00 +4.1920e-01 -2.0611e+00 -5.0901e-01
4632 0 +4.638926329e-01 +1.000463893e+03 +1.000463893e+03 -1.2862e+00 -3.6477e+00 +2.8027e-01 -2.0578e+00 -5.1165e-01
% f evaluations | g evaluations | best noise-free fitness - Fopt (-3.427000000000e+01) + sum g_i+ | measured fitness | best measured fitness or single-digit g-values | x1 | x2...
1 0 +4.242315521e+01 +8.153155212e+00 +8.153155212e+00 +1.9107e+00 +2.4804e+00 +1.9937e+00 -1.3901e+00 -3.4907e+00
2 0 +4.054369067e+01 +6.273690669e+00 +6.273690669e+00 +4.9132e+00 +3.5038e+00 -1.3376e+00 +2.6853e-01 -1.3195e+00
20 0 +3.872859556e+01 +4.458595561e+00 +4.458595561e+00 -1.0001e+00 +3.2453e+00 +3.0010e+00 -3.6454e+00 -2.8851e+00
29 0 +2.674475376e+01 -7.525246241e+00 -7.525246241e+00 +1.6442e+00 -9.0402e-01 +1.7404e+00 -7.6132e-01 -9.2428e-01
103 0 +1.975694760e+01 -1.451305240e+01 -1.451305240e+01 +2.2012e+00 +2.5793e+00 -4.8530e-01 -2.4185e-01 +7.2448e-01
122 0 +1.915017457e+01 -1.511982543e+01 -1.511982543e+01 +1.7563e+00 +9.4573e-03 +1.2502e+00 +3.9521e-01 +1.8405e+00
125 0 +1.757467251e+01 -1.669532749e+01 -1.669532749e+01 +4.8976e+00 -7.2062e-01 +1.8700e+00 -1.7543e-01 -1.2264e+00
140 0 +1.523432255e+01 -1.903567745e+01 -1.903567745e+01 +4.1106e+00 +5.8295e-01 -6.6768e-01 +1.5447e+00 +2.8015e-01
152 0 +1.501994892e+01 -1.925005108e+01 -1.925005108e+01 +3.3579e+00 +1.4395e+00 +8.8740e-02 -2.4639e-01 -1.1661e+00
205 0 +1.408701182e+01 -2.018298818e+01 -2.018298818e+01 +1.8916e+00 +2.5162e-01 +1.2539e+00 +1.5804e+00 +7.0965e-01
226 0 +1.226715716e+01 -2.200284284e+01 -2.200284284e+01 +1.7375e+00 -9.0402e-01 +1.6729e+00 -7.6132e-01 -9.2428e-01
227 0 +9.710140769e+00 -2.455985923e+01 -2.455985923e+01 +3.4479e+00 -1.6822e-01 +4.0973e-01 +5.1826e-01 -9.8828e-01
240 0 +7.541630379e+00 -2.672836962e+01 -2.672836962e+01 +3.4343e+00 -4.0070e-01 -5.5611e-01 -9.0285e-01 -5.8266e-01
396 0 +3.035596691e+00 -3.123440331e+01 -3.123440331e+01 +2.8613e+00 +1.1820e-01 +7.2693e-01 -2.8548e-01 +9.8832e-01
429 0 +2.985053829e+00 -3.128494617e+01 -3.128494617e+01 +2.8613e+00 +1.1820e-01 +7.2693e-01 -3.3168e-01 +9.8832e-01
503 0 +2.639704923e+00 -3.163029508e+01 -3.163029508e+01 +2.8613e+00 +5.2925e-02 +7.9341e-01 -3.3168e-01 +9.8832e-01
536 0 +1.926895633e+00 -3.234310437e+01 -3.234310437e+01 +3.0527e+00 +2.5014e-01 +7.2693e-01 -2.8548e-01 +9.8832e-01
598 0 +1.853791534e+00 -3.241620847e+01 -3.241620847e+01 +3.2718e+00 +3.9033e-01 +3.8097e-01 +8.0874e-04 +9.6230e-01
624 0 +1.279286999e+00 -3.299071300e+01 -3.299071300e+01 +2.8076e+00 +2.2359e-01 +9.6417e-01 -3.2519e-01 +7.4178e-01
750 0 +1.129407733e+00 -3.314059227e+01 -3.314059227e+01 +2.9538e+00 +2.4121e-01 +9.0348e-01 -2.4020e-01 +6.8856e-01
859 0 +9.189067671e-01 -3.335109323e+01 -3.335109323e+01 +3.0524e+00 +3.0379e-01 +8.3743e-01 -2.6752e-01 +8.9330e-01
889 0 +8.401607091e-01 -3.342983929e+01 -3.342983929e+01 +3.0489e+00 +2.9610e-01 +7.7593e-01 -2.7878e-01 +6.5217e-01
938 0 +7.146851027e-01 -3.355531490e+01 -3.355531490e+01 +2.9695e+00 +2.6181e-01 +7.0501e-01 -2.0843e-01 +8.8085e-01
986 0 +3.208196997e-01 -3.394918030e+01 -3.394918030e+01 +2.9901e+00 +2.4436e-01 +8.4670e-01 -3.2657e-01 +6.9716e-01
1465 0 +2.649197813e-01 -3.400508022e+01 -3.400508022e+01 +3.0123e+00 +3.6473e-01 +8.0848e-01 -2.5838e-01 +7.6802e-01
1802 0 +2.597986183e-01 -3.401020138e+01 -3.401020138e+01 +2.9674e+00 +3.2027e-01 +8.9026e-01 -2.9396e-01 +7.7828e-01
2667 0 +1.797380796e-01 -3.409026192e+01 -3.409026192e+01 +3.0093e+00 +4.1594e-01 +8.5692e-01 -1.8636e-01 +8.5879e-01
3137 0 +1.541099517e-01 -3.411589005e+01 -3.411589005e+01 +3.0669e+00 +3.9122e-01 +7.8422e-01 -1.8140e-01 +8.1580e-01
3478 0 +1.073655734e-01 -3.416263443e+01 -3.416263443e+01 +3.0779e+00 +3.7589e-01 +7.6761e-01 -1.8140e-01 +8.1580e-01
3782 0 +6.717989582e-02 -3.420282010e+01 -3.420282010e+01 +3.0779e+00 +3.7589e-01 +7.6761e-01 -1.8727e-01 +8.1580e-01
% f evaluations | g evaluations | best noise-free fitness - Fopt (1.000000000000e+03) + sum g_i+ | measured fitness | best measured fitness or single-digit g-values | x1 | x2...
1 0 +2.698598555e+02 +1.269859856e+03 +1.269859856e+03 -3.4477e+00 -3.3321e+00 +2.0290e+00 -1.9263e+00 +3.0560e+00
2 0 +1.344490010e+02 +1.134449001e+03 +1.134449001e+03 +2.9356e+00 -3.9678e+00 -2.3881e-01 +1.0526e+00 +2.3323e+00
4 0 +6.016706923e+01 +1.060167069e+03 +1.060167069e+03 +1.6932e+00 +4.3935e+00 -3.8353e+00 -1.0488e-01 -3.8827e+00
7 0 +3.985701416e+01 +1.039857014e+03 +1.039857014e+03 +1.2435e-01 +7.0582e-01 +2.6988e+00 +1.6824e+00 -1.1470e+00
9 0 +2.533681537e+01 +1.025336815e+03 +1.025336815e+03 -1.5370e+00 +1.9449e+00 +3.3091e+00 -4.9775e+00 +9.7348e-02
22 0 +1.229934890e+01 +1.012299349e+03 +1.012299349e+03 -8.8949e-01 +7.2944e-01 +2.8622e-01 +5.5928e-01 -1.0775e+00
139 0 +7.658112123e+00 +1.007658112e+03 +1.007658112e+03 -1.8808e+00 +1.0674e+00 +6.6323e-02 +3.2221e-01 -8.7763e-01
231 0 +6.892576746e+00 +1.006892577e+03 +1.006892577e+03 -1.7089e+00 +1.6630e+00 +1.3777e+00 -2.3032e+00 -5.6893e-01
315 0 +5.726592222e+00 +1.005726592e+03 +1.005726592e+03 -6.6834e-01 -6.1836e-01 +1.0501e+00 +3.0741e-01 -1.8803e+00
322 0 +5.333223347e+00 +1.005333223e+03 +1.005333223e+03 -1.2708e+00 +1.0873e+00 +8.4995e-01 -8.4276e-01 -8.2319e-01
364 0 +5.133590677e+00 +1.005133591e+03 +1.005133591e+03 -1.6524e+00 +1.2023e+00 +8.5135e-01 -8.7475e-01 -7.8435e-01
416 0 +4.267673565e+00 +1.004267674e+03 +1.004267674e+03 -1.9168e+00 +1.4145e+00 +1.0664e+00 -1.0582e+00 -7.6363e-02
442 0 +3.678377518e+00 +1.003678378e+03 +1.003678378e+03 -2.0094e-01 -3.4471e-01 +4.9360e-01 -1.1995e-02 -2.1815e+00
459 0 +3.482782627e+00 +1.003482783e+03 +1.003482783e+03 -1.5336e+00 +1.2729e+00 +9.1487e-01 -7.7637e-01 -7.4098e-01
482 0 +2.250904110e+00 +1.002250904e+03 +1.002250904e+03 -1.1270e+00 +1.0324e+00 +1.2821e+00 -8.6724e-01 -7.4306e-01
555 0 +2.130106073e+00 +1.002130106e+03 +1.002130106e+03 -1.2850e+00 +1.0973e+00 +1.0985e+00 -8.8117e-01 -8.1832e-01
558 0 +1.364163624e+00 +1.001364164e+03 +1.001364164e+03 -1.3154e+00 +1.0511e+00 +1.2338e+00 -8.8350e-01 -8.8228e-01
762 0 +1.202703613e+00 +1.001202704e+03 +1.001202704e+03 -9.7834e-01 +5.6584e-01 +1.1569e+00 -4.6044e-01 -1.1740e+00
775 0 +1.021672369e+00 +1.001021672e+03 +1.001021672e+03 -1.2700e+00 +1.0494e+00 +1.2516e+00 -8.8720e-01 -7.1588e-01
961 0 +7.334076923e-01 +1.000733408e+03 +1.000733408e+03 -1.0498e+00 +7.3967e-01 +1.1256e+00 -7.6970e-01 -1.2166e+00
1301 0 +6.395838436e-01 +1.000639584e+03 +1.000639584e+03 -1.1685e+00 +8.6216e-01 +1.0710e+00 -7.3143e-01 -1.1629e+00
1316 0 +6.282798480e-01 +1.000628280e+03 +1.000628280e+03 -1.2358e+00 +9.6106e-01 +1.2055e+00 -8.1094e-01 -1.0108e+00
1392 0 +6.152608202e-01 +1.000615261e+03 +1.000615261e+03 -1.2488e+00 +9.7097e-01 +1.5662e+00 -7.5479e-01 -7.3642e-01
1932 0 +4.876123376e-01 +1.000487612e+03 +1.000487612e+03 -1.1173e+00 +8.0518e-01 +1.3337e+00 -6.8647e-01 -9.8538e-01
2082 0 +4.498393225e-01 +1.000449839e+03 +1.000449839e+03 -1.1210e+00 +8.3842e-01 +1.3508e+00 -7.3102e-01 -9.9193e-01
2496 0 +3.702312109e-01 +1.000370231e+03 +1.000370231e+03 -1.1077e+00 +8.3065e-01 +1.3240e+00 -7.0977e-01 -1.0038e+00
4436 0 +3.546655950e-01 +1.000354666e+03 +1.000354666e+03 -1.0833e+00 +7.9414e-01 +1.3753e+00 -7.0758e-01 -1.0120e+00
4645 0 +3.229194488e-01 +1.000322919e+03 +1.000322919e+03 -1.1221e+00 +8.2349e-01 +1.3586e+00 -6.9266e-01 -9.7325e-01
% f evaluations | g evaluations | best noise-free fitness - Fopt (-1.700300000000e+02) + sum g_i+ | measured fitness | best measured fitness or single-digit g-values | x1 | x2...
1 0 +7.772106639e+01 -9.230893361e+01 -9.230893361e+01 -3.9704e+00 +2.0909e+00 -1.3256e+00 -4.0979e+00 -4.4961e+00
6 0 +7.506816797e+01 -9.496183203e+01 -9.496183203e+01 -2.5982e+00 +4.4520e+00 -2.6054e+00 +3.6933e+00 +2.4879e+00
7 0 +6.722238022e+01 -1.028076198e+02 -1.028076198e+02 -4.0149e+00 +3.2024e+00 -2.2356e+00 -4.6338e+00 -4.0466e+00
10 0 +6.208810122e+01 -1.079418988e+02 -1.079418988e+02 +3.0191e+00 -1.3139e+00 -6.1925e-01 -2.2092e-01 +1.1285e-02
14 0 +3.374014944e+01 -1.362898506e+02 -1.362898506e+02 -4.8223e+00 +1.3761e+00 -6.1114e-01 -1.6081e+00 -1.4792e-01
17 0 +2.567809759e+01 -1.443519024e+02 -1.443519024e+02 -1.9954e-01 -4.9378e-01 -2.2530e+00 +3.4399e+00 +4.8987e+00
43 0 +2.505745207e+01 -1.449725479e+02 -1.449725479e+02 -3.5724e+00 -1.0899e+00 -2.2865e+00 +3.1231e-01 +1.5849e+00
109 0 +2.127367113e+01 -1.487563289e+02 -1.487563289e+02 -1.4538e+00 -2.2683e+00 -2.1663e+00 +2.6322e+00 +2.5699e+00
120 0 +1.883348823e+01 -1.511965118e+02 -1.511965118e+02 -3.1224e+00 -3.2881e-01 -1.0530e+00 +2.0230e+00 +1.1244e+00
137 0 +1.417299797e+01 -1.558570020e+02 -1.558570020e+02 -1.4538e+00 -2.2406e+00 -2.2987e+00 +2.4185e+00 +2.6749e+00
210 0 +1.369972116e+01 -1.563302788e+02 -1.563302788e+02 -1.6467e+00 -2.2406e+00 -2.1371e+00 +2.4185e+00 +2.6267e+00
219 0 +1.249924913e+01 -1.575307509e+02 -1.575307509e+02 -2.5744e+00 -2.3733e+00 -8.9120e-01 +5.9606e-01 +1.2856e+00
262 0 +1.215352577e+01 -1.578764742e+02 -1.578764742e+02 +2.0667e+00 -9.1370e-01 -6.0214e-01 +1.6112e+00 +3.1169e+00
284 0 +6.072308991e+00 -1.639576910e+02 -1.639576910e+02 -1.1172e+00 -2.0272e+00 -1.1578e+00 +1.8330e+00 +1.5336e+00
351 0 +3.017698923e+00 -1.670123011e+02 -1.670123011e+02 -1.1810e+00 -1.6965e+00 -1.4137e+00 +1.5247e+00 +1.5639e+00
470 0 +2.463219643e+00 -1.675667804e+02 -1.675667804e+02 -8.4587e-01 -1.9617e+00 -1.3323e+00 +2.0137e+00 +2.0446e+00
871 0 +1.700704514e+00 -1.683292955e+02 -1.683292955e+02 -8.6813e-01 -1.9162e+00 -1.3304e+00 +1.9009e+00 +1.9813e+00
1221 0 +1.349789072e+00 -1.686802109e+02 -1.686802109e+02 -5.3420e-01 -1.9342e+00 -1.3972e+00 +2.1523e+00 +2.0937e+00
1613 0 +1.174297907e+00 -1.688557021e+02 -1.688557021e+02 -8.2305e-01 -1.9279e+00 -1.3568e+00 +1.9314e+00 +2.0212e+00
2410 0 +1.124725771e+00 -1.689052742e+02 -1.689052742e+02 -7.8940e-01 -2.0088e+00 -1.3400e+00 +1.9591e+00 +2.0820e+00
4666 0 +1.052035019e+00 -1.689779650e+02 -1.689779650e+02 -8.1077e-01 -2.0225e+00 -1.3568e+00 +1.9609e+00 +2.0823e+00
% f evaluations | g evaluations | best noise-free fitness - Fopt (2.567000000000e+01) + sum g_i+ | measured fitness | best measured fitness or single-digit g-values | x1 | x2...
1 0 +1.037895664e+02 +1.294595664e+02 +1.294595664e+02 +4.2009e+00 -4.7617e+00 +5.0499e-01 -2.7197e+00 +4.5746e+00
4 0 +8.718781320e+01 +1.128578132e+02 +1.128578132e+02 -6.2675e-02 -3.9653e+00 -1.1569e-01 +9.0205e-02 -4.1721e+00
13 0 +4.330924814e+01 +6.897924814e+01 +6.897924814e+01 -1.4320e+00 -2.6464e+00 +1.4344e+00 -1.1671e+00 -1.1459e+00
64 0 +2.155443792e+01 +4.722443792e+01 +4.722443792e+01 +3.2754e+00 -8.3449e-01 +3.0948e+00 -2.9474e+00 +6.9149e-01
150 0 +1.182795111e+01 +3.749795111e+01 +3.749795111e+01 -1.8979e+00 +7.5014e-01 +1.5959e+00 -2.0972e+00 +1.6694e-02
309 0 +1.077086925e+01 +3.644086925e+01 +3.644086925e+01 -2.0391e+00 +6.6383e-01 +1.6293e+00 -2.0525e+00 +1.6694e-02
361 0 +8.421027294e+00 +3.409102729e+01 +3.409102729e+01 -9.6119e-01 -1.6175e+00 +8.4333e-02 -2.1409e+00 -3.5879e-01
460 0 +6.943244905e+00 +3.261324491e+01 +3.261324491e+01 -1.7849e+00 +8.3669e-01 +1.6887e+00 -2.0972e+00 -6.6476e-03
632 0 +5.481636284e+00 +3.115163628e+01 +3.115163628e+01 -8.2941e-01 -1.1924e+00 +8.0136e-01 -2.3687e+00 -5.1328e-01
849 0 +3.775608042e+00 +2.944560804e+01 +2.944560804e+01 -8.6320e-01 -1.1924e+00 +7.4885e-01 -2.4837e+00 -5.0850e-01
897 0 +3.431153456e+00 +2.910115346e+01 +2.910115346e+01 -8.5929e-01 -1.8090e+00 +4.2988e-01 -2.3417e+00 -4.9401e-01
1092 0 +3.100236089e+00 +2.877023609e+01 +2.877023609e+01 -9.0317e-01 -1.3140e+00 +7.0394e-01 -2.4239e+00 -4.0305e-01
1098 0 +1.784637657e+00 +2.745463766e+01 +2.745463766e+01 -9.1500e-01 -1.2395e+00 +7.5833e-01 -2.3954e+00 -3.5485e-01
% f evaluations | g evaluations | best noise-free fitness - Fopt (2.081800000000e+02) + sum g_i+ | measured fitness | best measured fitness or single-digit g-values | x1 | x2...
1 0 +8.333661841e+01 +2.915166184e+02 +2.915166184e+02 -5.5471e-01 -4.5824e-01 +3.6559e+00 -2.6212e+00 +1.8370e+00
4 0 +6.099311234e+01 +2.691731123e+02 +2.691731123e+02 -1.8614e+00 -1.8009e+00 -1.4747e+00 +1.7416e+00 +2.4696e+00
5 0 +3.578059079e+01 +2.439605908e+02 +2.439605908e+02 +1.4510e+00 -4.9238e+00 -1.5801e-01 -2.4126e+00 -1.3748e+00
21 0 +2.909767086e+01 +2.372776709e+02 +2.372776709e+02 -1.9987e+00 -4.2169e+00 +3.3295e+00 +6.3927e-01 +3.2488e+00
41 0 +2.694635275e+01 +2.351263528e+02 +2.351263528e+02 -3.6412e+00 +1.4645e+00 +1.3488e+00 +1.2012e-01 +4.4513e-02
77 0 +1.905108231e+01 +2.272310823e+02 +2.272310823e+02 -4.5542e-01 -1.9430e+00 +2.0415e+00 -1.0501e+00 -8.9618e-01
151 0 +1.250707200e+01 +2.206870720e+02 +2.206870720e+02 +4.1547e-01 -1.8915e+00 +8.9531e-01 -7.6507e-01 +4.3302e-01
199 0 +1.067736575e+01 +2.188573657e+02 +2.188573657e+02 -2.5991e+00 -2.0590e-01 +1.3539e+00 -9.2937e-01 -1.1194e+00
269 0 +9.194149689e+00 +2.173741497e+02 +2.173741497e+02 -1.1995e+00 -5.4424e-01 +3.7710e-01 -1.1945e+00 -1.1396e+00
313 0 +7.319344514e+00 +2.154993445e+02 +2.154993445e+02 +4.5466e-01 -1.6102e+00 +3.0979e-01 -1.9150e+00 -9.0509e-01
407 0 +5.117949582e+00 +2.132979496e+02 +2.132979496e+02 -2.3264e+00 -1.3794e+00 +4.8122e-01 -2.1992e+00 -1.3205e+00
491 0 +4.357242137e+00 +2.125372421e+02 +2.125372421e+02 -8.3695e-01 -1.9995e+00 +9.3388e-01 -9.5659e-01 -3.9730e-01
670 0 +4.011040036e+00 +2.121910400e+02 +2.121910400e+02 -1.4842e+00 -9.3220e-01 +3.9863e-01 -1.3570e+00 -1.2021e+00
694 0 +2.842252088e+00 +2.110222521e+02 +2.110222521e+02 -8.3695e-01 -1.9257e+00 +9.3388e-01 -9.5659e-01 -3.9730e-01
857 0 +2.469643561e+00 +2.106496436e+02 +2.106496436e+02 -6.2369e-01 -1.9401e+00 +8.1127e-01 -1.1026e+00 -4.7180e-01
1129 0 +1.845369563e+00 +2.100253696e+02 +2.100253696e+02 -9.4831e-01 -1.7830e+00 +6.0117e-01 -1.2188e+00 -7.3510e-01
2039 0 +1.777358739e+00 +2.099573587e+02 +2.099573587e+02 -8.5476e-01 -1.8267e+00 +5.9174e-01 -1.2590e+00 -7.3767e-01
2587 0 +1.557847265e+00 +2.097378473e+02 +2.097378473e+02 -8.8698e-01 -1.7811e+00 +5.9595e-01 -1.2558e+00 -7.2642e-01
3965 0 +1.539156083e+00 +2.097191561e+02 +2.097191561e+02 -9.7302e-01 -1.8273e+00 +6.4640e-01 -1.1904e+00 -6.9397e-01
4146 0 +1.321843530e+00 +2.095018435e+02 +2.095018435e+02 -9.0095e-01 -1.7811e+00 +5.8147e-01 -1.2558e+00 -7.2642e-01
