% f evaluations | g evaluations | best noise-free fitness - Fopt (-5.235000000000e+01) + sum g_i+ | measured fitness | best measured fitness or single-digit g-values | x1 | x2...
1 0 +4.745061856e+00 -4.760493814e+01 -4.760493814e+01 +2.4390e-01 -2.2720e+00 +1.6833e+00 -2.7330e+00 -3.6709e+00
114 0 +3.832447321e+00 -4.851755268e+01 -4.851755268e+01 +2.0596e+00 -2.8670e+00 +1.6977e+00 -2.7453e+00 -2.6478e+00
123 0 +2.732658309e+00 -4.961734169e+01 -4.961734169e+01 -1.5800e+00 -1.6852e+00 +2.0184e+00 -3.0125e-01 -1.6888e+00
126 0 +3.177819109e-01 -5.203221809e+01 -5.203221809e+01 -4.1242e-01 -1.0461e+00 +2.7691e+00 -2.3957e+00 -1.9710e+00
245 0 +3.006178552e-01 -5.204938214e+01 -5.204938214e+01 -4.5202e-01 -1.0461e+00 +2.7691e+00 -2.3957e+00 -1.9909e+00
328 0 +2.599422573e-01 -5.209005774e+01 -5.209005774e+01 -9.3835e-01 -1.1638e+00 +2.4042e+00 -2.7699e+00 -1.0569e+00
376 0 +1.384908792e-01 -5.221150912e+01 -5.221150912e+01 -8.0590e-01 -1.0567e+00 +2.3019e+00 -2.0127e+00 -1.3037e+00
399 0 +1.041552674e-01 -5.224584473e+01 -5.224584473e+01 -5.4110e-01 -1.0514e+00 +2.5794e+00 -2.2042e+00 -1.6473e+00
418 0 +7.841336637e-02 -5.227158663e+01 -5.227158663e+01 -5.9077e-01 -1.0188e+00 +2.4076e+00 -2.1960e+00 -1.4681e+00
421 0 +7.386893045e-02 -5.227613107e+01 -5.227613107e+01 -7.7122e-01 -1.0654e+00 +2.2472e+00 -2.5648e+00 -1.5128e+00
545 0 +3.701059222e-02 -5.231298941e+01 -5.231298941e+01 -9.0043e-01 -1.2281e+00 +2.4015e+00 -2.4682e+00 -1.6460e+00
614 0 +2.306000650e-02 -5.232693999e+01 -5.232693999e+01 -8.4174e-01 -1.1336e+00 +2.3631e+00 -2.3988e+00 -1.5193e+00
734 0 +2.151111680e-02 -5.232848888e+01 -5.232848888e+01 -8.3654e-01 -1.1890e+00 +2.4187e+00 -2.4256e+00 -1.4102e+00
748 0 +1.801187320e-02 -5.233198813e+01 -5.233198813e+01 -7.4375e-01 -1.1436e+00 +2.4599e+00 -2.1418e+00 -1.4633e+00
764 0 +1.293161391e-02 -5.233706839e+01 -5.233706839e+01 -9.0043e-01 -1.2281e+00 +2.4272e+00 -2.4682e+00 -1.4987e+00
783 0 +3.811409781e-03 -5.234618859e+01 -5.234618859e+01 -8.4023e-01 -1.2424e+00 +2.5786e+00 -2.3157e+00 -1.5216e+00
1647 0 +3.721519338e-03 -5.234627848e+01 -5.234627848e+01 -8.2252e-01 -1.2128e+00 +2.5195e+00 -2.2891e+00 -1.4833e+00
1771 0 +3.385117108e-03 -5.234661488e+01 -5.234661488e+01 -8.2148e-01 -1.2028e+00 +2.5107e+00 -2.2733e+00 -1.4916e+00
1916 0 +2.239922225e-03 -5.234776008e+01 -5.234776008e+01 -8.3713e-01 -1.2215e+00 +2.5203e+00 -2.2699e+00 -1.4759e+00
3897 0 +1.485779341e-03 -5.234851422e+01 -5.234851422e+01 -8.5994e-01 -1.2278e+00 +2.5038e+00 -2.3351e+00 -1.4676e+00
4113 0 +5.651416561e-04 -5.234943486e+01 -5.234943486e+01 -8.4669e-01 -1.2264e+00 +2.5302e+00 -2.3287e+00 -1.5399e+00
% f evaluations | g evaluations | best noise-free fitness - Fopt (-1.795400000000e+02) + sum g_i+ | measured fitness | best measured fitness or single-digit g-values | x1 | x2...
1 0 +1.057750684e+02 -7.376493164e+01 -7.376493164e+01 -9.8232e-01 +5.4674e-01 -2.5338e+00 -4.2158e-01 -2.3406e+00
2 0 +1.335955699e+01 -1.661804430e+02 -1.661804430e+02 -2.6599e+00 +2.3885e+00 -2.2323e+00 +1.5483e+00 +2.4371e-01
12 0 +7.579594697e+00 -1.719604053e+02 -1.719604053e+02 -7.5320e-01 +5.9760e-01 -1.1915e+00 +2.8086e+00 +7.0628e-01
121 0 +6.739508133e+00 -1.728004919e+02 -1.728004919e+02 +2.4730e-01 +9.7184e-01 -5.6039e-01 +2.2804e+00 +1.5795e+00
169 0 +5.100155632e+00 -1.744398444e+02 -1.744398444e+02 +2.4598e+00 +8.9875e-03 -7.0045e-01 +1.1399e+00 +3.3277e+00
201 0 +5.007291214e+00 -1.745327088e+02 -1.745327088e+02 +1.6977e-02 +2.4088e+00 -2.4118e+00 +2.2597e+00 +1.5225e+00
238 0 +4.886023357e+00 -1.746539766e+02 -1.746539766e+02 +3.2150e-01 +2.1646e+00 -8.4570e-01 +2.6924e+00 +3.5788e+00
300 0 +4.201754796e+00 -1.753382452e+02 -1.753382452e+02 +1.2299e+00 +1.2972e+00 -1.8687e+00 +1.7090e+00 +1.7445e+00
390 0 +3.369365476e+00 -1.761706345e+02 -1.761706345e+02 +3.6578e-01 +7.0410e-01 -2.2252e+00 +3.0363e+00 +1.7089e+00
418 0 +2.995555693e+00 -1.765444443e+02 -1.765444443e+02 +7.5989e-01 +1.7752e+00 -2.7380e+00 +2.7619e+00 +2.0623e+00
434 0 +2.688806585e+00 -1.768511934e+02 -1.768511934e+02 +6.4130e-01 +1.6667e+00 -2.9651e+00 +2.9973e+00 +2.0623e+00
608 0 +2.572436171e+00 -1.769675638e+02 -1.769675638e+02 +4.2867e-01 +1.5651e+00 -2.9651e+00 +2.9973e+00 +2.1248e+00
716 0 +2.550745213e+00 -1.769892548e+02 -1.769892548e+02 +6.3716e-01 +1.3858e+00 -2.6274e+00 +2.7253e+00 +2.2621e+00
747 0 +2.511215863e+00 -1.770287841e+02 -1.770287841e+02 +1.1101e+00 +9.2950e-01 -2.2001e+00 +2.2938e+00 +2.3740e+00
828 0 +2.294862422e+00 -1.772451376e+02 -1.772451376e+02 +9.6136e-01 +8.6734e-01 -2.4991e+00 +2.5110e+00 +2.1836e+00
922 0 +2.270713460e+00 -1.772692865e+02 -1.772692865e+02 +1.0600e+00 +9.7519e-01 -2.4005e+00 +2.3780e+00 +2.3782e+00
963 0 +2.058059304e+00 -1.774819407e+02 -1.774819407e+02 +6.4130e-01 +1.5929e+00 -3.0299e+00 +3.0680e+00 +2.5073e+00
1032 0 +1.985080140e+00 -1.775549199e+02 -1.775549199e+02 +1.1366e+00 +9.2950e-01 -2.5860e+00 +2.3869e+00 +2.3945e+00
1096 0 +1.946667682e+00 -1.775933323e+02 -1.775933323e+02 +6.4014e-01 +1.5929e+00 -3.1831e+00 +3.0235e+00 +2.5073e+00
1108 0 +1.884650014e+00 -1.776553500e+02 -1.776553500e+02 +4.2721e-01 +1.2941e+00 -3.1540e+00 +2.9290e+00 +2.4057e+00
1128 0 +1.855122347e+00 -1.776848777e+02 -1.776848777e+02 +6.2376e-01 +1.2354e+00 -2.7684e+00 +2.8839e+00 +2.6289e+00
1202 0 +1.636562956e+00 -1.779034370e+02 -1.779034370e+02 +6.2376e-01 +1.2293e+00 -3.0199e+00 +2.8839e+00 +2.6289e+00
1297 0 +1.584914739e+00 -1.779550853e+02 -1.779550853e+02 +7.9689e-01 +1.0101e+00 -2.7337e+00 +2.6752e+00 +2.7109e+00
1298 0 +1.525572614e+00 -1.780144274e+02 -1.780144274e+02 +3.8410e-01 +1.2502e+00 -3.0358e+00 +2.8855e+00 +2.7830e+00
1321 0 +1.501311938e+00 -1.780386881e+02 -1.780386881e+02 +7.3672e-01 +1.2628e+00 -3.0320e+00 +2.8517e+00 +2.7492e+00
1432 0 +1.477197498e+00 -1.780628025e+02 -1.780628025e+02 +7.3672e-01 +1.2628e+00 -3.0654e+00 +2.8227e+00 +2.7492e+00
1502 0 +1.436637906e+00 -1.781033621e+02 -1.781033621e+02 +8.1999e-01 +1.3903e+00 -3.0654e+00 +2.8227e+00 +2.8635e+00
1587 0 +1.361934288e+00 -1.781780657e+02 -1.781780657e+02 +7.5423e-01 +1.0295e+00 -2.8529e+00 +2.7896e+00 +2.8434e+00
1623 0 +1.329264223e+00 -1.782107358e+02 -1.782107358e+02 +6.4729e-01 +1.3322e+00 -2.9023e+00 +2.8307e+00 +3.0787e+00
1688 0 +1.216651341e+00 -1.783233487e+02 -1.783233487e+02 +5.7274e-01 +1.3579e+00 -3.0216e+00 +2.8538e+00 +3.1344e+00
1730 0 +1.185406729e+00 -1.783545933e+02 -1.783545933e+02 +7.4898e-01 +1.1838e+00 -3.1609e+00 +2.7206e+00 +2.9167e+00
1799 0 +1.161953046e+00 -1.783780470e+02 -1.783780470e+02 +8.1016e-01 +1.0976e+00 -3.0599e+00 +2.7550e+00 +2.9276e+00
1846 0 +1.123197981e+00 -1.784168020e+02 -1.784168020e+02 +6.4751e-01 +1.3579e+00 -3.0216e+00 +2.8538e+00 +3.2189e+00
1890 0 +9.126421677e-01 -1.786273578e+02 -1.786273578e+02 +6.9825e-01 +1.1061e+00 -3.0913e+00 +2.7872e+00 +3.1940e+00
2084 0 +9.118827230e-01 -1.786281173e+02 -1.786281173e+02 +7.6888e-01 +9.6492e-01 -3.0847e+00 +2.6840e+00 +3.0805e+00
2165 0 +8.493818851e-01 -1.786906181e+02 -1.786906181e+02 +8.4782e-01 +1.0802e+00 -3.1288e+00 +2.9180e+00 +3.2111e+00
2179 0 +8.267421119e-01 -1.787132579e+02 -1.787132579e+02 +6.9825e-01 +1.1717e+00 -3.0913e+00 +2.7872e+00 +3.3345e+00
2262 0 +7.222466818e-01 -1.788177533e+02 -1.788177533e+02 +9.9084e-01 +1.0078e+00 -3.1966e+00 +2.8223e+00 +3.2392e+00
2313 0 +6.548571085e-01 -1.788851429e+02 -1.788851429e+02 +9.3974e-01 +1.0078e+00 -3.1966e+00 +2.8076e+00 +3.3200e+00
2325 0 +6.350425281e-01 -1.789049575e+02 -1.789049575e+02 +9.4586e-01 +1.0292e+00 -3.1977e+00 +2.5451e+00 +3.3282e+00
2439 0 +6.271664995e-01 -1.789128335e+02 -1.789128335e+02 +1.0264e+00 +1.1116e+00 -3.1870e+00 +2.8743e+00 +3.4309e+00
2478 0 +6.161747449e-01 -1.789238253e+02 -1.789238253e+02 +8.4545e-01 +9.6497e-01 -3.1223e+00 +2.5042e+00 +3.3598e+00
2481 0 +4.345552768e-01 -1.791054447e+02 -1.791054447e+02 +9.9331e-01 +8.6012e-01 -3.1766e+00 +2.6795e+00 +3.4639e+00
2600 0 +3.735016067e-01 -1.791664984e+02 -1.791664984e+02 +9.9213e-01 +7.8909e-01 -3.3310e+00 +2.6600e+00 +3.4657e+00
2676 0 +2.544578996e-01 -1.792855421e+02 -1.792855421e+02 +7.1790e-01 +6.5970e-01 -3.3695e+00 +2.6600e+00 +3.5999e+00
2857 0 +2.376915370e-01 -1.793023085e+02 -1.793023085e+02 +1.2810e+00 +8.8337e-01 -3.3310e+00 +2.4425e+00 +3.7213e+00
2873 0 +2.256699489e-01 -1.793143301e+02 -1.793143301e+02 +8.8594e-01 +7.5993e-01 -3.3732e+00 +2.7308e+00 +3.6796e+00
2895 0 +1.582717889e-01 -1.793817282e+02 -1.793817282e+02 +8.5501e-01 +6.7755e-01 -3.2041e+00 +2.6966e+00 +3.7422e+00
3050 0 +8.607354149e-02 -1.794539265e+02 -1.794539265e+02 +7.7423e-01 +6.2650e-01 -3.3155e+00 +2.6291e+00 +3.7812e+00
3145 0 +6.043907827e-02 -1.794795609e+02 -1.794795609e+02 +7.7423e-01 +4.7264e-01 -3.3974e+00 +2.6291e+00 +3.7812e+00
3213 0 +3.935734569e-02 -1.795006427e+02 -1.795006427e+02 +8.3406e-01 +5.3232e-01 -3.3721e+00 +2.5483e+00 +3.7812e+00
3275 0 +3.254761011e-02 -1.795074524e+02 -1.795074524e+02 +8.7895e-01 +4.4977e-01 -3.3403e+00 +2.5090e+00 +3.7510e+00
3435 0 +2.884522347e-02 -1.795111548e+02 -1.795111548e+02 +8.6793e-01 +5.3082e-01 -3.3517e+00 +2.5323e+00 +3.8019e+00
3448 0 +2.787043130e-02 -1.795121296e+02 -1.795121296e+02 +9.2715e-01 +5.9969e-01 -3.4164e+00 +2.6673e+00 +3.9277e+00
3470 0 +1.871090327e-02 -1.795212891e+02 -1.795212891e+02 +8.0143e-01 +5.6817e-01 -3.3926e+00 +2.5629e+00 +3.8512e+00
3615 0 +1.829593815e-02 -1.795217041e+02 -1.795217041e+02 +7.9390e-01 +5.2313e-01 -3.3981e+00 +2.5479e+00 +3.8306e+00
3617 0 +1.498988337e-02 -1.795250101e+02 -1.795250101e+02 +8.6926e-01 +5.1767e-01 -3.3771e+00 +2.5797e+00 +3.8318e+00
3639 0 +1.462372027e-02 -1.795253763e+02 -1.795253763e+02 +7.3825e-01 +5.8801e-01 -3.3936e+00 +2.5296e+00 +3.8785e+00
3691 0 +1.398612955e-02 -1.795260139e+02 -1.795260139e+02 +8.5384e-01 +5.7117e-01 -3.4188e+00 +2.4948e+00 +3.8480e+00
3712 0 +6.876181885e-03 -1.795331238e+02 -1.795331238e+02 +8.9228e-01 +5.1244e-01 -3.4190e+00 +2.5333e+00 +3.8397e+00
3775 0 +5.309299728e-03 -1.795346907e+02 -1.795346907e+02 +8.3516e-01 +5.8819e-01 -3.4316e+00 +2.4464e+00 +3.8711e+00
3958 0 +3.870635147e-03 -1.795361294e+02 -1.795361294e+02 +8.5384e-01 +5.3040e-01 -3.4188e+00 +2.4843e+00 +3.8434e+00
3987 0 +3.259340789e-03 -1.795367407e+02 -1.795367407e+02 +8.1574e-01 +4.9154e-01 -3.4496e+00 +2.4613e+00 +3.8527e+00
4197 0 +2.551613021e-03 -1.795374484e+02 -1.795374484e+02 +8.8237e-01 +5.2236e-01 -3.4400e+00 +2.4592e+00 +3.8480e+00
4595 0 +6.655909284e-04 -1.795393344e+02 -1.795393344e+02 +8.3890e-01 +5.0018e-01 -3.4466e+00 +2.4013e+00 +3.8356e+00
% f evaluations | g evaluations | best noise-free fitness - Fopt (7.731000000000e+01) + sum g_i+ | measured fitness | best measured fitness or single-digit g-values | x1 | x2...
1 0 +5.144068381e+01 +1.287506838e+02 +1.287506838e+02 -3.4986e+00 +2.4812e-01 +1.8992e+00 -4.6320e+00 +1.8264e+00
2 0 +5.667539881e+00 +8.297753988e+01 +8.297753988e+01 -2.3405e+00 -7.9640e-01 -8.0558e-01 -1.3901e+00 +1.1568e+00
23 0 +5.321458118e+00 +8.263145812e+01 +8.263145812e+01 -1.2394e+00 +1.8861e+00 -2.7943e+00 -5.4461e-01 -7.4619e-01
107 0 +2.974804395e+00 +8.028480439e+01 +8.028480439e+01 +7.4065e-01 -2.0547e-01 -1.9502e+00 -2.2968e+00 -1.8371e+00
119 0 +2.552388555e+00 +7.986238856e+01 +7.986238856e+01 -2.2386e-01 -9.4925e-01 -1.8069e+00 -4.5537e-01 +1.5345e+00
126 0 +2.429314777e+00 +7.973931478e+01 +7.973931478e+01 -1.9738e-01 -9.2905e-01 -2.8405e+00 -2.9420e+00 +1.3408e+00
153 0 +6.988551350e-01 +7.800885514e+01 +7.800885514e+01 +9.9618e-01 +1.3218e-01 -2.1622e+00 -1.3854e+00 +1.3607e+00
170 0 +6.697879560e-01 +7.797978796e+01 +7.797978796e+01 +1.2331e+00 -6.9715e-01 -1.8039e+00 -2.3152e+00 +1.4623e+00
225 0 +5.642358058e-01 +7.787423581e+01 +7.787423581e+01 +1.2331e+00 -5.6365e-01 -1.8892e+00 -2.2884e+00 +1.3650e+00
316 0 +4.521654195e-01 +7.776216542e+01 +7.776216542e+01 +7.3822e-01 -5.8567e-01 -2.3195e+00 -1.1768e+00 +1.3471e+00
399 0 +2.063460226e-01 +7.751634602e+01 +7.751634602e+01 +9.0413e-01 -3.5836e-01 -2.3425e+00 -1.5526e+00 +1.1980e+00
431 0 +1.460271735e-01 +7.745602717e+01 +7.745602717e+01 +1.0426e+00 -8.8888e-01 -2.0990e+00 -1.6453e+00 +1.1107e+00
433 0 +8.940017339e-02 +7.739940017e+01 +7.739940017e+01 +1.0841e+00 -5.8098e-01 -1.7235e+00 -2.0633e+00 +9.0916e-01
518 0 +5.262892743e-02 +7.736262893e+01 +7.736262893e+01 +8.8040e-01 -7.8811e-01 -1.8596e+00 -1.6822e+00 +1.0362e+00
606 0 +2.553584352e-02 +7.733553584e+01 +7.733553584e+01 +1.0052e+00 -6.7893e-01 -2.0757e+00 -1.8049e+00 +9.8078e-01
741 0 +2.394721205e-02 +7.733394721e+01 +7.733394721e+01 +9.6147e-01 -7.8779e-01 -1.9915e+00 -1.7743e+00 +9.9364e-01
845 0 +6.014069258e-03 +7.731601407e+01 +7.731601407e+01 +8.5201e-01 -6.2773e-01 -2.0776e+00 -1.9444e+00 +9.9633e-01
1111 0 +5.355649444e-03 +7.731535565e+01 +7.731535565e+01 +8.8974e-01 -6.2660e-01 -2.1468e+00 -1.9119e+00 +9.9649e-01
1158 0 +4.266473688e-03 +7.731426647e+01 +7.731426647e+01 +9.0528e-01 -6.9352e-01 -2.1361e+00 -1.8308e+00 +1.0032e+00
1205 0 +3.710025756e-03 +7.731371003e+01 +7.731371003e+01 +9.2455e-01 -6.2324e-01 -2.0157e+00 -1.9166e+00 +9.7066e-01
1691 0 +2.177768213e-03 +7.731217777e+01 +7.731217777e+01 +9.0448e-01 -6.3829e-01 -2.0509e+00 -1.8643e+00 +9.9666e-01
2613 0 +2.100902150e-03 +7.731210090e+01 +7.731210090e+01 +9.1873e-01 -6.0947e-01 -2.1420e+00 -1.8753e+00 +9.9530e-01
3243 0 +1.958902148e-03 +7.731195890e+01 +7.731195890e+01 +9.0387e-01 -6.0947e-01 -2.1420e+00 -1.8945e+00 +9.9530e-01
3483 0 +7.806631572e-04 +7.731078066e+01 +7.731078066e+01 +9.0263e-01 -5.3870e-01 -2.1843e+00 -1.9111e+00 +9.9941e-01
4510 0 +7.029573506e-04 +7.731070296e+01 +7.731070296e+01 +9.1366e-01 -6.0127e-01 -2.0464e+00 -1.9097e+00 +9.8387e-01
% f evaluations | g evaluations | best noise-free fitness - Fopt (3.992000000000e+01) + sum g_i+ | measured fitness | best measured fitness or single-digit g-values | x1 | x2...
1 0 +1.883299384e+01 +5.875299384e+01 +5.875299384e+01 +2.0924e+00 -3.2333e+00 +4.7046e+00 -4.6837e-01 +7.1211e-01
7 0 +1.549795320e+01 +5.541795320e+01 +5.541795320e+01 -2.6173e+00 -2.5845e+00 +1.2318e+00 -1.5065e-01 +3.3268e+00
8 0 +1.162353451e+01 +5.154353451e+01 +5.154353451e+01 -1.6804e+00 +2.8660e+00 +3.8853e-01 +1.0728e+00 -1.3528e+00
13 0 +4.148098258e+00 +4.406809826e+01 +4.406809826e+01 +1.4223e+00 +3.6008e-01 +3.6293e-01 -2.5697e+00 -2.7241e+00
71 0 +3.575891036e+00 +4.349589104e+01 +4.349589104e+01 +4.9494e+00 -1.8919e+00 +9.7922e-01 -2.5350e+00 -1.5065e+00
120 0 +1.373758801e+00 +4.129375880e+01 +4.129375880e+01 +2.5219e+00 -7.7397e-01 +2.6713e+00 -2.2664e+00 -2.3110e+00
196 0 +2.786758728e-01 +4.019867587e+01 +4.019867587e+01 +3.6679e+00 -1.4132e+00 +2.0407e+00 -2.2422e+00 -2.2686e+00
219 0 +2.641694045e-01 +4.018416940e+01 +4.018416940e+01 +3.6679e+00 -1.4132e+00 +2.1116e+00 -2.1293e+00 -2.2055e+00
365 0 +2.434280940e-01 +4.016342809e+01 +4.016342809e+01 +3.7020e+00 -1.2851e+00 +2.0090e+00 -2.2202e+00 -2.2536e+00
367 0 +1.807836637e-01 +4.010078366e+01 +4.010078366e+01 +3.8067e+00 -1.3683e+00 +2.0407e+00 -2.2422e+00 -2.3592e+00
513 0 +1.750777156e-01 +4.009507772e+01 +4.009507772e+01 +3.8295e+00 -1.3648e+00 +2.0771e+00 -2.0710e+00 -2.2345e+00
526 0 +1.237900122e-01 +4.004379001e+01 +4.004379001e+01 +3.7502e+00 -1.3496e+00 +2.2784e+00 -2.2944e+00 -2.2912e+00
662 0 +1.075603508e-01 +4.002756035e+01 +4.002756035e+01 +3.8067e+00 -1.3029e+00 +2.1793e+00 -2.3012e+00 -2.3592e+00
792 0 +7.372656709e-02 +3.999372657e+01 +3.999372657e+01 +3.9309e+00 -1.2603e+00 +2.1156e+00 -2.2628e+00 -2.2289e+00
826 0 +6.754067434e-02 +3.998754067e+01 +3.998754067e+01 +3.8671e+00 -1.2843e+00 +2.2468e+00 -2.1719e+00 -2.3136e+00
888 0 +6.309479486e-02 +3.998309479e+01 +3.998309479e+01 +3.8771e+00 -1.2715e+00 +2.1884e+00 -2.2382e+00 -2.2041e+00
966 0 +4.619435327e-02 +3.996619435e+01 +3.996619435e+01 +3.8865e+00 -1.1072e+00 +2.1914e+00 -2.2796e+00 -2.2908e+00
1004 0 +3.567597870e-02 +3.995567598e+01 +3.995567598e+01 +3.8257e+00 -1.1959e+00 +2.3099e+00 -2.1911e+00 -2.3328e+00
1027 0 +2.019416005e-02 +3.994019416e+01 +3.994019416e+01 +3.8944e+00 -1.0816e+00 +2.3243e+00 -2.2059e+00 -2.2994e+00
1211 0 +1.945146495e-02 +3.993945146e+01 +3.993945146e+01 +3.8878e+00 -1.0816e+00 +2.3243e+00 -2.2316e+00 -2.2994e+00
1222 0 +1.774174088e-02 +3.993774174e+01 +3.993774174e+01 +3.8944e+00 -1.0816e+00 +2.3243e+00 -2.2059e+00 -2.2256e+00
1319 0 +9.981790823e-03 +3.992998179e+01 +3.992998179e+01 +3.8730e+00 -1.0841e+00 +2.3785e+00 -2.2250e+00 -2.2371e+00
1791 0 +9.422085541e-03 +3.992942209e+01 +3.992942209e+01 +3.9285e+00 -1.0658e+00 +2.3301e+00 -2.2786e+00 -2.1299e+00
1942 0 +8.954404442e-03 +3.992895440e+01 +3.992895440e+01 +3.9756e+00 -1.0766e+00 +2.3302e+00 -2.2353e+00 -2.0796e+00
2034 0 +6.941004381e-03 +3.992694100e+01 +3.992694100e+01 +3.8970e+00 -1.0735e+00 +2.3711e+00 -2.2523e+00 -2.1791e+00
2103 0 +4.980936101e-03 +3.992498094e+01 +3.992498094e+01 +3.9104e+00 -1.0943e+00 +2.3529e+00 -2.2932e+00 -2.1394e+00
2442 0 +4.575866704e-03 +3.992457587e+01 +3.992457587e+01 +3.9529e+00 -1.0388e+00 +2.3743e+00 -2.2893e+00 -2.0792e+00
2494 0 +3.960049491e-03 +3.992396005e+01 +3.992396005e+01 +3.9091e+00 -1.0438e+00 +2.4038e+00 -2.2693e+00 -2.1479e+00
3802 0 +2.424818749e-03 +3.992242482e+01 +3.992242482e+01 +3.9030e+00 -1.0714e+00 +2.4099e+00 -2.2687e+00 -2.1319e+00
% f evaluations | g evaluations | best noise-free fitness - Fopt (-5.661000000000e+01) + sum g_i+ | measured fitness | best measured fitness or single-digit g-values | x1 | x2...
1 0 +4.930249104e+00 -5.167975090e+01 -5.167975090e+01 -2.4699e-01 +1.4436e+00 +1.7097e+00 -4.2647e+00 -2.7794e+00
16 0 +1.696089535e+00 -5.491391047e+01 -5.491391047e+01 +1.9179e+00 +2.5251e+00 +3.7770e+00 -1.5338e+00 -3.1892e+00
377 0 +1.543041538e+00 -5.506695846e+01 -5.506695846e+01 +2.0438e+00 +2.5251e+00 +3.7175e+00 -1.6665e+00 -3.1520e+00
425 0 +1.138530516e+00 -5.547146948e+01 -5.547146948e+01 +1.0655e+00 +2.0405e+00 +2.7791e+00 -2.5096e+00 -2.9559e+00
532 0 +9.799529644e-01 -5.563004704e+01 -5.563004704e+01 +1.3268e+00 +2.1021e+00 +2.6684e+00 -2.6700e+00 -2.8140e+00
633 0 +8.684411134e-01 -5.574155889e+01 -5.574155889e+01 +1.2710e+00 +2.1021e+00 +2.8629e+00 -2.6700e+00 -2.9413e+00
825 0 +6.678327464e-01 -5.594216725e+01 -5.594216725e+01 +1.5068e+00 +2.4045e+00 +3.0410e+00 -2.4869e+00 -3.1110e+00
1015 0 +5.440375329e-01 -5.606596247e+01 -5.606596247e+01 +1.4877e+00 +2.4707e+00 +2.7149e+00 -2.7560e+00 -3.0583e+00
1102 0 +5.109891888e-01 -5.609901081e+01 -5.609901081e+01 +1.5982e+00 +2.5435e+00 +2.8499e+00 -2.6274e+00 -3.1221e+00
1246 0 +3.921962116e-01 -5.621780379e+01 -5.621780379e+01 +1.5830e+00 +2.5652e+00 +3.0020e+00 -2.6653e+00 -2.9835e+00
1384 0 +3.769027949e-01 -5.623309721e+01 -5.623309721e+01 +1.6105e+00 +2.4943e+00 +2.9513e+00 -2.8059e+00 -2.9477e+00
1406 0 +3.430900476e-01 -5.626690995e+01 -5.626690995e+01 +1.6105e+00 +2.5363e+00 +2.9513e+00 -2.8059e+00 -2.9242e+00
1491 0 +3.276288637e-01 -5.628237114e+01 -5.628237114e+01 +1.4534e+00 +2.5537e+00 +2.9544e+00 -2.8602e+00 -2.9140e+00
1516 0 +3.211420265e-01 -5.628885797e+01 -5.628885797e+01 +1.6370e+00 +2.7347e+00 +2.8419e+00 -2.7362e+00 -2.9582e+00
1522 0 +2.796674618e-01 -5.633033254e+01 -5.633033254e+01 +1.5247e+00 +2.5967e+00 +2.9859e+00 -2.8401e+00 -2.8845e+00
1636 0 +2.404864620e-01 -5.636951354e+01 -5.636951354e+01 +1.4786e+00 +2.5980e+00 +3.1030e+00 -2.9165e+00 -2.9240e+00
1644 0 +2.339782520e-01 -5.637602175e+01 -5.637602175e+01 +1.6323e+00 +2.7652e+00 +3.0267e+00 -2.8215e+00 -2.8165e+00
1718 0 +2.115536553e-01 -5.639844634e+01 -5.639844634e+01 +1.5028e+00 +2.6841e+00 +3.0420e+00 -2.8652e+00 -2.8631e+00
1733 0 +2.009454225e-01 -5.640905458e+01 -5.640905458e+01 +1.6269e+00 +2.7530e+00 +2.9655e+00 -2.8497e+00 -2.9253e+00
1765 0 +1.984403219e-01 -5.641155968e+01 -5.641155968e+01 +1.5756e+00 +2.7159e+00 +3.0671e+00 -2.8500e+00 -2.8478e+00
1785 0 +1.582248472e-01 -5.645177515e+01 -5.645177515e+01 +1.6107e+00 +2.8848e+00 +3.0996e+00 -2.8898e+00 -2.8845e+00
1887 0 +1.466672551e-01 -5.646333274e+01 -5.646333274e+01 +1.6197e+00 +2.6814e+00 +3.1075e+00 -2.9830e+00 -2.8821e+00
1920 0 +1.115416477e-01 -5.649845835e+01 -5.649845835e+01 +1.5294e+00 +2.9366e+00 +3.0539e+00 -3.0063e+00 -2.9242e+00
2005 0 +1.085857651e-01 -5.650141423e+01 -5.650141423e+01 +1.5831e+00 +2.9186e+00 +3.0404e+00 -3.0326e+00 -2.8893e+00
2011 0 +9.446569215e-02 -5.651553431e+01 -5.651553431e+01 +1.5513e+00 +2.8923e+00 +3.1829e+00 -2.9798e+00 -2.9076e+00
2019 0 +9.169916115e-02 -5.651830084e+01 -5.651830084e+01 +1.6340e+00 +2.7746e+00 +3.1323e+00 -2.9996e+00 -2.9083e+00
2099 0 +8.369802171e-02 -5.652630198e+01 -5.652630198e+01 +1.6913e+00 +2.7649e+00 +3.1071e+00 -3.0643e+00 -2.9144e+00
2142 0 +7.728509583e-02 -5.653271490e+01 -5.653271490e+01 +1.5513e+00 +2.8527e+00 +3.1829e+00 -3.0605e+00 -2.9076e+00
2276 0 +7.402400208e-02 -5.653597600e+01 -5.653597600e+01 +1.6913e+00 +2.7933e+00 +3.1071e+00 -3.0643e+00 -2.9144e+00
2284 0 +6.593465989e-02 -5.654406534e+01 -5.654406534e+01 +1.6061e+00 +2.8858e+00 +3.1853e+00 -2.9945e+00 -2.9734e+00
2314 0 +3.981832843e-02 -5.657018167e+01 -5.657018167e+01 +1.7354e+00 +2.8610e+00 +3.0992e+00 -3.1244e+00 -2.9839e+00
2409 0 +3.956678581e-02 -5.657043321e+01 -5.657043321e+01 +1.7760e+00 +2.8191e+00 +3.1834e+00 -3.1145e+00 -2.9788e+00
2435 0 +1.981324266e-02 -5.659018676e+01 -5.659018676e+01 +1.8316e+00 +2.8799e+00 +3.1743e+00 -3.1813e+00 -3.0013e+00
2553 0 +1.238584365e-02 -5.659761416e+01 -5.659761416e+01 +1.7919e+00 +2.8925e+00 +3.1743e+00 -3.1813e+00 -3.0013e+00
2637 0 +1.121052394e-02 -5.659878948e+01 -5.659878948e+01 +1.8332e+00 +2.8925e+00 +3.2006e+00 -3.1813e+00 -3.0329e+00
2888 0 +6.646890119e-03 -5.660335311e+01 -5.660335311e+01 +1.7999e+00 +2.9288e+00 +3.2334e+00 -3.1782e+00 -3.0517e+00
3351 0 +4.454495600e-03 -5.660554550e+01 -5.660554550e+01 +1.9468e+00 +2.8998e+00 +3.1608e+00 -3.2832e+00 -3.0522e+00
3542 0 +2.067543351e-03 -5.660793246e+01 -5.660793246e+01 +1.8733e+00 +2.8927e+00 +3.2473e+00 -3.2473e+00 -3.0262e+00
3861 0 +1.498988615e-03 -5.660850101e+01 -5.660850101e+01 +1.8835e+00 +2.9215e+00 +3.2268e+00 -3.2367e+00 -3.0734e+00
% f evaluations | g evaluations | best noise-free fitness - Fopt (-8.119100000000e+02) + sum g_i+ | measured fitness | best measured fitness or single-digit g-values | x1 | x2...
1 0 +5.612397909e+01 -7.557860209e+02 -7.557860209e+02 +3.5996e+00 -2.0146e+00 -3.2105e+00 -3.6831e+00 +4.9536e+00
3 0 +1.447137301e+01 -7.974386270e+02 -7.974386270e+02 +2.3215e-01 +4.7661e+00 +3.1057e+00 +3.2213e+00 +1.2581e-01
12 0 +1.222734865e+01 -7.996826513e+02 -7.996826513e+02 +1.8420e-01 +3.7092e+00 -2.3045e-01 -4.1068e+00 -1.9014e+00
13 0 +8.386990141e+00 -8.035230099e+02 -8.035230099e+02 +1.6182e+00 +4.4280e+00 +1.1016e+00 -3.9709e+00 +7.0699e-01
18 0 +5.231004195e+00 -8.066789958e+02 -8.066789958e+02 +9.0956e-01 -2.0828e+00 -4.1393e-02 +4.3971e-02 +1.4828e+00
49 0 +3.726598430e+00 -8.081834016e+02 -8.081834016e+02 +3.1249e+00 +3.1121e-01 +1.7072e-01 +4.5980e+00 +3.2036e+00
68 0 +1.872129092e+00 -8.100378709e+02 -8.100378709e+02 +2.2505e+00 -1.1088e+00 -1.3595e-02 +3.5912e+00 +3.6827e+00
105 0 +1.750955121e+00 -8.101590449e+02 -8.101590449e+02 +1.7603e+00 -1.0519e+00 -6.7350e-01 +1.4415e+00 +2.6151e+00
163 0 +1.695099075e+00 -8.102149009e+02 -8.102149009e+02 +1.9642e+00 -9.7162e-01 -6.6205e-01 +1.4285e+00 +2.6151e+00
226 0 +1.287706179e+00 -8.106222938e+02 -8.106222938e+02 +2.5910e+00 +2.8186e-01 +1.2337e+00 +1.5907e+00 +3.3095e+00
277 0 +1.257914421e+00 -8.106520856e+02 -8.106520856e+02 +1.5597e+00 -1.5159e+00 -2.7494e-02 +2.0314e+00 +2.5006e+00
296 0 +1.222323662e+00 -8.106876763e+02 -8.106876763e+02 +9.4939e-01 -4.3572e-01 +1.4227e-01 +1.3762e+00 +2.3811e+00
299 0 +1.050385669e+00 -8.108596143e+02 -8.108596143e+02 +2.5871e+00 +1.2094e-01 +1.0481e+00 +2.4168e+00 +2.8640e+00
324 0 +4.841560465e-01 -8.114258440e+02 -8.114258440e+02 +1.4766e+00 -1.4691e-01 +5.0646e-01 +1.6246e+00 +2.9631e+00
403 0 +3.851639671e-01 -8.115248360e+02 -8.115248360e+02 +1.6114e+00 -2.3418e-01 +4.8073e-01 +1.6909e+00 +2.8330e+00
437 0 +3.065437073e-01 -8.116034563e+02 -8.116034563e+02 +1.3361e+00 -3.5627e-02 +7.8713e-01 +2.6404e+00 +2.8087e+00
440 0 +2.212423289e-01 -8.116887577e+02 -8.116887577e+02 +1.4501e+00 -6.1628e-01 +5.3029e-01 +2.0016e+00 +2.4854e+00
479 0 +1.543173719e-01 -8.117556826e+02 -8.117556826e+02 +1.8575e+00 -3.0080e-01 +2.4896e-01 +2.2087e+00 +2.7967e+00
557 0 +1.513199356e-01 -8.117586801e+02 -8.117586801e+02 +1.9775e+00 -4.4499e-01 +7.8922e-01 +2.2077e+00 +2.6943e+00
627 0 +5.305578188e-02 -8.118569442e+02 -8.118569442e+02 +1.3931e+00 -3.0281e-01 +5.9723e-01 +2.4252e+00 +2.6557e+00
702 0 +2.775294981e-02 -8.118822471e+02 -8.118822471e+02 +1.7372e+00 -2.8437e-01 +4.6031e-01 +2.2545e+00 +2.7174e+00
816 0 +1.717375713e-02 -8.118928262e+02 -8.118928262e+02 +1.7537e+00 -3.6101e-01 +4.8959e-01 +2.2338e+00 +2.5883e+00
893 0 +8.715445681e-03 -8.119012846e+02 -8.119012846e+02 +1.6048e+00 -4.0561e-01 +5.7713e-01 +2.1763e+00 +2.7804e+00
1030 0 +6.693548449e-03 -8.119033065e+02 -8.119033065e+02 +1.6541e+00 -3.5506e-01 +5.3755e-01 +2.1922e+00 +2.7780e+00
1257 0 +1.610572055e-03 -8.119083894e+02 -8.119083894e+02 +1.6036e+00 -3.1537e-01 +4.9725e-01 +2.2594e+00 +2.7540e+00
1877 0 +1.347128930e-03 -8.119086529e+02 -8.119086529e+02 +1.6081e+00 -3.3117e-01 +4.9094e-01 +2.2455e+00 +2.7372e+00
4161 0 +1.281313501e-03 -8.119087187e+02 -8.119087187e+02 +1.6081e+00 -3.3117e-01 +4.9094e-01 +2.2453e+00 +2.7372e+00
4526 0 +1.034081276e-03 -8.119089659e+02 -8.119089659e+02 +1.6081e+00 -3.2492e-01 +4.9094e-01 +2.2453e+00 +2.7520e+00
% f evaluations | g evaluations | best noise-free fitness - Fopt (-6.828000000000e+01) + sum g_i+ | measured fitness | best measured fitness or single-digit g-values | x1 | x2...
1 0 +1.181362695e+02 +4.985626945e+01 +4.985626945e+01 -1.2340e+00 -4.5652e+00 -2.0078e+00 -3.9100e+00 -8.6514e-01
3 0 +9.043768570e+00 -5.923623143e+01 -5.923623143e+01 -1.5427e+00 +1.3664e+00 +9.5698e-01 -6.7800e-01 +4.7147e+00
29 0 +5.727768170e+00 -6.255223183e+01 -6.255223183e+01 +5.9087e-01 +2.1086e+00 +4.4686e+00 +8.7081e-01 -2.9377e+00
72 0 +3.683789678e+00 -6.459621032e+01 -6.459621032e+01 -1.6667e+00 +3.5503e+00 +3.4343e+00 +2.3681e-01 -2.6874e+00
97 0 +3.066406393e+00 -6.521359361e+01 -6.521359361e+01 +1.4000e+00 +2.8427e+00 +3.5690e+00 +6.2645e-01 -1.2861e+00
102 0 +2.739652766e+00 -6.554034723e+01 -6.554034723e+01 +3.9409e-02 +2.5872e+00 +1.0280e+00 -9.6283e-01 +9.1404e-01
104 0 +1.142541784e+00 -6.713745822e+01 -6.713745822e+01 +6.1046e-01 +2.9017e+00 +2.4637e+00 +4.6168e-02 -4.2708e-01
208 0 +9.865201907e-01 -6.729347981e+01 -6.729347981e+01 +4.7893e-01 +2.9108e+00 +2.2114e+00 +1.1034e+00 +2.1777e-02
287 0 +3.207797622e-01 -6.795922024e+01 -6.795922024e+01 -5.8548e-01 +2.4036e+00 +2.0133e+00 +3.5000e-01 +2.3879e-01
373 0 +2.306506044e-01 -6.804934940e+01 -6.804934940e+01 -4.8532e-01 +2.4793e+00 +1.7281e+00 +1.0090e+00 -2.2473e-01
437 0 +1.697565936e-01 -6.811024341e+01 -6.811024341e+01 -4.2090e-01 +2.4036e+00 +2.0133e+00 +4.9216e-01 +1.2374e-01
584 0 +1.313298833e-01 -6.814867012e+01 -6.814867012e+01 -8.2961e-01 +2.7288e+00 +1.9717e+00 +9.4871e-01 -1.4440e-01
616 0 +1.258570167e-01 -6.815414298e+01 -6.815414298e+01 -6.7301e-01 +2.6753e+00 +1.8378e+00 +8.3207e-01 -3.3663e-01
631 0 +7.049463259e-02 -6.820950537e+01 -6.820950537e+01 -6.4068e-01 +2.6962e+00 +1.8824e+00 +7.6263e-01 -2.2149e-01
645 0 +5.650512548e-02 -6.822349487e+01 -6.822349487e+01 -3.2021e-01 +2.6592e+00 +1.9066e+00 +5.7829e-01 -2.5030e-02
724 0 +3.532630325e-02 -6.824467370e+01 -6.824467370e+01 -4.7982e-01 +2.4815e+00 +2.0071e+00 +7.4514e-01 -6.6856e-02
915 0 +2.019440667e-02 -6.825980559e+01 -6.825980559e+01 -4.3600e-01 +2.9007e+00 +1.8967e+00 +7.3298e-01 -2.6161e-02
998 0 +1.382725334e-02 -6.826617275e+01 -6.826617275e+01 -4.3721e-01 +2.6581e+00 +1.9920e+00 +7.0486e-01 +6.7321e-03
1166 0 +8.963118236e-03 -6.827103688e+01 -6.827103688e+01 -4.4884e-01 +2.7351e+00 +1.9787e+00 +6.9869e-01 +2.5386e-02
1228 0 +8.459113682e-03 -6.827154089e+01 -6.827154089e+01 -4.3721e-01 +2.7153e+00 +1.9920e+00 +7.0486e-01 +6.7321e-03
1472 0 +6.815549378e-03 -6.827318445e+01 -6.827318445e+01 -5.1720e-01 +2.7672e+00 +1.9485e+00 +7.4695e-01 -2.8602e-02
1582 0 +4.751900864e-03 -6.827524810e+01 -6.827524810e+01 -4.6856e-01 +2.7198e+00 +1.9852e+00 +7.3891e-01 +3.8191e-04
2333 0 +3.667208661e-03 -6.827633279e+01 -6.827633279e+01 -5.1438e-01 +2.8275e+00 +1.9975e+00 +7.8953e-01 +4.5405e-02
2689 0 +2.651318318e-03 -6.827734868e+01 -6.827734868e+01 -4.5138e-01 +2.9043e+00 +1.9535e+00 +6.8236e-01 +6.7201e-02
3051 0 +2.153869285e-03 -6.827784613e+01 -6.827784613e+01 -4.7726e-01 +2.7849e+00 +2.0297e+00 +7.6260e-01 +7.4910e-02
4091 0 +1.964657199e-03 -6.827803534e+01 -6.827803534e+01 -4.9142e-01 +2.9069e+00 +1.9882e+00 +7.3443e-01 +9.0631e-02
4342 0 +1.915818200e-03 -6.827808418e+01 -6.827808418e+01 -4.9823e-01 +2.8167e+00 +2.0474e+00 +7.9502e-01 +1.0468e-01
% f evaluations | g evaluations | best noise-free fitness - Fopt (-4.250500000000e+02) + sum g_i+ | measured fitness | best measured fitness or single-digit g-values | x1 | x2...
1 0 +1.991495012e+02 -2.259004988e+02 -2.259004988e+02 +3.3741e+00 -3.8533e+00 +4.7132e+00 +4.8462e+00 +2.3922e+00
2 0 +7.577501004e+01 -3.492749900e+02 -3.492749900e+02 -5.4871e-01 -2.9508e+00 +1.3001e+00 -4.9082e+00 +3.5182e+00
3 0 +6.066830605e+00 -4.189831694e+02 -4.189831694e+02 -3.6201e+00 -8.1090e-01 +1.4627e+00 +4.0290e-01 -2.0444e+00
20 0 +5.202572841e+00 -4.198474272e+02 -4.198474272e+02 +5.5133e-01 -4.5998e+00 +1.1649e+00 +1.7685e-01 -4.3366e+00
21 0 +3.476572548e+00 -4.215734275e+02 -4.215734275e+02 -3.1822e+00 -2.7851e+00 -3.5002e-01 +3.0686e+00 -9.4264e-01
103 0 +1.834660242e+00 -4.232153398e+02 -4.232153398e+02 -1.3961e+00 -2.6978e+00 +1.7982e+00 +1.4862e+00 -2.1544e+00
255 0 +1.810835979e+00 -4.232391640e+02 -4.232391640e+02 -1.4832e+00 -2.7506e+00 +1.7982e+00 +1.4862e+00 -2.1630e+00
272 0 +1.582981885e+00 -4.234670181e+02 -4.234670181e+02 -2.3111e+00 -3.3977e+00 +6.5115e-01 +1.6161e+00 -2.2922e+00
301 0 +1.315701413e+00 -4.237342986e+02 -4.237342986e+02 -1.1901e+00 -3.1337e+00 +4.8454e-01 +1.7878e+00 -2.2144e+00
389 0 +1.262616523e+00 -4.237873835e+02 -4.237873835e+02 -1.6461e+00 -2.4614e+00 +8.5029e-01 +1.5994e+00 -2.9788e+00
426 0 +1.132255879e+00 -4.239177441e+02 -4.239177441e+02 -1.6461e+00 -2.4981e+00 +1.0566e+00 +1.5994e+00 -3.0760e+00
485 0 +8.049956359e-01 -4.242450044e+02 -4.242450044e+02 -1.3941e+00 -2.8382e+00 +7.0457e-01 +1.7503e+00 -3.1850e+00
652 0 +6.819783537e-01 -4.243680216e+02 -4.243680216e+02 -1.3941e+00 -2.9771e+00 +7.2190e-01 +1.8359e+00 -3.1170e+00
775 0 +6.289221648e-01 -4.244210778e+02 -4.244210778e+02 -1.3941e+00 -2.8382e+00 +9.3268e-01 +1.7503e+00 -3.3691e+00
910 0 +4.797804156e-01 -4.245702196e+02 -4.245702196e+02 -1.1687e+00 -3.0467e+00 +7.7327e-01 +2.0305e+00 -3.0567e+00
957 0 +4.747497130e-01 -4.245752503e+02 -4.245752503e+02 -1.4142e+00 -2.9265e+00 +9.9666e-01 +1.8455e+00 -3.3691e+00
1017 0 +4.180561008e-01 -4.246319439e+02 -4.246319439e+02 -1.3548e+00 -3.0685e+00 +9.3296e-01 +1.8612e+00 -3.3416e+00
1092 0 +4.096911728e-01 -4.246403088e+02 -4.246403088e+02 -1.2896e+00 -3.1962e+00 +1.0429e+00 +1.9327e+00 -3.0541e+00
1098 0 +3.717993955e-01 -4.246782006e+02 -4.246782006e+02 -1.4233e+00 -2.9155e+00 +8.8702e-01 +2.0948e+00 -3.3533e+00
1191 0 +1.904831565e-01 -4.248595168e+02 -4.248595168e+02 -1.3572e+00 -3.2286e+00 +1.0772e+00 +2.1183e+00 -3.3364e+00
1463 0 +1.788192188e-01 -4.248711808e+02 -4.248711808e+02 -1.2931e+00 -3.2896e+00 +9.8361e-01 +1.9954e+00 -3.4358e+00
1480 0 +1.367245238e-01 -4.249132755e+02 -4.249132755e+02 -1.1296e+00 -3.1118e+00 +1.1488e+00 +2.3648e+00 -3.1528e+00
1512 0 +1.229262306e-01 -4.249270738e+02 -4.249270738e+02 -1.1466e+00 -3.3113e+00 +8.8186e-01 +2.1313e+00 -3.3836e+00
1518 0 +8.956683908e-02 -4.249604332e+02 -4.249604332e+02 -1.3572e+00 -3.1325e+00 +1.0499e+00 +2.2461e+00 -3.5313e+00
1586 0 +8.614565267e-02 -4.249638543e+02 -4.249638543e+02 -1.3572e+00 -3.1297e+00 +1.0499e+00 +2.2651e+00 -3.5313e+00
1620 0 +7.281255888e-02 -4.249771874e+02 -4.249771874e+02 -1.3572e+00 -3.1325e+00 +1.0499e+00 +2.2461e+00 -3.6288e+00
1700 0 +6.961923639e-02 -4.249803808e+02 -4.249803808e+02 -1.1511e+00 -3.3020e+00 +9.9688e-01 +2.2445e+00 -3.4555e+00
1708 0 +6.771238474e-02 -4.249822876e+02 -4.249822876e+02 -1.1443e+00 -3.3107e+00 +8.6734e-01 +2.2382e+00 -3.4681e+00
1714 0 +5.134263976e-02 -4.249986574e+02 -4.249986574e+02 -1.3448e+00 -3.3125e+00 +8.6531e-01 +2.2158e+00 -3.6232e+00
1736 0 +3.228986213e-02 -4.250177101e+02 -4.250177101e+02 -1.1897e+00 -3.3539e+00 +9.9735e-01 +2.2941e+00 -3.3596e+00
1774 0 +2.607691616e-02 -4.250239231e+02 -4.250239231e+02 -1.1897e+00 -3.3539e+00 +9.9735e-01 +2.2941e+00 -3.4097e+00
1791 0 +2.433748291e-02 -4.250256625e+02 -4.250256625e+02 -1.2167e+00 -3.2155e+00 +1.0658e+00 +2.4575e+00 -3.4713e+00
1940 0 +1.957147768e-02 -4.250304285e+02 -4.250304285e+02 -1.2783e+00 -3.1954e+00 +1.0009e+00 +2.3853e+00 -3.5716e+00
1973 0 +1.903873816e-02 -4.250309613e+02 -4.250309613e+02 -1.2215e+00 -3.2290e+00 +9.4514e-01 +2.3809e+00 -3.4985e+00
1977 0 +1.203370623e-02 -4.250379663e+02 -4.250379663e+02 -1.2299e+00 -3.4532e+00 +1.0421e+00 +2.3655e+00 -3.3643e+00
2208 0 +9.908187823e-03 -4.250400918e+02 -4.250400918e+02 -1.1911e+00 -3.3848e+00 +9.9146e-01 +2.3495e+00 -3.3880e+00
2222 0 +6.686764800e-03 -4.250433132e+02 -4.250433132e+02 -1.3142e+00 -3.3579e+00 +9.6678e-01 +2.3672e+00 -3.5359e+00
2407 0 +4.604875607e-03 -4.250453951e+02 -4.250453951e+02 -1.2249e+00 -3.3290e+00 +9.9801e-01 +2.4551e+00 -3.4478e+00
2954 0 +1.958505086e-03 -4.250480415e+02 -4.250480415e+02 -1.2117e+00 -3.3727e+00 +1.0317e+00 +2.4517e+00 -3.3897e+00
3817 0 +1.929759686e-03 -4.250480702e+02 -4.250480702e+02 -1.2305e+00 -3.3555e+00 +1.0082e+00 +2.4170e+00 -3.4324e+00
4206 0 +1.279903828e-03 -4.250487201e+02 -4.250487201e+02 -1.2227e+00 -3.4065e+00 +1.0056e+00 +2.4379e+00 -3.4014e+00
5033 0 +1.252254403e-03 -4.250487477e+02 -4.250487477e+02 -1.2227e+00 -3.4065e+00 +1.0056e+00 +2.4379e+00 -3.4027e+00
% f evaluations | g evaluations | best noise-free fitness - Fopt (-2.006200000000e+02) + sum g_i+ | measured fitness | best measured fitness or single-digit g-values | x1 | x2...
1 0 +2.921129481e+01 -1.714087052e+02 -1.714087052e+02 +4.5864e+00 -3.9184e+00 -3.4702e-01 +4.1228e+00 -8.8768e-01
3 0 +8.407155693e+00 -1.922128443e+02 -1.922128443e+02 -5.3309e-01 -2.2489e+00 -4.1161e+00 +1.6124e-01 -2.1001e+00
73 0 +5.697126524e+00 -1.949228735e+02 -1.949228735e+02 -1.4334e+00 +2.3684e-01 -3.8908e+00 +3.7931e+00 -3.6404e+00
112 0 +2.547032235e+00 -1.980729678e+02 -1.980729678e+02 -6.8078e-01 +1.3276e-01 -2.7414e+00 +3.8080e+00 -2.5801e+00
270 0 +2.224345280e+00 -1.983956547e+02 -1.983956547e+02 -1.7526e+00 -4.4315e-01 -1.4310e+00 +3.4474e+00 -3.7975e+00
306 0 +1.764431871e+00 -1.988555681e+02 -1.988555681e+02 -8.0284e-01 -4.6620e-02 -1.2421e+00 +3.6788e+00 -2.9772e+00
393 0 +1.412323866e+00 -1.992076761e+02 -1.992076761e+02 -4.2132e-01 -1.0791e+00 -2.5916e+00 +3.5301e+00 -3.6822e+00
491 0 +1.360593280e+00 -1.992594067e+02 -1.992594067e+02 -4.6945e-01 -1.2414e+00 -2.5916e+00 +3.5451e+00 -3.6822e+00
507 0 +1.065120472e+00 -1.995548795e+02 -1.995548795e+02 -3.8296e-01 -8.1184e-01 -1.8639e+00 +3.4037e+00 -3.1421e+00
513 0 +1.005114694e+00 -1.996148853e+02 -1.996148853e+02 +1.8031e-01 -1.1759e+00 -2.1717e+00 +3.6700e+00 -3.3084e+00
721 0 +9.939023355e-01 -1.996260977e+02 -1.996260977e+02 -1.0617e+00 -9.3299e-01 -1.6353e+00 +3.3393e+00 -3.5120e+00
761 0 +9.628699706e-01 -1.996571300e+02 -1.996571300e+02 -6.1171e-01 -8.0399e-01 -1.4158e+00 +3.1554e+00 -3.1480e+00
763 0 +8.946335422e-01 -1.997253665e+02 -1.997253665e+02 -8.2105e-01 -9.6060e-01 -1.7106e+00 +3.3938e+00 -3.3896e+00
808 0 +8.523763196e-01 -1.997676237e+02 -1.997676237e+02 -8.8413e-01 -8.1138e-01 -1.6901e+00 +3.5729e+00 -3.2331e+00
815 0 +8.476807506e-01 -1.997723192e+02 -1.997723192e+02 -9.8684e-01 -1.0984e+00 -1.7106e+00 +3.3938e+00 -3.3896e+00
817 0 +8.133995016e-01 -1.998066005e+02 -1.998066005e+02 -8.3905e-02 -1.0879e+00 -1.8279e+00 +3.5843e+00 -3.2687e+00
875 0 +7.939009229e-01 -1.998260991e+02 -1.998260991e+02 -2.8779e-01 -1.0431e+00 -2.0627e+00 +3.7342e+00 -2.9383e+00
910 0 +7.737431055e-01 -1.998462569e+02 -1.998462569e+02 -4.1220e-01 -1.0575e+00 -1.7899e+00 +3.6178e+00 -3.3930e+00
945 0 +7.578399058e-01 -1.998621601e+02 -1.998621601e+02 -3.6884e-01 -1.0898e+00 -1.9346e+00 +3.5947e+00 -2.9952e+00
1000 0 +7.310543201e-01 -1.998889457e+02 -1.998889457e+02 -2.4365e-01 -1.0602e+00 -1.9975e+00 +3.8119e+00 -2.9827e+00
1005 0 +6.906109393e-01 -1.999293891e+02 -1.999293891e+02 -4.9103e-01 -1.0997e+00 -1.8226e+00 +3.6589e+00 -3.1924e+00
1064 0 +6.532518615e-01 -1.999667481e+02 -1.999667481e+02 -7.2738e-01 -1.3502e+00 -1.7765e+00 +3.4670e+00 -3.1892e+00
1170 0 +6.287793228e-01 -1.999912207e+02 -1.999912207e+02 -5.7520e-01 -9.9580e-01 -1.5693e+00 +3.6739e+00 -3.1558e+00
1171 0 +5.883586007e-01 -2.000316414e+02 -2.000316414e+02 -2.7893e-01 -1.2353e+00 -1.9059e+00 +3.7890e+00 -3.1302e+00
1188 0 +5.646952922e-01 -2.000553047e+02 -2.000553047e+02 -2.2188e-01 -1.3511e+00 -1.9975e+00 +3.7659e+00 -3.0208e+00
1242 0 +4.780861691e-01 -2.001419138e+02 -2.001419138e+02 -5.7520e-01 -1.1081e+00 -1.6183e+00 +3.8590e+00 -3.1558e+00
1260 0 +4.629342964e-01 -2.001570657e+02 -2.001570657e+02 -2.7893e-01 -1.2747e+00 -1.7858e+00 +3.8276e+00 -3.0380e+00
1297 0 +4.448000764e-01 -2.001751999e+02 -2.001751999e+02 -3.9970e-01 -1.1615e+00 -1.5990e+00 +3.8883e+00 -3.1247e+00
1301 0 +3.864563212e-01 -2.002335437e+02 -2.002335437e+02 -6.5129e-01 -1.2292e+00 -1.6197e+00 +3.8657e+00 -3.1547e+00
1339 0 +3.682761631e-01 -2.002517238e+02 -2.002517238e+02 -5.7520e-01 -1.1552e+00 -1.4150e+00 +3.8590e+00 -3.0639e+00
1463 0 +3.357876289e-01 -2.002842124e+02 -2.002842124e+02 -5.7520e-01 -1.2725e+00 -1.6183e+00 +3.9229e+00 -3.1558e+00
1490 0 +2.944433665e-01 -2.003255566e+02 -2.003255566e+02 -5.7520e-01 -1.2725e+00 -1.5259e+00 +3.9229e+00 -3.1558e+00
1569 0 +2.777055524e-01 -2.003422944e+02 -2.003422944e+02 -5.0756e-01 -1.3725e+00 -1.6202e+00 +3.9216e+00 -3.1454e+00
1591 0 +2.216317176e-01 -2.003983683e+02 -2.003983683e+02 -5.7520e-01 -1.3194e+00 -1.4584e+00 +3.9789e+00 -3.1558e+00
1617 0 +2.171428461e-01 -2.004028572e+02 -2.004028572e+02 -6.5963e-01 -1.3350e+00 -1.4045e+00 +3.7793e+00 -2.9904e+00
1692 0 +1.705646353e-01 -2.004494354e+02 -2.004494354e+02 -5.7520e-01 -1.3940e+00 -1.4584e+00 +3.9789e+00 -3.1558e+00
1715 0 +1.368170306e-01 -2.004831830e+02 -2.004831830e+02 -4.5589e-01 -1.4351e+00 -1.4631e+00 +4.0325e+00 -3.1003e+00
1776 0 +1.276260564e-01 -2.004923739e+02 -2.004923739e+02 -4.6590e-01 -1.5759e+00 -1.5629e+00 +3.8531e+00 -2.9548e+00
1801 0 +1.184523063e-01 -2.005015477e+02 -2.005015477e+02 -7.8686e-01 -1.4486e+00 -1.4986e+00 +3.9420e+00 -2.9575e+00
1897 0 +1.130147154e-01 -2.005069853e+02 -2.005069853e+02 -6.2737e-01 -1.4830e+00 -1.5071e+00 +3.9383e+00 -3.0028e+00
1934 0 +1.045710948e-01 -2.005154289e+02 -2.005154289e+02 -4.8327e-01 -1.5391e+00 -1.5476e+00 +3.9445e+00 -3.0000e+00
1937 0 +7.968133953e-02 -2.005403187e+02 -2.005403187e+02 -6.2928e-01 -1.5547e+00 -1.3545e+00 +3.8359e+00 -3.1106e+00
1982 0 +7.668016009e-02 -2.005433198e+02 -2.005433198e+02 -6.7709e-01 -1.5175e+00 -1.5591e+00 +4.0048e+00 -2.9048e+00
1998 0 +6.213232774e-02 -2.005578677e+02 -2.005578677e+02 -3.5432e-01 -1.6214e+00 -1.4592e+00 +3.9635e+00 -3.1163e+00
2061 0 +3.012467500e-02 -2.005898753e+02 -2.005898753e+02 -6.6193e-01 -1.7050e+00 -1.4585e+00 +3.8961e+00 -2.9985e+00
2082 0 +1.956592470e-02 -2.006004341e+02 -2.006004341e+02 -5.8461e-01 -1.6490e+00 -1.4213e+00 +3.8838e+00 -3.0149e+00
2094 0 +1.534572703e-02 -2.006046543e+02 -2.006046543e+02 -5.7499e-01 -1.6708e+00 -1.4839e+00 +3.8834e+00 -2.8910e+00
2288 0 +9.322770907e-03 -2.006106772e+02 -2.006106772e+02 -6.7913e-01 -1.6716e+00 -1.4633e+00 +3.9580e+00 -2.9657e+00
2304 0 +7.047280579e-03 -2.006129527e+02 -2.006129527e+02 -5.7499e-01 -1.7346e+00 -1.4839e+00 +3.8946e+00 -2.9320e+00
2499 0 +5.017640331e-03 -2.006149824e+02 -2.006149824e+02 -6.0952e-01 -1.6966e+00 -1.4492e+00 +3.8631e+00 -2.8832e+00
2548 0 +3.096223785e-03 -2.006169038e+02 -2.006169038e+02 -5.5265e-01 -1.7027e+00 -1.4842e+00 +3.9028e+00 -2.9115e+00
3286 0 +1.291592199e-03 -2.006187084e+02 -2.006187084e+02 -5.9858e-01 -1.7183e+00 -1.4033e+00 +3.7862e+00 -2.8991e+00
% f evaluations | g evaluations | best noise-free fitness - Fopt (-1.000000000000e+03) + sum g_i+ | measured fitness | best measured fitness or single-digit g-values | x1 | x2...
1 0 +3.508085618e+01 -9.649191438e+02 -9.649191438e+02 +3.9922e+00 +2.1018e+00 -4.2453e+00 +4.7823e+00 +1.2532e+00
2 0 +3.094533436e+01 -9.690546656e+02 -9.690546656e+02 +4.8197e+00 +3.4988e+00 -3.7405e+00 +4.8595e+00 +2.2114e-01
7 0 +3.082833352e+01 -9.691716665e+02 -9.691716665e+02 +1.2669e+00 +3.1549e+00 -5.3095e-01 -3.3549e+00 +3.8444e+00
9 0 +9.453571708e+00 -9.905464283e+02 -9.905464283e+02 +9.8409e-01 +1.0105e+00 -2.8131e+00 -2.6812e+00 +3.9451e+00
28 0 +8.730540892e+00 -9.912694591e+02 -9.912694591e+02 +2.8406e+00 -3.9166e+00 -2.8143e+00 -1.3079e-01 -4.5652e+00
45 0 +8.481939129e+00 -9.915180609e+02 -9.915180609e+02 +3.3285e+00 +4.4020e-01 -3.9077e+00 -6.6185e-01 +2.6061e+00
81 0 +6.689455919e+00 -9.933105441e+02 -9.933105441e+02 -5.9127e-01 +9.1490e-01 -2.9553e+00 -4.1284e+00 +8.2752e-01
101 0 +6.513595534e+00 -9.934864045e+02 -9.934864045e+02 +4.0445e+00 -9.6176e-01 -4.4984e+00 -3.7759e-02 +6.9743e-01
121 0 +2.557945716e+00 -9.974420543e+02 -9.974420543e+02 +3.4622e+00 -1.0976e+00 -2.1148e+00 -3.5269e+00 +2.5516e-01
235 0 +2.276674519e+00 -9.977233255e+02 -9.977233255e+02 +1.4374e+00 -1.4461e+00 -2.4506e+00 -1.8272e+00 +1.3333e+00
305 0 +1.693125237e+00 -9.983068748e+02 -9.983068748e+02 +2.8908e+00 -7.7854e-01 -2.6181e+00 -2.1010e+00 +2.7304e-01
339 0 +1.585580897e+00 -9.984144191e+02 -9.984144191e+02 +9.5376e-01 -1.8326e+00 -1.7090e+00 -2.8471e+00 +3.5575e-01
359 0 +1.439848486e+00 -9.985601515e+02 -9.985601515e+02 +6.6330e-01 -7.7743e-01 -2.4197e+00 -2.1954e+00 -4.2468e-01
373 0 +9.622149744e-01 -9.990377850e+02 -9.990377850e+02 +1.3770e+00 -6.3264e-02 -2.5403e+00 -3.8276e+00 +4.3826e-01
381 0 +4.159874305e-01 -9.995840126e+02 -9.995840126e+02 +1.8973e+00 -6.0311e-01 -2.5765e+00 -3.0168e+00 +4.7158e-01
422 0 +3.906649357e-01 -9.996093351e+02 -9.996093351e+02 +1.8973e+00 -4.8017e-01 -2.4697e+00 -3.0168e+00 +4.2635e-01
607 0 +3.577276379e-01 -9.996422724e+02 -9.996422724e+02 +2.2162e+00 -6.8454e-01 -2.4400e+00 -3.1271e+00 +2.5531e-01
658 0 +3.545667218e-01 -9.996454333e+02 -9.996454333e+02 +1.6630e+00 -2.5414e-01 -2.4342e+00 -3.0630e+00 +2.3969e-01
683 0 +3.447518582e-01 -9.996552481e+02 -9.996552481e+02 +1.9600e+00 -4.1600e-01 -2.2210e+00 -3.0906e+00 +1.0177e-01
698 0 +3.367141360e-01 -9.996632859e+02 -9.996632859e+02 +1.7516e+00 -7.3179e-01 -2.6104e+00 -2.8749e+00 +3.7610e-01
701 0 +2.956680422e-01 -9.997043320e+02 -9.997043320e+02 +1.7414e+00 -5.8038e-01 -2.3793e+00 -3.1380e+00 +4.0998e-01
705 0 +1.837357264e-01 -9.998162643e+02 -9.998162643e+02 +1.9335e+00 -7.4267e-01 -2.3555e+00 -3.1057e+00 +2.1544e-01
814 0 +1.577420713e-01 -9.998422579e+02 -9.998422579e+02 +1.8259e+00 -6.8767e-01 -2.1658e+00 -3.0906e+00 +4.8989e-02
958 0 +1.284231312e-01 -9.998715769e+02 -9.998715769e+02 +1.9335e+00 -8.6604e-01 -2.5787e+00 -3.2106e+00 +1.5565e-01
1022 0 +1.242742242e-01 -9.998757258e+02 -9.998757258e+02 +1.9017e+00 -9.8903e-01 -2.4133e+00 -3.2873e+00 +1.5703e-01
1046 0 +1.226940892e-01 -9.998773059e+02 -9.998773059e+02 +1.8208e+00 -7.5101e-01 -2.1140e+00 -3.1563e+00 +7.3991e-02
1103 0 +1.131513903e-01 -9.998868486e+02 -9.998868486e+02 +1.8568e+00 -8.4121e-01 -2.2283e+00 -3.1305e+00 +5.0668e-02
1104 0 +9.259707299e-02 -9.999074029e+02 -9.999074029e+02 +1.7660e+00 -6.9550e-01 -2.3485e+00 -3.1615e+00 +1.4671e-01
1168 0 +6.736006058e-02 -9.999326399e+02 -9.999326399e+02 +1.8264e+00 -7.5425e-01 -2.3237e+00 -3.2900e+00 +1.0531e-02
1201 0 +3.909770947e-02 -9.999609023e+02 -9.999609023e+02 +1.8453e+00 -8.4573e-01 -2.5259e+00 -3.2244e+00 +3.9878e-02
1326 0 +3.202786822e-02 -9.999679721e+02 -9.999679721e+02 +1.8533e+00 -8.4969e-01 -2.4021e+00 -3.2576e+00 -1.6586e-02
1392 0 +1.896777098e-02 -9.999810322e+02 -9.999810322e+02 +1.8722e+00 -9.0600e-01 -2.4767e+00 -3.2818e+00 -2.6086e-02
1572 0 +1.671866425e-02 -9.999832813e+02 -9.999832813e+02 +1.8722e+00 -9.0041e-01 -2.5545e+00 -3.2818e+00 -2.6086e-02
1797 0 +7.259737612e-03 -9.999927403e+02 -9.999927403e+02 +1.7686e+00 -8.8447e-01 -2.5316e+00 -3.2539e+00 -3.1051e-02
2163 0 +6.972251672e-03 -9.999930277e+02 -9.999930277e+02 +1.6798e+00 -8.6547e-01 -2.5519e+00 -3.2135e+00 +6.1993e-03
2597 0 +2.381115817e-03 -9.999976189e+02 -9.999976189e+02 +1.6964e+00 -9.1032e-01 -2.5722e+00 -3.2407e+00 -2.9549e-02
3373 0 +1.664026895e-03 -9.999983360e+02 -9.999983360e+02 +1.6964e+00 -9.1032e-01 -2.5722e+00 -3.2396e+00 -2.9549e-02
4229 0 +1.469353236e-03 -9.999985306e+02 -9.999985306e+02 +1.6950e+00 -9.3689e-01 -2.6380e+00 -3.2423e+00 -3.4969e-02
% f evaluations | g evaluations | best noise-free fitness - Fopt (7.321000000000e+01) + sum g_i+ | measured fitness | best measured fitness or single-digit g-values | x1 | x2...
1 0 +1.132365610e+01 +8.453365610e+01 +8.453365610e+01 -3.7636e+00 -4.6934e-01 +3.2300e+00 +4.3631e+00 -1.4535e+00
16 0 +5.181523309e+00 +7.839152331e+01 +7.839152331e+01 -1.5411e+00 +2.0438e+00 +2.3798e+00 +5.5960e-01 +2.5523e-01
106 0 +4.347724537e+00 +7.755772454e+01 +7.755772454e+01 +1.7639e+00 +1.4879e+00 +4.8574e-01 -3.8769e+00 -2.7673e+00
125 0 +4.094169838e+00 +7.730416984e+01 +7.730416984e+01 -8.3355e-01 +5.5767e-01 +1.8990e+00 +1.4327e-01 -3.5454e+00
126 0 +1.885306223e+00 +7.509530622e+01 +7.509530622e+01 +5.0284e-01 +3.2777e+00 +1.8425e+00 -2.8340e+00 -3.0890e+00
204 0 +1.084418496e+00 +7.429441850e+01 +7.429441850e+01 +8.9221e-01 +1.5668e+00 +2.1347e+00 -1.5343e+00 -2.1604e+00
222 0 +7.107006697e-01 +7.392070067e+01 +7.392070067e+01 +1.0407e+00 +1.9902e+00 +1.4518e+00 -1.3006e+00 -2.1020e+00
320 0 +5.967767224e-01 +7.380677672e+01 +7.380677672e+01 +4.9663e-01 +2.4427e+00 +1.2045e+00 -7.4283e-01 -1.5506e+00
351 0 +4.568188176e-01 +7.366681882e+01 +7.366681882e+01 +4.1967e-01 +2.2346e+00 +2.1138e+00 -7.3316e-01 -2.2947e+00
375 0 +2.392072965e-01 +7.344920730e+01 +7.344920730e+01 +4.5892e-01 +2.1523e+00 +1.9427e+00 -1.0044e+00 -2.5396e+00
468 0 +1.472422378e-01 +7.335724224e+01 +7.335724224e+01 +2.4542e-01 +2.3614e+00 +1.5165e+00 -1.2840e+00 -1.8774e+00
519 0 +8.589036983e-02 +7.329589037e+01 +7.329589037e+01 +1.9047e-01 +2.8715e+00 +1.7328e+00 -1.1023e+00 -2.5810e+00
610 0 +6.656463795e-02 +7.327656464e+01 +7.327656464e+01 +1.8240e-01 +2.5942e+00 +1.7370e+00 -1.0785e+00 -2.3160e+00
706 0 +5.381968414e-02 +7.326381968e+01 +7.326381968e+01 +4.4866e-01 +2.6738e+00 +1.7273e+00 -9.6562e-01 -2.4496e+00
731 0 +2.842250832e-02 +7.323842251e+01 +7.323842251e+01 +2.2023e-01 +2.6082e+00 +1.7448e+00 -1.1679e+00 -2.3223e+00
796 0 +2.109559913e-02 +7.323109560e+01 +7.323109560e+01 +3.0786e-01 +2.6794e+00 +1.7506e+00 -1.0558e+00 -2.4273e+00
823 0 +1.874354331e-02 +7.322874354e+01 +7.322874354e+01 +2.2253e-01 +2.6398e+00 +1.7151e+00 -1.1558e+00 -2.2814e+00
859 0 +1.398298843e-02 +7.322398299e+01 +7.322398299e+01 +4.2788e-01 +2.5541e+00 +1.7217e+00 -1.0918e+00 -2.3151e+00
913 0 +1.199683782e-02 +7.322199684e+01 +7.322199684e+01 +4.4866e-01 +2.6976e+00 +1.6678e+00 -1.0118e+00 -2.4194e+00
980 0 +1.152880022e-02 +7.322152880e+01 +7.322152880e+01 +2.3288e-01 +2.6488e+00 +1.7181e+00 -1.1000e+00 -2.4167e+00
989 0 +1.086967744e-02 +7.322086968e+01 +7.322086968e+01 +4.6539e-01 +2.5385e+00 +1.5815e+00 -1.0280e+00 -2.3468e+00
1148 0 +9.328942029e-03 +7.321932894e+01 +7.321932894e+01 +3.2197e-01 +2.5109e+00 +1.7651e+00 -1.1115e+00 -2.3218e+00
1276 0 +4.126604736e-03 +7.321412660e+01 +7.321412660e+01 +3.1888e-01 +2.5844e+00 +1.7464e+00 -1.1126e+00 -2.3309e+00
1770 0 +3.079489331e-03 +7.321307949e+01 +7.321307949e+01 +3.5040e-01 +2.5881e+00 +1.6921e+00 -1.0807e+00 -2.3388e+00
1790 0 +2.634998841e-03 +7.321263500e+01 +7.321263500e+01 +2.8403e-01 +2.6507e+00 +1.7372e+00 -1.0999e+00 -2.3801e+00
2230 0 +2.049845196e-03 +7.321204985e+01 +7.321204985e+01 +4.7254e-01 +2.5348e+00 +1.6644e+00 -1.0463e+00 -2.3300e+00
2933 0 +1.807205936e-03 +7.321180721e+01 +7.321180721e+01 +4.4432e-01 +2.5635e+00 +1.6753e+00 -1.0431e+00 -2.3665e+00
3960 0 +1.388155694e-03 +7.321138816e+01 +7.321138816e+01 +4.2037e-01 +2.5207e+00 +1.6999e+00 -1.0746e+00 -2.3184e+00
% f evaluations | g evaluations | best noise-free fitness - Fopt (-4.907000000000e+01) + sum g_i+ | measured fitness | best measured fitness or single-digit g-values | x1 | x2...
1 0 +1.921728337e+01 -2.985271663e+01 -2.985271663e+01 +2.6285e+00 -2.1005e+00 -2.4350e+00 -7.8085e-01 +2.7627e+00
5 0 +1.508909871e+01 -3.398090129e+01 -3.398090129e+01 +1.5887e+00 +1.5838e+00 -1.3659e+00 +1.8045e+00 -4.0661e+00
16 0 +1.249215714e+01 -3.657784286e+01 -3.657784286e+01 +2.3761e+00 -9.2618e-01 -4.0287e+00 +9.3363e-01 -2.0035e+00
30 0 +7.431324725e+00 -4.163867528e+01 -4.163867528e+01 +2.2224e+00 -1.1079e-01 -1.9023e+00 +6.7506e-01 -4.6387e+00
53 0 +6.550057004e+00 -4.251994300e+01 -4.251994300e+01 +7.3962e-01 -3.1586e+00 +2.1344e+00 +6.1622e-01 -8.4036e-01
105 0 +6.272365644e+00 -4.279763436e+01 -4.279763436e+01 +7.3962e-01 -3.1586e+00 +2.1344e+00 +4.5824e-01 -7.5191e-01
159 0 +3.715305773e+00 -4.535469423e+01 -4.535469423e+01 +1.7166e+00 -1.8759e+00 +1.4985e+00 +1.7822e+00 -7.4950e-01
204 0 +3.260040730e+00 -4.580995927e+01 -4.580995927e+01 +1.8186e+00 -2.7090e+00 +2.1254e+00 +2.1811e+00 -1.4154e-01
213 0 +3.194928439e+00 -4.587507156e+01 -4.587507156e+01 +1.8435e+00 -2.1675e+00 +9.0622e-01 -1.4535e+00 -7.5710e-01
261 0 +2.908219372e+00 -4.616178063e+01 -4.616178063e+01 +1.8745e+00 -2.5694e+00 +3.5585e-01 +7.5203e-01 -3.3382e-02
331 0 +2.866114376e+00 -4.620388562e+01 -4.620388562e+01 +1.6135e+00 -1.9818e+00 +1.3307e+00 +5.6309e-01 -6.4424e-01
390 0 +2.391217705e+00 -4.667878229e+01 -4.667878229e+01 +1.6014e+00 -2.4168e+00 +2.0154e+00 +7.5990e-01 +6.9049e-02
472 0 +2.305788583e+00 -4.676421142e+01 -4.676421142e+01 +1.6014e+00 -2.4168e+00 +2.0154e+00 +7.4552e-01 -9.0840e-02
490 0 +2.194063952e+00 -4.687593605e+01 -4.687593605e+01 +1.6014e+00 -2.4689e+00 +2.0154e+00 +5.8013e-01 +2.0089e-02
535 0 +2.031039248e+00 -4.703896075e+01 -4.703896075e+01 +1.7224e+00 -2.5140e+00 +2.0154e+00 +8.3813e-01 -9.0840e-02
599 0 +1.922041898e+00 -4.714795810e+01 -4.714795810e+01 +1.6740e+00 -2.3066e+00 +1.9866e+00 +2.4290e-01 -2.6195e-01
711 0 +1.804689293e+00 -4.726531071e+01 -4.726531071e+01 +1.7693e+00 -2.3066e+00 +1.8101e+00 +2.3011e-01 -1.7321e-01
738 0 +1.736076940e+00 -4.733392306e+01 -4.733392306e+01 +1.8953e+00 -2.3635e+00 +2.0120e+00 +7.9239e-01 -2.7976e-01
782 0 +1.668692780e+00 -4.740130722e+01 -4.740130722e+01 +1.8657e+00 -2.2854e+00 +1.8905e+00 +4.3217e-01 +3.7837e-02
812 0 +1.609429506e+00 -4.746057049e+01 -4.746057049e+01 +2.0258e+00 -2.2937e+00 +1.6917e+00 +5.3225e-01 -2.9076e-01
940 0 +1.492945864e+00 -4.757705414e+01 -4.757705414e+01 +2.0489e+00 -2.0799e+00 +1.9573e+00 +5.2055e-01 -2.4151e-01
1023 0 +1.445446400e+00 -4.762455360e+01 -4.762455360e+01 +2.0737e+00 -2.2643e+00 +1.8499e+00 +6.0883e-01 -1.8948e-01
1091 0 +1.421733986e+00 -4.764826601e+01 -4.764826601e+01 +2.1232e+00 -2.1987e+00 +1.8608e+00 +6.1652e-01 -2.1162e-01
1149 0 +1.404835801e+00 -4.766516420e+01 -4.766516420e+01 +2.1192e+00 -2.1668e+00 +1.9415e+00 +6.9983e-01 -1.3733e-01
1153 0 +1.324872084e+00 -4.774512792e+01 -4.774512792e+01 +2.1941e+00 -2.1467e+00 +1.9150e+00 +6.2753e-01 -1.4710e-01
1301 0 +1.203362091e+00 -4.786663791e+01 -4.786663791e+01 +2.0947e+00 -2.2464e+00 +2.0497e+00 +4.1918e-01 -4.2800e-02
1417 0 +1.168399061e+00 -4.790160094e+01 -4.790160094e+01 +2.2957e+00 -2.3785e+00 +2.0566e+00 +5.6324e-01 -2.3471e-01
1435 0 +1.127059006e+00 -4.794294099e+01 -4.794294099e+01 +2.4767e+00 -2.0244e+00 +2.0762e+00 +5.3301e-01 -1.5908e-01
1496 0 +1.120559456e+00 -4.794944054e+01 -4.794944054e+01 +2.1432e+00 -2.3708e+00 +1.9384e+00 +3.8406e-01 +6.3404e-02
1501 0 +1.026872375e+00 -4.804312763e+01 -4.804312763e+01 +2.4950e+00 -2.1033e+00 +1.8461e+00 +2.3424e-01 +1.3644e-01
1541 0 +1.007201817e+00 -4.806279818e+01 -4.806279818e+01 +2.4495e+00 -2.2283e+00 +2.1024e+00 +4.9999e-01 -1.3208e-01
1592 0 +9.707600673e-01 -4.809923993e+01 -4.809923993e+01 +2.4672e+00 -2.0846e+00 +2.1308e+00 +3.7007e-01 -4.3911e-02
1725 0 +9.306200142e-01 -4.813937999e+01 -4.813937999e+01 +2.3936e+00 -2.1436e+00 +2.0062e+00 +2.1298e-01 +1.8167e-01
1731 0 +7.806954211e-01 -4.828930458e+01 -4.828930458e+01 +2.4593e+00 -2.1913e+00 +2.2512e+00 +5.4256e-01 +1.5144e-01
1822 0 +7.206118967e-01 -4.834938810e+01 -4.834938810e+01 +2.4696e+00 -2.2440e+00 +2.0725e+00 +2.1298e-01 +3.5781e-01
1985 0 +6.803075041e-01 -4.838969250e+01 -4.838969250e+01 +2.5258e+00 -2.2852e+00 +2.1111e+00 +4.4229e-01 +2.8947e-01
1992 0 +6.155554988e-01 -4.845444450e+01 -4.845444450e+01 +2.5409e+00 -2.3850e+00 +2.2401e+00 +5.3126e-01 +2.2600e-01
2111 0 +5.905478750e-01 -4.847945212e+01 -4.847945212e+01 +2.5331e+00 -2.4618e+00 +2.1103e+00 +3.8520e-01 +3.1042e-01
2112 0 +5.692324899e-01 -4.850076751e+01 -4.850076751e+01 +2.5820e+00 -2.3299e+00 +2.4506e+00 +4.7560e-01 +1.8090e-01
2191 0 +4.468111373e-01 -4.862318886e+01 -4.862318886e+01 +2.5481e+00 -2.4366e+00 +2.2298e+00 +2.9422e-01 +4.4120e-01
2284 0 +4.465023366e-01 -4.862349766e+01 -4.862349766e+01 +2.5683e+00 -2.6486e+00 +2.2298e+00 +2.9422e-01 +3.6500e-01
2330 0 +4.077617187e-01 -4.866223828e+01 -4.866223828e+01 +2.6446e+00 -2.5113e+00 +2.3218e+00 +4.1353e-01 +3.4250e-01
2379 0 +2.792548149e-01 -4.879074519e+01 -4.879074519e+01 +2.7434e+00 -2.3707e+00 +2.4847e+00 +3.0512e-01 +4.6390e-01
2582 0 +2.301696926e-01 -4.883983031e+01 -4.883983031e+01 +2.7624e+00 -2.5106e+00 +2.3614e+00 +2.9699e-01 +5.2758e-01
2629 0 +1.935120956e-01 -4.887648790e+01 -4.887648790e+01 +2.7598e+00 -2.5919e+00 +2.3611e+00 +2.1956e-01 +5.5734e-01
2675 0 +1.585234488e-01 -4.891147655e+01 -4.891147655e+01 +2.7598e+00 -2.5919e+00 +2.4391e+00 +3.6627e-01 +5.5734e-01
2722 0 +1.326707966e-01 -4.893732920e+01 -4.893732920e+01 +2.8700e+00 -2.4437e+00 +2.4636e+00 +3.2965e-01 +6.3697e-01
2812 0 +1.249928127e-01 -4.894500719e+01 -4.894500719e+01 +2.7784e+00 -2.5072e+00 +2.4826e+00 +2.8310e-01 +7.8969e-01
2833 0 +8.685136453e-02 -4.898314864e+01 -4.898314864e+01 +2.8600e+00 -2.5820e+00 +2.5273e+00 +2.6231e-01 +7.3421e-01
2915 0 +4.795175939e-02 -4.902204824e+01 -4.902204824e+01 +2.9974e+00 -2.5818e+00 +2.4532e+00 +3.1597e-01 +6.8174e-01
3085 0 +4.723132519e-02 -4.902276867e+01 -4.902276867e+01 +3.1705e+00 -2.5451e+00 +2.5298e+00 +1.7099e-01 +6.8412e-01
3096 0 +4.304597081e-02 -4.902695403e+01 -4.902695403e+01 +2.8855e+00 -2.6876e+00 +2.4147e+00 +2.1937e-01 +7.3110e-01
3097 0 +2.681019410e-02 -4.904318981e+01 -4.904318981e+01 +2.9600e+00 -2.6962e+00 +2.3619e+00 +2.4308e-01 +7.3871e-01
3220 0 +1.838198139e-02 -4.905161802e+01 -4.905161802e+01 +3.1344e+00 -2.7033e+00 +2.4398e+00 +2.8627e-01 +6.7266e-01
3510 0 +1.508096970e-02 -4.905491903e+01 -4.905491903e+01 +3.2998e+00 -2.7381e+00 +2.4394e+00 +1.8537e-01 +6.8337e-01
3648 0 +1.194264984e-02 -4.905805735e+01 -4.905805735e+01 +3.2479e+00 -2.6500e+00 +2.3801e+00 +2.1789e-01 +7.4958e-01
3711 0 +1.067079435e-02 -4.905932921e+01 -4.905932921e+01 +3.2998e+00 -2.7192e+00 +2.4394e+00 +1.8537e-01 +6.8337e-01
3786 0 +9.797677158e-03 -4.906020232e+01 -4.906020232e+01 +3.2790e+00 -2.6821e+00 +2.4348e+00 +1.8834e-01 +6.8677e-01
3893 0 +8.014779039e-03 -4.906198522e+01 -4.906198522e+01 +3.1110e+00 -2.6882e+00 +2.3802e+00 +2.5966e-01 +7.2642e-01
3991 0 +5.259514400e-03 -4.906474049e+01 -4.906474049e+01 +3.2463e+00 -2.7772e+00 +2.4302e+00 +1.9001e-01 +6.5491e-01
4001 0 +4.982336827e-03 -4.906501766e+01 -4.906501766e+01 +3.1936e+00 -2.7184e+00 +2.4157e+00 +2.0502e-01 +6.9424e-01
4203 0 +4.797430243e-03 -4.906520257e+01 -4.906520257e+01 +3.2112e+00 -2.7746e+00 +2.4122e+00 +2.6009e-01 +6.5960e-01
4840 0 +2.322726371e-03 -4.906767727e+01 -4.906767727e+01 +3.2269e+00 -2.7746e+00 +2.3367e+00 +2.7483e-01 +7.3743e-01
% f evaluations | g evaluations | best noise-free fitness - Fopt (-5.112300000000e+02) + sum g_i+ | measured fitness | best measured fitness or single-digit g-values | x1 | x2...
1 0 +5.344296126e+01 -4.577870387e+02 -4.577870387e+02 +3.0652e+00 -1.8417e+00 -2.7716e+00 -3.0445e+00 -2.6997e+00
3 0 +1.047314768e+01 -5.007568523e+02 -5.007568523e+02 -3.2374e+00 -1.5226e+00 +4.0577e-01 +2.3313e+00 +4.6099e+00
5 0 +6.154577897e+00 -5.050754221e+02 -5.050754221e+02 -4.7566e+00 +3.3198e+00 +3.2389e+00 -5.1485e-01 -1.8676e+00
109 0 +5.849332318e+00 -5.053806677e+02 -5.053806677e+02 -4.6583e+00 -1.4482e-02 +8.6019e-01 +2.9879e+00 +9.1390e-01
115 0 +5.256084799e+00 -5.059739152e+02 -5.059739152e+02 -1.5059e+00 -1.9259e-01 +1.7833e+00 +1.2906e-01 +1.7995e+00
138 0 +5.125114226e+00 -5.061048858e+02 -5.061048858e+02 -3.9049e+00 -7.5075e-01 +3.5033e-01 +1.3505e+00 +2.8920e-01
141 0 +1.214990255e+00 -5.100150097e+02 -5.100150097e+02 -2.7453e+00 -1.8213e-02 +2.5715e+00 +1.6877e+00 +1.5855e+00
331 0 +8.692374067e-01 -5.103607626e+02 -5.103607626e+02 -3.6017e+00 +4.5355e-01 +2.1008e+00 +1.2797e+00 +1.3739e+00
618 0 +7.782817703e-01 -5.104517182e+02 -5.104517182e+02 -3.5832e+00 +4.5355e-01 +2.1546e+00 +1.2724e+00 +1.4749e+00
678 0 +7.512065330e-01 -5.104787935e+02 -5.104787935e+02 -3.2680e+00 +2.8094e-01 +2.4375e+00 +1.4374e+00 +1.3102e+00
689 0 +7.346010506e-01 -5.104953989e+02 -5.104953989e+02 -3.2680e+00 +2.8094e-01 +2.4375e+00 +1.6161e+00 +1.3102e+00
702 0 +5.424679688e-01 -5.106875320e+02 -5.106875320e+02 -3.5832e+00 +4.5355e-01 +2.3472e+00 +1.3261e+00 +1.5343e+00
850 0 +4.545021073e-01 -5.107754979e+02 -5.107754979e+02 -3.5832e+00 +4.5355e-01 +2.4453e+00 +1.3223e+00 +1.5343e+00
909 0 +4.341416206e-01 -5.107958584e+02 -5.107958584e+02 -3.6411e+00 +4.5355e-01 +2.4453e+00 +1.3223e+00 +1.5343e+00
920 0 +3.398170106e-01 -5.108901830e+02 -5.108901830e+02 -3.5422e+00 +3.7839e-01 +2.6694e+00 +1.5035e+00 +1.4116e+00
1039 0 +2.748274276e-01 -5.109551726e+02 -5.109551726e+02 -3.5007e+00 +4.3566e-01 +2.7446e+00 +1.4634e+00 +1.4168e+00
1116 0 +2.315799982e-01 -5.109984200e+02 -5.109984200e+02 -3.5007e+00 +4.1371e-01 +2.8623e+00 +1.4634e+00 +1.4168e+00
1124 0 +1.892159860e-01 -5.110407840e+02 -5.110407840e+02 -3.7997e+00 +5.7978e-01 +2.5237e+00 +1.4765e+00 +1.7030e+00
1251 0 +1.142440404e-01 -5.111157560e+02 -5.111157560e+02 -3.9564e+00 +5.3957e-01 +2.6725e+00 +1.4765e+00 +1.9433e+00
1293 0 +1.017703857e-01 -5.111282296e+02 -5.111282296e+02 -3.7615e+00 +6.0823e-01 +2.7068e+00 +1.4886e+00 +1.5824e+00
1382 0 +8.460391384e-02 -5.111453961e+02 -5.111453961e+02 -3.8615e+00 +5.5975e-01 +2.7168e+00 +1.3805e+00 +1.7177e+00
1432 0 +3.612351856e-02 -5.111938765e+02 -5.111938765e+02 -3.7588e+00 +6.2182e-01 +2.8666e+00 +1.4339e+00 +1.6084e+00
1516 0 +2.820941530e-02 -5.112017906e+02 -5.112017906e+02 -3.8622e+00 +5.7191e-01 +2.8256e+00 +1.3927e+00 +1.7796e+00
1630 0 +2.105650468e-02 -5.112089435e+02 -5.112089435e+02 -3.7842e+00 +6.0338e-01 +2.8904e+00 +1.4151e+00 +1.6457e+00
1636 0 +6.643791926e-03 -5.112233562e+02 -5.112233562e+02 -3.8227e+00 +5.6693e-01 +2.9634e+00 +1.4098e+00 +1.6199e+00
2031 0 +6.063832651e-03 -5.112239362e+02 -5.112239362e+02 -3.8227e+00 +5.8160e-01 +2.9634e+00 +1.4098e+00 +1.6199e+00
2071 0 +4.980318812e-03 -5.112250197e+02 -5.112250197e+02 -3.8341e+00 +6.4474e-01 +2.9217e+00 +1.4849e+00 +1.6517e+00
2102 0 +4.282826841e-03 -5.112257172e+02 -5.112257172e+02 -3.8227e+00 +5.7426e-01 +2.9634e+00 +1.4098e+00 +1.6199e+00
2724 0 +2.779027542e-03 -5.112272210e+02 -5.112272210e+02 -3.8823e+00 +5.7069e-01 +2.9647e+00 +1.4241e+00 +1.6431e+00
2914 0 +2.701304181e-03 -5.112272987e+02 -5.112272987e+02 -3.8390e+00 +6.0463e-01 +2.9555e+00 +1.4014e+00 +1.7036e+00
% f evaluations | g evaluations | best noise-free fitness - Fopt (-4.924000000000e+01) + sum g_i+ | measured fitness | best measured fitness or single-digit g-values | x1 | x2...
1 0 +2.368356175e+01 -2.555643825e+01 -2.555643825e+01 -2.5760e+00 -4.9725e+00 +3.0086e+00 -2.1443e+00 -4.6213e+00
5 0 +7.518302401e+00 -4.172169760e+01 -4.172169760e+01 -6.9647e-02 -2.3410e+00 +2.1883e+00 -2.4594e+00 -1.1089e+00
48 0 +5.561274854e+00 -4.367872515e+01 -4.367872515e+01 +3.5481e-01 -2.1500e+00 -1.1158e+00 -2.6988e+00 +1.3883e+00
67 0 +2.825452215e+00 -4.641454778e+01 -4.641454778e+01 +1.4844e+00 -1.0985e+00 +2.4176e-01 -7.7485e-01 +7.0287e-01
129 0 +2.813502243e+00 -4.642649776e+01 -4.642649776e+01 +1.4844e+00 -1.0985e+00 +2.4176e-01 -7.6718e-01 +6.5797e-01
202 0 +2.308923922e+00 -4.693107608e+01 -4.693107608e+01 +2.0215e+00 -1.6834e+00 +1.2931e-01 -1.8017e+00 +1.1099e+00
226 0 +1.816001173e+00 -4.742399883e+01 -4.742399883e+01 +4.2922e+00 -2.1174e-01 -1.0890e+00 -2.6238e+00 -3.3255e-01
299 0 +1.136051520e+00 -4.810394848e+01 -4.810394848e+01 +2.3511e+00 -1.2881e+00 -3.0879e-01 -2.7564e+00 -2.0320e-01
418 0 +4.814690116e-01 -4.875853099e+01 -4.875853099e+01 +3.4310e+00 -3.6812e-01 +1.0043e-01 -1.9643e+00 +4.9082e-02
554 0 +4.596678550e-01 -4.878033214e+01 -4.878033214e+01 +3.4649e+00 -3.0348e-01 +1.2482e-01 -1.9643e+00 +4.9082e-02
584 0 +4.233230232e-01 -4.881667698e+01 -4.881667698e+01 +3.4310e+00 -2.6421e-01 +2.1254e-01 -1.9871e+00 +4.9082e-02
608 0 +3.941624063e-01 -4.884583759e+01 -4.884583759e+01 +3.4281e+00 -3.5486e-01 +1.5977e-01 -2.0314e+00 +8.1422e-03
711 0 +3.578981566e-01 -4.888210184e+01 -4.888210184e+01 +3.4296e+00 -2.5427e-01 -1.2868e-01 -2.2349e+00 -7.4294e-02
752 0 +2.606225815e-01 -4.897937742e+01 -4.897937742e+01 +3.4002e+00 -3.6812e-01 +1.9623e-01 -2.3195e+00 +4.9082e-02
841 0 +2.307344515e-01 -4.900926555e+01 -4.900926555e+01 +3.4251e+00 -2.7758e-01 +1.4229e-01 -2.2613e+00 -8.4279e-02
845 0 +2.129732100e-01 -4.902702679e+01 -4.902702679e+01 +3.5652e+00 -5.2256e-01 +1.6748e-01 -2.3195e+00 +4.9082e-02
922 0 +1.977058207e-01 -4.904229418e+01 -4.904229418e+01 +3.5797e+00 -3.4129e-01 +1.6748e-01 -2.3195e+00 +4.9082e-02
942 0 +1.698747183e-01 -4.907012528e+01 -4.907012528e+01 +3.5599e+00 -2.7758e-01 +1.7530e-01 -2.2613e+00 -1.2605e-01
1049 0 +1.194945192e-01 -4.912050548e+01 -4.912050548e+01 +3.5008e+00 -4.6370e-01 +1.4658e-02 -2.4701e+00 -8.9877e-02
1110 0 +7.865779837e-02 -4.916134220e+01 -4.916134220e+01 +3.5110e+00 -3.7200e-01 +3.9477e-01 -2.3535e+00 -1.7734e-01
1125 0 +5.186885316e-02 -4.918813115e+01 -4.918813115e+01 +3.4589e+00 -4.6370e-01 +1.4658e-02 -2.6409e+00 -1.1302e-01
1261 0 +4.962549991e-02 -4.919037450e+01 -4.919037450e+01 +3.3904e+00 -4.0013e-01 +3.7717e-01 -2.6497e+00 -1.1850e-01
1293 0 +4.511696674e-02 -4.919488303e+01 -4.919488303e+01 +3.3904e+00 -4.0013e-01 +3.7717e-01 -2.6673e+00 -1.8133e-01
1342 0 +3.074843065e-02 -4.920925157e+01 -4.920925157e+01 +3.3904e+00 -4.3845e-01 +3.3798e-01 -2.7581e+00 -1.2159e-01
1516 0 +2.930249256e-02 -4.921069751e+01 -4.921069751e+01 +3.4444e+00 -4.3791e-01 +2.7501e-01 -2.5758e+00 -1.6123e-01
1548 0 +2.356768217e-02 -4.921643232e+01 -4.921643232e+01 +3.5200e+00 -5.0745e-01 +2.4928e-01 -2.5022e+00 -1.6707e-01
1622 0 +8.729559147e-03 -4.923127044e+01 -4.923127044e+01 +3.4735e+00 -5.4402e-01 +3.2742e-01 -2.6047e+00 -1.5013e-01
1876 0 +3.727861990e-03 -4.923627214e+01 -4.923627214e+01 +3.4789e+00 -6.1817e-01 +2.9890e-01 -2.6393e+00 -1.6743e-01
2663 0 +3.129339633e-03 -4.923687066e+01 -4.923687066e+01 +3.4419e+00 -5.5319e-01 +3.2274e-01 -2.6747e+00 -1.6085e-01
2688 0 +2.418642943e-03 -4.923758136e+01 -4.923758136e+01 +3.4419e+00 -5.5319e-01 +2.9907e-01 -2.6747e+00 -1.6085e-01
2811 0 +1.888485276e-03 -4.923811151e+01 -4.923811151e+01 +3.4255e+00 -5.5028e-01 +1.8951e-01 -2.7255e+00 -1.7006e-01
4424 0 +1.334747481e-03 -4.923866525e+01 -4.923866525e+01 +3.4332e+00 -5.5932e-01 +2.2633e-01 -2.7010e+00 -1.7836e-01
% f evaluations | g evaluations | best noise-free fitness - Fopt (-6.264000000000e+01) + sum g_i+ | measured fitness | best measured fitness or single-digit g-values | x1 | x2...
1 0 +4.692704555e+01 -1.571295445e+01 -1.571295445e+01 -8.1808e-01 +4.4277e+00 -1.9239e+00 -2.1791e+00 -2.2635e+00
2 0 +4.319598190e+01 -1.944401810e+01 -1.944401810e+01 -3.1918e+00 +3.1474e+00 -2.6246e+00 -3.0934e+00 -2.6429e+00
4 0 +4.050266817e+01 -2.213733183e+01 -2.213733183e+01 -1.2490e+00 +2.7496e+00 +4.0898e+00 +4.8840e+00 -6.0848e-01
6 0 +1.579102466e+01 -4.684897534e+01 -4.684897534e+01 -3.6764e+00 -1.4576e+00 +2.0206e-01 +3.6205e+00 -2.1248e+00
29 0 +1.214359352e+01 -5.049640648e+01 -5.049640648e+01 -1.9057e+00 +4.4316e-01 -3.1954e+00 -2.7002e+00 +2.7625e+00
34 0 +1.105046586e+01 -5.158953414e+01 -5.158953414e+01 +2.5273e-01 -1.3695e+00 +3.1913e+00 -1.5873e-01 -2.5336e+00
44 0 +5.682150943e+00 -5.695784906e+01 -5.695784906e+01 +3.8892e-01 -4.7072e+00 +1.4486e+00 +1.4744e+00 -2.2471e+00
123 0 +5.547791658e+00 -5.709220834e+01 -5.709220834e+01 +3.8892e-01 -4.6314e+00 +1.4486e+00 +1.4744e+00 -2.2471e+00
205 0 +5.426440901e+00 -5.721355910e+01 -5.721355910e+01 +3.8892e-01 -4.7072e+00 +1.4486e+00 +1.4121e+00 -2.3485e+00
248 0 +3.594155383e+00 -5.904584462e+01 -5.904584462e+01 -4.3513e-01 -3.1392e+00 +1.0954e+00 +1.8415e-01 -2.0327e+00
302 0 +2.731069002e+00 -5.990893100e+01 -5.990893100e+01 +2.9235e-01 -3.0448e+00 -7.1911e-02 -2.7161e-01 -2.3189e+00
306 0 +1.691418082e+00 -6.094858192e+01 -6.094858192e+01 -3.6856e-01 -1.9781e+00 -4.0887e-02 -1.5655e+00 -3.2460e+00
421 0 +1.534100193e+00 -6.110589981e+01 -6.110589981e+01 -3.2866e-01 -1.9866e+00 -1.8147e-01 -1.7483e+00 -3.2460e+00
653 0 +1.377156702e+00 -6.126284330e+01 -6.126284330e+01 -4.3614e-01 -1.9866e+00 -2.5252e-01 -1.8526e+00 -3.2460e+00
740 0 +1.292450519e+00 -6.134754948e+01 -6.134754948e+01 -5.5609e-01 -1.9866e+00 -2.5252e-01 -1.9272e+00 -3.2460e+00
801 0 +1.259432633e+00 -6.138056737e+01 -6.138056737e+01 -2.9325e-01 -2.1424e+00 -3.4882e-01 -1.7023e+00 -3.0057e+00
821 0 +1.191646293e+00 -6.144835371e+01 -6.144835371e+01 -4.6053e-01 -1.9776e+00 -3.7001e-01 -2.0402e+00 -3.2113e+00
835 0 +1.133290509e+00 -6.150670949e+01 -6.150670949e+01 -4.2970e-01 -2.2343e+00 -1.8521e-01 -1.5745e+00 -2.7674e+00
910 0 +1.097587904e+00 -6.154241210e+01 -6.154241210e+01 -5.1016e-01 -2.3186e+00 -2.4756e-01 -1.5516e+00 -2.9303e+00
970 0 +1.000867715e+00 -6.163913229e+01 -6.163913229e+01 -4.6053e-01 -1.9776e+00 -3.7001e-01 -2.1543e+00 -3.0910e+00
1017 0 +9.650160781e-01 -6.167498392e+01 -6.167498392e+01 -4.2193e-01 -2.0392e+00 -2.7469e-01 -1.9895e+00 -2.9603e+00
1066 0 +8.921931264e-01 -6.174780687e+01 -6.174780687e+01 -5.5153e-01 -1.9211e+00 -3.2452e-01 -2.1342e+00 -2.7889e+00
1100 0 +8.525169028e-01 -6.178748310e+01 -6.178748310e+01 -6.7648e-01 -1.9211e+00 -3.2452e-01 -2.1342e+00 -2.7889e+00
1111 0 +8.173065576e-01 -6.182269344e+01 -6.182269344e+01 -4.7290e-01 -2.2807e+00 -3.4165e-01 -1.8839e+00 -2.9820e+00
1153 0 +8.099613581e-01 -6.183003864e+01 -6.183003864e+01 -5.0600e-01 -2.2298e+00 -2.9259e-01 -1.9039e+00 -2.9782e+00
1194 0 +7.126764173e-01 -6.192732358e+01 -6.192732358e+01 -5.8900e-01 -2.2807e+00 -3.4397e-01 -1.8839e+00 -2.8817e+00
1216 0 +6.950255430e-01 -6.194497446e+01 -6.194497446e+01 -6.0199e-01 -2.2654e+00 -4.3328e-01 -1.9403e+00 -2.9566e+00
1272 0 +6.662242022e-01 -6.197377580e+01 -6.197377580e+01 -4.7290e-01 -2.3760e+00 -3.4165e-01 -1.9959e+00 -2.9572e+00
1303 0 +5.776660221e-01 -6.206233398e+01 -6.206233398e+01 -7.4007e-01 -2.3415e+00 -3.4165e-01 -1.9959e+00 -2.9572e+00
1499 0 +5.432187783e-01 -6.209678122e+01 -6.209678122e+01 -6.7767e-01 -2.4216e+00 -2.7871e-01 -2.0008e+00 -2.8496e+00
1522 0 +4.158510003e-01 -6.222414900e+01 -6.222414900e+01 -5.2705e-01 -2.4145e+00 -3.9363e-01 -2.2652e+00 -2.8789e+00
1723 0 +3.460826865e-01 -6.229391731e+01 -6.229391731e+01 -6.3323e-01 -2.5081e+00 -4.4496e-01 -2.2057e+00 -2.8968e+00
1897 0 +3.138928474e-01 -6.232610715e+01 -6.232610715e+01 -6.3323e-01 -2.5081e+00 -4.7393e-01 -2.2057e+00 -2.7950e+00
1912 0 +3.081986440e-01 -6.233180136e+01 -6.233180136e+01 -5.7321e-01 -2.5744e+00 -5.2991e-01 -2.2876e+00 -2.9067e+00
1943 0 +2.806489522e-01 -6.235935105e+01 -6.235935105e+01 -7.1118e-01 -2.7397e+00 -2.4912e-01 -2.4556e+00 -2.8108e+00
2036 0 +2.397712438e-01 -6.240022876e+01 -6.240022876e+01 -5.9535e-01 -2.5506e+00 -4.7105e-01 -2.4372e+00 -2.8793e+00
2195 0 +1.958772465e-01 -6.244412275e+01 -6.244412275e+01 -6.0565e-01 -2.6726e+00 -4.3866e-01 -2.4686e+00 -2.8182e+00
2217 0 +1.886236203e-01 -6.245137638e+01 -6.245137638e+01 -6.8217e-01 -2.5989e+00 -5.1809e-01 -2.4177e+00 -2.8997e+00
2292 0 +1.780503556e-01 -6.246194964e+01 -6.246194964e+01 -7.5056e-01 -2.5509e+00 -5.9818e-01 -2.4451e+00 -2.8592e+00
2313 0 +1.710655015e-01 -6.246893450e+01 -6.246893450e+01 -8.6585e-01 -2.6731e+00 -5.5098e-01 -2.2898e+00 -2.8153e+00
2318 0 +1.634212738e-01 -6.247657873e+01 -6.247657873e+01 -6.6075e-01 -2.7128e+00 -4.0246e-01 -2.5057e+00 -2.7235e+00
2352 0 +1.400755202e-01 -6.249992448e+01 -6.249992448e+01 -8.4769e-01 -2.6763e+00 -6.0658e-01 -2.4177e+00 -2.8997e+00
2360 0 +1.280277579e-01 -6.251197224e+01 -6.251197224e+01 -7.9885e-01 -2.6273e+00 -4.3866e-01 -2.4258e+00 -2.7076e+00
2434 0 +1.242400499e-01 -6.251575995e+01 -6.251575995e+01 -7.1653e-01 -2.6585e+00 -4.3236e-01 -2.5306e+00 -2.7085e+00
2435 0 +6.235588825e-02 -6.257764411e+01 -6.257764411e+01 -8.4769e-01 -2.7725e+00 -6.0658e-01 -2.5118e+00 -2.7688e+00
2597 0 +5.475186732e-02 -6.258524813e+01 -6.258524813e+01 -8.3142e-01 -2.8297e+00 -3.8166e-01 -2.6601e+00 -2.5591e+00
2713 0 +5.205775481e-02 -6.258794225e+01 -6.258794225e+01 -8.1508e-01 -2.7917e+00 -6.1380e-01 -2.4669e+00 -2.6598e+00
2822 0 +4.517412098e-02 -6.259482588e+01 -6.259482588e+01 -8.2939e-01 -2.8297e+00 -4.1876e-01 -2.6601e+00 -2.5591e+00
2829 0 +4.280038145e-02 -6.259719962e+01 -6.259719962e+01 -8.4835e-01 -2.7567e+00 -5.1685e-01 -2.5260e+00 -2.6773e+00
2876 0 +4.158433069e-02 -6.259841567e+01 -6.259841567e+01 -1.0308e+00 -2.8990e+00 -5.9011e-01 -2.4782e+00 -2.7537e+00
2976 0 +3.707138360e-02 -6.260292862e+01 -6.260292862e+01 -8.4441e-01 -2.8397e+00 -5.2671e-01 -2.5280e+00 -2.6905e+00
2996 0 +1.648920365e-02 -6.262351080e+01 -6.262351080e+01 -8.8767e-01 -2.8857e+00 -5.8283e-01 -2.5321e+00 -2.6809e+00
3120 0 +1.506275884e-02 -6.262493724e+01 -6.262493724e+01 -9.1107e-01 -2.8983e+00 -4.5966e-01 -2.6527e+00 -2.5552e+00
3326 0 +1.461197114e-02 -6.262538803e+01 -6.262538803e+01 -1.0301e+00 -2.9359e+00 -5.1647e-01 -2.6072e+00 -2.6538e+00
3349 0 +1.214947005e-02 -6.262785053e+01 -6.262785053e+01 -8.9996e-01 -2.9335e+00 -5.6904e-01 -2.5874e+00 -2.6388e+00
3457 0 +9.617575211e-03 -6.263038242e+01 -6.263038242e+01 -9.0443e-01 -2.9028e+00 -5.3492e-01 -2.5848e+00 -2.6334e+00
3658 0 +9.457562099e-03 -6.263054244e+01 -6.263054244e+01 -9.3523e-01 -2.9232e+00 -5.0332e-01 -2.6211e+00 -2.6048e+00
3975 0 +6.234587983e-03 -6.263376541e+01 -6.263376541e+01 -9.5606e-01 -3.0706e+00 -5.9345e-01 -2.5982e+00 -2.5317e+00
4222 0 +4.735266338e-03 -6.263526473e+01 -6.263526473e+01 -9.4840e-01 -2.9740e+00 -5.1534e-01 -2.6205e+00 -2.5471e+00
4964 0 +3.492328688e-03 -6.263650767e+01 -6.263650767e+01 -9.5146e-01 -3.0080e+00 -5.4716e-01 -2.6150e+00 -2.5331e+00
