% f evaluations | g evaluations | best noise-free fitness - Fopt (2.997000000000e+01) + sum g_i+ | measured fitness | best measured fitness or single-digit g-values | x1 | x2...
1 0 +1.123687218e+03 +1.153657218e+03 +1.153657218e+03 +4.1628e-01 -3.6741e+00 +6.4008e-01 -3.8306e+00 -3.5899e+00
7 0 +8.549860933e+02 +8.849560933e+02 +8.849560933e+02 -5.0004e-02 +5.5887e-01 -1.1746e+00 +6.1890e-01 +2.6635e+00
23 0 +7.947491095e+02 +8.247191095e+02 +8.247191095e+02 +1.6266e+00 +8.2609e-01 +1.6237e-02 -2.4739e+00 -2.2913e+00
36 0 +7.081059817e+02 +7.380759817e+02 +7.380759817e+02 -2.3601e+00 +2.8593e+00 -8.0760e-02 -2.5923e+00 +4.5271e-01
39 0 +5.579812965e+02 +5.879512965e+02 +5.879512965e+02 -2.1086e+00 +4.4857e+00 -7.4002e-01 -3.4992e+00 +3.8464e+00
53 0 +5.171500710e+02 +5.471200710e+02 +5.471200710e+02 +3.3414e+00 -7.3150e-01 -2.1950e+00 -1.8110e+00 +2.2261e+00
111 0 +4.553659267e+02 +4.853359267e+02 +4.853359267e+02 +6.4100e-01 -1.7231e+00 -2.5444e+00 -2.2874e+00 -1.0191e+00
128 0 +3.674353630e+02 +3.974053630e+02 +3.974053630e+02 +1.3390e+00 -2.5761e+00 -2.3247e+00 -2.8978e+00 +1.6833e+00
183 0 +3.551326900e+02 +3.851026900e+02 +3.851026900e+02 +3.6202e-01 +5.9093e-02 -2.8413e+00 -9.4287e-01 +1.7516e+00
200 0 +2.874117322e+02 +3.173817322e+02 +3.173817322e+02 -6.5630e-01 +8.1080e-02 -2.8873e+00 -1.5238e+00 +2.2856e+00
227 0 +2.738964971e+02 +3.038664971e+02 +3.038664971e+02 +2.8545e-01 +1.6819e+00 -1.8531e+00 -1.8489e+00 +3.8976e+00
265 0 +2.601336626e+02 +2.901036626e+02 +2.901036626e+02 -9.8417e-01 -2.6468e-01 -2.8577e+00 -2.6235e+00 +2.9562e+00
270 0 +2.355789482e+02 +2.655489482e+02 +2.655489482e+02 -6.4384e-02 +2.0823e-01 -2.3737e+00 -1.7060e+00 +3.6696e+00
309 0 +1.946575721e+02 +2.246275721e+02 +2.246275721e+02 +3.6069e-01 -2.4043e+00 -3.2061e+00 -2.5882e+00 +2.0341e+00
321 0 +1.603655563e+02 +1.903355563e+02 +1.903355563e+02 +1.8440e-01 -1.4037e+00 -3.0365e+00 -2.3375e+00 +2.8555e+00
378 0 +1.534948537e+02 +1.834648537e+02 +1.834648537e+02 +3.4179e-02 -1.3819e+00 -3.1844e+00 -2.4069e+00 +2.8256e+00
380 0 +1.279130696e+02 +1.578830696e+02 +1.578830696e+02 -8.2323e-04 +4.2064e-01 -2.6092e+00 -2.0108e+00 +3.3234e+00
523 0 +1.014644024e+02 +1.314344024e+02 +1.314344024e+02 -5.6044e-03 +4.2064e-01 -2.7446e+00 -2.0108e+00 +3.3234e+00
848 0 +9.366296668e+01 +1.236329667e+02 +1.236329667e+02 +2.1233e-01 -4.4991e-01 -3.0079e+00 -2.1596e+00 +3.0040e+00
851 0 +8.970694501e+01 +1.196769450e+02 +1.196769450e+02 +1.0594e-01 -4.6503e-01 -3.1354e+00 -2.1585e+00 +3.0420e+00
894 0 +8.802657827e+01 +1.179965783e+02 +1.179965783e+02 -2.5882e-02 +6.3156e-01 -2.7676e+00 -1.9670e+00 +3.4845e+00
906 0 +8.570331030e+01 +1.156733103e+02 +1.156733103e+02 +2.9310e-01 -7.2603e-01 -3.2038e+00 -2.2237e+00 +2.9400e+00
909 0 +7.269301792e+01 +1.026630179e+02 +1.026630179e+02 -5.6902e-02 +4.6311e-01 -2.8954e+00 -1.9547e+00 +3.5254e+00
980 0 +7.186053284e+01 +1.018305328e+02 +1.018305328e+02 +2.7863e-01 -5.8832e-01 -3.1897e+00 -2.1020e+00 +3.0195e+00
1010 0 +6.424118653e+01 +9.421118653e+01 +9.421118653e+01 +2.7863e-01 -3.4614e-01 -3.1897e+00 -1.9954e+00 +3.1035e+00
1286 0 +6.226954583e+01 +9.223954583e+01 +9.223954583e+01 +1.9721e-01 -2.4505e-01 -3.1399e+00 -2.0568e+00 +3.2879e+00
1325 0 +5.975794981e+01 +8.972794981e+01 +8.972794981e+01 +1.6853e-01 -3.7241e-01 -3.1897e+00 -1.9954e+00 +3.2549e+00
1395 0 +5.424361632e+01 +8.421361632e+01 +8.421361632e+01 +2.8005e-01 -1.5520e-01 -3.1183e+00 -1.9581e+00 +3.2787e+00
1457 0 +4.356473457e+01 +7.353473457e+01 +7.353473457e+01 +1.9721e-01 -2.6460e-01 -3.2246e+00 -1.9789e+00 +3.4914e+00
1595 0 +3.685243083e+01 +6.682243083e+01 +6.682243083e+01 +3.1071e-01 -3.6733e-01 -3.2243e+00 -1.9375e+00 +3.3731e+00
1692 0 +3.588361313e+01 +6.585361313e+01 +6.585361313e+01 +3.2348e-01 -4.3606e-01 -3.2403e+00 -1.9657e+00 +3.4469e+00
1728 0 +3.342684552e+01 +6.339684552e+01 +6.339684552e+01 +3.9388e-01 -5.3782e-01 -3.2430e+00 -1.9249e+00 +3.3691e+00
1784 0 +2.969430970e+01 +5.966430970e+01 +5.966430970e+01 +3.0158e-01 -3.6962e-01 -3.2867e+00 -1.7927e+00 +3.4994e+00
2072 0 +2.503135103e+01 +5.500135103e+01 +5.500135103e+01 +3.6076e-01 -3.2772e-01 -3.2867e+00 -1.7927e+00 +3.4994e+00
2097 0 +2.359629719e+01 +5.356629719e+01 +5.356629719e+01 +3.0703e-01 -4.3983e-01 -3.3715e+00 -1.8776e+00 +3.6357e+00
2165 0 +2.325192436e+01 +5.322192436e+01 +5.322192436e+01 +2.9838e-01 -4.3739e-01 -3.3331e+00 -1.8097e+00 +3.5878e+00
2218 0 +2.278485938e+01 +5.275485938e+01 +5.275485938e+01 +3.9054e-01 -3.2772e-01 -3.2867e+00 -1.8128e+00 +3.4994e+00
2280 0 +2.022866894e+01 +5.019866894e+01 +5.019866894e+01 +3.3698e-01 -3.9893e-01 -3.3548e+00 -1.7810e+00 +3.5972e+00
2288 0 +1.596843923e+01 +4.593843923e+01 +4.593843923e+01 +4.1982e-01 -4.3966e-01 -3.3702e+00 -1.8018e+00 +3.5751e+00
2414 0 +1.522168501e+01 +4.519168501e+01 +4.519168501e+01 +4.2227e-01 -3.6802e-01 -3.3174e+00 -1.8146e+00 +3.5868e+00
2565 0 +1.484045750e+01 +4.481045750e+01 +4.481045750e+01 +4.2995e-01 -4.2675e-01 -3.3208e+00 -1.8541e+00 +3.5588e+00
2570 0 +1.462443112e+01 +4.459443112e+01 +4.459443112e+01 +3.8882e-01 -4.2917e-01 -3.3042e+00 -1.8218e+00 +3.5550e+00
2597 0 +1.278812746e+01 +4.275812746e+01 +4.275812746e+01 +4.2137e-01 -4.6823e-01 -3.3171e+00 -1.8443e+00 +3.5661e+00
2709 0 +1.008234159e+01 +4.005234159e+01 +4.005234159e+01 +4.0772e-01 -5.0061e-01 -3.3780e+00 -1.8130e+00 +3.6218e+00
2823 0 +9.681195051e+00 +3.965119505e+01 +3.965119505e+01 +4.2232e-01 -4.8381e-01 -3.3530e+00 -1.8496e+00 +3.5731e+00
2946 0 +8.265595342e+00 +3.823559534e+01 +3.823559534e+01 +4.3078e-01 -5.5529e-01 -3.3568e+00 -1.8374e+00 +3.5384e+00
3266 0 +7.026360316e+00 +3.699636032e+01 +3.699636032e+01 +4.3710e-01 -5.4207e-01 -3.3786e+00 -1.8368e+00 +3.5700e+00
4759 0 +5.843921989e+00 +3.581392199e+01 +3.581392199e+01 +5.0168e-01 -7.2733e-01 -3.4131e+00 -1.8655e+00 +3.4743e+00
% f evaluations | g evaluations | best noise-free fitness - Fopt (-5.171000000000e+01) + sum g_i+ | measured fitness | best measured fitness or single-digit g-values | x1 | x2...
1 0 +1.731459257e+03 +1.679749257e+03 +1.679749257e+03 +7.5340e-01 +4.5174e+00 +3.7823e+00 +1.1537e+00 -4.4378e+00
2 0 +1.688134673e+03 +1.636424673e+03 +1.636424673e+03 -1.2073e+00 -1.7888e+00 +1.3162e+00 -4.2907e-01 +3.5753e+00
11 0 +1.198315636e+03 +1.146605636e+03 +1.146605636e+03 +9.4694e-01 +3.9060e+00 -3.0082e+00 +4.6659e+00 +4.9990e+00
15 0 +1.007418675e+03 +9.557086753e+02 +9.557086753e+02 -5.9667e-01 +2.1345e+00 -2.0138e+00 +6.1010e-01 +2.3255e+00
27 0 +9.825831444e+02 +9.308731444e+02 +9.308731444e+02 +4.0286e+00 +4.2943e+00 -3.6239e+00 +3.6155e+00 +4.4779e-01
29 0 +5.022530921e+02 +4.505430921e+02 +4.505430921e+02 +3.6425e+00 +3.6353e+00 -4.2067e+00 +5.8777e-02 +2.5088e+00
61 0 +3.027994378e+02 +2.510894378e+02 +2.510894378e+02 +3.6600e+00 +4.8933e+00 -9.7952e-01 -3.2064e+00 -9.8086e-01
158 0 +2.943297612e+02 +2.426197612e+02 +2.426197612e+02 +3.6512e+00 +4.2725e+00 -2.5491e+00 -1.6629e+00 +7.6396e-01
272 0 +2.609136165e+02 +2.092036165e+02 +2.092036165e+02 +3.6003e+00 +4.5935e+00 -1.7439e+00 -2.4347e+00 -1.0706e-01
320 0 +2.550308072e+02 +2.033208072e+02 +2.033208072e+02 +3.6325e+00 +4.6239e+00 -1.7643e+00 -2.4480e+00 -1.4240e-01
459 0 +2.340445019e+02 +1.823345019e+02 +1.823345019e+02 +3.6140e+00 +4.8121e+00 -1.5577e+00 -2.8735e+00 -5.1832e-01
538 0 +2.258075615e+02 +1.740975615e+02 +1.740975615e+02 +3.5806e+00 +4.6519e+00 -1.8457e+00 -2.5769e+00 -2.1973e-01
610 0 +2.136978568e+02 +1.619878568e+02 +1.619878568e+02 +3.5192e+00 +4.9251e+00 -1.8177e+00 -2.5910e+00 -8.9487e-01
616 0 +2.046014379e+02 +1.528914379e+02 +1.528914379e+02 +3.6032e+00 +4.5362e+00 -1.9245e+00 -2.6217e+00 -3.3518e-01
658 0 +1.877966040e+02 +1.360866040e+02 +1.360866040e+02 +3.6302e+00 +4.4565e+00 -2.0834e+00 -2.7085e+00 -1.1437e-01
700 0 +1.846092465e+02 +1.328992465e+02 +1.328992465e+02 +3.6110e+00 +4.4565e+00 -2.0834e+00 -2.7358e+00 -1.1426e-01
799 0 +1.493452243e+02 +9.763522426e+01 +9.763522426e+01 +3.5878e+00 +4.5951e+00 -2.2964e+00 -2.7804e+00 -3.2375e-01
1015 0 +1.440641712e+02 +9.235417125e+01 +9.235417125e+01 +3.5878e+00 +4.5951e+00 -2.3469e+00 -2.8075e+00 -3.6058e-01
1148 0 +1.386399340e+02 +8.692993400e+01 +8.692993400e+01 +3.5878e+00 +4.8037e+00 -2.3469e+00 -2.8579e+00 -3.5248e-01
1185 0 +1.334464839e+02 +8.173648387e+01 +8.173648387e+01 +3.4972e+00 +4.4421e+00 -2.3759e+00 -2.8817e+00 -1.1426e-01
1225 0 +1.269540884e+02 +7.524408842e+01 +7.524408842e+01 +3.3909e+00 +4.6247e+00 -2.2811e+00 -2.9378e+00 -3.2075e-01
1293 0 +1.117350624e+02 +6.002506239e+01 +6.002506239e+01 +3.5002e+00 +4.8715e+00 -2.4912e+00 -3.0616e+00 -3.4134e-01
1432 0 +1.046963059e+02 +5.298630590e+01 +5.298630590e+01 +3.5424e+00 +4.6459e+00 -2.4630e+00 -3.1121e+00 -3.5453e-01
1449 0 +9.018901175e+01 +3.847901175e+01 +3.847901175e+01 +3.5271e+00 +4.7337e+00 -2.3814e+00 -3.2338e+00 -4.7349e-01
1541 0 +8.798403631e+01 +3.627403631e+01 +3.627403631e+01 +3.3777e+00 +4.4968e+00 -2.4076e+00 -3.1939e+00 -2.6246e-01
1576 0 +7.935471312e+01 +2.764471312e+01 +2.764471312e+01 +3.5271e+00 +4.7337e+00 -2.3814e+00 -3.3460e+00 -4.7349e-01
1749 0 +7.632420428e+01 +2.461420428e+01 +2.461420428e+01 +3.3147e+00 +4.5732e+00 -2.4452e+00 -3.2664e+00 -2.2742e-01
1759 0 +7.452316655e+01 +2.281316655e+01 +2.281316655e+01 +3.3912e+00 +4.6395e+00 -2.4893e+00 -3.2884e+00 -3.8910e-01
1787 0 +7.096970406e+01 +1.925970406e+01 +1.925970406e+01 +3.3751e+00 +4.6389e+00 -2.5085e+00 -3.3061e+00 -3.5725e-01
1907 0 +6.315629152e+01 +1.144629152e+01 +1.144629152e+01 +3.4026e+00 +4.6482e+00 -2.2718e+00 -3.5933e+00 -4.7349e-01
1930 0 +6.018762004e+01 +8.477620038e+00 +8.477620038e+00 +3.3626e+00 +4.6137e+00 -2.4942e+00 -3.4105e+00 -4.1196e-01
2013 0 +5.281941535e+01 +1.109415354e+00 +1.109415354e+00 +3.4391e+00 +4.7110e+00 -2.4180e+00 -3.5570e+00 -5.1808e-01
2083 0 +4.909039543e+01 -2.619604566e+00 -2.619604566e+00 +3.2642e+00 +4.6479e+00 -2.4504e+00 -3.4819e+00 -3.4385e-01
2089 0 +4.392034895e+01 -7.789651052e+00 -7.789651052e+00 +3.3606e+00 +4.7110e+00 -2.4180e+00 -3.5570e+00 -5.1808e-01
2222 0 +3.732314012e+01 -1.438685988e+01 -1.438685988e+01 +3.3581e+00 +4.7345e+00 -2.4180e+00 -3.6747e+00 -4.9163e-01
2228 0 +3.287983196e+01 -1.883016804e+01 -1.883016804e+01 +3.2768e+00 +4.6282e+00 -2.4464e+00 -3.6133e+00 -4.1078e-01
2522 0 +3.168554729e+01 -2.002445271e+01 -2.002445271e+01 +3.2519e+00 +4.5623e+00 -2.5254e+00 -3.6370e+00 -3.7335e-01
2898 0 +3.030787816e+01 -2.140212184e+01 -2.140212184e+01 +3.2846e+00 +4.6764e+00 -2.4794e+00 -3.6591e+00 -4.1851e-01
3082 0 +2.973819444e+01 -2.197180556e+01 -2.197180556e+01 +3.2851e+00 +4.5542e+00 -2.5090e+00 -3.6285e+00 -3.3859e-01
3267 0 +2.713057879e+01 -2.457942121e+01 -2.457942121e+01 +3.2652e+00 +4.5542e+00 -2.5090e+00 -3.6702e+00 -3.3859e-01
4495 0 +2.618817368e+01 -2.552182632e+01 -2.552182632e+01 +3.2109e+00 +4.4353e+00 -2.5833e+00 -3.6353e+00 -2.5088e-01
4736 0 +2.411399451e+01 -2.759600549e+01 -2.759600549e+01 +3.2167e+00 +4.5256e+00 -2.5369e+00 -3.6544e+00 -3.0342e-01
% f evaluations | g evaluations | best noise-free fitness - Fopt (-2.799500000000e+02) + sum g_i+ | measured fitness | best measured fitness or single-digit g-values | x1 | x2...
1 0 +1.648903687e+03 +1.368953687e+03 +1.368953687e+03 -3.6630e+00 -8.3087e-01 +3.8676e+00 -3.2741e+00 +4.7580e+00
2 0 +8.303650177e+02 +5.504150177e+02 +5.504150177e+02 -4.0655e+00 -4.5610e+00 -2.9786e+00 +5.5777e-01 -2.7556e+00
81 0 +4.431093245e+02 +1.631593245e+02 +1.631593245e+02 -4.4774e+00 -4.8899e+00 +4.6123e+00 +1.3911e-02 -1.9904e+00
197 0 +4.053452092e+02 +1.253952092e+02 +1.253952092e+02 -4.3291e+00 -4.8627e+00 +4.5338e+00 -7.2130e-02 -2.0301e+00
202 0 +3.033011197e+02 +2.335111968e+01 +2.335111968e+01 -4.4815e+00 -2.4178e+00 +3.8409e+00 -9.3125e-01 -2.3272e+00
236 0 +2.470998335e+02 -3.285016655e+01 -3.285016655e+01 -2.8779e+00 -4.1018e+00 +2.3536e+00 -7.4614e-01 -2.1942e+00
303 0 +2.369828813e+02 -4.296711871e+01 -4.296711871e+01 -3.0263e+00 -3.5917e+00 +3.0189e+00 -4.1599e-01 -2.8731e+00
306 0 +2.255183707e+02 -5.443162934e+01 -5.443162934e+01 -2.9128e+00 -4.1018e+00 +2.2676e+00 -7.4614e-01 -2.3746e+00
359 0 +1.263124376e+02 -1.536375624e+02 -1.536375624e+02 -3.0903e+00 -4.7569e+00 +2.6292e+00 +2.2725e-01 -2.3295e+00
434 0 +1.131977700e+02 -1.667522300e+02 -1.667522300e+02 -3.0903e+00 -4.7569e+00 +2.6292e+00 +1.1184e-01 -2.3295e+00
607 0 +1.108556329e+02 -1.690943671e+02 -1.690943671e+02 -2.9440e+00 -4.7065e+00 +2.6658e+00 +6.0685e-02 -2.2496e+00
667 0 +1.094500100e+02 -1.704999900e+02 -1.704999900e+02 -3.1643e+00 -4.4614e+00 +2.6566e+00 -2.2427e-01 -2.2742e+00
676 0 +1.030973364e+02 -1.768526636e+02 -1.768526636e+02 -3.2003e+00 -4.5231e+00 +2.7746e+00 -2.8966e-01 -2.3025e+00
680 0 +1.010557982e+02 -1.788942018e+02 -1.788942018e+02 -3.2098e+00 -4.4103e+00 +2.9257e+00 -3.2108e-01 -2.3793e+00
708 0 +8.552704345e+01 -1.944229565e+02 -1.944229565e+02 -3.2090e+00 -4.5599e+00 +2.6485e+00 -2.2674e-01 -2.4574e+00
809 0 +8.410291872e+01 -1.958470813e+02 -1.958470813e+02 -3.2090e+00 -4.5775e+00 +2.5187e+00 -3.5560e-01 -2.4705e+00
862 0 +7.917341069e+01 -2.007765893e+02 -2.007765893e+02 -3.2047e+00 -4.6137e+00 +2.7115e+00 -2.4485e-01 -2.5545e+00
920 0 +7.075852179e+01 -2.091914782e+02 -2.091914782e+02 -3.2918e+00 -4.5036e+00 +2.5550e+00 -3.4356e-01 -2.6625e+00
1023 0 +5.506560215e+01 -2.248843978e+02 -2.248843978e+02 -3.0972e+00 -4.5036e+00 +2.5324e+00 -3.4356e-01 -2.7598e+00
1344 0 +5.489655280e+01 -2.250534472e+02 -2.250534472e+02 -2.9417e+00 -4.6504e+00 +2.5635e+00 -3.4356e-01 -2.7406e+00
1359 0 +4.999275455e+01 -2.299572454e+02 -2.299572454e+02 -3.0997e+00 -4.5344e+00 +2.7501e+00 -3.3364e-01 -2.8058e+00
1411 0 +4.017247976e+01 -2.397775202e+02 -2.397775202e+02 -3.0997e+00 -4.5344e+00 +2.7501e+00 -3.3364e-01 -3.0125e+00
1550 0 +3.784132049e+01 -2.421086795e+02 -2.421086795e+02 -3.1969e+00 -4.4506e+00 +2.7240e+00 -5.4062e-01 -2.9111e+00
1578 0 +3.562354049e+01 -2.443264595e+02 -2.443264595e+02 -3.0981e+00 -4.5320e+00 +2.6252e+00 -3.8311e-01 -2.9024e+00
1597 0 +3.407275542e+01 -2.458772446e+02 -2.458772446e+02 -3.0196e+00 -4.6506e+00 +2.5234e+00 -3.1208e-01 -2.8913e+00
1702 0 +2.926582501e+01 -2.506841750e+02 -2.506841750e+02 -3.1295e+00 -4.5798e+00 +2.6425e+00 -4.3077e-01 -3.0423e+00
1746 0 +2.772566000e+01 -2.522243400e+02 -2.522243400e+02 -3.0318e+00 -4.6459e+00 +2.4529e+00 -3.3364e-01 -3.0027e+00
1814 0 +2.692450910e+01 -2.530254909e+02 -2.530254909e+02 -3.1654e+00 -4.5068e+00 +2.6580e+00 -4.7017e-01 -2.9916e+00
1832 0 +1.901491676e+01 -2.609350832e+02 -2.609350832e+02 -3.0275e+00 -4.6041e+00 +2.5079e+00 -4.2454e-01 -3.0134e+00
2044 0 +1.835527354e+01 -2.615947265e+02 -2.615947265e+02 -3.0383e+00 -4.5803e+00 +2.5481e+00 -4.2307e-01 -3.0342e+00
2058 0 +1.557750158e+01 -2.643724984e+02 -2.643724984e+02 -3.0575e+00 -4.5600e+00 +2.6526e+00 -4.9256e-01 -3.1704e+00
2091 0 +1.263143962e+01 -2.673185604e+02 -2.673185604e+02 -3.0275e+00 -4.6041e+00 +2.5079e+00 -4.2454e-01 -3.1053e+00
2188 0 +1.141139785e+01 -2.685386021e+02 -2.685386021e+02 -3.0364e+00 -4.5967e+00 +2.5531e+00 -4.9317e-01 -3.1350e+00
2359 0 +1.026467005e+01 -2.696853300e+02 -2.696853300e+02 -3.0297e+00 -4.5934e+00 +2.5302e+00 -4.4465e-01 -3.1065e+00
2731 0 +9.135482435e+00 -2.708145176e+02 -2.708145176e+02 -3.0615e+00 -4.5615e+00 +2.5764e+00 -4.7877e-01 -3.1528e+00
3402 0 +8.631819448e+00 -2.713181806e+02 -2.713181806e+02 -3.0454e+00 -4.5781e+00 +2.5146e+00 -4.7658e-01 -3.1586e+00
3899 0 +6.838922528e+00 -2.731110775e+02 -2.731110775e+02 -3.1069e+00 -4.4914e+00 +2.6260e+00 -5.5919e-01 -3.2138e+00
3993 0 +5.346230144e+00 -2.746037699e+02 -2.746037699e+02 -3.1281e+00 -4.4761e+00 +2.6415e+00 -5.6459e-01 -3.1966e+00
% f evaluations | g evaluations | best noise-free fitness - Fopt (9.319900000000e+02) + sum g_i+ | measured fitness | best measured fitness or single-digit g-values | x1 | x2...
1 0 +1.550116595e+03 +2.482106595e+03 +2.482106595e+03 -4.4519e+00 -1.9995e+00 -3.0944e-01 +4.5319e+00 -4.3082e+00
4 0 +1.159001269e+03 +2.090991269e+03 +2.090991269e+03 -3.8353e+00 +1.4762e+00 -5.2773e-01 +1.8625e+00 +5.7704e-01
7 0 +9.855439014e+02 +1.917533901e+03 +1.917533901e+03 -2.7759e+00 +2.6891e+00 +4.6578e+00 -5.0121e-01 +2.1182e+00
9 0 +8.440581543e+02 +1.776048154e+03 +1.776048154e+03 -4.2118e+00 -5.2318e-01 +3.8464e+00 -5.4034e-01 -1.3901e+00
10 0 +6.594810418e+02 +1.591471042e+03 +1.591471042e+03 +2.1264e+00 -1.1899e+00 +3.1718e+00 +3.7462e+00 +2.2763e+00
32 0 +5.048842473e+02 +1.436874247e+03 +1.436874247e+03 +2.9246e+00 -5.2284e-01 +3.7088e+00 -1.0617e+00 +2.2886e+00
127 0 +4.704302679e+02 +1.402420268e+03 +1.402420268e+03 +3.8622e-01 +9.1469e-01 +3.1873e+00 -1.0800e+00 +1.0242e-01
142 0 +3.548952137e+02 +1.286885214e+03 +1.286885214e+03 +3.1430e+00 +3.2712e-01 +2.4877e+00 +1.2950e-01 +2.7446e+00
171 0 +3.298838826e+02 +1.261873883e+03 +1.261873883e+03 -8.3322e-01 -7.8908e-01 +2.6192e+00 +1.0411e-01 +1.8354e+00
226 0 +3.122964816e+02 +1.244286482e+03 +1.244286482e+03 -5.0718e-01 +4.4517e-01 +2.3300e+00 -1.4696e+00 +9.9312e-01
246 0 +2.415116746e+02 +1.173501675e+03 +1.173501675e+03 +1.4764e+00 +2.0237e+00 +3.1176e+00 +5.1998e-01 +1.2676e+00
402 0 +1.242290322e+02 +1.056219032e+03 +1.056219032e+03 +4.6836e-01 +6.6284e-01 +2.8331e+00 -2.2148e-01 +1.8959e+00
441 0 +8.401915714e+01 +1.016009157e+03 +1.016009157e+03 +1.1659e+00 +9.9523e-01 +2.8214e+00 -2.3626e-01 +2.1102e+00
594 0 +7.207135294e+01 +1.004061353e+03 +1.004061353e+03 +1.1659e+00 +9.0065e-01 +2.8728e+00 -2.3626e-01 +2.0524e+00
713 0 +7.007316244e+01 +1.002063162e+03 +1.002063162e+03 +1.1568e+00 +9.5844e-01 +3.0553e+00 -2.3626e-01 +1.8569e+00
816 0 +5.486818257e+01 +9.868581826e+02 +9.868581826e+02 +1.2217e+00 +9.4076e-01 +3.2060e+00 -4.7920e-01 +1.9727e+00
918 0 +3.945149727e+01 +9.714414973e+02 +9.714414973e+02 +1.2972e+00 +8.4881e-01 +3.1661e+00 -3.8409e-01 +2.0793e+00
1005 0 +3.506517006e+01 +9.670551701e+02 +9.670551701e+02 +1.3303e+00 +8.9745e-01 +3.1661e+00 -3.8409e-01 +2.0793e+00
1030 0 +3.190119627e+01 +9.638911963e+02 +9.638911963e+02 +1.2204e+00 +9.3070e-01 +3.1212e+00 -3.2266e-01 +2.0719e+00
1038 0 +1.579821219e+01 +9.477882122e+02 +9.477882122e+02 +1.4060e+00 +1.0671e+00 +3.1516e+00 -3.8409e-01 +2.1406e+00
1196 0 +1.059741336e+01 +9.425874134e+02 +9.425874134e+02 +1.3731e+00 +1.0780e+00 +3.1849e+00 -4.2534e-01 +2.1805e+00
1390 0 +9.284718180e+00 +9.412747182e+02 +9.412747182e+02 +1.3602e+00 +1.0190e+00 +3.0750e+00 -5.3431e-01 +2.2199e+00
1602 0 +4.637086769e+00 +9.366270868e+02 +9.366270868e+02 +1.3602e+00 +9.6567e-01 +3.0750e+00 -5.3431e-01 +2.2479e+00
1901 0 +4.063131946e+00 +9.360531319e+02 +9.360531319e+02 +1.4361e+00 +1.1051e+00 +3.2792e+00 -3.1137e-01 +2.1465e+00
1942 0 +3.916541652e+00 +9.359065417e+02 +9.359065417e+02 +1.4419e+00 +1.0709e+00 +3.2460e+00 -3.2627e-01 +2.1664e+00
2350 0 +3.306566491e+00 +9.352965665e+02 +9.352965665e+02 +1.4419e+00 +1.0764e+00 +3.2579e+00 -3.2627e-01 +2.1664e+00
4857 0 +2.410201036e+00 +9.344002010e+02 +9.344002010e+02 +1.4477e+00 +1.0772e+00 +3.2398e+00 -3.5919e-01 +2.1856e+00
% f evaluations | g evaluations | best noise-free fitness - Fopt (1.133100000000e+02) + sum g_i+ | measured fitness | best measured fitness or single-digit g-values | x1 | x2...
1 0 +2.600970664e+03 +2.714280664e+03 +2.714280664e+03 +4.7871e+00 -4.4849e+00 +3.5498e+00 +4.3679e-01 +4.4260e+00
2 0 +1.015058617e+03 +1.128368617e+03 +1.128368617e+03 +3.3972e+00 +3.0367e+00 +4.1060e+00 -4.8126e+00 +1.0270e+00
4 0 +8.247318345e+02 +9.380418345e+02 +9.380418345e+02 -5.8925e-01 +2.9044e+00 +2.7849e+00 +2.3783e+00 +5.4410e-01
7 0 +8.025988289e+02 +9.159088289e+02 +9.159088289e+02 +2.3530e+00 +8.9007e-01 -1.2195e-01 +1.1746e+00 +4.2246e+00
30 0 +6.673883661e+02 +7.806983661e+02 +7.806983661e+02 +1.4719e+00 +3.3442e+00 +3.8463e+00 -3.8269e+00 -1.1414e+00
31 0 +5.594518690e+02 +6.727618690e+02 +6.727618690e+02 -1.5918e-01 +8.9942e-01 +1.5747e+00 -1.8561e+00 -7.4790e-01
53 0 +5.203910765e+02 +6.337010765e+02 +6.337010765e+02 +3.4451e+00 +3.6115e+00 +1.5172e+00 +1.2689e+00 +2.3256e+00
88 0 +4.067192548e+02 +5.200292548e+02 +5.200292548e+02 +1.3490e+00 +2.7624e+00 +1.7203e+00 +9.3037e-01 +1.2901e+00
136 0 +3.928603428e+02 +5.061703428e+02 +5.061703428e+02 +1.9494e+00 +1.7605e-02 -1.5412e+00 -2.0413e+00 +1.4532e+00
189 0 +3.395904479e+02 +4.529004479e+02 +4.529004479e+02 +1.6510e+00 +1.9486e+00 +1.2440e+00 -5.6211e-01 +1.3328e+00
207 0 +2.546905289e+02 +3.680005289e+02 +3.680005289e+02 +3.7272e+00 +2.1950e+00 -5.9165e-01 +1.3928e+00 +2.9140e-01
214 0 +2.222400108e+02 +3.355500108e+02 +3.355500108e+02 +2.4415e+00 +8.5685e-01 -9.5572e-01 -4.4818e-01 +1.7496e+00
278 0 +2.102348057e+02 +3.235448057e+02 +3.235448057e+02 +1.9380e+00 +2.9953e+00 +1.1113e+00 -6.3059e-01 +1.3819e+00
308 0 +1.238537814e+02 +2.371637814e+02 +2.371637814e+02 +2.1336e+00 +1.3020e+00 -7.6803e-01 +5.3552e-01 +1.2817e+00
408 0 +1.215387028e+02 +2.348487028e+02 +2.348487028e+02 +2.2455e+00 +1.1141e+00 -9.2500e-01 +6.0452e-01 +1.0123e+00
423 0 +1.140335992e+02 +2.273435992e+02 +2.273435992e+02 +1.7872e+00 +3.0083e+00 +7.6512e-01 +8.3187e-01 +5.2108e-01
427 0 +1.078532053e+02 +2.211632053e+02 +2.211632053e+02 +2.1336e+00 +1.3020e+00 -8.9379e-01 +5.3552e-01 +1.2817e+00
587 0 +9.778131337e+01 +2.110913134e+02 +2.110913134e+02 +2.2455e+00 +1.2086e+00 -9.9414e-01 +4.9449e-01 +1.0123e+00
608 0 +8.786374751e+01 +2.011737475e+02 +2.011737475e+02 +2.3582e+00 +1.2086e+00 -9.9414e-01 +4.9449e-01 +1.1510e+00
647 0 +8.647974657e+01 +1.997897466e+02 +1.997897466e+02 +2.3466e+00 +1.2652e+00 -1.0364e+00 +5.1812e-01 +1.3620e+00
686 0 +5.920307282e+01 +1.725130728e+02 +1.725130728e+02 +2.2508e+00 +1.7182e+00 -6.8042e-01 +3.7121e-01 +1.0966e+00
795 0 +4.273026680e+01 +1.560402668e+02 +1.560402668e+02 +2.3259e+00 +1.8385e+00 -6.8042e-01 +4.6233e-01 +1.0966e+00
963 0 +4.159488357e+01 +1.549048836e+02 +1.549048836e+02 +2.3259e+00 +1.8385e+00 -6.8042e-01 +4.7688e-01 +1.0966e+00
1194 0 +3.789493471e+01 +1.512049347e+02 +1.512049347e+02 +2.4129e+00 +1.6634e+00 -8.6007e-01 +6.0918e-01 +1.1667e+00
1402 0 +3.423038053e+01 +1.475403805e+02 +1.475403805e+02 +2.4220e+00 +1.6871e+00 -8.4721e-01 +6.4847e-01 +1.0928e+00
1437 0 +3.351235381e+01 +1.468223538e+02 +1.468223538e+02 +2.4422e+00 +1.8166e+00 -7.3668e-01 +5.4328e-01 +1.1104e+00
1443 0 +3.203067907e+01 +1.453406791e+02 +1.453406791e+02 +2.4129e+00 +1.8278e+00 -7.7408e-01 +6.0918e-01 +1.1667e+00
1516 0 +3.131306677e+01 +1.446230668e+02 +1.446230668e+02 +2.3759e+00 +1.8945e+00 -7.4229e-01 +6.4342e-01 +1.0801e+00
1521 0 +2.990024821e+01 +1.432102482e+02 +1.432102482e+02 +2.4129e+00 +1.8669e+00 -7.7408e-01 +6.2522e-01 +1.1376e+00
1646 0 +2.612423279e+01 +1.394342328e+02 +1.394342328e+02 +2.4112e+00 +1.8937e+00 -7.0040e-01 +6.2891e-01 +1.0363e+00
1800 0 +2.454303734e+01 +1.378530373e+02 +1.378530373e+02 +2.4057e+00 +1.8914e+00 -6.8770e-01 +6.2936e-01 +1.0575e+00
1807 0 +2.359084043e+01 +1.369008404e+02 +1.369008404e+02 +2.4443e+00 +1.8177e+00 -7.9990e-01 +6.7378e-01 +1.1158e+00
1820 0 +2.191099611e+01 +1.352209961e+02 +1.352209961e+02 +2.5005e+00 +1.7971e+00 -8.2244e-01 +7.7053e-01 +1.0712e+00
1835 0 +1.828486977e+01 +1.315948698e+02 +1.315948698e+02 +2.5218e+00 +1.9145e+00 -7.5645e-01 +7.1623e-01 +1.1084e+00
2144 0 +1.773552656e+01 +1.310455266e+02 +1.310455266e+02 +2.4225e+00 +1.9648e+00 -6.3997e-01 +6.8188e-01 +1.0478e+00
2176 0 +1.498147288e+01 +1.282914729e+02 +1.282914729e+02 +2.5101e+00 +1.8659e+00 -7.7826e-01 +7.5189e-01 +1.0727e+00
3053 0 +1.315914073e+01 +1.264691407e+02 +1.264691407e+02 +2.4818e+00 +1.9947e+00 -6.6795e-01 +7.3364e-01 +1.0613e+00
3764 0 +1.284111649e+01 +1.261511165e+02 +1.261511165e+02 +2.4953e+00 +1.9584e+00 -6.9380e-01 +7.4626e-01 +1.0666e+00
4333 0 +1.206760449e+01 +1.253776045e+02 +1.253776045e+02 +2.4871e+00 +1.9684e+00 -6.6154e-01 +7.0781e-01 +1.0489e+00
4470 0 +1.202131112e+01 +1.253313111e+02 +1.253313111e+02 +2.4607e+00 +2.0629e+00 -5.7760e-01 +6.9898e-01 +1.0506e+00
% f evaluations | g evaluations | best noise-free fitness - Fopt (-1.562000000000e+01) + sum g_i+ | measured fitness | best measured fitness or single-digit g-values | x1 | x2...
1 0 +7.109839667e+02 +6.953639667e+02 +6.953639667e+02 +4.0194e+00 -4.7943e+00 +2.8211e+00 -3.5544e+00 -1.1041e+00
5 0 +6.276102770e+02 +6.119902770e+02 +6.119902770e+02 +4.1596e+00 +4.0090e+00 -3.1025e+00 +2.5175e+00 -1.8374e-01
16 0 +5.576149092e+02 +5.419949092e+02 +5.419949092e+02 +4.5490e+00 -9.1219e-01 +8.4169e-02 -2.9640e+00 -1.8097e+00
39 0 +3.820127395e+02 +3.663927395e+02 +3.663927395e+02 +9.1270e-01 -1.9898e-01 -3.7542e-02 -2.7151e+00 +1.2179e+00
101 0 +3.754304481e+02 +3.598104481e+02 +3.598104481e+02 +1.1898e+00 -1.0871e-01 -6.8314e-01 -2.3753e+00 +5.7375e-01
113 0 +3.578407831e+02 +3.422207831e+02 +3.422207831e+02 +2.9456e+00 -1.5528e+00 +1.9914e-01 +1.7828e-01 -1.4396e-01
118 0 +3.119364549e+02 +2.963164549e+02 +2.963164549e+02 +1.1796e+00 -2.0918e+00 +1.9945e+00 -3.4117e+00 +1.8403e+00
185 0 +1.698925181e+02 +1.542725181e+02 +1.542725181e+02 +2.1383e+00 -2.8391e+00 +1.2067e+00 -1.1502e+00 +2.4659e+00
187 0 +1.348410599e+02 +1.192210599e+02 +1.192210599e+02 -8.8610e-02 -3.9045e+00 +2.7021e+00 -2.5664e+00 +4.3014e+00
299 0 +9.418798116e+01 +7.856798116e+01 +7.856798116e+01 +2.3499e+00 -1.4533e+00 +6.4099e-01 -9.9459e-01 +1.5454e+00
300 0 +6.626707446e+01 +5.064707446e+01 +5.064707446e+01 +1.4791e+00 -2.0440e+00 +9.0824e-01 -1.8696e+00 +2.0378e+00
398 0 +5.044528381e+01 +3.482528381e+01 +3.482528381e+01 +1.5709e+00 -2.0440e+00 +9.0824e-01 -1.7626e+00 +2.0378e+00
399 0 +3.852522599e+01 +2.290522599e+01 +2.290522599e+01 +1.3664e+00 -2.6085e+00 +1.4448e+00 -1.7821e+00 +2.2404e+00
504 0 +2.299386796e+01 +7.373867957e+00 +7.373867957e+00 +1.3664e+00 -2.4458e+00 +1.4038e+00 -1.7675e+00 +2.3384e+00
517 0 +2.285945042e+01 +7.239450420e+00 +7.239450420e+00 +1.8903e+00 -1.6991e+00 +5.5370e-01 -1.1887e+00 +1.9735e+00
647 0 +1.981243766e+01 +4.192437663e+00 +4.192437663e+00 +1.2955e+00 -2.5194e+00 +1.3772e+00 -1.8225e+00 +2.3723e+00
743 0 +1.177400243e+01 -3.845997565e+00 -3.845997565e+00 +1.7330e+00 -1.8871e+00 +7.7301e-01 -1.3507e+00 +2.0718e+00
809 0 +6.335318485e+00 -9.284681515e+00 -9.284681515e+00 +1.5549e+00 -2.0915e+00 +1.0170e+00 -1.4921e+00 +2.2302e+00
989 0 +5.984202712e+00 -9.635797288e+00 -9.635797288e+00 +1.4609e+00 -2.2847e+00 +1.1552e+00 -1.6032e+00 +2.3470e+00
1200 0 +4.568495912e+00 -1.105150409e+01 -1.105150409e+01 +1.5099e+00 -2.1365e+00 +1.0341e+00 -1.5335e+00 +2.2639e+00
1302 0 +4.420694713e+00 -1.119930529e+01 -1.119930529e+01 +1.4813e+00 -2.2093e+00 +1.1122e+00 -1.5932e+00 +2.3410e+00
1543 0 +3.189378341e+00 -1.243062166e+01 -1.243062166e+01 +1.4761e+00 -2.1821e+00 +1.0806e+00 -1.5583e+00 +2.3159e+00
1807 0 +1.927895489e+00 -1.369210451e+01 -1.369210451e+01 +1.5038e+00 -2.1821e+00 +1.0806e+00 -1.5583e+00 +2.3159e+00
2297 0 +1.452417201e+00 -1.416758280e+01 -1.416758280e+01 +1.5010e+00 -2.1598e+00 +1.0635e+00 -1.5451e+00 +2.3141e+00
% f evaluations | g evaluations | best noise-free fitness - Fopt (-7.368000000000e+01) + sum g_i+ | measured fitness | best measured fitness or single-digit g-values | x1 | x2...
1 0 +9.886946210e+02 +9.150146210e+02 +9.150146210e+02 -6.6087e-01 -3.5682e+00 +1.4123e+00 +4.4798e+00 +2.3825e+00
2 0 +9.618671827e+02 +8.881871827e+02 +8.881871827e+02 -1.0056e+00 +2.6760e+00 +4.6334e+00 -3.3247e+00 -3.3927e+00
4 0 +5.430803750e+02 +4.694003750e+02 +4.694003750e+02 -5.9624e-01 -7.2222e-02 +2.1958e+00 -2.5378e+00 -1.8978e+00
28 0 +3.549927807e+02 +2.813127807e+02 +2.813127807e+02 -1.2214e+00 -1.8233e+00 -3.0074e-01 -1.4370e-01 +4.2150e+00
105 0 +3.541818039e+02 +2.805018039e+02 +2.805018039e+02 -1.2214e+00 -1.8957e+00 -3.0074e-01 -1.4370e-01 +4.2993e+00
144 0 +3.015049115e+02 +2.278249115e+02 +2.278249115e+02 -1.0418e+00 -2.1014e+00 +2.5037e+00 +3.3651e-02 +7.1504e-01
150 0 +2.002466386e+02 +1.265666386e+02 +1.265666386e+02 -9.6472e-01 -8.3074e-01 +2.4540e+00 +1.5536e-01 +2.2447e+00
278 0 +1.994114613e+02 +1.257314613e+02 +1.257314613e+02 +1.5012e-01 -1.2061e+00 +2.9955e+00 +5.3046e-01 +1.9083e+00
311 0 +1.442257236e+02 +7.054572361e+01 +7.054572361e+01 -1.0654e+00 -1.4661e+00 +2.4788e+00 +1.7452e-01 +1.5286e+00
440 0 +1.240289951e+02 +5.034899511e+01 +5.034899511e+01 -9.6759e-01 -1.4661e+00 +2.6506e+00 +1.7519e-01 +1.5286e+00
516 0 +1.178641992e+02 +4.418419924e+01 +4.418419924e+01 -7.7169e-01 -1.3916e+00 +2.3957e+00 +2.3040e-01 +2.0783e+00
539 0 +1.050383918e+02 +3.135839177e+01 +3.135839177e+01 -9.3048e-01 -1.1552e+00 +2.8657e+00 +4.6694e-02 +1.5142e+00
608 0 +9.173065267e+01 +1.805065267e+01 +1.805065267e+01 -5.5437e-01 -1.3608e+00 +2.3255e+00 -2.5914e-01 +1.8857e+00
680 0 +7.577011415e+01 +2.090114153e+00 +2.090114153e+00 -6.2831e-01 -1.2457e+00 +3.0756e+00 +1.8951e-01 +1.5777e+00
766 0 +6.847836055e+01 -5.201639455e+00 -5.201639455e+00 -6.2831e-01 -1.4020e+00 +3.0756e+00 +1.8951e-01 +1.5101e+00
819 0 +5.869917230e+01 -1.498082770e+01 -1.498082770e+01 -6.8498e-01 -1.5594e+00 +2.7730e+00 +8.5809e-02 +1.8858e+00
898 0 +5.400364367e+01 -1.967635633e+01 -1.967635633e+01 -6.2831e-01 -1.3353e+00 +3.0756e+00 -1.7926e-02 +1.5353e+00
994 0 +5.266440179e+01 -2.101559821e+01 -2.101559821e+01 -6.2831e-01 -1.3988e+00 +3.0756e+00 +4.0233e-02 +1.5462e+00
999 0 +5.063305823e+01 -2.304694177e+01 -2.304694177e+01 -4.9301e-01 -1.5234e+00 +3.1391e+00 +1.5648e-01 +1.5549e+00
1103 0 +4.945772766e+01 -2.422227234e+01 -2.422227234e+01 -6.6273e-01 -1.4543e+00 +3.0819e+00 +5.5244e-02 +1.6447e+00
1133 0 +4.731994764e+01 -2.636005236e+01 -2.636005236e+01 -5.9152e-01 -1.3815e+00 +3.0773e+00 +3.2181e-02 +1.6100e+00
1187 0 +4.559921734e+01 -2.808078266e+01 -2.808078266e+01 -5.8996e-01 -1.4893e+00 +3.0006e+00 +1.0406e-01 +1.7857e+00
1196 0 +3.946321499e+01 -3.421678501e+01 -3.421678501e+01 -6.1767e-01 -1.4883e+00 +2.9639e+00 -1.7215e-02 +1.7785e+00
1299 0 +3.295668661e+01 -4.072331339e+01 -4.072331339e+01 -5.0502e-01 -1.3839e+00 +3.2475e+00 +2.1100e-03 +1.5955e+00
1385 0 +3.062664062e+01 -4.305335938e+01 -4.305335938e+01 -5.2877e-01 -1.5016e+00 +3.0016e+00 -5.5710e-02 +1.7230e+00
1396 0 +2.604609876e+01 -4.763390124e+01 -4.763390124e+01 -4.8793e-01 -1.5160e+00 +3.0774e+00 -4.3949e-02 +1.6782e+00
1523 0 +2.536849719e+01 -4.831150281e+01 -4.831150281e+01 -5.3895e-01 -1.5894e+00 +3.0757e+00 +1.2019e-03 +1.7634e+00
1554 0 +2.237330002e+01 -5.130669998e+01 -5.130669998e+01 -4.0541e-01 -1.5705e+00 +3.1079e+00 -4.5019e-02 +1.6879e+00
1597 0 +2.174479240e+01 -5.193520760e+01 -5.193520760e+01 -4.5802e-01 -1.6003e+00 +3.2050e+00 -3.8551e-02 +1.6741e+00
1745 0 +1.394009935e+01 -5.973990065e+01 -5.973990065e+01 -3.7624e-01 -1.6003e+00 +3.2050e+00 -3.8551e-02 +1.7574e+00
1801 0 +1.285555077e+01 -6.082444923e+01 -6.082444923e+01 -4.7355e-01 -1.5997e+00 +3.0916e+00 -5.7434e-02 +1.8385e+00
1984 0 +1.128251277e+01 -6.239748723e+01 -6.239748723e+01 -4.1484e-01 -1.6015e+00 +3.1963e+00 -3.9472e-02 +1.7510e+00
2113 0 +1.119887814e+01 -6.248112186e+01 -6.248112186e+01 -4.0414e-01 -1.6258e+00 +3.1686e+00 -2.0261e-02 +1.7780e+00
2119 0 +7.309963728e+00 -6.637003627e+01 -6.637003627e+01 -4.1364e-01 -1.5978e+00 +3.2406e+00 +7.0963e-03 +1.7445e+00
2538 0 +6.980893576e+00 -6.669910642e+01 -6.669910642e+01 -4.3459e-01 -1.6071e+00 +3.1548e+00 -2.3129e-03 +1.8075e+00
3885 0 +6.483587081e+00 -6.719641292e+01 -6.719641292e+01 -4.2802e-01 -1.6179e+00 +3.1790e+00 -2.2827e-03 +1.8107e+00
% f evaluations | g evaluations | best noise-free fitness - Fopt (-9.632000000000e+01) + sum g_i+ | measured fitness | best measured fitness or single-digit g-values | x1 | x2...
1 0 +2.378392702e+03 +2.282072702e+03 +2.282072702e+03 +4.2082e+00 -4.7332e+00 -3.0987e+00 -4.1701e+00 +4.8430e+00
3 0 +1.570874177e+03 +1.474554177e+03 +1.474554177e+03 -2.7701e-01 +4.0907e+00 -6.4352e-01 +2.1613e+00 +4.5172e+00
4 0 +1.373296146e+03 +1.276976146e+03 +1.276976146e+03 +2.5368e+00 -3.8203e+00 -2.4832e+00 -4.5182e-01 +8.1024e-01
5 0 +8.292888239e+02 +7.329688239e+02 +7.329688239e+02 +1.9536e+00 -4.4238e+00 +1.6251e-01 +2.8486e+00 +2.5495e+00
9 0 +7.855169407e+02 +6.891969407e+02 +6.891969407e+02 +3.9400e+00 +1.0367e-01 +4.0022e-02 +2.1166e+00 -4.6150e+00
20 0 +5.537927798e+02 +4.574727798e+02 +4.574727798e+02 +3.9730e-01 +1.5266e+00 +4.6135e+00 +4.9331e+00 +3.9047e-03
42 0 +4.895417965e+02 +3.932217965e+02 +3.932217965e+02 +1.3006e+00 +2.4161e+00 +4.1851e+00 +2.6938e+00 -1.9793e+00
103 0 +1.718428306e+02 +7.552283061e+01 +7.552283061e+01 -2.1284e+00 +2.9192e-01 +4.1219e+00 +3.0258e+00 +2.4636e+00
119 0 +1.309873694e+02 +3.466736944e+01 +3.466736944e+01 +1.7455e-01 +4.4666e-01 +2.6759e+00 +2.2988e+00 +3.7364e-01
278 0 +1.245830445e+02 +2.826304447e+01 +2.826304447e+01 -2.4692e-03 +1.1867e+00 +3.0656e+00 +1.0946e+00 -7.8387e-01
328 0 +1.204885848e+02 +2.416858482e+01 +2.416858482e+01 +6.0204e-02 +1.1867e+00 +3.0248e+00 +1.1315e+00 -7.8387e-01
339 0 +1.079432910e+02 +1.162329104e+01 +1.162329104e+01 -5.9267e-01 +1.0143e+00 +3.4971e+00 +2.2630e+00 +1.2264e+00
386 0 +9.466385790e+01 -1.656142095e+00 -1.656142095e+00 -9.0842e-01 +6.2334e-01 +3.8597e+00 +3.3345e+00 +1.4158e+00
397 0 +4.610082749e+01 -5.021917251e+01 -5.021917251e+01 -3.0890e-01 +7.5610e-01 +3.2497e+00 +2.6174e+00 +9.5871e-01
515 0 +4.139205964e+01 -5.492794036e+01 -5.492794036e+01 -2.2451e-01 +4.6253e-01 +3.3613e+00 +2.8166e+00 +9.6295e-01
516 0 +3.764501290e+01 -5.867498710e+01 -5.867498710e+01 -1.9648e-01 +7.6188e-01 +3.3225e+00 +2.6129e+00 +5.4507e-01
676 0 +2.931487146e+01 -6.700512854e+01 -6.700512854e+01 -6.2099e-01 +6.8437e-01 +3.4734e+00 +2.8074e+00 +1.1481e+00
707 0 +2.844808724e+01 -6.787191276e+01 -6.787191276e+01 -1.9204e-01 +6.8860e-01 +3.3503e+00 +2.7164e+00 +9.3281e-01
769 0 +2.287546288e+01 -7.344453712e+01 -7.344453712e+01 -3.6174e-01 +7.8025e-01 +3.3989e+00 +2.6382e+00 +8.0712e-01
795 0 +2.185710779e+01 -7.446289221e+01 -7.446289221e+01 -5.1815e-01 +6.6491e-01 +3.4829e+00 +2.8416e+00 +1.1030e+00
893 0 +2.085163519e+01 -7.546836481e+01 -7.546836481e+01 -3.9295e-01 +7.1611e-01 +3.4234e+00 +2.7243e+00 +8.9239e-01
896 0 +1.989151703e+01 -7.642848297e+01 -7.642848297e+01 -2.0456e-01 +7.2177e-01 +3.2691e+00 +2.4267e+00 +5.5880e-01
903 0 +1.937819656e+01 -7.694180344e+01 -7.694180344e+01 -3.5611e-01 +7.0960e-01 +3.4123e+00 +2.7966e+00 +1.0123e+00
912 0 +1.747649209e+01 -7.884350791e+01 -7.884350791e+01 -2.5290e-01 +7.2989e-01 +3.3697e+00 +2.5819e+00 +7.5385e-01
1038 0 +1.180856126e+01 -8.451143874e+01 -8.451143874e+01 -3.1089e-01 +6.8281e-01 +3.3607e+00 +2.6449e+00 +8.0380e-01
1103 0 +1.126725385e+01 -8.505274615e+01 -8.505274615e+01 -3.7743e-01 +6.7613e-01 +3.3944e+00 +2.7300e+00 +9.6760e-01
1294 0 +1.028759854e+01 -8.603240146e+01 -8.603240146e+01 -3.4019e-01 +5.9152e-01 +3.3587e+00 +2.8081e+00 +1.0162e+00
1584 0 +1.021618264e+01 -8.610381736e+01 -8.610381736e+01 -3.0972e-01 +6.5095e-01 +3.3400e+00 +2.6926e+00 +9.1527e-01
1687 0 +7.630034955e+00 -8.868996505e+01 -8.868996505e+01 -3.4065e-01 +6.4373e-01 +3.3504e+00 +2.7059e+00 +9.3321e-01
2124 0 +5.858560204e+00 -9.046143980e+01 -9.046143980e+01 -3.6062e-01 +6.2337e-01 +3.3619e+00 +2.7628e+00 +9.8565e-01
% f evaluations | g evaluations | best noise-free fitness - Fopt (-3.080300000000e+02) + sum g_i+ | measured fitness | best measured fitness or single-digit g-values | x1 | x2...
1 0 +2.082238995e+03 +1.774208995e+03 +1.774208995e+03 +3.2761e-01 +3.2565e+00 +9.5382e-01 -2.9569e+00 -4.7449e+00
4 0 +1.850197827e+03 +1.542167827e+03 +1.542167827e+03 -2.9813e+00 -2.2158e+00 +3.3245e+00 -1.0856e+00 -3.5410e-01
7 0 +1.007437102e+03 +6.994071020e+02 +6.994071020e+02 +1.7142e+00 -9.4927e-01 -1.9471e+00 -3.4242e-01 +2.6691e+00
9 0 +8.707674736e+02 +5.627374736e+02 +5.627374736e+02 +3.1985e+00 +2.0773e+00 -3.8568e-01 -2.8970e-03 +8.7563e-01
24 0 +6.366385559e+02 +3.286085559e+02 +3.286085559e+02 -2.0562e+00 +1.6562e+00 +2.1049e+00 -7.2328e-01 +3.7335e+00
48 0 +5.135474209e+02 +2.055174209e+02 +2.055174209e+02 -3.4369e+00 +1.8270e+00 -3.1668e+00 +2.1713e+00 +4.0995e+00
121 0 +5.126383672e+02 +2.046083672e+02 +2.046083672e+02 -1.6200e+00 -2.3483e-01 -2.3385e+00 +5.1704e-03 +3.6436e+00
197 0 +4.248644640e+02 +1.168344640e+02 +1.168344640e+02 -1.6610e+00 +6.4694e-01 -2.3771e+00 -8.6965e-01 +3.5507e+00
229 0 +4.148868597e+02 +1.068568597e+02 +1.068568597e+02 -2.6852e-01 +2.3589e+00 -1.4829e+00 +1.2805e+00 +3.1236e+00
231 0 +3.583590986e+02 +5.032909859e+01 +5.032909859e+01 -2.6609e+00 +8.0070e-01 -1.5231e+00 +6.8402e-01 +4.0716e+00
245 0 +3.527692886e+02 +4.473928860e+01 +4.473928860e+01 -2.1209e-02 +2.2349e+00 +3.1717e-01 -9.8292e-01 +3.1070e+00
314 0 +3.410717260e+02 +3.304172599e+01 +3.304172599e+01 -1.4249e+00 +1.9118e+00 -5.5090e-01 +5.6388e-01 +3.5263e+00
319 0 +3.041528990e+02 -3.877101043e+00 -3.877101043e+00 -7.1233e-01 +2.5058e+00 -2.2670e+00 +6.0298e-01 +2.6753e+00
334 0 +2.981553298e+02 -9.874670191e+00 -9.874670191e+00 -2.6437e+00 +1.3038e+00 -2.1608e+00 +3.9411e-01 +3.9421e+00
382 0 +2.877192575e+02 -2.031074252e+01 -2.031074252e+01 -1.7291e+00 +2.1027e+00 -1.4248e+00 +6.0083e-01 +3.6758e+00
389 0 +2.681427831e+02 -3.988721693e+01 -3.988721693e+01 -1.3100e+00 +2.4929e+00 -1.3475e+00 -7.3038e-02 +2.8919e+00
425 0 +2.570143128e+02 -5.101568715e+01 -5.101568715e+01 -1.2028e+00 +2.4929e+00 -1.3475e+00 -1.8562e-01 +2.8919e+00
500 0 +2.378453614e+02 -7.018463860e+01 -7.018463860e+01 -6.1980e-01 +2.1589e+00 -1.3835e+00 -1.8462e-02 +3.0239e+00
533 0 +2.290707121e+02 -7.895928785e+01 -7.895928785e+01 -1.1217e+00 +2.0428e+00 -1.5391e+00 +1.8335e-01 +3.3384e+00
599 0 +2.237861313e+02 -8.424386867e+01 -8.424386867e+01 -8.5002e-01 +2.2950e+00 -1.6771e+00 +2.7828e-01 +3.1365e+00
615 0 +2.072352242e+02 -1.007947758e+02 -1.007947758e+02 -9.1886e-01 +2.2604e+00 -1.9248e+00 +3.4566e-01 +3.2908e+00
806 0 +2.010411227e+02 -1.069888773e+02 -1.069888773e+02 -1.1473e+00 +2.3371e+00 -1.6269e+00 +8.2781e-02 +3.3568e+00
909 0 +1.960912586e+02 -1.119387414e+02 -1.119387414e+02 -6.2719e-01 +2.3097e+00 -1.3256e+00 -2.2335e-01 +3.2139e+00
969 0 +1.942428039e+02 -1.137871961e+02 -1.137871961e+02 -1.1473e+00 +2.3371e+00 -1.7148e+00 +1.3879e-01 +3.4529e+00
1014 0 +1.817527597e+02 -1.262772403e+02 -1.262772403e+02 -6.6589e-01 +2.4179e+00 -1.8921e+00 +2.5092e-01 +3.4070e+00
1019 0 +1.697007026e+02 -1.383292974e+02 -1.383292974e+02 -6.6498e-01 +2.3193e+00 -1.7729e+00 +6.4993e-02 +3.4611e+00
1228 0 +1.595551364e+02 -1.484748636e+02 -1.484748636e+02 -7.0184e-01 +2.6073e+00 -1.6860e+00 -1.7067e-01 +3.1263e+00
1238 0 +1.564707984e+02 -1.515592016e+02 -1.515592016e+02 -9.4732e-01 +2.4074e+00 -1.8366e+00 -1.4293e-01 +3.4176e+00
1349 0 +1.534963490e+02 -1.545336510e+02 -1.545336510e+02 -6.8986e-01 +2.8743e+00 -1.7263e+00 -1.0243e-01 +3.1635e+00
1469 0 +1.270773598e+02 -1.809526402e+02 -1.809526402e+02 -6.1368e-01 +2.7017e+00 -1.8865e+00 -2.6498e-01 +3.1803e+00
1597 0 +1.240350388e+02 -1.839949612e+02 -1.839949612e+02 -6.1368e-01 +2.7995e+00 -1.8970e+00 -2.6498e-01 +3.1803e+00
1616 0 +1.137022179e+02 -1.943277821e+02 -1.943277821e+02 -4.4879e-01 +2.7017e+00 -1.8865e+00 -3.9305e-01 +3.2906e+00
1687 0 +9.981093118e+01 -2.082190688e+02 -2.082190688e+02 -4.4879e-01 +2.7017e+00 -2.0683e+00 -5.0603e-01 +3.2906e+00
1910 0 +9.726479930e+01 -2.107652007e+02 -2.107652007e+02 -4.8199e-01 +2.9478e+00 -2.0642e+00 -3.8418e-01 +3.1698e+00
1923 0 +9.324731615e+01 -2.147826839e+02 -2.147826839e+02 -4.7932e-01 +2.7995e+00 -2.2065e+00 -1.9703e-01 +3.2549e+00
2004 0 +7.498569775e+01 -2.330443022e+02 -2.330443022e+02 -4.7932e-01 +2.7995e+00 -2.3706e+00 -2.5302e-01 +3.2549e+00
2136 0 +6.835098159e+01 -2.396790184e+02 -2.396790184e+02 -2.3504e-01 +2.7995e+00 -2.2849e+00 -3.8007e-01 +3.2549e+00
2302 0 +6.475939407e+01 -2.432706059e+02 -2.432706059e+02 -2.8944e-01 +2.9842e+00 -2.2855e+00 -3.5884e-01 +3.1198e+00
2419 0 +5.011296202e+01 -2.579170380e+02 -2.579170380e+02 -2.2979e-01 +2.8384e+00 -2.4356e+00 -4.5580e-01 +3.2385e+00
2590 0 +4.735110552e+01 -2.606788945e+02 -2.606788945e+02 -2.7951e-01 +2.7784e+00 -2.6044e+00 -3.9294e-01 +3.2253e+00
2724 0 +3.600278561e+01 -2.720272144e+02 -2.720272144e+02 -2.9710e-01 +2.8416e+00 -2.6777e+00 -3.5145e-01 +3.2594e+00
2787 0 +2.794665155e+01 -2.800833485e+02 -2.800833485e+02 -3.6624e-01 +2.8872e+00 -2.7755e+00 -3.7346e-01 +3.3317e+00
2925 0 +1.877802399e+01 -2.892519760e+02 -2.892519760e+02 -4.0537e-01 +2.8412e+00 -2.9268e+00 -4.3997e-01 +3.3117e+00
2977 0 +1.505903811e+01 -2.929709619e+02 -2.929709619e+02 -3.7890e-01 +2.8842e+00 -2.9299e+00 -4.2475e-01 +3.3461e+00
3077 0 +7.802410904e+00 -3.002275891e+02 -3.002275891e+02 -3.0201e-01 +2.9440e+00 -2.9542e+00 -4.4639e-01 +3.2880e+00
3138 0 +6.800130292e+00 -3.012298697e+02 -3.012298697e+02 -3.2437e-01 +2.8627e+00 -2.9283e+00 -4.3236e-01 +3.3289e+00
3676 0 +6.387355999e+00 -3.016426440e+02 -3.016426440e+02 -2.7894e-01 +2.8913e+00 -2.9225e+00 -4.5661e-01 +3.3133e+00
4031 0 +5.662404872e+00 -3.023675951e+02 -3.023675951e+02 -3.7607e-01 +2.8533e+00 -3.0456e+00 -4.1559e-01 +3.3545e+00
4374 0 +5.024161138e+00 -3.030058389e+02 -3.030058389e+02 -3.1301e-01 +2.8897e+00 -2.9648e+00 -4.1423e-01 +3.3129e+00
% f evaluations | g evaluations | best noise-free fitness - Fopt (1.746100000000e+02) + sum g_i+ | measured fitness | best measured fitness or single-digit g-values | x1 | x2...
1 0 +8.710882814e+02 +1.045698281e+03 +1.045698281e+03 +1.8198e+00 +5.2119e-01 -1.3358e+00 +4.9963e+00 +3.9623e+00
2 0 +7.393234428e+02 +9.139334428e+02 +9.139334428e+02 -3.6747e+00 +2.6472e+00 +2.9586e+00 +3.4330e+00 +4.0975e+00
9 0 +5.721423076e+02 +7.467523076e+02 +7.467523076e+02 +5.4895e-01 +3.0486e+00 -3.9302e+00 +3.1144e+00 -4.0752e+00
59 0 +5.039608625e+02 +6.785708625e+02 +6.785708625e+02 +4.6689e-01 -3.7496e+00 -3.8419e+00 +2.2799e+00 -2.8757e+00
64 0 +2.889997720e+02 +4.636097720e+02 +4.636097720e+02 +6.9531e-01 +1.3770e+00 +1.2849e+00 +2.8772e+00 +2.9745e+00
85 0 +2.444511431e+02 +4.190611431e+02 +4.190611431e+02 +6.5452e-01 +8.8083e-01 -1.9442e+00 +3.3126e+00 -2.1344e+00
111 0 +2.271048296e+02 +4.017148296e+02 +4.017148296e+02 +4.8368e-01 +8.1347e-01 -1.9221e+00 +3.3126e+00 -2.1344e+00
136 0 +1.669497679e+02 +3.415597679e+02 +3.415597679e+02 +5.6070e-01 -1.3982e+00 -2.8930e+00 +2.7963e+00 -2.3259e+00
215 0 +1.567528469e+02 +3.313628469e+02 +3.313628469e+02 +6.5207e-02 -6.3327e-01 -2.4884e+00 +2.6876e+00 -1.7161e+00
232 0 +1.125447188e+02 +2.871547188e+02 +2.871547188e+02 +5.9298e-01 -2.9403e-01 -2.0252e+00 +3.6035e+00 -1.2665e+00
319 0 +6.236025627e+01 +2.369702563e+02 +2.369702563e+02 +3.2909e-01 -5.3611e-01 -2.2495e+00 +3.0914e+00 -1.4913e+00
418 0 +5.894587607e+01 +2.335558761e+02 +2.335558761e+02 +4.3710e-01 -4.5892e-01 -2.2452e+00 +3.1953e+00 -1.6325e+00
425 0 +3.664239356e+01 +2.112523936e+02 +2.112523936e+02 +4.7203e-01 -8.2142e-02 -2.2803e+00 +3.3358e+00 -1.3474e+00
441 0 +1.412295215e+01 +1.887329521e+02 +1.887329521e+02 +2.3243e-01 -4.3870e-02 -2.0607e+00 +3.2603e+00 -1.0855e+00
586 0 +1.235169574e+01 +1.869616957e+02 +1.869616957e+02 +3.0778e-01 -9.4584e-02 -2.0441e+00 +3.2567e+00 -1.1601e+00
639 0 +1.168927271e+01 +1.862992727e+02 +1.862992727e+02 +2.7010e-01 -6.9227e-02 -2.0823e+00 +3.2683e+00 -1.0733e+00
802 0 +8.504670805e+00 +1.831146708e+02 +1.831146708e+02 +2.7751e-01 -9.9259e-02 -2.0644e+00 +3.2654e+00 -1.0805e+00
869 0 +6.650482655e+00 +1.812604827e+02 +1.812604827e+02 +2.7920e-01 -6.7858e-02 -2.0214e+00 +3.2683e+00 -1.0633e+00
1199 0 +3.106177140e+00 +1.777161771e+02 +1.777161771e+02 +3.1226e-01 -8.0991e-02 -2.0425e+00 +3.2530e+00 -1.0753e+00
2759 0 +1.953082878e+00 +1.765630829e+02 +1.765630829e+02 +3.4657e-01 -2.0375e-01 -2.3545e+00 +3.2423e+00 -1.4005e+00
2957 0 +1.129933814e+00 +1.757399338e+02 +1.757399338e+02 +3.4657e-01 -2.0375e-01 -2.3545e+00 +3.2454e+00 -1.4125e+00
% f evaluations | g evaluations | best noise-free fitness - Fopt (2.342000000000e+01) + sum g_i+ | measured fitness | best measured fitness or single-digit g-values | x1 | x2...
1 0 +9.906935852e+02 +1.014113585e+03 +1.014113585e+03 +3.9135e+00 -3.4720e-01 -1.4581e+00 +3.5885e+00 -3.4896e-01
24 0 +8.720883586e+02 +8.955083586e+02 +8.955083586e+02 +7.0224e-01 +4.6777e+00 -4.5326e+00 +2.4088e+00 +1.3373e+00
26 0 +7.368815613e+02 +7.603015613e+02 +7.603015613e+02 +3.5572e+00 +1.1564e+00 -1.0408e+00 -5.4576e-01 +2.6726e+00
35 0 +5.684352704e+02 +5.918552704e+02 +5.918552704e+02 -4.7034e+00 -4.4190e+00 -6.5867e-01 +7.5058e-01 -6.7804e-01
65 0 +4.238761357e+02 +4.472961357e+02 +4.472961357e+02 -4.8851e-02 -2.8094e-02 -4.6050e+00 +3.2409e+00 +1.1574e+00
72 0 +3.501714742e+02 +3.735914742e+02 +3.735914742e+02 -3.1960e+00 -1.6292e+00 -1.5198e+00 +1.7515e+00 -1.7346e-01
110 0 +3.142284575e+02 +3.376484575e+02 +3.376484575e+02 -9.0152e-01 -4.0283e+00 -7.7473e-01 +1.7511e+00 +1.2678e+00
121 0 +2.749549128e+02 +2.983749128e+02 +2.983749128e+02 +2.3123e+00 -1.7564e+00 -1.5234e+00 +3.8236e+00 +2.2945e+00
205 0 +2.666497515e+02 +2.900697515e+02 +2.900697515e+02 -1.7631e+00 -1.8090e+00 -8.3562e-01 +1.1380e+00 +1.4395e+00
216 0 +1.665346892e+02 +1.899546892e+02 +1.899546892e+02 -1.9830e+00 -2.5866e+00 -9.8968e-01 +1.7242e+00 +5.4718e-01
246 0 +1.409672044e+02 +1.643872044e+02 +1.643872044e+02 -3.7614e-01 -1.7172e+00 -1.5148e+00 +2.8303e+00 +1.0605e+00
299 0 +1.070187156e+02 +1.304387156e+02 +1.304387156e+02 +4.5139e-01 -1.1797e+00 -1.9938e+00 +2.3628e+00 +1.4299e+00
333 0 +6.507404981e+01 +8.849404981e+01 +8.849404981e+01 +1.6462e-01 -2.2768e+00 -1.2565e+00 +2.7739e+00 +1.4627e+00
508 0 +4.150412409e+01 +6.492412409e+01 +6.492412409e+01 +6.4507e-01 -1.5887e+00 -1.9456e+00 +2.6142e+00 +1.6409e+00
588 0 +3.536238002e+01 +5.878238002e+01 +5.878238002e+01 +4.4439e-01 -1.9358e+00 -1.6655e+00 +2.5455e+00 +1.4858e+00
641 0 +3.337148993e+01 +5.679148993e+01 +5.679148993e+01 +1.3042e-01 -2.1100e+00 -1.5366e+00 +2.5329e+00 +1.4950e+00
645 0 +2.951483413e+01 +5.293483413e+01 +5.293483413e+01 -1.0233e-01 -2.2548e+00 -1.6699e+00 +2.5831e+00 +1.2109e+00
703 0 +2.923708094e+01 +5.265708094e+01 +5.265708094e+01 +1.4957e-02 -2.1125e+00 -1.5209e+00 +2.5080e+00 +1.4145e+00
746 0 +1.995509351e+01 +4.337509351e+01 +4.337509351e+01 -1.6269e-01 -2.2548e+00 -1.5092e+00 +2.5037e+00 +1.1926e+00
815 0 +1.261720151e+01 +3.603720151e+01 +3.603720151e+01 +3.0070e-02 -2.2980e+00 -1.4872e+00 +2.5988e+00 +1.2493e+00
827 0 +8.841403757e+00 +3.226140376e+01 +3.226140376e+01 +2.7143e-01 -2.2166e+00 -1.6951e+00 +2.6821e+00 +1.3732e+00
939 0 +7.754870647e+00 +3.117487065e+01 +3.117487065e+01 +6.7847e-02 -2.3248e+00 -1.5036e+00 +2.6247e+00 +1.3064e+00
1006 0 +5.439148590e+00 +2.885914859e+01 +2.885914859e+01 +6.9759e-02 -2.2367e+00 -1.5857e+00 +2.6247e+00 +1.3078e+00
1395 0 +4.948108053e+00 +2.836810805e+01 +2.836810805e+01 +1.6713e-01 -2.2520e+00 -1.6068e+00 +2.6417e+00 +1.3464e+00
1453 0 +3.696819768e+00 +2.711681977e+01 +2.711681977e+01 +1.6268e-01 -2.1739e+00 -1.6504e+00 +2.6144e+00 +1.3568e+00
1596 0 +3.463850603e+00 +2.688385060e+01 +2.688385060e+01 +1.6352e-01 -2.2149e+00 -1.6068e+00 +2.6137e+00 +1.3536e+00
2058 0 +2.445463940e+00 +2.586546394e+01 +2.586546394e+01 +1.6275e-01 -2.1909e+00 -1.6344e+00 +2.6236e+00 +1.3440e+00
% f evaluations | g evaluations | best noise-free fitness - Fopt (-7.764000000000e+01) + sum g_i+ | measured fitness | best measured fitness or single-digit g-values | x1 | x2...
1 0 +2.540260151e+03 +2.462620151e+03 +2.462620151e+03 +7.0158e-01 -3.1804e+00 -2.9430e+00 +2.7906e+00 -3.0609e+00
2 0 +1.797866202e+03 +1.720226202e+03 +1.720226202e+03 -3.4917e+00 -2.5412e+00 +2.1663e+00 +2.9236e+00 -6.6796e-01
3 0 +1.306860941e+03 +1.229220941e+03 +1.229220941e+03 +2.9636e+00 +3.8115e+00 +1.1041e+00 +2.9175e+00 -8.7564e-01
4 0 +1.217022582e+03 +1.139382582e+03 +1.139382582e+03 -2.1399e+00 -6.5982e-01 +1.4191e+00 +1.3125e+00 +4.8605e+00
5 0 +3.834136883e+02 +3.057736883e+02 +3.057736883e+02 -1.7026e+00 -8.8240e-01 +1.7703e+00 -2.1110e+00 +1.2697e+00
106 0 +1.602874762e+02 +8.264747625e+01 +8.264747625e+01 +1.3050e-01 +1.1008e+00 +1.0875e+00 -2.6800e+00 +8.1928e-01
196 0 +8.388036241e+01 +6.240362414e+00 +6.240362414e+00 -4.4301e-01 +6.4971e-01 +1.6951e+00 -2.6687e+00 +8.8351e-01
331 0 +8.272888319e+01 +5.088883193e+00 +5.088883193e+00 -4.4301e-01 +5.0431e-01 +1.6951e+00 -2.6687e+00 +8.8351e-01
408 0 +8.060285877e+01 +2.962858766e+00 +2.962858766e+00 -4.6687e-01 +4.9763e-01 +1.6951e+00 -2.6687e+00 +8.8351e-01
410 0 +7.436460922e+01 -3.275390785e+00 -3.275390785e+00 -7.4934e-01 +5.7201e-01 +1.7371e+00 -2.6183e+00 +7.6711e-01
493 0 +7.198565344e+01 -5.654346560e+00 -5.654346560e+00 -9.4229e-01 +3.9160e-01 +1.7538e+00 -2.5248e+00 +9.7183e-01
498 0 +7.011054541e+01 -7.529454589e+00 -7.529454589e+00 -1.9344e-01 +8.1895e-01 +1.6454e+00 -2.4452e+00 +8.6664e-01
530 0 +6.852325745e+01 -9.116742554e+00 -9.116742554e+00 -7.6083e-01 +3.2554e-01 +1.7480e+00 -2.6623e+00 +8.7656e-01
546 0 +6.711348572e+01 -1.052651428e+01 -1.052651428e+01 -9.0724e-01 +3.8430e-01 +1.7701e+00 -2.5842e+00 +9.9582e-01
598 0 +6.200958170e+01 -1.563041830e+01 -1.563041830e+01 -7.0104e-01 +5.0321e-01 +1.6554e+00 -2.5404e+00 +7.7249e-01
618 0 +6.121327947e+01 -1.642672053e+01 -1.642672053e+01 -7.8628e-01 +4.2337e-01 +1.6947e+00 -2.6648e+00 +8.9052e-01
638 0 +5.978908166e+01 -1.785091834e+01 -1.785091834e+01 -6.4941e-01 +5.2959e-01 +1.8457e+00 -2.5508e+00 +7.8590e-01
650 0 +4.633855150e+01 -3.130144850e+01 -3.130144850e+01 -4.6456e-01 +6.4437e-01 +1.6655e+00 -2.4872e+00 +8.6769e-01
970 0 +4.255343990e+01 -3.508656010e+01 -3.508656010e+01 -6.5330e-01 +5.1480e-01 +1.7328e+00 -2.5563e+00 +8.4694e-01
1540 0 +4.145105287e+01 -3.618894713e+01 -3.618894713e+01 -7.4329e-01 +4.3286e-01 +1.7894e+00 -2.6079e+00 +8.2311e-01
2385 0 +4.008170671e+01 -3.755829329e+01 -3.755829329e+01 -7.1890e-01 +4.6312e-01 +1.7886e+00 -2.5942e+00 +8.3236e-01
2741 0 +3.970258456e+01 -3.793741544e+01 -3.793741544e+01 -7.6630e-01 +4.1516e-01 +1.8135e+00 -2.6270e+00 +8.3357e-01
2896 0 +3.767639403e+01 -3.996360597e+01 -3.996360597e+01 -8.1191e-01 +4.0418e-01 +1.8291e+00 -2.6168e+00 +8.5203e-01
4786 0 +3.652334272e+01 -4.111665728e+01 -4.111665728e+01 -9.4989e-01 +3.0488e-01 +1.8990e+00 -2.6736e+00 +8.4627e-01
% f evaluations | g evaluations | best noise-free fitness - Fopt (-6.007000000000e+01) + sum g_i+ | measured fitness | best measured fitness or single-digit g-values | x1 | x2...
1 0 +1.724494892e+03 +1.664424892e+03 +1.664424892e+03 +4.8729e+00 +3.4117e-01 -3.0119e+00 -3.0744e+00 +4.4591e+00
3 0 +6.672580503e+02 +6.071880503e+02 +6.071880503e+02 +2.9713e+00 +4.4797e+00 -3.5240e+00 -2.7787e+00 +1.5421e+00
6 0 +5.379357404e+02 +4.778657404e+02 +4.778657404e+02 -4.6190e+00 +2.3916e+00 -1.8721e+00 -3.5074e+00 -1.2445e+00
28 0 +3.388544117e+02 +2.787844117e+02 +2.787844117e+02 -1.3378e+00 +4.3339e+00 -3.5386e+00 -3.0563e+00 -1.0367e+00
126 0 +3.241908180e+02 +2.641208180e+02 +2.641208180e+02 -1.3378e+00 +4.2977e+00 -3.4336e+00 -3.0563e+00 -1.0367e+00
174 0 +3.016325776e+02 +2.415625776e+02 +2.415625776e+02 -1.3714e+00 +4.3339e+00 -3.4756e+00 -2.8751e+00 -9.2516e-01
213 0 +2.733728215e+02 +2.133028215e+02 +2.133028215e+02 -2.9084e+00 +3.8552e+00 -5.9564e-01 -1.6886e+00 -9.1604e-01
242 0 +1.931079628e+02 +1.330379628e+02 +1.330379628e+02 -3.3867e+00 +2.8133e+00 -1.3998e-01 -2.4231e+00 -1.5556e+00
278 0 +1.327731678e+02 +7.270316775e+01 +7.270316775e+01 -2.1284e+00 +3.5804e+00 -6.5769e-01 -2.0453e+00 -1.1708e+00
407 0 +1.174547559e+02 +5.738475587e+01 +5.738475587e+01 -2.6262e+00 +2.9300e+00 -8.4205e-01 -1.7070e+00 -1.3234e+00
424 0 +1.130331360e+02 +5.296313603e+01 +5.296313603e+01 -2.1399e+00 +3.5100e+00 -1.1122e+00 -2.6124e+00 -9.6834e-01
426 0 +7.846613444e+01 +1.839613444e+01 +1.839613444e+01 -1.6039e+00 +3.9423e+00 -1.4056e+00 -2.1516e+00 -8.4303e-01
481 0 +5.487253670e+01 -5.197463305e+00 -5.197463305e+00 -2.0682e+00 +3.7354e+00 -1.2604e+00 -2.1546e+00 -1.3707e+00
512 0 +4.503155876e+01 -1.503844124e+01 -1.503844124e+01 -2.3395e+00 +3.4607e+00 -1.1389e+00 -1.7405e+00 -1.3963e+00
601 0 +4.301398776e+01 -1.705601224e+01 -1.705601224e+01 -1.6989e+00 +3.8456e+00 -1.6112e+00 -2.3111e+00 -9.3975e-01
621 0 +3.322246904e+01 -2.684753096e+01 -2.684753096e+01 -1.8360e+00 +3.9150e+00 -1.3841e+00 -2.0803e+00 -1.2460e+00
666 0 +1.393215872e+01 -4.613784128e+01 -4.613784128e+01 -2.2165e+00 +3.6538e+00 -1.2979e+00 -1.8672e+00 -1.4202e+00
920 0 +8.447819331e+00 -5.162218067e+01 -5.162218067e+01 -1.9967e+00 +3.8413e+00 -1.4664e+00 -1.9661e+00 -1.2595e+00
1145 0 +5.901684957e+00 -5.416831504e+01 -5.416831504e+01 -1.9579e+00 +3.8715e+00 -1.5218e+00 -1.9464e+00 -1.2799e+00
1220 0 +4.076973434e+00 -5.599302657e+01 -5.599302657e+01 -1.8346e+00 +3.9381e+00 -1.5634e+00 -2.0528e+00 -1.2013e+00
2389 0 +3.858104395e+00 -5.621189560e+01 -5.621189560e+01 -1.8369e+00 +3.9407e+00 -1.5693e+00 -2.0775e+00 -1.1629e+00
2657 0 +3.600299429e+00 -5.646970057e+01 -5.646970057e+01 -1.8655e+00 +3.9270e+00 -1.5640e+00 -2.0645e+00 -1.2029e+00
4775 0 +2.906338908e+00 -5.716366109e+01 -5.716366109e+01 -1.9378e+00 +3.8877e+00 -1.5029e+00 -2.0026e+00 -1.2506e+00
% f evaluations | g evaluations | best noise-free fitness - Fopt (-1.317500000000e+02) + sum g_i+ | measured fitness | best measured fitness or single-digit g-values | x1 | x2...
1 0 +1.801347766e+03 +1.669597766e+03 +1.669597766e+03 +1.7126e-01 +4.7997e-01 -4.5303e+00 -8.8328e-02 +3.8447e+00
2 0 +7.199243966e+02 +5.881743966e+02 +5.881743966e+02 +4.1504e+00 +3.8431e+00 -9.4360e-01 -1.0796e+00 +2.5349e+00
8 0 +5.546315023e+02 +4.228815023e+02 +4.228815023e+02 +1.4182e+00 +1.8489e+00 -1.8826e+00 +1.2380e+00 -6.9986e-01
15 0 +5.031424615e+02 +3.713924615e+02 +3.713924615e+02 +1.1219e+00 +4.0416e-01 -1.1246e+00 -8.4637e-01 -1.2569e+00
86 0 +4.680487923e+02 +3.362987923e+02 +3.362987923e+02 +1.8025e+00 +3.4952e+00 -3.4029e+00 -1.8025e+00 -2.5535e-01
91 0 +4.395911600e+02 +3.078411600e+02 +3.078411600e+02 +1.6462e+00 +1.0698e+00 -9.8169e-02 -2.6033e+00 -1.0265e+00
117 0 +3.356876140e+02 +2.039376140e+02 +2.039376140e+02 +2.9902e+00 +9.1467e-02 -6.9800e-01 +1.0378e-01 -3.8754e-01
166 0 +3.224674857e+02 +1.907174857e+02 +1.907174857e+02 +3.2489e+00 +1.9926e+00 -1.1582e+00 -2.5688e+00 -7.9590e-01
214 0 +3.024923520e+02 +1.707423520e+02 +1.707423520e+02 +2.3684e+00 -8.4718e-01 -4.4358e-01 -5.7810e-01 -2.3011e+00
230 0 +2.658231317e+02 +1.340731317e+02 +1.340731317e+02 +2.8638e+00 -4.1591e-02 -1.8043e+00 -1.6007e+00 -1.6160e+00
246 0 +2.122185320e+02 +8.046853202e+01 +8.046853202e+01 +2.8649e+00 +5.7980e-01 -1.0264e+00 -3.9437e-01 -1.6569e+00
317 0 +1.278180357e+02 -3.931964314e+00 -3.931964314e+00 +2.9521e+00 +3.6285e-01 -1.2540e+00 -1.0920e+00 -1.8907e+00
376 0 +1.142380920e+02 -1.751190803e+01 -1.751190803e+01 +3.1452e+00 +3.6285e-01 -1.4113e+00 -1.3386e+00 -1.5319e+00
436 0 +1.072945005e+02 -2.445549952e+01 -2.445549952e+01 +2.9195e+00 +4.0520e-01 -1.0763e+00 -1.0104e+00 -1.4179e+00
474 0 +1.040384207e+02 -2.771157930e+01 -2.771157930e+01 +2.9528e+00 +3.4098e-01 -1.2188e+00 -8.0477e-01 -1.5616e+00
501 0 +1.014763851e+02 -3.027361492e+01 -3.027361492e+01 +2.9528e+00 +3.4098e-01 -1.1810e+00 -8.6304e-01 -1.5616e+00
590 0 +8.366642719e+01 -4.808357281e+01 -4.808357281e+01 +3.0269e+00 +5.8051e-01 -1.2757e+00 -1.0573e+00 -1.5515e+00
696 0 +8.254918731e+01 -4.920081269e+01 -4.920081269e+01 +3.0269e+00 +5.4618e-01 -1.2757e+00 -1.0573e+00 -1.5515e+00
753 0 +7.225680902e+01 -5.949319098e+01 -5.949319098e+01 +3.1774e+00 -1.4322e-01 -1.4515e+00 -1.0002e+00 -1.9166e+00
833 0 +6.840229717e+01 -6.334770283e+01 -6.334770283e+01 +3.1707e+00 +3.7777e-01 -1.3744e+00 -8.1688e-01 -1.5754e+00
955 0 +6.753971547e+01 -6.421028453e+01 -6.421028453e+01 +3.1300e+00 +3.1547e-03 -1.2266e+00 -9.8839e-01 -1.7220e+00
992 0 +6.529589930e+01 -6.645410070e+01 -6.645410070e+01 +3.1258e+00 +3.9597e-01 -1.3306e+00 -9.8117e-01 -1.6119e+00
999 0 +5.929064401e+01 -7.245935599e+01 -7.245935599e+01 +3.2802e+00 +2.7277e-01 -1.3520e+00 -9.4715e-01 -1.6569e+00
1074 0 +5.864930899e+01 -7.310069101e+01 -7.310069101e+01 +3.1878e+00 +3.7777e-01 -1.4602e+00 -8.1688e-01 -1.5754e+00
1146 0 +4.924292231e+01 -8.250707769e+01 -8.250707769e+01 +3.2528e+00 +4.3683e-01 -1.5482e+00 -1.0238e+00 -1.5754e+00
1264 0 +4.461261055e+01 -8.713738945e+01 -8.713738945e+01 +3.2597e+00 +4.8023e-02 -1.3845e+00 -9.8839e-01 -1.7463e+00
1387 0 +4.072254057e+01 -9.102745943e+01 -9.102745943e+01 +3.2991e+00 +3.2725e-01 -1.5358e+00 -9.3552e-01 -1.6205e+00
1436 0 +3.840421316e+01 -9.334578684e+01 -9.334578684e+01 +3.2991e+00 +3.2725e-01 -1.5358e+00 -9.3552e-01 -1.6562e+00
1616 0 +3.701455150e+01 -9.473544850e+01 -9.473544850e+01 +3.2268e+00 +4.5657e-01 -1.6008e+00 -9.5279e-01 -1.6096e+00
1670 0 +3.596658792e+01 -9.578341208e+01 -9.578341208e+01 +3.2807e+00 +4.5873e-01 -1.5880e+00 -9.2244e-01 -1.6245e+00
1758 0 +3.532924414e+01 -9.642075586e+01 -9.642075586e+01 +3.3084e+00 +5.5701e-01 -1.7753e+00 -8.8999e-01 -1.6472e+00
1873 0 +3.273561146e+01 -9.901438854e+01 -9.901438854e+01 +3.2932e+00 +4.6776e-01 -1.6447e+00 -9.3223e-01 -1.6422e+00
1946 0 +3.117075030e+01 -1.005792497e+02 -1.005792497e+02 +3.2609e+00 +4.3088e-01 -1.6447e+00 -8.8647e-01 -1.6422e+00
2128 0 +2.911014005e+01 -1.026398600e+02 -1.026398600e+02 +3.2946e+00 +3.6656e-01 -1.6462e+00 -9.0218e-01 -1.6678e+00
2428 0 +2.827578528e+01 -1.034742147e+02 -1.034742147e+02 +3.2608e+00 +6.6273e-01 -1.7381e+00 -9.3322e-01 -1.5684e+00
2835 0 +2.810060497e+01 -1.036493950e+02 -1.036493950e+02 +3.2864e+00 +6.5312e-01 -1.7613e+00 -9.1792e-01 -1.5540e+00
2914 0 +2.709875711e+01 -1.046512429e+02 -1.046512429e+02 +3.2394e+00 +7.1588e-01 -1.7684e+00 -9.0007e-01 -1.5385e+00
3071 0 +2.501727113e+01 -1.067327289e+02 -1.067327289e+02 +3.2714e+00 +6.0399e-01 -1.7381e+00 -9.0063e-01 -1.5715e+00
3523 0 +2.411337360e+01 -1.076366264e+02 -1.076366264e+02 +3.2722e+00 +6.1028e-01 -1.7414e+00 -9.0198e-01 -1.5809e+00
4898 0 +2.204876692e+01 -1.097012331e+02 -1.097012331e+02 +3.2601e+00 +8.9862e-01 -1.8427e+00 -9.0268e-01 -1.4841e+00
% f evaluations | g evaluations | best noise-free fitness - Fopt (-9.099000000000e+01) + sum g_i+ | measured fitness | best measured fitness or single-digit g-values | x1 | x2...
1 0 +2.065517897e+03 +1.974527897e+03 +1.974527897e+03 +3.1598e+00 +2.9792e+00 -2.2588e+00 -8.9029e-01 +2.3176e+00
2 0 +1.395342336e+03 +1.304352336e+03 +1.304352336e+03 -4.4456e+00 +3.6726e+00 +2.0749e+00 -1.2511e+00 -1.1348e+00
6 0 +1.248443221e+03 +1.157453221e+03 +1.157453221e+03 -6.0168e-01 +2.3658e+00 +4.0581e+00 +9.1701e-01 -1.3652e+00
17 0 +7.778022873e+02 +6.868122873e+02 +6.868122873e+02 -3.2235e+00 +4.4167e-01 +2.9253e+00 -4.5934e+00 +3.2457e+00
26 0 +6.996920139e+02 +6.087020139e+02 +6.087020139e+02 -7.4704e-01 -2.4944e+00 +7.7009e-01 -3.6487e+00 -1.1052e+00
28 0 +4.924418587e+02 +4.014518587e+02 +4.014518587e+02 -3.7240e+00 -4.2387e+00 +2.4010e+00 -2.0942e+00 -3.2890e+00
29 0 +4.081962934e+02 +3.172062934e+02 +3.172062934e+02 -1.0543e+00 -2.3719e+00 +2.1604e+00 -1.8558e+00 -3.5450e-01
102 0 +4.069678252e+02 +3.159778252e+02 +3.159778252e+02 -1.0543e+00 -2.3719e+00 +2.2191e+00 -1.8816e+00 -4.1168e-01
109 0 +3.228371109e+02 +2.318471109e+02 +2.318471109e+02 -3.4156e+00 -2.2500e+00 +2.3305e-02 -1.5443e+00 +3.4894e-01
294 0 +2.178656625e+02 +1.268756625e+02 +1.268756625e+02 -3.7818e+00 -1.2615e+00 +1.7406e-01 -2.2861e+00 +1.9153e+00
311 0 +2.017097097e+02 +1.107197097e+02 +1.107197097e+02 -2.5363e+00 -1.5472e+00 +9.0590e-01 -1.3098e+00 +1.5902e+00
320 0 +1.984328885e+02 +1.074428885e+02 +1.074428885e+02 -2.3284e+00 -1.1507e+00 +1.4010e+00 -1.1840e+00 +1.7519e+00
397 0 +1.926287567e+02 +1.016387567e+02 +1.016387567e+02 -2.4605e+00 -1.7133e+00 +1.3403e+00 -1.9906e+00 +8.0410e-01
412 0 +1.823434518e+02 +9.135345180e+01 +9.135345180e+01 -2.9610e+00 -1.8839e+00 +7.4137e-01 -1.9193e+00 +1.2554e+00
426 0 +1.678881774e+02 +7.689817742e+01 +7.689817742e+01 -2.5427e+00 -1.6393e+00 +1.0654e+00 -1.5541e+00 +1.5902e+00
452 0 +1.567370048e+02 +6.574700481e+01 +6.574700481e+01 -2.3886e+00 -1.1802e+00 +9.6465e-01 -1.3964e+00 +2.5354e+00
502 0 +1.489692097e+02 +5.797920966e+01 +5.797920966e+01 -2.8252e+00 -1.3337e+00 +9.6310e-01 -1.4076e+00 +1.5632e+00
597 0 +1.345371738e+02 +4.354717385e+01 +4.354717385e+01 -2.6132e+00 -1.6324e+00 +1.5247e+00 -2.0766e+00 +1.1327e+00
612 0 +1.046360383e+02 +1.364603833e+01 +1.364603833e+01 -2.6987e+00 -1.5837e+00 +1.5888e+00 -1.9509e+00 +1.2348e+00
718 0 +8.717441429e+01 -3.815585711e+00 -3.815585711e+00 -2.8571e+00 -1.5605e+00 +1.5247e+00 -2.0343e+00 +1.3652e+00
812 0 +7.072010745e+01 -2.026989255e+01 -2.026989255e+01 -2.9567e+00 -1.6142e+00 +1.5625e+00 -1.8841e+00 +1.2348e+00
898 0 +6.848604254e+01 -2.250395746e+01 -2.250395746e+01 -2.8695e+00 -1.4681e+00 +1.6838e+00 -1.6518e+00 +1.3562e+00
915 0 +5.746001063e+01 -3.352998937e+01 -3.352998937e+01 -2.9196e+00 -1.5605e+00 +1.7010e+00 -1.9370e+00 +1.4853e+00
1006 0 +4.979029964e+01 -4.119970036e+01 -4.119970036e+01 -3.0109e+00 -1.5605e+00 +1.7010e+00 -1.9370e+00 +1.4853e+00
1107 0 +4.736971621e+01 -4.362028379e+01 -4.362028379e+01 -3.0794e+00 -1.5471e+00 +1.5213e+00 -1.7986e+00 +1.3597e+00
1210 0 +4.622423468e+01 -4.476576532e+01 -4.476576532e+01 -3.0883e+00 -1.5183e+00 +1.4425e+00 -1.8110e+00 +1.4825e+00
1236 0 +4.288471028e+01 -4.810528972e+01 -4.810528972e+01 -3.1211e+00 -1.5010e+00 +1.5213e+00 -1.7986e+00 +1.3256e+00
1266 0 +2.451620031e+01 -6.647379969e+01 -6.647379969e+01 -3.1669e+00 -1.4742e+00 +1.5209e+00 -1.7432e+00 +1.5400e+00
1318 0 +2.236797920e+01 -6.862202080e+01 -6.862202080e+01 -3.1934e+00 -1.4743e+00 +1.5209e+00 -1.7432e+00 +1.5281e+00
1397 0 +2.086042497e+01 -7.012957503e+01 -7.012957503e+01 -3.1669e+00 -1.4517e+00 +1.5209e+00 -1.7432e+00 +1.5693e+00
1571 0 +1.982830585e+01 -7.116169415e+01 -7.116169415e+01 -3.1662e+00 -1.4708e+00 +1.6540e+00 -1.7986e+00 +1.4620e+00
1589 0 +1.066810286e+01 -8.032189714e+01 -8.032189714e+01 -3.2378e+00 -1.4038e+00 +1.5043e+00 -1.7080e+00 +1.5864e+00
1707 0 +8.508356377e+00 -8.248164362e+01 -8.248164362e+01 -3.2416e+00 -1.3634e+00 +1.5113e+00 -1.6869e+00 +1.6563e+00
1830 0 +6.892647274e+00 -8.409735273e+01 -8.409735273e+01 -3.2504e+00 -1.3655e+00 +1.5336e+00 -1.6930e+00 +1.6047e+00
1900 0 +6.497774289e+00 -8.449222571e+01 -8.449222571e+01 -3.2416e+00 -1.3634e+00 +1.5113e+00 -1.7594e+00 +1.7038e+00
2294 0 +2.710239723e+00 -8.827976028e+01 -8.827976028e+01 -3.2736e+00 -1.4107e+00 +1.6086e+00 -1.7204e+00 +1.4964e+00
4088 0 +2.249399129e+00 -8.874060087e+01 -8.874060087e+01 -3.2736e+00 -1.4107e+00 +1.5833e+00 -1.7204e+00 +1.4964e+00
4140 0 +1.695968112e+00 -8.929403189e+01 -8.929403189e+01 -3.2736e+00 -1.4107e+00 +1.6086e+00 -1.7204e+00 +1.4617e+00
