% f evaluations | g evaluations | best noise-free fitness - Fopt (-1.025500000000e+02) + sum g_i+ | measured fitness | best measured fitness or single-digit g-values | x1 | x2...
1 0 +1.295378842e+01 -8.959621158e+01 -8.959621158e+01 +2.1444e-01 -9.0810e-01 +2.3006e+00 +3.7069e+00 +1.9198e+00
14 0 +9.277341705e+00 -9.327265829e+01 -9.327265829e+01 -3.7952e-01 -7.9485e-01 +2.2636e+00 -1.2410e+00 +1.0844e+00
61 0 +8.574787465e+00 -9.397521254e+01 -9.397521254e+01 +9.0771e-01 -2.3716e+00 +1.2685e-01 -1.1005e+00 +2.0644e+00
128 0 +6.028611113e+00 -9.652138889e+01 -9.652138889e+01 -1.5462e-01 -7.5984e-01 +5.4374e-01 +3.2503e-01 +7.7278e-01
144 0 +5.413681411e+00 -9.713631859e+01 -9.713631859e+01 -1.3131e-01 -9.3673e-01 +6.0225e-01 +3.8869e-01 +1.0729e+00
190 0 +3.475666600e+00 -9.907433340e+01 -9.907433340e+01 -1.4426e-01 -1.0445e+00 +6.4020e-01 +4.0606e-01 +1.2190e+00
236 0 +1.362848874e+00 -1.011871511e+02 -1.011871511e+02 -1.7112e-02 -1.1480e-01 +4.1021e-02 +4.7085e-02 +1.8769e-01
491 0 +9.091279073e-01 -1.016408721e+02 -1.016408721e+02 -5.8472e-02 -3.3443e-01 +3.0382e-01 +7.0606e-02 +7.7349e-02
992 0 +7.502245214e-01 -1.017997755e+02 -1.017997755e+02 -1.0618e-04 -5.7118e-03 +4.5572e-03 +2.9600e-03 +6.9522e-04
1044 0 +5.268949383e-01 -1.020231051e+02 -1.020231051e+02 +1.5487e-04 -3.4688e-03 +2.7150e-03 +3.7033e-03 -3.0655e-05
1200 0 +3.391859560e-01 -1.022108140e+02 -1.022108140e+02 +4.3081e-05 -1.3602e-03 +2.2447e-03 -3.5090e-03 +1.9754e-03
1527 0 +2.316407505e-01 -1.023183592e+02 -1.023183592e+02 +4.3512e-03 +3.0413e-03 +5.9900e-03 +1.0356e-03 -1.9986e-03
1548 0 +2.162320732e-01 -1.023337679e+02 -1.023337679e+02 +8.5172e-03 +5.9532e-03 +1.1725e-02 -1.3992e-03 -3.9123e-03
1669 0 +1.809900027e-01 -1.023690100e+02 -1.023690100e+02 +6.4088e-03 +1.6690e-03 +6.5085e-03 -1.6638e-03 +7.0460e-04
1799 0 +1.775598061e-01 -1.023724402e+02 -1.023724402e+02 +2.2184e-03 +1.8081e-03 +3.5092e-03 -1.5348e-03 +7.2232e-04
2336 0 +1.208596734e-01 -1.024291403e+02 -1.024291403e+02 +3.0788e-03 +2.1039e-03 -2.5691e-03 -3.4817e-03 -3.6150e-03
4740 0 +1.022956636e-01 -1.024477043e+02 -1.024477043e+02 +1.5451e-01 +1.0475e-01 -1.7109e-01 -2.6882e-03 -1.0401e-02
% f evaluations | g evaluations | best noise-free fitness - Fopt (7.169000000000e+01) + sum g_i+ | measured fitness | best measured fitness or single-digit g-values | x1 | x2...
1 0 +3.964150906e+01 +1.113315091e+02 +1.113315091e+02 +7.8574e-01 -3.6707e+00 -7.7732e-01 -1.3437e+00 -1.8133e+00
2 0 +3.360236018e+01 +1.052923602e+02 +1.052923602e+02 +1.1351e+00 -4.9430e+00 -1.1110e+00 -1.0775e+00 +5.0611e-01
7 0 +1.122227433e+01 +8.291227433e+01 +8.291227433e+01 -1.0968e+00 +2.3022e+00 -8.2411e-01 +2.8964e+00 -2.9319e+00
59 0 +9.032234163e+00 +8.072223416e+01 +8.072223416e+01 +5.2522e-01 -1.5199e+00 +4.2885e+00 -4.6030e-01 +3.3825e-01
75 0 +6.045416581e+00 +7.773541658e+01 +7.773541658e+01 +1.0018e+00 +1.2894e-02 -1.9034e-01 +1.1247e+00 +3.0285e+00
138 0 +4.650867403e+00 +7.634086740e+01 +7.634086740e+01 +2.2221e-01 +3.9455e-01 +2.3652e-01 -2.5317e-01 +1.0925e+00
146 0 +8.941952504e-01 +7.258419525e+01 +7.258419525e+01 +4.3760e-01 +4.5104e-01 +4.5153e-01 -5.1348e-01 +1.3103e+00
885 0 +2.912109089e-01 +7.198121091e+01 +7.198121091e+01 -2.3968e-05 +2.9730e-03 -1.3923e-03 -4.9126e-04 -7.2788e-03
1364 0 +2.723064679e-01 +7.196230647e+01 +7.196230647e+01 +2.8401e-05 -4.1855e-04 -2.1822e-03 -2.4625e-03 -1.2082e-03
1567 0 +2.086061942e-01 +7.189860619e+01 +7.189860619e+01 +1.2599e-03 +2.3784e-04 -4.0808e-03 -1.5844e-03 +1.3754e-04
1591 0 +1.917305012e-01 +7.188173050e+01 +7.188173050e+01 +2.5481e-03 +4.8103e-04 -8.2535e-03 -3.2043e-03 +2.7818e-04
1667 0 +1.753135593e-01 +7.186531356e+01 +7.186531356e+01 -2.3919e-04 +1.3219e-04 -4.1790e-02 -2.4641e-02 -1.8721e-04
% f evaluations | g evaluations | best noise-free fitness - Fopt (2.140100000000e+02) + sum g_i+ | measured fitness | best measured fitness or single-digit g-values | x1 | x2...
1 0 +4.469401274e+01 +2.587040127e+02 +2.587040127e+02 +4.5437e+00 +2.0129e+00 -1.7435e+00 -5.1652e-02 +2.2281e+00
12 0 +1.030196228e+01 +2.243119623e+02 +2.243119623e+02 +1.7793e+00 +1.9585e+00 +2.9402e+00 +8.1662e-01 +9.6596e-01
37 0 +4.804284089e+00 +2.188142841e+02 +2.188142841e+02 -1.6856e-01 +2.9499e+00 +4.0718e+00 -1.5474e+00 -1.6165e+00
126 0 +8.849379524e-01 +2.148949380e+02 +2.148949380e+02 +1.3749e-03 +5.5652e-05 +7.5451e-03 -3.7503e-03 -1.3411e-03
243 0 +8.571233446e-01 +2.148671233e+02 +2.148671233e+02 +9.0038e-02 +6.7075e-03 +7.1956e-01 -4.8424e-01 -3.3377e-01
477 0 +5.054470172e-01 +2.145154470e+02 +2.145154470e+02 -2.4274e-02 +7.6432e-03 +1.6143e-01 -1.8757e-01 -7.1451e-02
1102 0 +1.607705650e-01 +2.141707706e+02 +2.141707706e+02 +2.5407e-01 +4.0394e-02 +1.8033e-02 +1.8399e-02 -1.5148e-01
1541 0 +1.293149429e-01 +2.141393149e+02 +2.141393149e+02 +4.7062e-03 +8.6774e-04 -3.7451e-04 +8.0067e-04 +1.9755e-03
% f evaluations | g evaluations | best noise-free fitness - Fopt (-5.848000000000e+01) + sum g_i+ | measured fitness | best measured fitness or single-digit g-values | x1 | x2...
1 0 +5.138726215e+01 -7.092737851e+00 -7.092737851e+00 -3.6947e+00 -1.0887e+00 +4.2813e+00 -2.9590e+00 -5.0379e-01
3 0 +1.750980103e+01 -4.097019897e+01 -4.097019897e+01 -2.8934e+00 -1.0951e+00 -1.4700e+00 -1.6371e+00 +3.0985e-01
17 0 +1.724575477e+01 -4.123424523e+01 -4.123424523e+01 -1.7036e+00 +6.4200e-01 -4.4039e-01 -4.3780e-01 +4.1209e+00
20 0 +7.239771808e+00 -5.124022819e+01 -5.124022819e+01 +3.4872e+00 -2.6433e+00 +1.4696e-01 +5.8783e-01 +1.6240e+00
89 0 +6.155968453e+00 -5.232403155e+01 -5.232403155e+01 +3.3892e-01 +3.5432e-01 -2.9328e+00 +1.3913e+00 -8.3125e-01
99 0 +5.854262136e+00 -5.262573786e+01 -5.262573786e+01 +1.4491e-01 -1.0903e+00 -3.0479e+00 +1.5490e+00 -2.9914e-01
145 0 +3.201795156e+00 -5.527820484e+01 -5.527820484e+01 +6.5420e-01 -1.0306e+00 -1.2380e+00 +4.3324e-02 -5.0009e-01
162 0 +2.298961635e+00 -5.618103837e+01 -5.618103837e+01 +6.8185e-03 +4.0658e-03 -1.2903e-02 +4.5155e-04 -3.9596e-03
247 0 +2.062950716e+00 -5.641704928e+01 -5.641704928e+01 +4.4917e-01 -4.6640e-01 -5.6807e-01 +1.6275e-02 -1.7534e-01
418 0 +4.671670916e-01 -5.801283291e+01 -5.801283291e+01 -5.5811e-03 +9.4212e-02 -3.7008e-01 -6.5604e-03 -1.6840e-01
1133 0 +3.724741485e-01 -5.810752585e+01 -5.810752585e+01 -1.0306e-03 +3.1258e-04 -2.9515e-04 +1.6616e-03 -1.8566e-03
1145 0 +2.864160494e-01 -5.819358395e+01 -5.819358395e+01 -4.5920e-04 +1.3927e-04 -1.3151e-04 +7.4038e-04 -8.2726e-04
1672 0 +2.722237242e-01 -5.820777628e+01 -5.820777628e+01 -7.6442e-04 -3.3657e-03 +4.4948e-04 +4.4440e-05 -9.3010e-04
1781 0 +2.375473001e-01 -5.824245270e+01 -5.824245270e+01 -4.6673e-05 +1.5796e-03 +1.4256e-03 -1.5189e-04 +3.0665e-04
2163 0 +3.110813743e-02 -5.844889186e+01 -5.844889186e+01 -5.6689e-03 +3.4419e-03 +2.7029e-03 -1.0528e-02 +2.0675e-04
% f evaluations | g evaluations | best noise-free fitness - Fopt (-6.130800000000e+02) + sum g_i+ | measured fitness | best measured fitness or single-digit g-values | x1 | x2...
1 0 +1.375841841e+02 -4.754958159e+02 -4.754958159e+02 +2.2455e+00 -2.6120e+00 -2.0993e+00 -4.6634e+00 -1.9578e+00
3 0 +4.424254341e+01 -5.688374566e+02 -5.688374566e+02 -5.2970e-01 -3.1961e+00 -1.9288e-01 -4.1542e+00 -1.4109e+00
6 0 +1.697857422e+01 -5.961014258e+02 -5.961014258e+02 -1.5491e+00 +1.8600e+00 -3.2982e+00 -2.8407e+00 +1.6351e-01
13 0 +1.396966637e+01 -5.991103336e+02 -5.991103336e+02 +8.0326e-01 -6.2928e-01 +2.0731e+00 -2.3553e+00 +1.5653e+00
24 0 +1.217602339e+01 -6.009039766e+02 -6.009039766e+02 +6.4400e-02 +3.4592e+00 +4.5628e+00 -3.9483e+00 -2.3444e+00
39 0 +2.110640102e+00 -6.109693599e+02 -6.109693599e+02 +6.6925e-01 -6.8278e-02 -2.1252e+00 +6.8980e-01 -2.0199e+00
446 0 +1.862885820e+00 -6.112171142e+02 -6.112171142e+02 +3.2116e-04 -1.8615e-01 -2.5744e-02 -2.0489e-01 -1.0591e-01
447 0 +1.516770399e+00 -6.115632296e+02 -6.115632296e+02 -3.8003e-02 -6.6475e-02 -2.8063e-02 -1.6188e-02 -2.3968e-01
490 0 +3.926079722e-01 -6.126873920e+02 -6.126873920e+02 +1.2644e-01 -2.0300e-01 -6.7001e-02 +6.5309e-03 +1.0115e-02
506 0 +2.196131400e-01 -6.128603869e+02 -6.128603869e+02 +1.5575e-03 -2.8559e-01 -3.4886e-01 -6.4755e-02 -1.3288e-02
592 0 +2.180087787e-01 -6.128619912e+02 -6.128619912e+02 -2.7511e-02 -9.8976e-02 -3.4289e-02 -1.4434e-02 -1.7658e-01
1654 0 +2.001746354e-01 -6.128798254e+02 -6.128798254e+02 -8.4664e-04 -6.0065e-04 -1.8708e-03 +9.7934e-04 -2.8072e-04
1687 0 +1.748786953e-01 -6.129051213e+02 -6.129051213e+02 +1.3087e-01 -3.1007e-02 -1.6891e-01 +5.0556e-02 -1.4491e-02
% f evaluations | g evaluations | best noise-free fitness - Fopt (-1.573300000000e+02) + sum g_i+ | measured fitness | best measured fitness or single-digit g-values | x1 | x2...
1 0 +1.165663873e+02 -4.076361268e+01 -4.076361268e+01 -4.1706e+00 -3.1413e+00 +2.4735e+00 +4.4048e+00 +2.9799e+00
2 0 +4.803956431e+01 -1.092904357e+02 -1.092904357e+02 +1.2291e+00 -4.0540e+00 -1.8431e+00 -2.0343e+00 +4.5094e+00
3 0 +3.131870744e+01 -1.260112926e+02 -1.260112926e+02 -4.1746e+00 +1.3559e+00 -9.3395e-01 -1.9270e+00 +2.5156e+00
5 0 +1.923484310e+01 -1.380951569e+02 -1.380951569e+02 +2.7643e+00 +3.7191e+00 +2.6751e+00 +2.2994e-01 +6.2218e-01
7 0 +8.136615444e+00 -1.491933846e+02 -1.491933846e+02 +1.8388e+00 -3.6114e+00 -4.2039e-01 +2.1402e-01 -3.6645e+00
25 0 +3.701700685e+00 -1.536282993e+02 -1.536282993e+02 +7.6895e-01 -1.0944e+00 -1.3836e+00 +4.2906e-01 -3.4656e+00
132 0 +3.614904701e+00 -1.537150953e+02 -1.537150953e+02 -3.5433e-01 -6.5571e-02 +1.6527e-01 -1.4447e-01 -5.5538e-01
153 0 +1.999838835e+00 -1.553301612e+02 -1.553301612e+02 -1.9917e-02 -2.2894e-03 +1.0820e-02 -2.3524e-02 -2.9323e-03
160 0 +1.476738863e+00 -1.558532611e+02 -1.558532611e+02 -4.5109e-01 +2.0922e-01 +4.5089e-02 -1.7335e-01 -6.2409e-01
333 0 +1.411591757e+00 -1.559184082e+02 -1.559184082e+02 -9.0125e-02 -1.2474e-01 +1.3708e-01 -7.3195e-02 -2.8643e-01
376 0 +2.388993545e-01 -1.570911006e+02 -1.570911006e+02 -9.5505e-04 +3.1501e-05 +3.4030e-04 -7.7565e-04 -1.3266e-03
835 0 +2.179687515e-01 -1.571120312e+02 -1.571120312e+02 -3.6373e-03 +5.9477e-03 +3.1591e-03 -1.7396e-03 +1.0401e-03
889 0 +1.839960223e-01 -1.571460040e+02 -1.571460040e+02 -1.4295e-03 +5.7298e-04 +1.2415e-03 -6.8369e-04 +4.0875e-04
900 0 +1.110875969e-01 -1.572189124e+02 -1.572189124e+02 -5.3930e-03 +2.1617e-03 +4.6840e-03 -2.5793e-03 +1.5421e-03
2166 0 +9.750387589e-02 -1.572324961e+02 -1.572324961e+02 -9.7344e-03 +2.5856e-04 +1.3788e-03 -5.4388e-03 +2.1557e-04
% f evaluations | g evaluations | best noise-free fitness - Fopt (-5.738000000000e+01) + sum g_i+ | measured fitness | best measured fitness or single-digit g-values | x1 | x2...
1 0 +2.632176376e+01 -3.105823624e+01 -3.105823624e+01 +2.6549e+00 -2.6533e+00 -3.9467e+00 +1.3262e-01 +2.0998e+00
4 0 +1.855398643e+01 -3.882601357e+01 -3.882601357e+01 -3.5329e+00 +9.1271e-01 +1.0124e+00 -6.7012e-01 +7.9202e-01
8 0 +1.134498600e+01 -4.603501400e+01 -4.603501400e+01 -4.0875e+00 +1.5232e+00 +1.0378e+00 -3.4566e+00 -1.1607e-01
17 0 +7.764780878e+00 -4.961521912e+01 -4.961521912e+01 +1.2887e+00 +1.1243e+00 -1.8675e+00 -2.1518e+00 +1.0837e+00
105 0 +5.794611756e+00 -5.158538824e+01 -5.158538824e+01 -1.7961e+00 +1.9543e+00 +1.9465e-01 -4.7462e-01 +1.9671e+00
138 0 +5.630690928e+00 -5.174930907e+01 -5.174930907e+01 +3.6916e-01 +6.0471e-02 -3.6360e-01 +1.3932e-01 -2.6692e-02
156 0 +3.201463208e+00 -5.417853679e+01 -5.417853679e+01 +1.0467e+00 -7.1039e-02 -8.9927e-01 +8.8548e-02 -1.1545e-01
164 0 +1.201577767e+00 -5.617842223e+01 -5.617842223e+01 +1.5384e+00 -3.5042e-01 -1.6215e+00 +4.7748e-02 -8.9739e-02
293 0 +1.044761153e+00 -5.633523885e+01 -5.633523885e+01 +9.3056e-01 -2.0641e-01 -1.1116e+00 +1.3256e-02 -3.4085e-01
642 0 +5.355102266e-01 -5.684448977e+01 -5.684448977e+01 +6.1626e-03 -2.2853e-03 -6.0436e-03 +2.5279e-03 -2.6529e-03
1598 0 +4.067098844e-01 -5.697329012e+01 -5.697329012e+01 +3.0330e-03 +3.7721e-04 -1.7614e-03 +6.5059e-03 -4.4209e-04
1840 0 +2.486709499e-01 -5.713132905e+01 -5.713132905e+01 +1.0884e-04 -1.4920e-04 -1.9703e-05 +1.9600e-05 -1.0557e-05
2127 0 +2.373367729e-01 -5.714266323e+01 -5.714266323e+01 +3.7192e-03 +4.8177e-03 +1.2848e-03 +3.0332e-03 +4.5591e-03
2147 0 +2.078976780e-01 -5.717210232e+01 -5.717210232e+01 +1.3067e-03 +1.6926e-03 +4.5140e-04 +1.0657e-03 +1.6017e-03
2331 0 +1.352983715e-01 -5.724470163e+01 -5.724470163e+01 +2.0984e-03 +8.3284e-04 +4.4162e-03 +2.4229e-03 +7.9719e-03
2373 0 +1.342454606e-01 -5.724575454e+01 -5.724575454e+01 +1.6659e-03 +6.6121e-04 +3.5061e-03 +1.9236e-03 +6.3291e-03
% f evaluations | g evaluations | best noise-free fitness - Fopt (3.301100000000e+02) + sum g_i+ | measured fitness | best measured fitness or single-digit g-values | x1 | x2...
1 0 +4.512708349e+01 +3.752370835e+02 +3.752370835e+02 +1.4384e+00 -2.4118e+00 -2.7004e+00 +4.8800e+00 +6.0487e-01
6 0 +1.860634237e+01 +3.487163424e+02 +3.487163424e+02 -5.2115e-01 +1.9906e+00 +4.0262e+00 -2.5678e+00 -5.8806e-01
8 0 +1.470824875e+01 +3.448182487e+02 +3.448182487e+02 -3.9217e-01 -1.6161e+00 +1.4910e+00 +6.4098e-01 -3.4848e+00
15 0 +1.154177363e+01 +3.416517736e+02 +3.416517736e+02 -1.3313e+00 -3.4168e+00 -2.7839e-01 -4.7083e+00 -3.3683e+00
18 0 +8.694050252e+00 +3.388040503e+02 +3.388040503e+02 +2.0639e+00 -1.9623e+00 -3.4977e-01 -2.0372e+00 -1.9632e+00
126 0 +5.246860947e+00 +3.353568609e+02 +3.353568609e+02 +1.0201e+00 +2.1059e-01 -4.9151e-01 -1.1327e+00 +2.5593e-01
128 0 +4.905587235e+00 +3.350155872e+02 +3.350155872e+02 +8.7322e-01 +1.6446e-01 -6.9165e-02 -1.3649e+00 +2.3477e-01
135 0 +2.678247298e+00 +3.327882473e+02 +3.327882473e+02 +1.3182e+00 +2.9057e-01 -3.0780e-01 -1.6344e+00 +2.8114e-01
186 0 +1.966315097e-01 +3.303066315e+02 +3.303066315e+02 +5.1465e-01 +1.7070e-01 -1.4104e-01 -7.4891e-01 +1.2882e-01
1655 0 +9.213922144e-02 +3.302021392e+02 +3.302021392e+02 +2.3668e-03 +2.8481e-03 -2.7762e-04 +1.5264e-02 +1.0231e-03
4979 0 +8.213067029e-02 +3.301921307e+02 +3.301921307e+02 +5.4338e-04 +2.2461e-03 -2.1831e-04 +1.6409e-02 +2.2430e-04
5093 0 +6.261871836e-02 +3.301726187e+02 +3.301726187e+02 +8.3251e-07 +3.1614e-04 +3.6533e-05 +9.7050e-03 -2.4530e-04
% f evaluations | g evaluations | best noise-free fitness - Fopt (-2.440000000000e+00) + sum g_i+ | measured fitness | best measured fitness or single-digit g-values | x1 | x2...
1 0 +3.463232046e+01 +3.219232046e+01 +3.219232046e+01 +2.7532e+00 -2.7320e+00 +8.8887e-02 +1.8190e+00 -4.0250e-01
2 0 +2.081808973e+01 +1.837808973e+01 +1.837808973e+01 +8.9154e-01 +3.9355e+00 +3.7880e-03 -2.5498e+00 +2.2134e+00
3 0 +1.303844777e+01 +1.059844777e+01 +1.059844777e+01 -2.3002e+00 -3.3988e+00 +1.8515e+00 -2.8079e+00 +3.2755e+00
37 0 +8.656940722e+00 +6.216940722e+00 +6.216940722e+00 +4.9541e+00 -7.5501e-01 -1.8014e+00 -4.6380e-01 -3.3851e+00
126 0 +3.864356954e+00 +1.424356954e+00 +1.424356954e+00 +1.4683e-01 -4.1349e-01 -1.7759e-01 -2.5120e-01 +1.2974e-01
128 0 +1.860922748e+00 -5.790772525e-01 -5.790772525e-01 +4.1850e-04 -1.1785e-03 -5.0617e-04 +4.0507e-02 -2.4246e-02
211 0 +1.373600135e+00 -1.066399865e+00 -1.066399865e+00 +2.3714e-01 -3.5136e-01 -1.5498e-01 -2.6087e-01 +3.4588e-02
219 0 +1.220200206e+00 -1.219799794e+00 -1.219799794e+00 +2.7294e-01 -5.7698e-01 -4.1959e-01 -4.4053e-01 +2.0141e-01
313 0 +5.827985102e-01 -1.857201490e+00 -1.857201490e+00 +3.0993e-01 -1.6827e-01 -9.4751e-02 +8.5202e-02 +5.5758e-02
694 0 +5.408757416e-01 -1.899124258e+00 -1.899124258e+00 +1.0492e-03 -1.4614e-03 -1.5587e-03 +1.0934e-02 +2.1219e-03
768 0 +3.099356070e-01 -2.130064393e+00 -2.130064393e+00 -1.6275e-03 +9.2508e-04 -3.4187e-04 +7.2586e-03 +9.7221e-04
1091 0 +2.702499351e-01 -2.169750065e+00 -2.169750065e+00 -1.0798e-04 +1.7311e-03 -2.3882e-04 +2.7865e-03 +7.2835e-04
2644 0 +2.570036267e-01 -2.182996373e+00 -2.182996373e+00 -5.9910e-05 -1.2678e-04 +1.3766e-05 -3.0333e-04 -2.2347e-04
2751 0 +2.364169337e-01 -2.203583066e+00 -2.203583066e+00 -5.6245e-05 +2.6680e-03 +2.7046e-04 +3.0254e-03 -2.4024e-03
4366 0 +2.639307033e-02 -2.413606930e+00 -2.413606930e+00 -5.4188e-03 -1.2064e-02 -8.0642e-04 +3.1905e-03 +3.9205e-03
% f evaluations | g evaluations | best noise-free fitness - Fopt (1.240000000000e+00) + sum g_i+ | measured fitness | best measured fitness or single-digit g-values | x1 | x2...
1 0 +9.720246109e+01 +9.844246109e+01 +9.844246109e+01 -4.7035e+00 +4.8186e+00 +1.2048e+00 +1.2144e+00 -3.7673e+00
2 0 +3.663579314e+01 +3.787579314e+01 +3.787579314e+01 +4.8307e+00 -2.7155e+00 -2.0928e+00 -5.5022e-01 -2.0213e+00
5 0 +9.677920465e+00 +1.091792046e+01 +1.091792046e+01 -2.5468e+00 +1.7136e+00 +1.7689e-01 -4.0518e-01 +4.1384e+00
21 0 +6.005179824e+00 +7.245179824e+00 +7.245179824e+00 -2.4085e+00 +7.6576e-01 +2.2838e+00 -7.6019e-01 +1.6235e+00
135 0 +5.655377976e+00 +6.895377976e+00 +6.895377976e+00 -8.1045e-01 -1.0575e-01 +1.0575e+00 -5.9425e-01 +8.5603e-01
142 0 +4.114555579e+00 +5.354555579e+00 +5.354555579e+00 -8.9585e-01 -7.9273e-02 +1.0766e+00 -6.0522e-01 +8.3606e-01
185 0 +3.488157742e+00 +4.728157742e+00 +4.728157742e+00 -3.1534e-01 -3.9367e-02 +3.6964e-01 -2.8156e-01 +4.1519e-01
194 0 +2.968207076e+00 +4.208207076e+00 +4.208207076e+00 -1.7553e-01 -1.7919e-02 +1.2567e-01 -1.8955e-01 +1.8899e-01
209 0 +2.782118619e+00 +4.022118619e+00 +4.022118619e+00 +1.8777e-01 +2.0593e-02 -2.3815e-01 +5.1018e-02 -2.1021e-01
292 0 +2.590004656e+00 +3.830004656e+00 +3.830004656e+00 -2.7528e-02 -8.4876e-02 +3.0996e-02 -4.9505e-03 +2.9884e-02
319 0 +1.348203157e+00 +2.588203157e+00 +2.588203157e+00 +1.7028e-01 +1.4070e-02 -1.9040e-01 -2.0517e-02 -1.4083e-01
345 0 +4.884237895e-01 +1.728423789e+00 +1.728423789e+00 -3.7189e-03 -4.1348e-03 +1.0408e-03 -2.7364e-03 +4.0168e-03
844 0 +4.133237882e-01 +1.653323788e+00 +1.653323788e+00 -1.9592e-03 -3.1923e-03 -1.9801e-02 +3.8902e-03 +7.5704e-03
1391 0 +2.454126822e-01 +1.485412682e+00 +1.485412682e+00 +7.7861e-04 +2.0619e-05 -8.1639e-04 +5.9127e-04 +1.0647e-03
1488 0 +1.840197919e-01 +1.424019792e+00 +1.424019792e+00 -7.0892e-03 +1.4643e-03 -1.9689e-03 -3.3079e-03 +2.6230e-03
1644 0 +1.177791638e-01 +1.357779164e+00 +1.357779164e+00 +6.4476e-02 -9.3238e-03 +1.1592e-01 -3.5606e-02 -1.2615e-01
% f evaluations | g evaluations | best noise-free fitness - Fopt (4.701000000000e+01) + sum g_i+ | measured fitness | best measured fitness or single-digit g-values | x1 | x2...
1 0 +5.342154722e+01 +1.004315472e+02 +1.004315472e+02 +2.4869e+00 +2.8703e+00 -4.8956e+00 +6.4031e-01 +3.7505e+00
2 0 +4.172061283e+01 +8.873061283e+01 +8.873061283e+01 -4.2220e+00 -2.1998e+00 -2.5674e+00 -4.9572e+00 +1.3287e+00
3 0 +1.613037476e+01 +6.314037476e+01 +6.314037476e+01 -4.8232e+00 -9.2242e-02 +5.2822e-01 +2.3960e-01 +3.3737e+00
5 0 +9.014174154e+00 +5.602417415e+01 +5.602417415e+01 -1.3160e+00 +1.5498e+00 +1.6066e+00 +2.1963e+00 -5.5927e-01
105 0 +7.472335061e+00 +5.448233506e+01 +5.448233506e+01 +3.3188e+00 +4.4942e+00 +4.9429e+00 +2.6849e+00 -4.9714e+00
128 0 +5.864302482e+00 +5.287430248e+01 +5.287430248e+01 +1.6908e-01 +1.4182e-01 +3.1098e-01 -1.6709e-01 -6.1683e-01
139 0 +3.236821150e+00 +5.024682115e+01 +5.024682115e+01 +3.9459e-01 +1.6984e-01 +4.4822e-01 -1.7785e-01 -9.0106e-01
142 0 +1.692060599e+00 +4.870206060e+01 +4.870206060e+01 +3.8085e-01 +4.6376e-02 +1.0169e-01 -3.0863e-02 -2.6487e-01
154 0 +5.229963479e-01 +4.753299635e+01 +4.753299635e+01 +3.4746e-01 +4.0070e-01 +5.7724e-01 -3.9467e-01 -1.4947e+00
1582 0 +4.326183685e-01 +4.744261837e+01 +4.744261837e+01 +1.0221e-03 +2.4576e-04 -8.9302e-03 +1.0641e-03 -1.1161e-03
1994 0 +2.600064580e-01 +4.727000646e+01 +4.727000646e+01 +1.4869e-04 +1.2069e-04 +1.6191e-04 +1.4127e-03 +1.8972e-04
2574 0 +2.306253870e-01 +4.724062539e+01 +4.724062539e+01 -4.9151e-05 -2.2503e-03 -2.2063e-03 -5.7040e-04 -1.6089e-03
% f evaluations | g evaluations | best noise-free fitness - Fopt (3.758000000000e+01) + sum g_i+ | measured fitness | best measured fitness or single-digit g-values | x1 | x2...
1 0 +7.043953965e+01 +1.080195397e+02 +1.080195397e+02 +2.9324e+00 +4.2738e+00 -3.1440e+00 -2.4151e+00 +2.4371e+00
3 0 +2.642623164e+01 +6.400623164e+01 +6.400623164e+01 +3.0140e+00 -2.3477e+00 +1.7028e+00 +3.8258e+00 +9.4397e-01
5 0 +2.367641081e+01 +6.125641081e+01 +6.125641081e+01 -3.7641e+00 +1.8685e+00 -2.0112e-01 +1.3641e-01 +2.7300e+00
7 0 +1.168950458e+01 +4.926950458e+01 +4.926950458e+01 -2.5684e+00 +2.0426e+00 -2.7879e+00 -1.4913e+00 -3.0378e+00
19 0 +1.100494998e+01 +4.858494998e+01 +4.858494998e+01 +1.9775e+00 -2.8069e+00 -4.2197e+00 -1.9256e+00 -1.6544e+00
23 0 +7.894132743e+00 +4.547413274e+01 +4.547413274e+01 +1.9078e+00 +4.4954e-01 -1.8100e-01 -9.9956e-01 +2.8585e+00
110 0 +5.774926359e+00 +4.335492636e+01 +4.335492636e+01 +4.9813e-02 +1.1230e+00 +1.2884e+00 -7.3835e-01 +2.4941e+00
140 0 +4.388785462e+00 +4.196878546e+01 +4.196878546e+01 -1.2729e-01 -3.6671e-03 -3.3201e-01 +8.7420e-01 +1.2424e+00
153 0 +4.306233874e+00 +4.188623387e+01 +4.188623387e+01 -8.1200e-02 -2.4056e-01 -1.9009e-01 +5.0051e-01 +8.0089e-01
163 0 +2.789905204e+00 +4.036990520e+01 +4.036990520e+01 -1.8409e-01 -2.2254e-01 -4.3095e-01 +1.1347e+00 +1.6126e+00
184 0 +2.688051493e+00 +4.026805149e+01 +4.026805149e+01 -1.8150e-01 -1.9671e-01 -4.2489e-01 +1.1187e+00 +1.5899e+00
232 0 +1.824026293e+00 +3.940402629e+01 +3.940402629e+01 +6.9415e-03 -9.9533e-02 -1.8280e-01 +2.0044e-01 +3.2396e-01
300 0 +1.531878894e+00 +3.911187889e+01 +3.911187889e+01 -1.6039e-01 +1.7778e-01 -4.6104e-02 +2.1204e-01 +2.0123e-01
438 0 +9.020551145e-01 +3.848205511e+01 +3.848205511e+01 -2.9273e-03 -4.8922e-03 -6.2654e-03 +1.4477e-02 +1.4810e-02
827 0 +4.819970544e-01 +3.806199705e+01 +3.806199705e+01 -3.2744e-03 +3.1468e-03 -2.4132e-04 +4.3272e-04 +9.5780e-04
893 0 +3.608908521e-01 +3.794089085e+01 +3.794089085e+01 -3.9693e-03 -1.7547e-03 -2.9253e-04 +5.2456e-04 +1.1611e-03
1063 0 +8.891612571e-02 +3.766891613e+01 +3.766891613e+01 -2.3188e-03 -4.4086e-03 +1.0916e-02 -3.5566e-03 -2.5028e-02
% f evaluations | g evaluations | best noise-free fitness - Fopt (6.440000000000e+01) + sum g_i+ | measured fitness | best measured fitness or single-digit g-values | x1 | x2...
1 0 +7.828152228e+01 +1.426815223e+02 +1.426815223e+02 -4.1286e+00 -2.0455e+00 -4.6738e+00 +1.5819e+00 -1.7829e+00
2 0 +5.600153122e+01 +1.204015312e+02 +1.204015312e+02 -1.6384e+00 -2.5512e+00 -3.8848e+00 +4.7980e+00 -2.9023e+00
5 0 +2.471013883e+01 +8.911013883e+01 +8.911013883e+01 -2.9847e+00 +1.4387e+00 +6.4125e-01 -1.2489e+00 +3.1914e+00
11 0 +2.156662736e+01 +8.596662736e+01 +8.596662736e+01 -4.6317e+00 -6.3088e-01 +2.2248e+00 -1.5689e+00 +3.5516e-01
12 0 +1.207261082e+01 +7.647261082e+01 +7.647261082e+01 +3.2912e+00 +2.6206e+00 +3.0292e-01 +6.8576e-01 -1.2342e-01
16 0 +9.817443195e+00 +7.421744320e+01 +7.421744320e+01 +9.9070e-01 +2.6678e+00 -5.9925e-02 -1.1846e-01 +4.1388e+00
57 0 +9.636455529e+00 +7.403645553e+01 +7.403645553e+01 -8.7175e-01 -2.3415e+00 -1.2794e-02 -1.8678e+00 +6.1949e-01
109 0 +6.774616972e+00 +7.117461697e+01 +7.117461697e+01 -3.1137e+00 +9.6200e-01 +2.0886e+00 +2.5704e+00 -5.0000e+00
128 0 +6.136849510e+00 +7.053684951e+01 +7.053684951e+01 -1.1573e+00 -1.5079e+00 -5.6354e-01 -3.9103e-01 -2.5704e-01
135 0 +4.441992565e+00 +6.884199256e+01 +6.884199256e+01 -4.5403e-01 -4.6787e-01 -2.1410e-01 -1.6158e-01 -1.0760e-01
141 0 +2.237593575e+00 +6.663759357e+01 +6.663759357e+01 -3.3512e-01 -4.1730e-01 +2.6900e-02 -1.3734e-01 +4.5773e-02
205 0 +1.656335647e+00 +6.605633565e+01 +6.605633565e+01 -4.5825e-01 -3.8922e-01 -9.2113e-02 -3.1769e-01 -5.9260e-02
326 0 +1.081185380e+00 +6.548118538e+01 +6.548118538e+01 -1.3422e-02 -2.4729e-02 -5.1884e-03 -1.1379e-02 -4.7350e-03
359 0 +9.544204731e-01 +6.535442047e+01 +6.535442047e+01 -1.6019e-01 -2.9513e-01 -1.0120e-01 -1.8146e-01 -1.6236e-01
440 0 +2.098836695e-01 +6.460988367e+01 +6.460988367e+01 -1.0995e-03 -1.9112e-03 -5.0135e-04 -1.4225e-03 -5.2723e-04
3557 0 +1.834557700e-01 +6.458345577e+01 +6.458345577e+01 -2.0469e-03 +6.8105e-04 +6.0240e-04 +1.2137e-03 -7.6963e-04
% f evaluations | g evaluations | best noise-free fitness - Fopt (4.033700000000e+02) + sum g_i+ | measured fitness | best measured fitness or single-digit g-values | x1 | x2...
1 0 +2.484863156e+01 +4.282186316e+02 +4.282186316e+02 +3.3750e+00 +1.2933e+00 -4.3760e-01 +4.7310e+00 +5.0654e-02
4 0 +2.270078344e+01 +4.260707834e+02 +4.260707834e+02 +4.2333e+00 +7.3606e-01 -2.1019e+00 -3.0876e+00 -2.4771e+00
5 0 +1.759265022e+01 +4.209626502e+02 +4.209626502e+02 +1.2125e+00 -3.6840e+00 +3.6116e+00 +2.2376e+00 +3.0532e+00
7 0 +1.062494853e+01 +4.139949485e+02 +4.139949485e+02 -2.1154e+00 -2.3542e+00 +4.0960e-01 -3.3101e+00 -1.0072e-01
41 0 +8.868840120e+00 +4.122388401e+02 +4.122388401e+02 +1.4955e-01 -3.8810e-01 +5.4514e-01 -1.1079e+00 -3.8257e+00
49 0 +8.547626550e+00 +4.119176266e+02 +4.119176266e+02 -1.8550e+00 -3.4752e+00 -1.6390e+00 +1.4096e+00 +3.1812e+00
50 0 +6.918932007e+00 +4.102889320e+02 +4.102889320e+02 +2.4346e+00 -2.7583e-01 +1.7039e+00 +9.9976e-01 +9.5215e-01
127 0 +3.096001440e+00 +4.064660014e+02 +4.064660014e+02 +3.1021e-02 -1.3219e-03 +1.6118e-02 -1.5930e-01 +5.9320e-02
155 0 +3.060408025e+00 +4.064304080e+02 +4.064304080e+02 +5.3222e-02 +9.6289e-03 +7.6559e-02 -1.1346e-01 +4.2252e-02
181 0 +7.697514759e-01 +4.041397515e+02 +4.041397515e+02 +2.8485e-01 +2.8753e-02 -2.4354e-01 -5.7893e-01 +1.7230e-01
331 0 +6.833659860e-01 +4.040533660e+02 +4.040533660e+02 +2.1964e-03 +1.5916e-02 +1.7537e-04 +1.1883e-03 -7.2361e-04
501 0 +5.877650454e-01 +4.039577650e+02 +4.039577650e+02 +8.9948e-03 +7.3254e-03 -2.7138e-02 +3.9019e-03 -7.7994e-06
526 0 +1.610194325e-01 +4.035310194e+02 +4.035310194e+02 -1.5458e-03 +6.4420e-03 -2.5983e-03 +1.6602e-03 +1.0510e-03
1894 0 +1.129306194e-01 +4.034829306e+02 +4.034829306e+02 +5.2454e-04 +1.0503e-02 -6.2828e-03 +7.6793e-04 -2.6190e-03
% f evaluations | g evaluations | best noise-free fitness - Fopt (-4.895600000000e+02) + sum g_i+ | measured fitness | best measured fitness or single-digit g-values | x1 | x2...
1 0 +1.217644909e+02 -3.677955091e+02 -3.677955091e+02 +2.1441e-01 -3.4791e+00 -4.1100e+00 -3.6468e+00 -3.4752e+00
2 0 +6.371430567e+01 -4.258456943e+02 -4.258456943e+02 -8.4070e-01 -1.6315e+00 -3.3132e+00 -4.0381e+00 +1.4359e-01
3 0 +2.711301119e+01 -4.624469888e+02 -4.624469888e+02 -1.3377e+00 +2.3978e+00 -6.5757e-01 +3.3028e+00 -9.8182e-01
13 0 +2.051205079e+01 -4.690479492e+02 -4.690479492e+02 +3.9862e+00 +2.3259e+00 -1.4438e+00 +4.2923e+00 +3.9669e+00
14 0 +1.507406858e+01 -4.744859314e+02 -4.744859314e+02 +4.4095e+00 +2.4961e+00 +2.6635e+00 -4.8208e+00 +4.9506e+00
27 0 +1.413891762e+01 -4.754210824e+02 -4.754210824e+02 +2.6610e+00 -6.4777e-01 -6.2214e-01 +4.3191e-01 -2.2700e+00
49 0 +7.775390198e+00 -4.817846098e+02 -4.817846098e+02 -7.4639e-01 -2.0705e-01 -6.0557e-01 +1.0694e+00 -1.5514e+00
133 0 +6.914155031e+00 -4.826458450e+02 -4.826458450e+02 -1.3446e-01 -3.6461e-01 +2.5933e-01 -2.7847e-03 -5.4606e-01
138 0 +6.337810124e+00 -4.832221899e+02 -4.832221899e+02 -4.5409e-01 -9.2600e-01 +8.0999e-01 -1.2010e-01 -1.3901e+00
146 0 +6.124970098e+00 -4.834350299e+02 -4.834350299e+02 -1.4682e-01 -6.0412e-01 +3.6067e-01 -4.3341e-02 -5.2092e-01
147 0 +3.286499137e+00 -4.862735009e+02 -4.862735009e+02 -3.7933e-01 -8.3730e-01 +7.7229e-01 -1.3309e-01 -1.5405e+00
151 0 +1.130872737e+00 -4.884291273e+02 -4.884291273e+02 -4.5268e-03 -1.2275e-02 +1.0545e-02 -2.9769e-03 -1.8384e-02
387 0 +1.021602599e+00 -4.885383974e+02 -4.885383974e+02 -5.6515e-04 +7.0143e-04 +5.9677e-03 -1.5725e-03 +5.9926e-03
440 0 +8.463408418e-01 -4.887136592e+02 -4.887136592e+02 +9.6332e-04 +2.4842e-03 -5.8287e-03 +7.9352e-04 -7.1797e-03
507 0 +4.219359706e-01 -4.891380640e+02 -4.891380640e+02 -2.4423e-02 +2.5806e-02 -3.1530e-01 -2.9757e-01 +1.9587e-01
591 0 +2.181327161e-01 -4.893418673e+02 -4.893418673e+02 +1.6722e-03 -3.1948e-04 -3.8684e-03 -3.3740e-03 +2.6847e-03
1050 0 +1.709575823e-01 -4.893890424e+02 -4.893890424e+02 -2.8264e-03 -2.3461e-03 -1.3374e-03 -3.9494e-04 -4.2134e-05
