% f evaluations | g evaluations | best noise-free fitness - Fopt (-1.025500000000e+02) + sum g_i+ | measured fitness | best measured fitness or single-digit g-values | x1 | x2...
1 0 +7.775759330e+01 -2.479240670e+01 -2.479240670e+01 -1.4417e+00 -4.9133e+00 -2.6530e+00 +1.3290e+00 -3.8361e+00 +1.1938e+00 -3.1418e+00 +6.3477e-01 +4.5864e+00 +3.9579e+00 -5.4686e-01 +3.2755e+00 -4.3710e+00 +4.4285e+00 -1.5235e+00 +2.6472e+00 -3.8041e+00 -3.6381e-01 -4.8010e+00 +3.2340e+00
2 0 +5.773300531e+01 -4.481699469e+01 -4.481699469e+01 -2.5416e-01 -4.3587e+00 -1.3046e-01 -1.6384e+00 -3.9855e+00 +4.6028e+00 -2.3055e+00 -4.6926e+00 +8.4619e-01 +4.2102e+00 -8.4313e-01 +2.6342e+00 +4.9922e+00 +3.2148e+00 -1.9712e+00 +1.9064e+00 -3.1570e-01 -2.8087e+00 -1.2289e+00 +2.0483e+00
3 0 +5.050138804e+01 -5.204861196e+01 -5.204861196e+01 +1.2013e+00 -2.8400e+00 -3.7803e+00 +1.8614e+00 +2.3626e+00 +2.6392e+00 -1.8732e+00 +1.3263e+00 -3.7201e+00 +1.5348e-01 -7.7119e-02 -1.1736e+00 -6.6711e-01 -4.6827e+00 -1.8999e+00 +2.6463e+00 -3.1574e+00 +9.1447e-02 -3.1426e+00 -4.2018e+00
6 0 +4.498196589e+01 -5.756803411e+01 -5.756803411e+01 +3.7312e+00 -1.0640e+00 -4.2289e+00 -1.0212e+00 -3.6582e+00 -9.0141e-01 +7.1564e-02 +4.5430e+00 +2.0908e+00 -1.0785e+00 -1.9831e+00 -3.9754e+00 +2.1179e+00 +4.9672e-01 -2.3688e+00 +4.6384e+00 +1.7685e+00 -1.1381e+00 +3.5404e+00 -9.1997e-01
9 0 +3.532481998e+01 -6.722518002e+01 -6.722518002e+01 +1.0004e+00 +1.1751e+00 -2.7840e-02 +5.3898e-01 +3.6600e+00 +3.2272e+00 +3.0056e+00 -3.3007e+00 -3.1290e+00 -3.0482e-02 -2.6655e+00 -3.9238e+00 -1.9245e+00 -4.3427e+00 -7.7433e-01 -2.5506e+00 +4.0446e-01 -5.1685e-01 +3.4338e+00 +1.0624e+00
10 0 +2.966374688e+01 -7.288625312e+01 -7.288625312e+01 +3.5451e+00 +3.3945e+00 -2.1167e+00 -2.3896e+00 -1.4851e+00 -2.8222e+00 +1.8036e-01 +2.8999e+00 +3.9783e+00 -4.3611e+00 -2.3293e+00 -3.3041e+00 -2.0820e+00 -3.8849e+00 -1.2297e+00 -3.5960e+00 -4.3426e-01 -8.2901e-01 -3.8937e+00 -1.0529e+00
23 0 +2.624291177e+01 -7.630708823e+01 -7.630708823e+01 -2.7416e-01 -3.1436e+00 +4.8780e-01 -3.3825e+00 -1.4716e+00 -3.6121e+00 -6.3049e-01 -3.4795e+00 -4.8844e-01 -4.3415e+00 -3.4996e+00 +8.3647e-02 +4.3521e-01 +3.3558e+00 +2.7437e+00 -6.6479e-01 -3.4540e+00 -2.5827e+00 +3.0426e+00 -1.9888e+00
30 0 +2.364183804e+01 -7.890816196e+01 -7.890816196e+01 +1.6810e+00 +1.3173e+00 -2.5297e+00 -1.7228e+00 +2.7907e+00 -4.8999e-01 +1.8062e+00 -2.9123e+00 -2.5708e+00 -1.4683e+00 -1.5182e+00 +2.4799e+00 -2.1591e+00 -4.5261e+00 -1.5196e+00 +1.7718e+00 -1.4217e+00 +1.7906e+00 +4.0421e+00 -1.0985e+00
126 0 +1.184359137e+01 -9.070640863e+01 -9.070640863e+01 -2.0318e-01 -4.0133e-01 -1.2555e-01 -3.5582e-01 +4.3301e-01 -8.9443e-01 +1.3528e+00 -1.3105e+00 -7.6825e-01 -1.2879e+00 -5.0186e-01 +1.3938e+00 +3.4983e-01 -3.6893e-01 +3.5144e-01 -5.3169e-02 -1.0086e+00 -2.9393e-02 -6.9589e-02 -1.0657e+00
127 0 +8.645314834e+00 -9.390468517e+01 -9.390468517e+01 +7.4923e-03 -5.7607e-01 -8.4999e-02 -2.2190e-01 +4.0701e-01 -8.5364e-01 +1.3816e+00 -1.3550e+00 -7.6415e-01 -1.4001e+00 -5.3382e-01 +1.4234e+00 +1.4374e-01 -4.2561e-01 +3.1758e-01 -5.4298e-02 -9.8528e-01 -7.1539e-02 -3.7052e-02 -1.1277e+00
140 0 +8.278216283e+00 -9.427178372e+01 -9.427178372e+01 +2.4799e-03 -1.1846e-01 -4.2440e-02 -1.9830e-01 +1.7244e-01 -2.8255e-01 +4.5730e-01 -4.9739e-01 -2.2221e-01 -2.6654e-01 -2.2162e-01 +5.7722e-01 +4.0655e-02 -8.0300e-02 +1.1880e-01 +8.5912e-02 -2.1626e-01 -1.3041e-01 -2.0526e-02 -3.6023e-01
154 0 +7.944394933e+00 -9.460560507e+01 -9.460560507e+01 +1.0622e-01 -8.4419e-02 +1.5157e-01 -8.8278e-02 +1.2189e-01 -1.7621e-01 +4.4036e-01 -4.2314e-01 -2.2967e-01 -4.2699e-01 -1.8263e-01 +4.8698e-01 +1.2649e-01 -2.6392e-02 +2.1126e-01 -1.8576e-02 -3.3708e-01 +8.8307e-02 +1.3809e-01 -3.7232e-01
160 0 +4.659697768e+00 -9.789030223e+01 -9.789030223e+01 +8.6774e-04 +9.8784e-03 -1.4850e-02 -2.9885e-02 +5.1216e-02 -1.9158e-01 +1.6001e-01 -6.1186e-02 -7.7752e-02 -1.3188e-01 -1.1957e-01 +1.4230e-01 +1.0497e-01 -4.3637e-02 +3.5327e-02 -6.2887e-03 -1.1411e-01 -8.2855e-03 -2.1168e-01 -1.2604e-01
5972 0 +4.331089433e+00 -9.821891057e+01 -9.821891057e+01 -2.3409e-02 -2.8442e-02 +6.8106e-02 -4.6597e-02 +5.5074e-02 -8.3303e-02 +5.5122e-02 +2.0266e-02 -4.2940e-02 -4.4200e-03 +1.5838e-02 -1.0829e-01 +1.3832e-01 -5.2202e-02 -1.6409e-01 +2.7099e-02 -6.8787e-02 +3.0570e-02 -3.1267e-02 -4.8100e-03
8744 0 +3.916892008e+00 -9.863310799e+01 -9.863310799e+01 +1.1763e-03 -1.4541e-02 -1.3332e-02 +5.7817e-03 +6.5974e-03 +9.6979e-04 +1.5266e-02 -3.6416e-02 +1.5325e-02 -4.2336e-03 +1.1807e-02 -1.1125e-02 +1.0347e-02 -5.4189e-03 -4.2717e-03 +2.1896e-03 +5.5141e-03 +3.8631e-02 -5.9909e-03 -4.0164e-03
13501 0 +3.625423023e+00 -9.892457698e+01 -9.892457698e+01 +1.5263e-02 -2.9422e-02 +3.3905e-02 -1.6808e-02 -1.4346e-01 -1.2413e-01 +2.0519e-01 +8.4924e-03 -1.2429e-01 -2.2171e-03 -8.5327e-02 -2.6625e-01 +1.3845e-01 -9.0483e-02 -1.0249e-01 -1.0901e-01 -1.7567e-01 -6.4132e-02 -3.1750e-02 -9.5018e-02
% f evaluations | g evaluations | best noise-free fitness - Fopt (7.169000000000e+01) + sum g_i+ | measured fitness | best measured fitness or single-digit g-values | x1 | x2...
1 0 +3.293565966e+01 +1.046256597e+02 +1.046256597e+02 +3.5048e+00 -4.2279e-01 +3.1631e+00 -1.6572e+00 +9.2969e-01 -2.9097e+00 -3.7321e+00 +3.2348e+00 -1.4241e+00 +2.7927e+00 -3.8370e+00 -1.7234e+00 +3.2668e+00 +2.4306e+00 -1.1949e+00 -3.1082e+00 +1.9147e+00 +3.6329e+00 +3.7037e+00 -1.7225e+00
2 0 +2.814177558e+01 +9.983177558e+01 +9.983177558e+01 -3.8411e+00 -2.5893e+00 +2.1084e+00 -5.7201e-01 -1.5505e+00 +4.3420e+00 +9.7775e-01 -1.8759e+00 +2.0946e+00 +3.8992e+00 +3.8518e+00 -2.3994e+00 +6.1054e-01 +9.9940e-01 -1.6600e+00 -5.8678e-01 -3.0106e+00 +1.0865e+00 -1.3057e+00 -1.0050e+00
126 0 +1.191326001e+01 +8.360326001e+01 +8.360326001e+01 -1.2562e+00 -9.6753e-01 +8.8954e-01 +3.8281e-01 +1.7268e-01 +4.1480e-01 -5.1876e-01 -5.4923e-01 +4.1831e-01 +9.4412e-01 +6.8728e-01 -6.7230e-02 +1.1136e-01 +1.0965e+00 +2.7998e-01 -3.7129e-01 -1.8554e+00 +1.0292e+00 -5.2106e-01 +9.7420e-01
127 0 +1.128898088e+01 +8.297898088e+01 +8.297898088e+01 -7.3819e-01 -4.7369e-01 +5.7889e-01 +2.4454e-01 +1.1031e-01 +4.4738e-01 -3.3138e-01 -4.7327e-01 +7.4865e-02 +7.0847e-01 +4.3991e-01 +5.6153e-03 +7.8839e-02 +6.9403e-01 +3.0344e-01 -2.3431e-01 -1.0802e+00 +6.5745e-01 -3.7047e-01 +5.3996e-01
128 0 +8.272289423e+00 +7.996228942e+01 +7.996228942e+01 -6.6334e-01 -5.6642e-01 +5.2364e-01 +2.2120e-01 +2.0465e-01 +2.3968e-01 -5.1526e-01 -4.5417e-01 +2.4579e-01 +6.4085e-01 +3.5392e-01 -1.9160e-01 +6.4346e-02 +6.3339e-01 +2.3006e-01 -1.5522e-01 -9.9461e-01 +5.9471e-01 -3.2558e-01 +5.6292e-01
131 0 +7.705711989e+00 +7.939571199e+01 +7.939571199e+01 -1.5316e-01 -1.0534e-01 +2.1223e-01 +5.1073e-02 -5.4544e-02 +6.5993e-02 -6.9211e-02 -2.4577e-02 +5.6751e-02 +2.1540e-01 +9.1693e-02 +1.0297e-02 +1.4857e-02 +2.5807e-01 +9.1328e-02 -4.8938e-02 -2.3944e-01 +1.0702e-02 -1.5432e-01 +8.5139e-02
138 0 +6.158952246e+00 +7.784895225e+01 +7.784895225e+01 -4.8556e-01 -3.3395e-01 +3.8330e-01 +1.6191e-01 +2.1598e-01 +4.0390e-02 -2.0758e-01 -2.7022e-01 +1.2627e-01 +4.6910e-01 +2.9069e-01 +3.2642e-02 +4.7100e-02 +6.7523e-01 +5.3008e-02 -1.5514e-01 -7.5908e-01 +4.3532e-01 -3.9328e-01 +4.1205e-01
304 0 +5.960267361e+00 +7.765026736e+01 +7.765026736e+01 -2.3619e-01 +3.5654e-01 +1.4810e-01 +2.1398e-01 +2.1010e-02 -4.5382e-02 +1.2860e-01 -3.9233e-01 +1.0618e-04 +1.8720e-01 -5.7557e-02 -9.9825e-02 -3.1710e-01 +1.8718e-02 +1.7535e-01 +1.4951e-01 -1.8483e-01 -1.7627e-01 +1.3734e-01 +2.3462e-01
305 0 +4.158521488e+00 +7.584852149e+01 +7.584852149e+01 -1.3861e-01 -1.3427e-01 +5.6153e-02 +8.7066e-02 +1.1465e-01 +1.5485e-02 -1.2643e-01 +1.2310e-01 -5.8160e-02 +3.0270e-01 +3.5622e-01 +2.1198e-01 +6.7857e-02 -2.8057e-02 -7.3999e-02 -3.9766e-02 -3.0999e-01 +3.2205e-01 -9.4446e-02 +2.0775e-01
1802 0 +4.062424896e+00 +7.575242490e+01 +7.575242490e+01 +3.8149e-01 -1.3356e-02 +6.2305e-02 -2.2588e-03 -5.8525e-02 -5.6603e-02 +1.0679e-01 -5.6368e-01 +6.6814e-03 -1.1416e-01 -3.2475e-01 +7.9574e-02 -6.2446e-02 +1.1614e-01 -5.6037e-02 -1.4718e-01 -1.6112e-01 -3.7380e-03 -1.7746e-01 +2.9067e-02
3406 0 +3.375482835e+00 +7.506548283e+01 +7.506548283e+01 -4.2924e-02 -2.9295e-02 -4.5171e-02 +2.3182e-01 -4.6983e-02 +1.6992e-03 -3.2531e-02 -4.5039e-01 +3.2660e-01 +5.9629e-02 -4.1314e-01 -1.8731e-01 +1.0859e-02 +1.6458e-01 -2.7759e-02 +3.2864e-01 +3.9325e-02 +9.2025e-02 -9.6715e-02 -3.2736e-01
% f evaluations | g evaluations | best noise-free fitness - Fopt (2.140100000000e+02) + sum g_i+ | measured fitness | best measured fitness or single-digit g-values | x1 | x2...
1 0 +3.129309522e+01 +2.453030952e+02 +2.453030952e+02 -2.0742e+00 +1.9114e+00 +8.2415e-01 -4.1504e+00 -4.9348e+00 +2.0959e+00 -1.9855e+00 -1.0027e+00 +5.5405e-01 +9.3846e-01 +2.4282e+00 -1.5235e+00 -4.7657e+00 -2.2474e+00 +8.8852e-01 -3.3811e+00 +6.2009e-01 +2.9637e+00 -9.0335e-01 +1.8218e+00
40 0 +1.555492868e+01 +2.295649287e+02 +2.295649287e+02 -8.1399e-01 -2.1516e+00 +7.8463e-02 +1.4550e-01 -5.0150e-01 -4.8678e+00 -2.9995e+00 -1.6238e+00 -1.0922e+00 -1.3930e+00 +3.6064e-01 -3.8660e+00 -2.6708e+00 +5.6119e-01 +1.6435e+00 -1.2506e+00 +2.4546e+00 -6.8446e-01 -3.8095e+00 +5.5878e-01
126 0 +1.067840627e+01 +2.246884063e+02 +2.246884063e+02 -9.8895e-01 +8.6000e-01 +6.3549e-01 +2.4092e-01 -2.9040e-01 -1.1983e+00 +4.0346e-01 +4.6782e-01 +2.7543e-01 -4.5832e-01 +6.8185e-01 -3.5189e-01 -1.0118e+00 +2.3322e-01 +1.7391e+00 -1.4916e+00 -7.8846e-01 -5.3301e-01 -9.2184e-01 -6.3241e-01
129 0 +1.022586978e+01 +2.242358698e+02 +2.242358698e+02 -8.6243e-01 +7.4998e-01 +5.0810e-01 +2.1010e-01 -2.3070e-01 -1.0430e+00 +2.2127e-01 +4.7408e-01 +1.3598e-01 -3.9969e-01 +7.4361e-01 -3.0687e-01 -8.8237e-01 +2.0338e-01 +1.5166e+00 -1.2929e+00 -6.8759e-01 -3.5392e-01 -5.4635e-01 -7.2844e-01
131 0 +7.775043596e+00 +2.217850436e+02 +2.217850436e+02 -9.6982e-01 +7.8020e-01 +5.8348e-01 +2.4127e-01 -2.0561e-01 -1.3646e+00 +4.3384e-01 +6.0093e-01 +1.5615e-01 -4.5898e-01 +5.8596e-01 -3.3756e-01 -1.0133e+00 +2.3355e-01 +1.7244e+00 -1.4937e+00 -7.7811e-01 -6.5662e-01 -7.6111e-01 -7.9300e-01
132 0 +7.613689268e+00 +2.216236893e+02 +2.216236893e+02 -6.8302e-01 +3.5490e-01 +3.1857e-01 +1.3173e-01 -1.4465e-01 -7.7207e-01 +1.9450e-01 +3.0301e-01 +1.5756e-01 -2.1236e-01 +5.1571e-01 -1.9241e-01 -5.5323e-01 +1.2752e-01 +9.2428e-01 -8.7782e-01 -4.3111e-01 -2.9144e-01 -5.0404e-01 -4.5672e-01
140 0 +7.226019684e+00 +2.212360197e+02 +2.212360197e+02 -4.6272e-02 -3.1063e-02 +2.7261e-02 -1.0519e-01 -1.1403e-01 -2.2432e-02 +1.8878e-02 +2.5929e-02 +7.2956e-03 +1.2989e-02 +8.3883e-03 -1.6465e-02 -4.7342e-02 +1.0912e-02 +8.1372e-02 -1.7002e-01 -1.4090e-01 -2.1580e-01 -1.9127e-01 -3.9083e-02
168 0 +6.126334149e+00 +2.201363341e+02 +2.201363341e+02 -2.5475e-01 +4.4056e-01 +1.5009e-01 +1.5327e-01 -2.2918e-01 -3.3426e-01 +1.0393e-01 +8.5582e-02 +1.7417e-01 -7.1281e-02 +2.1267e-01 -9.0648e-02 -2.6064e-01 +1.4486e-01 +4.4800e-01 -3.8423e-01 -2.7454e-02 -1.3730e-01 -2.3747e-01 -2.1517e-01
221 0 +5.868349824e+00 +2.198783498e+02 +2.198783498e+02 -4.5526e-02 +3.9590e-02 +2.9046e-01 -6.0465e-02 +3.6353e-02 +1.2698e-02 +2.8854e-01 +9.3386e-02 +1.8761e-01 -8.3807e-03 -2.8610e-02 +7.8103e-02 -2.1058e-01 +1.0736e-02 +1.0650e-01 -9.3476e-02 +6.2027e-02 -1.7868e-01 +4.0871e-02 -1.9773e-02
296 0 +5.404942288e+00 +2.194149423e+02 +2.194149423e+02 -5.1141e-01 +4.6477e-01 +2.6797e-01 +8.7505e-02 -1.7267e-01 -6.3833e-01 +3.1380e-01 +2.4293e-01 +8.4573e-02 -1.8786e-01 +3.7599e-01 -1.2662e-01 -4.9190e-01 +1.2783e-01 +7.5629e-01 -6.9272e-01 -3.4201e-01 -2.5015e-01 -4.2330e-01 -3.9346e-01
419 0 +5.257693791e+00 +2.192676938e+02 +2.192676938e+02 -1.0215e-01 +3.8251e-01 +9.7891e-02 -1.6688e-02 -1.7349e-02 -2.4353e-01 +1.8464e-01 +1.3363e-01 +8.3257e-02 -3.2005e-01 +1.4764e-01 -1.6068e-02 -3.3729e-01 +8.7311e-02 +6.8116e-01 -4.6863e-01 -2.3294e-01 -3.0479e-01 -2.3493e-01 -7.8773e-02
499 0 +5.076814737e+00 +2.190868147e+02 +2.190868147e+02 -1.8611e-01 +3.6598e-01 +9.4482e-03 +8.9024e-02 -1.2035e-01 -2.5338e-01 +2.8998e-01 +8.5821e-02 -1.1803e-02 -6.5547e-02 +4.0477e-02 -4.0611e-02 -2.2050e-01 +6.7210e-02 +1.9656e-01 -8.5895e-02 -1.7107e-01 -6.9087e-02 +7.6896e-02 -7.8475e-02
500 0 +4.731771629e+00 +2.187417716e+02 +2.187417716e+02 -2.4374e-01 +1.4137e-01 +2.7054e-02 -1.5316e-01 -1.2005e-01 -1.9079e-01 +2.6601e-02 +9.0036e-02 +5.4908e-02 -6.5384e-02 +1.6420e-01 -3.5179e-02 -2.0127e-01 +6.7043e-02 +3.6504e-01 -2.2696e-01 -1.3202e-01 -9.8501e-02 +3.5320e-02 -1.6594e-01
574 0 +4.185514036e+00 +2.181955140e+02 +2.181955140e+02 +8.5480e-03 +1.3975e-02 -1.1849e-01 -4.4960e-04 -8.1669e-03 +1.6206e-01 +5.4403e-03 +7.2003e-03 +2.1008e-03 +6.7078e-02 -1.6504e-01 -1.6667e-01 -1.1587e-02 +5.3119e-03 -2.2701e-02 -2.0798e-02 -1.0546e-02 -8.4158e-03 -5.8103e-02 -2.5676e-02
1344 0 +4.024923240e+00 +2.180349232e+02 +2.180349232e+02 +3.1624e-02 +1.3565e-02 +2.3345e-01 -9.0508e-02 +2.4977e-02 +2.1201e-01 -1.7101e-01 +1.1643e-01 +5.0513e-03 -1.3228e-01 +5.1232e-02 -1.6990e-01 +7.4405e-02 -2.7473e-02 +2.5257e-02 +8.9882e-02 +2.0629e-03 +1.5480e-02 +6.2139e-02 -7.3028e-03
8633 0 +3.217983601e+00 +2.172279836e+02 +2.172279836e+02 +5.7004e-03 +7.6955e-03 +3.5479e-03 -1.1443e-02 +3.6471e-03 -1.6349e-02 +3.3380e-02 -1.3524e-02 +2.7433e-04 +1.2680e-03 +9.7920e-05 +6.2846e-03 -2.7287e-03 +1.2116e-04 +2.3082e-02 -1.2971e-03 +7.4015e-04 +2.2367e-03 -7.7153e-03 +4.6105e-03
% f evaluations | g evaluations | best noise-free fitness - Fopt (-5.848000000000e+01) + sum g_i+ | measured fitness | best measured fitness or single-digit g-values | x1 | x2...
1 0 +6.714829879e+01 +8.668298795e+00 +8.668298795e+00 -1.0039e+00 +4.0652e+00 +3.5463e+00 +2.9624e+00 +9.6902e-01 -1.7106e+00 -3.6400e+00 -4.4628e+00 +3.6032e+00 +1.1777e+00 -3.3298e+00 -2.0910e+00 -2.3513e+00 -4.0078e+00 +4.4368e+00 -2.8237e+00 -3.4345e+00 +2.9605e+00 -1.9895e+00 -3.0378e+00
4 0 +3.833099043e+01 -2.014900957e+01 -2.014900957e+01 -2.2428e+00 +3.3953e-01 -2.3789e+00 -1.8715e+00 +2.9969e+00 +2.3317e+00 -2.9898e+00 -1.3249e+00 +3.3953e+00 +2.5015e+00 +7.5869e-01 -2.0946e+00 -3.0564e+00 -8.9880e-01 +4.2253e+00 +2.5236e+00 -2.7541e+00 -4.9937e+00 +1.1734e+00 +4.7529e-01
11 0 +3.322825178e+01 -2.525174822e+01 -2.525174822e+01 +2.3440e+00 +2.5380e+00 -3.8630e+00 +3.9211e-01 -2.5893e+00 +4.0706e+00 +3.0683e+00 +4.4562e+00 +4.9704e-01 -3.6359e+00 +2.4241e+00 -1.1014e-01 -2.9546e+00 +2.2447e+00 -1.3769e+00 -1.4593e+00 -2.1486e+00 +2.3217e+00 +1.3399e+00 +4.2021e+00
67 0 +3.226526004e+01 -2.621473996e+01 -2.621473996e+01 -5.1576e-01 -3.1717e+00 -1.4569e+00 +2.4514e+00 +2.3127e+00 -1.9150e+00 +3.8025e+00 +3.0783e+00 +2.5488e+00 -9.3156e-01 -2.6317e+00 +2.4103e+00 +3.5408e+00 -4.8917e-01 -1.4197e+00 +4.0506e+00 +2.2608e-01 -4.2124e+00 +6.1292e-01 -3.2580e+00
71 0 +2.649572925e+01 -3.198427075e+01 -3.198427075e+01 -3.4920e+00 -5.2480e-01 -2.0408e+00 -9.8916e-01 +3.5078e+00 +3.1175e+00 +1.5380e+00 -1.9055e+00 -2.2827e+00 -7.0571e-01 +2.9975e+00 -4.2165e+00 +2.2504e+00 -1.7202e+00 -3.3144e+00 -1.3827e+00 -2.0920e+00 +5.8338e-01 +1.9369e+00 +3.9798e+00
81 0 +1.738978531e+01 -4.109021469e+01 -4.109021469e+01 -3.2528e+00 -1.8356e+00 -3.3948e-01 +1.4383e+00 +4.7188e+00 +1.1115e+00 -8.6523e-01 -2.6361e+00 -1.4987e-01 +2.3585e+00 -2.9195e+00 +1.6289e+00 -9.6325e-01 -1.2616e+00 -7.1731e-01 -1.6632e+00 -1.6964e+00 +4.2539e+00 -1.6823e-01 -1.8155e+00
126 0 +8.547933175e+00 -4.993206682e+01 -4.993206682e+01 -1.3888e+00 -5.0418e-01 -2.4682e-01 +4.6769e-01 +1.5485e+00 -1.4665e-01 -4.4748e-01 -1.9366e-01 +8.4031e-01 -4.1803e-02 -2.9408e-01 -4.7999e-01 +6.4819e-01 -6.1985e-01 -7.7373e-01 -2.4695e-01 -1.5196e+00 +8.2969e-01 -5.1881e-01 +6.2358e-01
132 0 +7.980550441e+00 -5.049944956e+01 -5.049944956e+01 -6.9224e-01 -2.8381e-01 -3.0809e-01 +3.8968e-03 +8.5421e-01 +1.7578e-02 -2.2429e-01 -4.9032e-02 +3.3578e-01 -1.6704e-02 -1.7851e-01 -1.2018e-01 +1.8167e-01 -2.4769e-01 -3.0918e-01 -1.2148e-01 -5.0170e-01 +1.7359e-01 -2.3432e-01 +2.2758e-01
137 0 +7.868305935e+00 -5.061169407e+01 -5.061169407e+01 -8.2964e-01 -2.9378e-01 -1.4382e-01 +2.5046e-01 +1.0070e+00 +2.5633e-02 -2.6074e-01 -7.1498e-02 +7.0259e-01 -2.4358e-02 -1.8932e-01 -2.1170e-01 +3.9681e-01 -2.7232e-01 -5.6549e-01 -1.7714e-01 -7.3158e-01 +4.5435e-01 -3.4168e-01 +3.6335e-01
149 0 +7.608985319e+00 -5.087101468e+01 -5.087101468e+01 -1.6740e+00 -6.2874e-01 -2.9920e-01 +5.0515e-01 +2.0827e+00 -8.8455e-02 -5.2610e-01 -1.4427e-01 +1.1432e+00 -2.1046e-01 -3.8200e-01 -5.5365e-01 +8.0066e-01 -8.4399e-01 -8.2685e-01 -3.5742e-01 -1.4762e+00 +9.6551e-01 -6.2436e-01 +7.4935e-01
154 0 +6.055329638e+00 -5.242467036e+01 -5.242467036e+01 -3.4502e-01 -2.1895e-01 +1.2822e-01 +1.0416e-01 +4.2925e-01 +1.0660e-02 +2.8807e-02 -6.3620e-02 +2.0363e-01 -1.0130e-02 -8.1597e-02 +9.8964e-02 +5.1734e-02 -1.5020e-01 +7.5525e-03 -2.5635e-01 -3.0424e-01 +1.5043e-02 -1.4210e-01 +1.5111e-01
190 0 +5.574534146e+00 -5.290546585e+01 -5.290546585e+01 -8.1837e-01 -4.5014e-01 -1.4186e-01 +4.3135e-01 +1.0182e+00 +6.5143e-02 -2.5719e-01 -7.0526e-02 +3.1658e-01 +6.6264e-02 -9.7899e-02 -1.9867e-01 +5.4471e-01 -4.1022e-01 -4.4472e-01 -1.7473e-01 -7.2164e-01 +4.2891e-01 -3.3704e-01 +3.5841e-01
321 0 +4.838802016e+00 -5.364119798e+01 -5.364119798e+01 -7.4551e-01 -4.0450e-01 -1.2387e-01 +1.6796e-01 +9.0977e-01 +9.8497e-02 -3.0423e-01 -1.4537e-01 +3.6703e-01 +3.7939e-01 -9.2779e-02 -1.3756e-03 +3.8831e-01 -9.5353e-02 -8.4734e-02 -1.3563e-01 -4.8593e-01 +5.1595e-01 -1.8604e-01 +4.4783e-01
677 0 +4.589640201e+00 -5.389035980e+01 -5.389035980e+01 -2.0534e-01 -2.7181e-02 -7.7435e-02 -1.2138e-03 +2.3285e-01 -2.0900e-02 -5.3709e-02 -2.1927e-02 +9.0802e-02 +2.3754e-02 -1.0382e-01 -3.3170e-02 +1.5429e-01 -1.7027e-01 -1.6571e-01 -1.4497e-01 -9.7297e-02 +1.8898e-01 -2.3015e-01 +4.9321e-02
1995 0 +4.441894319e+00 -5.403810568e+01 -5.403810568e+01 -1.4943e-01 +1.2882e-01 +3.5753e-04 -8.8331e-02 +1.1935e-01 +1.4776e-03 +4.6293e-03 -2.2959e-02 +2.6494e-02 -4.4706e-03 +4.1625e-02 -1.1047e-02 -7.3520e-02 -3.5513e-03 -4.6900e-02 +2.1798e-01 +1.7067e-03 +1.1767e-01 +7.6827e-02 -1.7219e-02
3802 0 +3.975860221e+00 -5.450413978e+01 -5.450413978e+01 -4.0005e-01 -8.5476e-02 -1.0304e-01 +1.6832e-01 +8.5142e-02 -1.0871e-01 -1.2026e-01 -3.8071e-03 +2.3013e-02 -5.0723e-02 -1.6881e-01 +1.9520e-01 +2.7657e-02 +2.9501e-01 -1.0570e-01 -1.9448e-01 +1.5220e-01 -1.5333e-01 +2.3596e-02 +4.0201e-02
18207 0 +3.775993750e+00 -5.470400625e+01 -5.470400625e+01 -1.0001e-03 +1.2465e-01 +2.0574e-01 -1.4639e-02 +8.5477e-02 -2.4467e-01 -3.5766e-01 +2.7904e-01 +2.9283e-01 +9.8649e-02 +3.5949e-02 -2.4962e-02 -4.8024e-02 +1.5344e-03 +9.7029e-02 -5.5156e-03 +3.1271e-01 -3.9347e-02 -1.1285e-01 -1.5490e-01
% f evaluations | g evaluations | best noise-free fitness - Fopt (-6.130800000000e+02) + sum g_i+ | measured fitness | best measured fitness or single-digit g-values | x1 | x2...
1 0 +6.103161605e+01 -5.520483839e+02 -5.520483839e+02 -3.2344e-01 +3.9073e+00 -1.5646e+00 -1.1463e+00 +4.5970e+00 -1.2843e+00 +8.7673e-02 -4.5056e+00 -1.6311e+00 -2.2249e+00 -1.8812e+00 +3.2028e+00 -2.9281e+00 +1.7608e+00 -2.8974e+00 +3.9486e+00 +2.4126e+00 +3.2393e+00 +7.0192e-01 -3.4054e+00
2 0 +2.480377779e+01 -5.882762222e+02 -5.882762222e+02 +6.3232e-01 +2.0095e+00 -7.6720e-01 -1.5941e+00 +5.9308e-01 +4.1753e+00 +4.8375e+00 +3.1538e+00 -2.7269e-01 -1.7893e+00 +4.3748e+00 -2.2086e+00 -8.4757e-01 -2.4362e+00 +2.4615e+00 +2.3968e+00 -7.9970e-01 -4.2092e-01 +6.5397e-01 -2.2354e+00
13 0 +2.320411239e+01 -5.898758876e+02 -5.898758876e+02 +3.4224e+00 +3.0669e+00 -1.0518e+00 -2.7082e+00 +2.6956e+00 +1.0140e+00 -2.8596e+00 -7.9468e-01 +2.0455e-01 -2.2035e+00 -7.2233e-01 +1.1654e+00 +2.8752e+00 -4.1469e+00 +4.1774e+00 +1.3406e+00 +1.2913e+00 +1.9002e+00 -1.6837e+00 -1.8847e+00
126 0 +1.130766117e+01 -6.017723388e+02 -6.017723388e+02 -8.6602e-02 +1.6853e+00 -6.0117e-01 -2.2129e-03 +1.0550e+00 -2.5323e-01 -1.6176e+00 +1.5074e+00 +8.8405e-01 +7.3505e-01 +6.4506e-01 -6.6106e-02 +3.4929e-01 -2.2201e+00 +2.4028e+00 +1.8099e+00 +8.7607e-01 +4.4624e-01 -8.3553e-01 -1.3941e+00
127 0 +8.073144050e+00 -6.050068559e+02 -6.050068559e+02 -4.3805e-02 +7.9794e-01 -3.0409e-01 -1.1194e-03 +6.8260e-01 -1.2809e-01 -9.1302e-01 +7.2678e-01 +4.2112e-01 +3.3546e-01 +3.3394e-01 -3.3438e-02 +1.7668e-01 -1.1230e+00 +1.2154e+00 +6.8046e-01 +3.0236e-01 +2.6423e-01 -4.2263e-01 -7.5968e-01
142 0 +7.398265974e+00 -6.056817340e+02 -6.056817340e+02 -5.7007e-02 +1.1094e+00 -3.9573e-01 +1.0927e-02 +6.6571e-01 -4.0940e-01 -1.0609e+00 +8.8139e-01 +5.6151e-01 +3.4102e-01 +5.8656e-01 -3.6609e-02 +2.2992e-01 -1.4209e+00 +1.5816e+00 +1.2251e+00 +4.3045e-01 +3.4386e-01 -5.5000e-01 -8.8717e-01
161 0 +5.925314904e+00 -6.071546851e+02 -6.071546851e+02 -3.1880e-02 +5.8503e-01 -1.3928e-01 -8.1462e-04 +4.0051e-01 -6.7664e-02 -5.9546e-01 +4.4419e-01 +3.1401e-01 +2.4413e-01 +3.9636e-01 -2.4335e-02 +1.2858e-01 -8.6238e-01 +8.8450e-01 +8.4073e-01 +2.4072e-01 +2.0463e-01 -3.7643e-01 -4.9613e-01
172 0 +5.347300917e+00 -6.077326991e+02 -6.077326991e+02 -8.5935e-03 +1.6724e-01 -1.4840e-01 -5.1284e-02 +1.8720e-01 -7.5688e-02 -1.6051e-01 +4.7438e-02 +8.4646e-02 +6.5809e-02 -5.3730e-02 -6.5597e-03 +3.4660e-02 -1.6079e-01 +2.3843e-01 +1.6077e-01 +6.4888e-02 -2.7384e-02 -4.5131e-04 -1.7192e-01
316 0 +3.848633705e+00 -6.092313663e+02 -6.092313663e+02 +2.6654e-02 +2.5097e-01 -7.8415e-02 +6.2438e-02 +1.6268e-01 -5.2447e-02 -4.4097e-01 +1.5405e-01 +1.5627e-01 +9.2945e-02 +3.2498e-01 -7.4636e-02 +5.4483e-02 -3.4724e-01 +3.7850e-01 +2.7012e-01 -3.9994e-02 +2.4473e-02 -6.5675e-02 -2.1524e-01
7625 0 +3.124900189e+00 -6.099550998e+02 -6.099550998e+02 +1.3393e-01 -1.1940e-01 -1.9236e-02 -2.2588e-02 -1.9790e-01 +2.3835e-01 -1.6811e-01 -2.5558e-02 -1.1759e-01 -1.1410e-01 -7.4705e-02 +1.1988e-01 +8.4896e-02 +7.8358e-02 +2.6577e-01 -6.7938e-02 -2.3825e-01 -1.6240e-01 -1.0165e-02 +3.9948e-01
% f evaluations | g evaluations | best noise-free fitness - Fopt (-1.573300000000e+02) + sum g_i+ | measured fitness | best measured fitness or single-digit g-values | x1 | x2...
1 0 +8.281519422e+01 -7.451480578e+01 -7.451480578e+01 -4.1507e+00 +4.9375e-01 +4.3057e+00 -3.1703e+00 +2.9472e-01 -3.0286e-01 -1.2952e+00 -3.0462e+00 -4.4405e+00 -3.6225e+00 +3.2922e-01 -3.2231e+00 +2.8946e+00 -2.4817e-01 -4.5356e+00 +2.9279e+00 +8.0106e-01 +3.6046e+00 +3.0644e+00 -4.0973e+00
3 0 +4.187058522e+01 -1.154594148e+02 -1.154594148e+02 -1.7452e+00 +4.5796e-01 -3.8630e+00 +3.4113e+00 +2.8075e+00 +1.9225e+00 +1.0336e+00 -1.6589e+00 +2.5637e+00 +4.0050e-01 +1.8384e-02 +1.6403e+00 -4.2006e+00 +4.6798e+00 +9.1098e-01 -2.8073e+00 -4.8447e+00 +1.5092e+00 +8.4821e-01 +1.7088e+00
5 0 +3.015127209e+01 -1.271787279e+02 -1.271787279e+02 +1.6465e+00 -3.5715e+00 +4.0507e+00 -3.1327e+00 -3.0200e+00 +1.3190e-02 +2.1413e+00 -1.3832e+00 +2.9179e+00 -3.5647e+00 +4.8062e+00 -2.9049e+00 +1.0066e+00 -3.4327e+00 +1.9659e+00 +3.5456e+00 +3.5752e+00 +7.3246e-01 -9.4545e-01 +6.7320e-01
8 0 +1.785497713e+01 -1.394750229e+02 -1.394750229e+02 +2.0009e-01 +2.1059e+00 -5.2167e-03 -4.2392e+00 +8.8056e-01 -5.0841e-01 +2.9616e+00 -1.9928e+00 +5.2688e-01 +3.4646e+00 +7.8981e-01 -2.1751e+00 +1.0625e+00 +2.5292e+00 +2.5828e+00 +8.6356e-01 +2.7037e+00 -2.4685e+00 -7.6863e-01 -1.0377e+00
126 0 +8.506302400e+00 -1.488236976e+02 -1.488236976e+02 -9.8821e-02 +5.7826e-01 -9.7171e-01 -2.0818e-01 +9.8831e-01 +2.3727e-01 +1.1285e+00 -9.8087e-01 +8.0951e-01 +7.4628e-01 +3.0871e-01 -2.8601e-01 -7.6857e-01 +1.9558e+00 +9.0432e-01 -4.7815e-01 -7.4191e-01 -4.4222e-01 +2.3424e-01 +3.1996e-01
129 0 +7.109628635e+00 -1.502203714e+02 -1.502203714e+02 +1.0050e-02 +3.0828e-01 -4.8452e-01 -1.4367e-01 +4.5496e-01 +1.0922e-01 +4.3836e-01 -4.5153e-01 +2.5558e-01 +2.9434e-01 -1.4890e-01 -1.2262e-01 -3.1801e-01 +9.0031e-01 +3.9551e-01 -2.2011e-01 -2.8406e-01 -2.0357e-01 +1.2321e-01 +3.6499e-02
156 0 +6.973348466e+00 -1.503566515e+02 -1.503566515e+02 -2.8585e-02 +3.0904e-01 -2.8107e-01 -9.5576e-02 +1.9823e-01 -4.1495e-02 +2.9959e-01 -1.8757e-01 +3.1257e-01 +2.4755e-01 +3.7315e-02 -7.7047e-02 -2.4852e-01 +5.6572e-01 +3.2765e-01 -3.3962e-01 -1.7849e-01 -1.1220e-01 +8.6419e-02 +9.5638e-02
162 0 +6.727047498e+00 -1.506029525e+02 -1.506029525e+02 -1.0483e-01 +6.1340e-01 -1.0308e+00 -3.0373e-01 +9.7008e-01 +2.6606e-01 +1.1740e+00 -1.0405e+00 +5.6466e-01 +9.0781e-01 +1.8056e-01 -2.8255e-01 -1.0454e+00 +2.1892e+00 +1.0839e+00 -6.7465e-01 -6.5457e-01 -5.0575e-01 +2.4847e-01 +3.5073e-01
183 0 +6.067475238e+00 -1.512625248e+02 -1.512625248e+02 -5.9993e-02 +6.2619e-01 -1.0473e+00 -3.1007e-01 +1.0702e+00 +2.5694e-01 +1.2490e+00 -1.0103e+00 +9.3604e-01 +8.6182e-01 +1.1604e-01 -2.8844e-01 -9.3037e-01 +2.0040e+00 +1.2266e+00 -5.1779e-01 -6.6822e-01 -5.5357e-01 +1.6112e-01 +5.4330e-01
190 0 +5.465091499e+00 -1.518649085e+02 -1.518649085e+02 -5.5821e-02 +3.2664e-01 -5.4889e-01 -9.7586e-02 +5.5827e-01 +1.0502e-01 +5.2380e-01 -5.5406e-01 +4.6261e-01 +3.4096e-01 +6.0530e-02 -6.9651e-02 -4.7073e-01 +1.3375e+00 +6.3985e-01 -2.7010e-01 -3.4857e-01 -2.4979e-01 +1.3231e-01 +1.8677e-01
242 0 +4.991164800e+00 -1.523388352e+02 -1.523388352e+02 +1.2847e-02 +3.4531e-01 -5.4110e-01 -2.7959e-01 +5.7875e-01 +2.1964e-01 +5.7283e-01 -5.7737e-01 +2.3653e-01 +4.1307e-01 +1.9482e-01 -2.7055e-01 -4.9132e-01 +1.1871e+00 +6.7700e-01 -1.6147e-01 -3.6394e-01 -2.7476e-01 +1.2293e-01 +1.9857e-01
430 0 +4.553339315e+00 -1.527766607e+02 -1.527766607e+02 +7.2673e-02 +1.9734e-02 -2.2249e-02 +7.4067e-02 +1.3114e-01 +3.4144e-02 +1.0000e-01 -8.7117e-02 +6.5248e-02 +2.5938e-01 +3.9557e-02 +1.2326e-01 -9.0260e-02 +2.2836e-01 +3.9587e-02 -3.9668e-02 -5.9756e-02 -1.0288e-01 -1.1858e-01 +3.8050e-02
910 0 +4.285243224e+00 -1.530447568e+02 -1.530447568e+02 -2.6148e-01 +2.1943e-01 +7.7506e-02 +4.7181e-02 +8.4010e-02 +9.0979e-02 +8.1730e-02 -8.2773e-03 -1.2743e-02 +1.4393e-01 -1.8658e-01 -4.2015e-02 +4.7727e-02 +1.0589e-01 -1.7450e-01 -2.2804e-01 -1.6730e-01 -3.7107e-01 -1.1993e-02 -3.6867e-02
3351 0 +4.004602643e+00 -1.533253974e+02 -1.533253974e+02 -9.7451e-04 -1.0737e-01 +1.2856e-01 -1.2379e-01 +5.9661e-03 -2.7927e-02 +9.4294e-02 +6.1538e-04 +1.5598e-03 -5.0842e-04 -1.0493e-03 -9.2464e-02 -5.4718e-04 -6.2351e-02 +3.8469e-02 -3.4261e-04 -9.0178e-04 -1.3712e-03 +8.2229e-04 +2.5266e-01
13234 0 +3.590716385e+00 -1.537392836e+02 -1.537392836e+02 -5.0156e-02 +7.3475e-02 -6.3817e-02 +4.8009e-02 -1.6241e-01 +1.0702e-01 -8.6635e-02 +9.9252e-02 +9.6833e-02 +1.6955e-02 -2.9806e-02 +3.0167e-02 -1.2305e-01 +3.5669e-03 -2.7665e-01 -3.2441e-02 -1.0875e-01 -1.9199e-01 +7.7556e-02 +3.1405e-02
17086 0 +2.541253740e+00 -1.547887463e+02 -1.547887463e+02 -3.6406e-01 +3.1352e-02 +2.0151e-02 +1.1081e-02 -5.6777e-03 +3.2383e-02 +1.5808e-02 -1.6321e-02 +1.2489e-02 +1.0203e-01 +9.9298e-02 +1.7303e-01 -1.7087e-03 -6.8602e-02 -1.2768e-01 +1.5389e-01 +1.9457e-02 +6.5233e-02 +5.0009e-02 +3.2583e-02
% f evaluations | g evaluations | best noise-free fitness - Fopt (-5.738000000000e+01) + sum g_i+ | measured fitness | best measured fitness or single-digit g-values | x1 | x2...
1 0 +5.044141354e+01 -6.938586455e+00 -6.938586455e+00 -4.1541e+00 -2.4172e+00 +2.4167e+00 -4.9250e+00 -2.8744e+00 -3.3192e+00 -1.8649e+00 -3.4884e+00 +2.3591e+00 +2.3445e+00 +1.4841e+00 -3.6599e+00 -3.3613e+00 +3.2205e+00 -8.6863e-01 +3.8844e-01 -4.4304e+00 +2.8160e+00 -1.3722e+00 -1.3966e-01
2 0 +4.043341986e+01 -1.694658014e+01 -1.694658014e+01 -3.5835e+00 +2.9830e+00 +2.7767e+00 +1.7440e+00 -2.9495e+00 +1.0708e+00 -2.6820e+00 -3.8715e-01 -1.7527e+00 +4.7026e+00 -2.7597e+00 -1.4438e+00 +2.2229e+00 -2.0041e+00 +3.1935e+00 +3.0485e+00 -1.0786e+00 +3.8264e+00 +4.1544e+00 +2.0813e+00
7 0 +3.462683848e+01 -2.275316152e+01 -2.275316152e+01 -1.1381e+00 +3.3011e+00 -9.5048e-01 +1.5560e+00 -4.4090e+00 +6.3110e-01 +4.4170e+00 +2.8179e+00 -4.5470e+00 -2.1537e+00 +2.2630e+00 +2.0914e+00 +2.1792e+00 +2.2438e+00 -1.9523e+00 -1.4065e+00 -3.2186e+00 +3.5819e+00 -1.2004e+00 -2.0863e+00
18 0 +2.350367108e+01 -3.387632892e+01 -3.387632892e+01 +4.0823e+00 +1.2756e+00 -7.5078e-01 +2.3109e+00 +4.4004e+00 -2.7678e+00 +4.7163e+00 +1.8476e-01 +7.3196e-01 +1.1975e+00 -1.5897e+00 +6.4975e-03 +3.4471e+00 -6.9143e-01 +1.5922e+00 +1.1809e+00 +2.7286e+00 +2.7514e+00 -2.7441e+00 +1.6274e-02
126 0 +1.070267812e+01 -4.667732188e+01 -4.667732188e+01 +5.0719e-01 +8.1675e-01 +3.2568e-01 -1.5668e-01 +1.6391e+00 -1.1024e+00 +1.2472e+00 +3.2262e-01 -6.7485e-02 +7.3455e-03 -1.1457e+00 +4.6443e-01 +1.1059e+00 +4.6120e-01 +1.2773e+00 +5.1747e-01 -1.5277e-02 +8.0871e-01 -1.3303e+00 +5.2890e-01
127 0 +7.413164631e+00 -4.996683537e+01 -4.996683537e+01 +2.4891e-01 +2.2458e-01 +5.5621e-02 -3.0343e-02 +4.8025e-01 -2.4280e-01 +4.0403e-01 +9.6869e-02 -2.0263e-02 -4.7581e-02 -3.1971e-01 +1.1471e-01 +3.3206e-01 +2.6029e-02 +2.6159e-01 +1.7025e-01 +9.9943e-02 +2.4282e-01 -4.0539e-01 +2.9782e-01
174 0 +6.324099589e+00 -5.105590041e+01 -5.105590041e+01 +1.6296e-01 +4.7825e-01 +1.6231e-01 +4.0871e-03 +4.4842e-01 -3.2447e-01 +3.8130e-01 +1.7325e-01 -2.1683e-02 -1.4510e-03 -2.5761e-01 +1.2274e-01 +2.0180e-01 +1.4818e-01 +4.2380e-01 +1.8861e-01 -1.0261e-01 +2.5984e-01 -4.3380e-01 +1.6994e-01
379 0 +5.809017429e+00 -5.157098257e+01 -5.157098257e+01 +3.2922e-03 +1.9930e-01 +1.0814e-01 +1.3927e-03 +2.3765e-01 -1.9117e-01 +2.5885e-01 +6.5589e-02 -1.4887e-02 -3.7349e-03 -1.4583e-01 +4.0360e-02 +1.0139e-01 +8.0511e-02 +2.1508e-01 +8.1241e-02 -8.1133e-02 +6.7788e-03 -2.0870e-01 +1.3499e-01
518 0 +5.723104039e+00 -5.165689596e+01 -5.165689596e+01 +5.3776e-02 +1.0622e-01 -9.3487e-02 +6.9546e-02 -1.3980e-02 +6.9498e-02 -7.8815e-03 +1.7960e-02 -2.6975e-01 -5.3321e-02 -8.2307e-02 -5.4325e-02 -1.5081e-01 +1.0020e-03 +1.0702e-01 +2.8166e-02 -4.7972e-02 -4.9908e-02 -1.8473e-01 +7.7367e-02
549 0 +5.404307537e+00 -5.197569246e+01 -5.197569246e+01 -8.5944e-03 -9.2101e-02 +1.1655e-02 +1.4115e-01 -2.4659e-01 -1.8054e-01 +1.6495e-02 -2.8937e-04 -1.1128e-02 +1.4433e-03 -2.8989e-03 -1.9838e-03 +7.1717e-03 +1.6167e-01 +1.6925e-01 -1.0978e-01 -1.4736e-01 -6.3118e-04 +7.3110e-03 +1.2430e-03
551 0 +5.131161372e+00 -5.224883863e+01 -5.224883863e+01 -5.3897e-02 +1.2212e-01 +2.7952e-02 -1.0838e-02 +4.6295e-02 +1.9299e-02 +8.3720e-02 +8.9013e-02 -6.9787e-02 -4.3908e-02 -1.8180e-02 -1.8748e-01 +1.0208e-01 +6.1436e-02 +1.6057e-01 -1.5857e-01 -3.1646e-02 +2.3124e-02 +4.5849e-02 +4.7227e-02
570 0 +5.028995902e+00 -5.235100410e+01 -5.235100410e+01 +1.3613e-01 +3.0970e-01 +3.0026e-02 -1.1642e-02 +8.6882e-02 -2.0592e-02 +8.9934e-02 -1.9494e-03 -8.1217e-02 +1.8879e-02 -1.9529e-02 -6.6881e-02 +4.8314e-02 +9.0212e-03 +2.5747e-01 -2.0979e-01 -3.3995e-02 -4.2521e-03 +5.9585e-02 +8.3740e-03
1175 0 +4.631910981e+00 -5.274808902e+01 -5.274808902e+01 +9.1769e-03 +2.3010e-02 -4.3098e-02 -3.0680e-03 +4.5174e-03 +9.6641e-02 +5.8812e-03 -6.0649e-02 -5.4720e-02 -2.2721e-01 -1.5318e-01 +2.1045e-02 -8.2423e-02 -4.3780e-02 +1.3031e-01 +1.0438e-01 +1.6101e-03 -1.3927e-02 +3.2101e-02 -6.4413e-02
1611 0 +4.311019835e+00 -5.306898016e+01 -5.306898016e+01 -1.8375e-01 +2.6594e-01 +3.2598e-01 -4.5431e-02 +1.3477e-01 +5.2065e-02 -2.6185e-01 +1.6790e-01 +2.2656e-01 +4.5417e-02 -7.8104e-02 +1.5989e-02 +1.1494e-01 +2.2558e-01 +6.5117e-02 -1.8623e-01 -1.6172e-01 -9.2543e-02 +1.3491e-01 -1.4503e-01
5884 0 +3.089047486e+00 -5.429095251e+01 -5.429095251e+01 +1.5806e-03 +1.0626e-03 -7.7770e-04 -1.4059e-04 +1.5635e-04 +6.8715e-04 +1.2504e-02 -6.7326e-05 -7.4887e-05 +2.2365e-03 +1.1848e-02 -1.8759e-04 +1.7496e-03 +1.5850e-03 +4.7130e-02 +1.6473e-03 -3.2812e-03 -2.7459e-03 +5.2286e-04 -3.5239e-04
% f evaluations | g evaluations | best noise-free fitness - Fopt (3.301100000000e+02) + sum g_i+ | measured fitness | best measured fitness or single-digit g-values | x1 | x2...
1 0 +7.960967025e+01 +4.097196702e+02 +4.097196702e+02 +3.5246e+00 -4.7785e+00 -3.0532e+00 -4.7220e-02 +4.1463e+00 +4.2020e+00 -3.1175e+00 +8.1994e-01 +4.3767e+00 -3.9029e+00 +4.2147e+00 -4.8419e+00 -4.0487e+00 +2.9228e+00 +2.7696e+00 +2.9575e+00 -1.1801e+00 -2.2400e+00 +2.4168e+00 -4.1043e+00
2 0 +3.715094099e+01 +3.672609410e+02 +3.672609410e+02 -4.2962e+00 +1.4732e+00 +1.5547e+00 -2.8784e+00 -1.2801e+00 +5.9927e-01 +3.4552e+00 -3.3514e+00 -8.9894e-01 +6.9874e-01 -3.6132e+00 -1.4108e+00 -2.9412e+00 -6.8473e-01 +1.7312e+00 +2.3544e+00 -3.0505e+00 -1.4864e+00 +3.9317e+00 +3.2090e+00
6 0 +3.108997051e+01 +3.611999705e+02 +3.611999705e+02 -1.6940e+00 -4.3642e+00 +1.5740e+00 -4.7957e+00 -1.6886e+00 -4.0506e+00 +1.9468e+00 +3.0903e+00 -4.1712e+00 +3.0376e+00 -1.6467e+00 +4.3955e-01 -1.9918e+00 +2.8753e+00 +1.3081e+00 +5.7204e-02 +2.0115e+00 -5.9162e-01 -4.0107e+00 -4.4536e+00
9 0 +2.680323280e+01 +3.569132328e+02 +3.569132328e+02 -1.7636e+00 +8.0462e-01 -2.9841e+00 -2.4755e+00 +2.4159e+00 -4.5778e-01 +9.5467e-01 -2.2603e+00 +8.4195e-01 -2.5787e+00 -2.5716e+00 -3.2126e+00 +8.5976e-01 +2.6214e+00 +2.5921e+00 +4.1533e+00 +1.5933e+00 +1.6355e+00 +3.5804e+00 +3.1139e+00
30 0 +2.151061523e+01 +3.516206152e+02 +3.516206152e+02 +3.3771e+00 -2.1138e-01 -2.7622e+00 -2.3643e+00 +6.1427e-02 -1.6683e+00 -1.2439e+00 +3.4755e+00 +9.3293e-01 -8.9225e-01 -3.5797e+00 -3.7420e+00 +3.3704e+00 +6.4939e-01 +1.3350e+00 +2.4566e-01 -4.5706e-01 +2.5441e+00 +4.5717e+00 -1.9201e+00
52 0 +1.755909879e+01 +3.476690988e+02 +3.476690988e+02 +1.7765e+00 -1.5814e-01 +8.8305e-01 +6.9723e-01 -1.0961e+00 +1.9563e+00 -2.5206e+00 +1.1062e+00 +1.0763e+00 -2.5230e+00 +4.2931e+00 +1.7643e+00 -2.4956e+00 -7.7742e-01 -1.5475e+00 -7.3868e-01 -2.1188e-01 +4.3650e-01 -2.7796e+00 +7.8306e-01
126 0 +5.852215559e+00 +3.359622156e+02 +3.359622156e+02 -2.5327e-01 +2.9198e-02 +3.7984e-01 +1.6894e-01 +2.3090e-02 +9.0005e-04 -2.4208e-01 +9.3639e-02 +1.3346e-01 -1.9326e-01 +3.9042e-01 -4.1695e-02 -6.0208e-01 -1.4787e-01 +2.3287e-01 +2.2005e-01 +2.5828e-02 +2.1947e-01 +4.2856e-02 -5.1022e-02
206 0 +4.498034518e+00 +3.346080345e+02 +3.346080345e+02 +1.8319e-01 -1.6459e-01 -3.4278e-01 -1.5372e-01 -1.0563e-01 -8.1222e-04 +3.3251e-01 -8.5244e-02 +7.1755e-02 +2.9549e-01 -5.9566e-01 +1.2675e-02 +4.7190e-01 +2.2141e-01 -2.9527e-01 -7.9764e-02 +1.7192e-01 -2.9613e-01 +2.6909e-01 +5.4159e-02
1434 0 +4.446939883e+00 +3.345569399e+02 +3.345569399e+02 -1.6762e-03 -4.8886e-03 +1.7132e-02 -2.0786e-02 +2.3334e-03 +7.6690e-03 +2.7738e-02 +4.7930e-02 -3.1889e-02 +2.1666e-01 +5.9122e-02 +2.0917e-02 -1.8073e-02 -6.3342e-02 -2.4598e-02 +1.3102e-01 +5.8708e-02 +2.8759e-02 -1.2478e-01 -9.7471e-03
3014 0 +3.391933545e+00 +3.335019335e+02 +3.335019335e+02 +1.7273e-01 +4.1352e-02 +1.2738e-02 -2.4316e-04 +1.2508e-01 -9.4207e-02 -1.2717e-01 -3.9968e-01 +1.5961e-01 -2.1479e-02 -1.9875e-01 +3.9743e-02 -6.2566e-02 -8.1727e-02 +2.5796e-01 +3.6228e-02 -3.6123e-02 +7.4491e-02 -6.6642e-02 -9.5240e-02
11867 0 +3.364761598e+00 +3.334747616e+02 +3.334747616e+02 -2.6281e-02 -1.3704e-01 -2.5979e-01 -5.7464e-02 -3.0266e-02 -6.8323e-02 -4.5339e-02 -1.6716e-02 -4.0718e-02 -6.6790e-02 +4.7624e-02 +2.8116e-03 +4.0373e-02 -7.4604e-02 +5.9121e-02 -2.6762e-01 -9.1366e-02 -8.0072e-02 -4.4960e-02 -3.9593e-02
% f evaluations | g evaluations | best noise-free fitness - Fopt (-2.440000000000e+00) + sum g_i+ | measured fitness | best measured fitness or single-digit g-values | x1 | x2...
1 0 +2.873405815e+01 +2.629405815e+01 +2.629405815e+01 -4.4858e+00 -8.8154e-01 -2.0753e+00 +1.7537e+00 +8.0384e-01 -4.8670e-01 +4.1253e+00 +4.3264e-01 +3.5740e+00 +1.3573e+00 -1.5621e-01 +3.9322e+00 -1.5542e-01 -1.1482e+00 +4.4456e+00 +7.7812e-01 -2.1744e+00 +1.2100e+00 +3.6429e+00 +7.7157e-01
30 0 +2.548217750e+01 +2.304217750e+01 +2.304217750e+01 -2.9633e+00 -2.3518e+00 +8.2047e-01 -1.6036e-01 +6.9677e-01 +6.3303e-01 -1.9495e+00 -2.6348e+00 +2.7874e-01 +3.0744e+00 -3.4036e+00 +2.6058e-02 +3.3610e+00 -4.0190e+00 +3.2052e+00 +2.3895e+00 +1.0592e+00 +2.2111e+00 -1.3964e+00 -4.9621e+00
126 0 +9.095305215e+00 +6.655305215e+00 +6.655305215e+00 -1.5634e-01 +3.0008e-02 -2.3574e-02 +1.7450e-01 -2.2422e-01 +4.7518e-01 -4.0208e-01 +9.1524e-02 +4.5711e-01 +8.5667e-01 -4.6316e-01 -3.6442e-01 +2.6123e-01 -6.9354e-01 +4.6878e-01 +4.2548e-01 -4.3536e-01 -1.8824e-01 -5.3139e-01 -2.4601e-01
133 0 +7.247026742e+00 +4.807026742e+00 +4.807026742e+00 -2.0869e-01 -4.9463e-02 -5.0043e-03 +2.8826e-01 -2.9931e-01 +6.1946e-01 -5.3672e-01 +2.3534e-01 +5.8875e-01 +9.8678e-01 -6.3070e-01 -4.3601e-01 +2.8180e-01 -1.0050e+00 +3.8713e-01 +3.4598e-01 -6.6652e-01 -2.7536e-01 -7.0933e-01 -8.4123e-02
146 0 +7.052380409e+00 +4.612380409e+00 +4.612380409e+00 -4.8992e-02 -1.1612e-02 -7.7012e-02 +6.8922e-03 -7.0266e-02 +2.4797e-01 -1.8993e-01 +6.7747e-02 +1.5703e-01 +2.4934e-01 -2.0882e-01 -6.3971e-02 -4.2452e-02 -2.3595e-01 +9.0885e-02 +8.1224e-02 -1.5647e-01 -5.8989e-02 -8.4315e-02 -4.6642e-02
201 0 +6.376401844e+00 +3.936401844e+00 +3.936401844e+00 -3.7315e-02 +9.1186e-02 -1.7957e-01 -1.1582e-01 -8.2876e-02 +2.5481e-01 -1.7385e-01 +2.1818e-02 +1.2151e-01 +4.2346e-01 -2.1451e-01 -3.4952e-02 -1.0465e-02 -2.1999e-01 +6.4163e-02 +7.5732e-02 -1.4589e-01 -5.5001e-02 -3.1111e-02 -6.1960e-02
244 0 +6.058264388e+00 +3.618264388e+00 +3.618264388e+00 +1.4337e-02 -1.5710e-02 -3.1465e-02 +7.7051e-02 +2.8265e-02 +2.2705e-01 -3.0086e-02 +7.7018e-02 +1.6654e-01 +3.4567e-01 -2.0194e-01 -8.5817e-02 +7.3414e-02 -3.4554e-01 +6.9705e-02 +9.9282e-02 -1.7810e-01 -1.3269e-01 -1.9933e-01 -9.2010e-02
259 0 +3.828009967e+00 +1.388009967e+00 +1.388009967e+00 -9.5389e-03 -2.1763e-02 -1.0818e-02 +1.4308e-01 -8.4004e-02 +4.9619e-01 -2.4413e-01 +9.2128e-02 +3.1810e-01 +4.0458e-01 -2.8356e-01 -1.0058e-01 +1.0170e-01 -4.2832e-01 +2.2235e-01 +1.3754e-01 -2.4176e-01 -9.1631e-02 -2.7613e-01 -1.5390e-01
2202 0 +3.479636521e+00 +1.039636521e+00 +1.039636521e+00 +3.9956e-02 -5.0246e-02 +2.9291e-01 +1.0249e-01 -1.6362e-01 -7.8753e-02 +2.0901e-01 +6.8214e-02 +4.0057e-01 +1.1432e-01 +4.6841e-02 -2.0549e-01 +1.8224e-01 -3.5663e-01 +1.0035e-01 +2.9275e-01 +1.2885e-02 +4.6263e-01 +4.1071e-02 +2.7928e-02
2739 0 +2.878892610e+00 +4.388926095e-01 +4.388926095e-01 -1.5732e-02 +4.9149e-03 +4.4543e-03 +1.4262e-02 +2.9789e-02 -6.6289e-03 -6.9970e-03 -4.7640e-03 +1.6004e-02 +2.4793e-02 -2.5740e-03 -2.2493e-02 +5.1767e-02 -1.4264e-02 -5.5997e-03 -1.2597e-02 -2.3116e-02 +3.4391e-02 -1.1861e-02 +1.0344e-02
% f evaluations | g evaluations | best noise-free fitness - Fopt (1.240000000000e+00) + sum g_i+ | measured fitness | best measured fitness or single-digit g-values | x1 | x2...
1 0 +4.062019965e+01 +4.186019965e+01 +4.186019965e+01 -6.2709e-01 +3.2492e-01 +3.6147e-01 +6.2902e-01 +8.6569e-01 +4.4774e-02 +4.6354e-01 -2.8282e+00 +3.3135e+00 -2.7815e+00 +2.2214e+00 -4.7142e+00 -3.8013e-01 -4.0809e+00 -2.3357e+00 +1.1972e+00 -1.3073e+00 -3.5533e+00 +2.9202e+00 +4.5000e+00
12 0 +4.048195252e+01 +4.172195252e+01 +4.172195252e+01 -2.7587e-01 +2.5067e+00 +1.6168e-01 +3.6512e+00 -4.7335e+00 +3.1472e+00 +5.3870e-01 -8.2362e-01 +3.1871e+00 -4.5269e+00 +5.8461e-01 -2.3381e+00 +7.1033e-01 -1.9421e+00 -1.7676e+00 +2.3076e+00 -1.8980e+00 +3.0911e+00 +1.3418e+00 -3.5252e+00
22 0 +2.881181061e+01 +3.005181061e+01 +3.005181061e+01 +4.6969e+00 -2.9303e+00 -4.0030e+00 +4.8401e-01 -1.0718e+00 +2.2948e+00 +6.8515e-01 +2.4900e+00 -4.3285e+00 -5.2385e-01 -1.4913e+00 +2.1194e+00 -2.2032e+00 -7.3895e-01 -9.8610e-01 -1.2148e-01 +1.3918e+00 -4.8360e+00 -2.8502e+00 -4.6161e+00
72 0 +2.452451734e+01 +2.576451734e+01 +2.576451734e+01 -2.6289e+00 +4.4585e+00 -1.3985e+00 +2.5300e+00 -3.0720e+00 +9.2274e-01 -1.4354e+00 -1.5956e+00 -2.3487e+00 -1.3314e+00 +2.2169e+00 -3.6415e+00 +2.9908e+00 -4.0763e+00 +3.8590e+00 +1.8074e+00 -2.9596e+00 +3.8776e+00 -3.1841e+00 -4.1568e+00
126 0 +1.135229298e+01 +1.259229298e+01 +1.259229298e+01 -3.7967e-02 +1.4260e+00 -1.0669e+00 +1.2258e+00 -1.1684e+00 -1.1468e-01 -7.6912e-01 -7.4859e-03 -1.5079e-01 +8.9935e-02 +8.4368e-01 -9.6098e-01 +6.8248e-02 -7.2535e-01 +1.7406e+00 +1.6048e-01 +3.1255e-02 +1.1720e-01 -1.5290e+00 -3.2592e-01
127 0 +1.028909351e+01 +1.152909351e+01 +1.152909351e+01 -3.5973e-02 +1.0878e+00 -6.2470e-01 +7.0811e-01 -6.1334e-01 -1.4479e-01 -4.4431e-01 +7.0921e-02 -8.7112e-02 +2.0817e-02 +5.6628e-01 -5.5515e-01 +1.4679e-01 -4.1093e-01 +9.9203e-01 +1.1599e-01 +1.8056e-02 +6.7093e-02 -6.4262e-01 -2.5536e-01
128 0 +9.436707670e+00 +1.067670767e+01 +1.067670767e+01 -1.8956e-01 +1.5403e+00 -1.1349e+00 +1.1875e+00 -1.2600e+00 -3.3214e-01 -9.8804e-01 -8.4717e-03 -3.1111e-01 +9.5889e-03 +9.2865e-01 -9.5133e-01 +6.1914e-02 -6.8180e-01 +1.7672e+00 +2.2723e-01 +3.5372e-02 -7.6384e-03 -1.5930e+00 -4.4922e-01
129 0 +9.191255515e+00 +1.043125552e+01 +1.043125552e+01 -8.4184e-02 +2.1813e+00 -1.5329e+00 +1.6334e+00 -1.3611e+00 -1.7214e-01 -1.0810e+00 -9.9752e-03 -2.0094e-01 +1.1471e-01 +1.0934e+00 -1.1845e+00 -1.1195e-01 -8.8330e-01 +2.0849e+00 +2.6755e-01 +4.1649e-02 -1.2746e-02 -1.9227e+00 -4.2862e-01
134 0 +7.625064333e+00 +8.865064333e+00 +8.865064333e+00 -2.3541e-01 +5.5982e-01 -3.9185e-01 +2.6762e-01 -4.8082e-01 -2.3444e-01 -2.7870e-01 -2.7126e-03 -5.4642e-02 +1.0867e-02 +4.9255e-01 -1.7977e-01 +6.0998e-02 -2.4020e-01 +6.1293e-01 +7.2757e-02 +1.1326e-02 +1.5619e-01 -5.2285e-01 -1.2875e-01
144 0 +7.309894955e+00 +8.549894955e+00 +8.549894955e+00 -8.3877e-03 +1.4170e+00 -9.3607e-01 +1.0611e+00 -9.1906e-01 -1.8168e-01 -6.6577e-01 +2.0643e-03 -3.0007e-01 +2.2346e-01 +6.2942e-01 -8.3185e-01 +4.7358e-02 -8.1567e-01 +1.4317e+00 +1.1531e-01 +2.7056e-02 -2.2436e-02 -1.3309e+00 -2.8213e-01
156 0 +7.122894970e+00 +8.362894970e+00 +8.362894970e+00 +1.0479e-01 +2.6773e-01 -1.7686e-01 +1.4838e-01 -1.7365e-01 -6.2217e-02 -1.0395e-01 -1.2243e-03 +7.7314e-02 -1.0334e-02 +1.3421e-01 -1.5717e-01 -1.6719e-01 -1.0841e-01 +1.2525e-01 +1.8332e-01 +1.7265e-01 -2.4498e-02 -1.1620e-01 +1.0093e-01
201 0 +6.849438061e+00 +8.089438061e+00 +8.089438061e+00 +1.9259e-01 -4.0842e-02 -5.0929e-02 -3.4282e-01 +1.0061e-01 +7.6191e-02 +1.0834e-01 -4.6224e-02 +2.0378e-01 -6.4907e-02 -1.3529e-01 +9.1062e-02 -2.7690e-01 +8.0274e-02 -4.1539e-01 +1.9629e-01 +2.5775e-01 -8.1626e-02 +2.1214e-01 +3.2316e-01
239 0 +6.070722618e+00 +7.310722618e+00 +7.310722618e+00 -1.3691e-01 +4.7231e-01 -1.6004e-01 +1.7676e-01 -1.5620e-01 -4.4424e-02 -1.1015e-01 -2.8457e-02 -1.8906e-02 +1.1667e-02 +1.2141e-01 -1.4177e-01 -9.8112e-03 -8.1760e-03 +4.2663e-01 +3.9222e-02 +1.6883e-02 +2.2389e-02 -2.1900e-01 -4.6540e-02
265 0 +5.669984474e+00 +6.909984474e+00 +6.909984474e+00 +1.8862e-02 +3.2831e-01 -7.0876e-03 +1.1336e-01 -2.0952e-01 -5.9589e-02 -2.0426e-01 -1.6129e-01 +1.9992e-01 +2.4128e-01 +1.6285e-01 -1.9016e-01 -1.3160e-02 +6.4996e-02 +5.4511e-01 +1.2092e-01 +6.1987e-02 -8.3524e-02 -3.3401e-01 -6.2428e-02
364 0 +5.050683312e+00 +6.290683312e+00 +6.290683312e+00 -8.2121e-02 +3.8226e-01 -6.2238e-02 +1.0944e-01 -2.3482e-01 -8.0243e-02 -2.8461e-01 +3.6840e-04 +3.8461e-02 -2.6811e-02 +2.6385e-01 -2.1455e-01 -2.5380e-02 -9.0035e-02 +3.4912e-01 +5.0274e-02 +6.8641e-02 -3.0817e-02 -2.8312e-01 -1.0706e-01
508 0 +4.913788818e+00 +6.153788818e+00 +6.153788818e+00 +9.2875e-02 -9.2819e-02 +1.0141e-02 -1.8538e-02 +1.6774e-01 +2.4398e-01 -2.4070e-02 +8.3502e-02 -2.1129e-01 +1.1212e-01 -6.6911e-02 +3.0230e-01 +3.1367e-03 -4.0087e-02 +1.0402e-01 -1.0092e-01 -1.4819e-02 -1.5666e-01 -7.9671e-02 +4.5623e-01
2044 0 +4.762055003e+00 +6.002055003e+00 +6.002055003e+00 +6.3003e-02 +1.2671e-01 -6.2253e-02 -1.3380e-02 -4.7256e-02 -1.3402e-01 +3.0549e-02 -8.3557e-03 -6.2533e-02 -2.4329e-01 +7.2488e-03 +1.5121e-02 +1.7913e-02 +3.9045e-02 -3.2747e-01 -4.9216e-02 -8.0491e-03 +4.1815e-02 -8.8804e-03 +1.1212e-01
2710 0 +3.218119885e+00 +4.458119885e+00 +4.458119885e+00 +5.2615e-02 +1.0547e-01 -1.6938e-01 +3.8939e-02 -5.2963e-02 +9.4871e-02 +2.7499e-01 -7.8092e-03 +4.0743e-03 +3.4313e-01 +2.7072e-01 -8.1946e-02 -1.4157e-01 -2.9971e-02 -2.5499e-02 +5.1410e-02 +1.3062e-01 -1.1959e-01 +7.2999e-02 -1.8377e-01
17460 0 +3.142638056e+00 +4.382638056e+00 +4.382638056e+00 +7.2706e-02 +1.5912e-01 +7.0559e-02 +1.2323e-02 -4.3952e-03 +4.3229e-03 -3.4045e-03 -6.9233e-02 -3.7997e-02 -3.0172e-02 +1.1349e-02 -1.8880e-01 -2.2945e-01 +1.4378e-01 -2.0353e-01 +2.0798e-01 +1.0031e-01 +1.5263e-01 -3.4504e-02 +7.9826e-02
% f evaluations | g evaluations | best noise-free fitness - Fopt (4.701000000000e+01) + sum g_i+ | measured fitness | best measured fitness or single-digit g-values | x1 | x2...
1 0 +6.131382245e+01 +1.083238224e+02 +1.083238224e+02 -4.5136e+00 +1.2461e+00 -2.7425e+00 -3.5741e+00 +3.9061e+00 -4.8331e+00 +1.8216e+00 -4.6397e+00 -1.9847e+00 +2.5102e+00 +2.3401e+00 +4.2487e+00 +7.1979e-01 -2.3210e+00 -2.3278e+00 -3.7878e+00 +1.3782e+00 -4.3881e+00 -3.6120e+00 +1.7029e+00
2 0 +4.220524172e+01 +8.921524172e+01 +8.921524172e+01 -4.5549e+00 -2.4414e+00 +3.5670e+00 -4.9025e+00 -2.7237e+00 +2.2352e+00 +2.2336e+00 -1.4062e+00 +4.6512e-01 +2.5017e+00 +4.1580e-01 +4.7831e+00 +3.1042e+00 -4.7022e+00 -2.5681e+00 +8.6620e-01 +3.7884e+00 +2.7484e+00 +2.6105e-01 +9.4763e-01
10 0 +3.630642794e+01 +8.331642794e+01 +8.331642794e+01 +4.8439e+00 -4.7149e+00 +3.3345e+00 +4.4600e+00 +2.2423e+00 +3.1478e+00 -3.9721e+00 -3.0597e-02 -1.2461e+00 +1.7825e+00 -1.0362e+00 -2.0237e-01 +6.1881e-01 -1.2201e-01 -4.4180e-02 +2.0861e+00 +3.4949e+00 -5.9986e-01 +3.6687e-01 -9.1648e-01
13 0 +2.874262480e+01 +7.575262480e+01 +7.575262480e+01 +4.4499e+00 -1.6992e+00 -6.1608e-01 -1.2929e-01 +1.9700e+00 -3.8881e+00 -3.5595e-01 +3.3265e+00 +1.4551e+00 -6.5254e-01 +8.4491e-01 -1.1174e+00 +3.1546e+00 -4.9023e+00 +1.9825e+00 +2.5830e+00 +1.3721e+00 -3.3344e-01 -2.1368e+00 -2.7130e+00
74 0 +2.220826029e+01 +6.921826029e+01 +6.921826029e+01 -1.9049e+00 -1.5370e+00 +4.3836e+00 +2.1979e+00 -2.1047e+00 -8.8435e-01 -1.3448e+00 +7.8888e-01 +1.9824e+00 -2.7504e+00 -4.1763e+00 -3.2416e+00 +3.9562e+00 -1.8952e+00 -3.9126e-01 -3.0338e+00 -1.4356e+00 -7.6727e-01 -7.7329e-02 +9.5352e-01
126 0 +1.101475348e+01 +5.802475348e+01 +5.802475348e+01 -1.4218e+00 -5.5584e-01 +1.0988e+00 +7.9016e-01 -2.3678e-01 -1.2481e+00 +2.7995e-02 +9.8972e-01 +2.5678e-01 -4.2120e-01 -1.5194e+00 -8.1750e-01 -1.3319e-01 -1.2952e+00 +3.8224e-01 -8.8756e-01 -8.6592e-01 -2.9534e-01 -1.0363e+00 +6.1586e-01
127 0 +9.177033319e+00 +5.618703332e+01 +5.618703332e+01 -2.1240e-01 -1.2186e-01 +1.5463e-01 +1.1805e-01 +2.2484e-02 -1.7432e-01 -6.0288e-02 +1.3481e-01 +3.8361e-02 -8.3151e-02 -2.1387e-01 -1.2725e-01 -1.9897e-02 -1.8217e-01 +4.9177e-02 +9.9032e-03 -8.2882e-02 -1.0318e-01 -1.3902e-01 +2.9399e-02
128 0 +6.142167259e+00 +5.315216726e+01 +5.315216726e+01 -2.8127e-01 -5.6627e-02 +9.9850e-02 +1.5632e-01 -3.4515e-02 -2.3084e-01 +5.5383e-03 +1.7837e-01 +1.5512e-01 -1.1011e-01 -2.8006e-01 -1.6850e-01 -2.6348e-02 -2.0059e-01 +6.5121e-02 -1.2797e-01 -1.9572e-01 +2.4109e-02 -1.8410e-01 +1.3313e-01
214 0 +4.726067410e+00 +5.173606741e+01 +5.173606741e+01 -1.7426e-01 +2.2008e-02 -3.5261e-02 -2.1504e-01 +3.2721e-02 -5.3041e-02 -9.5373e-04 -2.3250e-02 -8.7478e-03 +1.8461e-01 +1.2209e-01 +1.2371e-01 -2.4021e-02 +4.1541e-02 -9.1533e-02 +3.0237e-02 +2.3023e-01 +1.3964e-01 +1.9834e-01 +7.6072e-02
615 0 +4.083063116e+00 +5.109306312e+01 +5.109306312e+01 +4.8007e-03 +2.4076e-02 -5.0614e-02 -4.1104e-02 +2.9884e-01 +2.3160e-02 -1.7937e-02 -1.4335e-02 +1.7199e-01 +1.4249e-03 -3.7572e-02 -2.9955e-03 -7.8373e-02 +1.3253e-01 +2.8874e-01 -1.0604e-01 -1.0927e-02 +1.3145e-01 -4.4588e-02 +4.8604e-02
2824 0 +3.831432853e+00 +5.084143285e+01 +5.084143285e+01 +6.3856e-02 -1.0606e-02 -1.1731e-01 -1.5386e-02 -1.5541e-01 +1.1278e-01 -1.4495e-01 +4.9764e-02 -4.9724e-02 -6.3856e-02 -3.5005e-03 -1.5408e-01 -3.8481e-02 -5.3190e-01 -1.5648e-01 -7.6202e-02 +1.4671e-01 -3.0184e-01 +7.2368e-02 +8.0421e-03
4518 0 +3.783462763e+00 +5.079346276e+01 +5.079346276e+01 -3.1654e-01 +4.4823e-02 -2.2467e-01 +9.9908e-02 -2.3837e-02 +2.5993e-01 -2.0505e-01 +1.2464e-02 -2.9778e-01 -1.5001e-01 +2.2467e-01 +2.1504e-01 +6.3726e-03 +7.2393e-02 +3.1718e-01 +5.0856e-02 +1.7069e-01 +6.7768e-01 -1.5853e-01 +7.4012e-02
8684 0 +3.680319230e+00 +5.069031923e+01 +5.069031923e+01 +2.0210e-02 -1.3212e-02 -9.6881e-03 +2.3945e-02 +8.2991e-04 -1.3701e-02 +3.3051e-02 -8.2245e-03 +3.6460e-02 +1.1139e-02 -1.1059e-02 -1.2689e-02 +1.0247e-03 -7.8036e-03 -2.5106e-02 -1.7633e-03 -6.4098e-02 -9.9207e-03 +1.4177e-02 -1.3417e-02
12050 0 +2.289641480e+00 +4.929964148e+01 +4.929964148e+01 +5.6677e-05 -4.1937e-02 -2.2401e-02 +2.9597e-06 -1.7106e-04 -2.0793e-05 +1.9496e-04 -5.8236e-05 -1.5067e-04 +9.2614e-03 -2.7167e-05 -6.8478e-05 -8.7168e-06 -3.1547e-02 -3.6412e-04 -9.5150e-05 +4.5426e-05 +2.3405e-05 -1.0927e-04 +1.7180e-04
% f evaluations | g evaluations | best noise-free fitness - Fopt (3.758000000000e+01) + sum g_i+ | measured fitness | best measured fitness or single-digit g-values | x1 | x2...
1 0 +2.804976423e+01 +6.562976423e+01 +6.562976423e+01 +1.9852e+00 +5.2720e-01 +4.4549e+00 -1.8006e+00 -2.7768e+00 -1.0059e+00 -8.9627e-01 -6.7862e-01 -3.8117e-01 +4.1622e+00 +7.6463e-02 -4.2855e+00 -3.8670e+00 -1.2963e+00 +3.9541e+00 +2.9549e+00 +1.8287e+00 -1.3416e+00 -1.4197e+00 -4.9015e-01
43 0 +2.412703412e+01 +6.170703412e+01 +6.170703412e+01 -1.5055e+00 +8.1051e-01 +6.7479e-01 -2.5917e+00 +1.8381e+00 +1.7525e+00 -4.3404e-01 -1.7415e+00 +2.7145e+00 +2.7985e+00 +1.8282e+00 -1.7327e+00 -2.5472e+00 -2.5131e+00 +5.2609e-01 -2.6152e+00 -1.1793e+00 -2.5823e+00 -1.8883e+00 -3.3513e+00
83 0 +1.984932776e+01 +5.742932776e+01 +5.742932776e+01 +8.7771e-01 -1.9229e+00 -4.9792e-01 +7.7598e-01 +1.7243e+00 +4.4835e+00 +1.3021e+00 -1.1078e+00 +2.1496e+00 +2.3360e+00 +1.4012e+00 -2.0848e+00 +2.4574e+00 +4.5077e+00 +3.4865e-01 +1.1697e+00 -3.5588e-02 +3.3737e+00 +1.7682e+00 +1.6834e+00
126 0 +1.018314206e+01 +4.776314206e+01 +4.776314206e+01 +2.3486e-02 -3.5832e-01 -7.1188e-02 +5.1367e-02 -3.1966e-02 +2.1084e-01 +9.4226e-02 -1.1610e-01 +1.7048e-01 -8.0336e-02 +1.6156e-01 +7.7830e-02 +2.2454e-01 +1.5791e-02 +2.2215e-01 +1.6084e-01 -1.5124e-01 -1.0456e-01 +1.5143e-01 +3.6751e-01
128 0 +9.124651851e+00 +4.670465185e+01 +4.670465185e+01 +2.0396e-01 -3.5421e-02 +1.4787e-01 +4.9733e-02 -4.9493e-02 +4.1789e-02 +2.0326e-02 +4.1079e-02 +7.7245e-02 -9.1006e-03 +1.5884e-02 +4.8487e-02 +5.2533e-02 -5.4786e-03 +2.5166e-02 +1.8221e-02 -1.7133e-02 -7.8622e-03 -9.8461e-03 -1.2020e-02
130 0 +8.174330300e+00 +4.575433030e+01 +4.575433030e+01 +2.3148e-02 -3.4372e-01 -8.3060e-02 +5.9934e-02 +3.2056e-02 +4.5566e-01 +2.0936e-01 -8.7312e-02 +1.9726e-01 -9.3734e-02 +1.6360e-01 +3.8541e-02 +2.6199e-01 +1.8425e-02 +1.6177e-01 +1.8767e-01 -1.6296e-01 -1.3814e-01 +3.8326e-02 +4.3084e-01
133 0 +8.107398095e+00 +4.568739810e+01 +4.568739810e+01 +1.4990e-01 -5.5208e-01 -8.7688e-02 +1.0232e-01 +8.3259e-02 +5.4036e-01 +2.2102e-01 -5.0938e-02 +2.1186e-01 -9.8957e-02 +1.7272e-01 +3.0028e-02 +2.7659e-01 +1.9451e-02 +2.7364e-01 +1.9812e-01 -1.8630e-01 -8.5491e-02 -2.8663e-01 +5.4810e-01
145 0 +6.684395244e+00 +4.426439524e+01 +4.426439524e+01 -1.1839e-01 -5.6537e-01 -1.1232e-01 +8.1049e-02 -4.6615e-02 +5.8331e-01 +4.0540e-01 -2.4559e-01 +4.4632e-01 -1.2676e-01 +2.7962e-01 -4.4902e-02 +3.5429e-01 -5.0032e-02 +3.7875e-01 +2.5379e-01 -2.3864e-01 -1.4128e-01 +1.0153e-01 +6.9237e-01
196 0 +6.010601113e+00 +4.359060111e+01 +4.359060111e+01 -5.2207e-02 -2.7889e-01 -1.2228e-01 +2.3194e-01 +1.9653e-01 +3.7389e-01 +1.8186e-01 -2.7394e-01 +2.1797e-01 -8.1424e-02 +1.4212e-01 -2.8843e-02 +1.8105e-01 -1.1209e-02 +2.2516e-01 +1.6302e-01 -1.5329e-01 -7.0344e-02 +5.9671e-02 +4.2829e-01
668 0 +5.393420470e+00 +4.297342047e+01 +4.297342047e+01 -2.5027e-05 -2.4133e-02 +7.6511e-02 -1.8733e-02 +2.1712e-04 +7.4078e-03 +1.6769e-02 -4.3071e-02 +5.6964e-05 +2.5522e-04 +2.0653e-04 +2.3715e-04 +7.6327e-02 +1.5299e-04 +1.4069e-02 +2.7177e-03 +1.0359e-02 -7.6440e-05 +1.1044e-04 +3.2991e-02
868 0 +4.846791555e+00 +4.242679155e+01 +4.242679155e+01 +1.8411e-03 -1.3750e-02 -3.9516e-03 +7.0913e-02 +7.0683e-03 -1.0198e-01 -1.0590e-03 +1.9245e-01 +1.6534e-02 -1.0983e-01 +2.8233e-03 -1.1943e-01 +2.1136e-02 -1.4366e-02 +6.1258e-02 +5.2265e-04 -1.4695e-01 -2.7825e-03 +1.0468e-01 +1.4749e-01
1737 0 +4.775809316e+00 +4.235580932e+01 +4.235580932e+01 -6.9616e-04 -5.6296e-03 +5.7544e-04 -7.1102e-02 +9.5790e-04 -1.1575e-01 +2.7517e-01 +1.7997e-03 +7.2092e-03 -9.5880e-02 -3.7983e-04 -4.5374e-04 -3.7861e-03 -1.0339e-03 +1.0682e-02 +1.6401e-01 +1.1401e-03 +3.0699e-03 -6.6501e-03 +1.5922e-03
3453 0 +4.661212965e+00 +4.224121297e+01 +4.224121297e+01 +1.2769e-01 -1.0704e-01 +9.3471e-02 +7.1051e-02 -1.2497e-01 -4.3093e-02 -4.8980e-02 +2.7502e-01 +4.1439e-02 -5.0468e-02 -1.3595e-01 +4.2180e-02 +1.5385e-02 -3.3238e-01 +6.5062e-02 +5.9916e-02 -1.8641e-02 -4.0874e-03 +6.5477e-02 -6.0245e-03
4419 0 +4.453842159e+00 +4.203384216e+01 +4.203384216e+01 -1.1850e-01 -1.9401e-01 -2.4096e-01 +4.6821e-02 +2.0313e-01 +3.9933e-01 -2.3569e-01 -7.4079e-02 +5.6448e-02 +5.4813e-02 -2.1525e-02 -3.1788e-03 -1.2929e-01 -6.4649e-02 +2.0271e-02 +1.7118e-01 -2.5070e-01 -4.8945e-02 -6.9315e-02 -1.1717e-02
7938 0 +4.350314609e+00 +4.193031461e+01 +4.193031461e+01 -1.0933e-01 +1.7285e-01 -3.5145e-03 +5.0972e-02 +2.6569e-01 -1.4837e-01 -1.8810e-01 +5.4689e-03 +7.5141e-02 -6.5664e-02 -2.8644e-02 -7.2570e-02 +5.6504e-02 +4.1846e-03 -1.0157e-01 +1.3361e-01 +4.2232e-02 -1.4859e-01 +3.9345e-02 +4.6701e-02
9021 0 +4.079794404e+00 +4.165979440e+01 +4.165979440e+01 -2.6900e-01 +1.1632e-01 -7.6878e-02 +5.7882e-02 +2.7635e-01 -1.3643e-01 -3.9886e-02 -2.6615e-02 -1.7106e-01 +2.2677e-02 +2.8719e-01 +8.5953e-03 +4.4184e-02 -1.8142e-02 -8.6120e-02 -7.3947e-02 -1.4356e-01 +1.0209e-01 +2.9990e-01 +3.8726e-02
11075 0 +3.996668029e+00 +4.157666803e+01 +4.157666803e+01 +1.9311e-01 +2.2570e-01 -3.4660e-02 -3.6552e-02 +5.8871e-03 +4.9176e-02 -3.2252e-02 -1.1650e-01 +1.7585e-02 -4.3149e-02 +3.9270e-02 -5.9977e-02 +2.0094e-01 +5.9674e-02 -1.4018e-02 +7.9561e-03 +5.3010e-02 -5.1958e-02 -3.7884e-02 +3.3335e-03
13890 0 +3.581929165e+00 +4.116192917e+01 +4.116192917e+01 -4.3710e-03 -2.7497e-03 -4.5666e-03 +1.6588e-02 +4.7404e-02 -1.2247e-02 -9.6121e-03 +1.1263e-03 -7.7841e-04 +4.2197e-03 +4.3921e-03 +7.3638e-02 +6.2806e-03 +4.9946e-03 +5.3215e-03 +1.1425e-02 -4.3912e-03 +1.5635e-01 +2.2807e-03 +2.7030e-02
% f evaluations | g evaluations | best noise-free fitness - Fopt (6.440000000000e+01) + sum g_i+ | measured fitness | best measured fitness or single-digit g-values | x1 | x2...
1 0 +6.042842611e+01 +1.248284261e+02 +1.248284261e+02 -7.4306e-01 +2.9384e+00 -4.4188e+00 +2.4277e+00 -4.4056e+00 +3.2565e+00 -3.6717e+00 -2.8718e+00 -3.2993e+00 +4.4060e+00 -9.1519e-01 +7.1864e-02 -1.4239e+00 -2.8704e+00 +4.4884e+00 +3.6294e+00 +1.5850e+00 +3.9619e-01 -2.2775e+00 -3.6941e+00
6 0 +2.493433395e+01 +8.933433395e+01 +8.933433395e+01 +8.8898e-02 +4.9414e-01 +2.2354e-01 +4.6669e+00 -1.3618e+00 -2.8982e-01 -4.8362e+00 -3.6869e-01 -1.2387e+00 +2.7434e+00 +3.7027e+00 -2.2909e+00 -1.0785e+00 -4.6850e-01 +1.1785e+00 -1.2549e+00 -1.9284e+00 +2.5206e+00 +3.1450e+00 +2.2377e+00
32 0 +2.131537646e+01 +8.571537646e+01 +8.571537646e+01 +3.0401e+00 +9.3370e-01 +1.6504e+00 +3.0721e-02 -1.6414e+00 -3.8100e+00 -1.7760e-01 +7.0437e-01 -5.2796e-01 +2.9179e-02 -3.3282e-01 -2.5074e+00 -2.6188e+00 +1.6126e+00 +1.5833e+00 +1.0274e+00 +3.3432e+00 +2.4026e+00 +2.0334e+00 +3.8978e+00
62 0 +2.058406220e+01 +8.498406220e+01 +8.498406220e+01 -4.4116e+00 +1.4491e+00 +2.1227e+00 -1.5489e+00 -8.8399e-01 +2.8422e-01 -4.9942e+00 -2.2041e+00 -4.7627e+00 -4.2211e+00 +6.5320e-01 +1.0330e+00 -3.9600e+00 -3.5543e+00 -3.9544e+00 +1.8191e+00 -1.0471e+00 -4.4828e+00 +4.5912e+00 +1.1151e+00
73 0 +1.427723142e+01 +7.867723142e+01 +7.867723142e+01 -5.2716e-01 +2.8628e+00 -3.1379e+00 -1.9667e+00 -2.0064e+00 -7.0564e-01 -1.8349e+00 -1.1439e+00 +2.6172e+00 -4.0752e+00 +2.1266e+00 +1.8599e+00 +1.9645e+00 -9.8547e-01 +2.1077e+00 +4.6874e-01 -5.7513e-01 +8.5232e-01 +1.4197e+00 +2.4315e+00
126 0 +8.475005319e+00 +7.287500532e+01 +7.287500532e+01 -1.3408e+00 +9.3819e-01 +1.9241e-01 -1.0248e+00 -6.1919e-01 -5.1708e-01 +7.4599e-02 -1.3006e+00 +1.6659e+00 -1.4996e+00 +7.9425e-01 +1.9303e+00 +1.1949e-01 -3.9939e-01 +1.1903e+00 -1.0648e+00 -9.5595e-01 +1.9406e-01 -5.0088e-02 +1.2639e+00
127 0 +6.690198256e+00 +7.109019826e+01 +7.109019826e+01 -1.2575e-01 +8.7992e-02 +7.3363e-02 -8.2080e-02 -4.9845e-02 -4.8497e-02 -1.4677e-01 -1.1260e-01 +1.7432e-01 -1.4679e-01 -3.4165e-02 -1.4716e-01 +1.1207e-02 -1.3695e-01 +1.1297e-01 -1.0738e-01 -2.2418e-02 +1.8201e-02 -1.1696e-02 -5.9671e-02
134 0 +6.573746545e+00 +7.097374655e+01 +7.097374655e+01 +4.5970e-03 +9.3058e-02 +1.9085e-02 -8.6806e-02 -1.4342e-01 +1.1532e-01 +7.3994e-03 -1.7499e-01 +1.8529e-01 -1.5795e-01 +7.8781e-02 +1.9146e-01 -6.8617e-02 -3.0392e-02 +1.1948e-01 -1.1356e-01 -2.1466e-01 +1.9248e-02 +1.5861e-01 +1.2536e-01
240 0 +5.870290614e+00 +7.027029061e+01 +7.027029061e+01 -1.3850e-02 +1.0656e-01 -6.6182e-02 -1.3191e-01 -9.2900e-02 -2.6823e-02 +9.2619e-03 -1.9593e-01 +1.9761e-01 -1.6754e-01 +7.8549e-02 -7.4941e-02 +4.7241e-02 -3.3622e-02 +1.3873e-01 -1.1941e-01 -1.9527e-01 +2.0713e-03 +3.8553e-02 +8.9618e-02
260 0 +5.445299080e+00 +6.984529908e+01 +6.984529908e+01 -5.2910e-02 -4.9342e-02 +2.1289e-02 -4.2828e-02 -3.0163e-02 -8.7091e-03 +3.0072e-03 -6.3614e-02 +2.0324e-01 -2.1471e-01 +4.5230e-02 +7.0737e-02 +1.4865e-02 +4.3235e-04 +7.3707e-02 -3.8769e-02 -4.3472e-02 -2.9439e-02 +2.1655e-01 -1.9018e-02
305 0 +5.330687534e+00 +6.973068753e+01 +6.973068753e+01 -1.4245e-01 +1.7000e-01 +1.7178e-02 -1.4299e-01 -2.7524e-02 -2.6290e-01 -1.6226e-01 -2.1240e-01 +3.2732e-01 -1.7960e-01 +1.9245e-01 +3.0747e-01 -1.5211e-01 -3.6449e-02 +1.5040e-01 +4.0748e-02 -1.4515e-01 -4.8360e-01 -1.6073e-02 +1.6617e-01
327 0 +4.901284388e+00 +6.930128439e+01 +6.930128439e+01 -2.7687e-02 +3.8651e-03 +4.9832e-03 -2.2278e-01 -2.1214e-02 -1.0472e-01 +1.2086e-02 -7.8569e-02 +6.4078e-02 -6.5530e-02 +3.4062e-02 +8.1968e-02 +5.8198e-02 -6.4431e-02 -3.8380e-02 -9.7890e-02 -4.2403e-02 +1.5726e-01 +2.9803e-02 +1.9441e-01
501 0 +4.638623211e+00 +6.903862321e+01 +6.903862321e+01 -2.4156e-01 +3.4512e-01 +1.6096e-01 +3.1370e-01 +7.7832e-02 -3.1103e-01 -6.5359e-03 +5.4264e-02 -2.8250e-02 -6.7077e-02 -1.7668e-01 -1.5312e-01 +1.1898e-01 +2.9780e-01 -3.1627e-02 -2.4331e-01 -3.5537e-02 +9.7197e-02 -6.7651e-02 +2.4271e-01
1866 0 +4.493920086e+00 +6.889392009e+01 +6.889392009e+01 -2.7733e-03 -2.1960e-01 -7.3044e-03 +7.6482e-02 +1.7340e-01 +8.4562e-03 +9.1646e-04 +1.5914e-02 -1.4119e-01 -1.2527e-01 +1.4149e-01 +1.5205e-03 -5.2337e-02 -2.8660e-03 -7.5517e-02 +3.1545e-02 +6.5952e-03 +7.3791e-03 +1.6747e-02 +5.6226e-03
2903 0 +3.818803805e+00 +6.821880380e+01 +6.821880380e+01 -3.4089e-02 +1.1045e-01 +3.9473e-01 -7.5831e-02 +8.8208e-01 -2.0535e-01 +6.7315e-02 +2.0998e-01 +6.0915e-03 +7.0962e-02 -1.0752e-01 +2.5583e-02 +1.3053e-01 +1.8597e-01 -1.0854e-01 +1.4255e-01 -6.8247e-02 -5.2733e-02 +2.1629e-01 +2.9097e-01
3758 0 +3.060908337e+00 +6.746090834e+01 +6.746090834e+01 +7.3733e-02 +1.9375e-02 +6.5994e-02 -1.1735e-01 +3.7513e-02 -2.0371e-02 -4.0083e-03 +1.3921e-01 +1.3151e-01 +1.8797e-01 -2.2138e-01 -2.2911e-01 +1.3388e-01 +1.5596e-01 +3.5030e-03 +6.9705e-02 +2.6155e-01 -5.0887e-02 +5.3160e-02 -1.5744e-02
% f evaluations | g evaluations | best noise-free fitness - Fopt (4.033700000000e+02) + sum g_i+ | measured fitness | best measured fitness or single-digit g-values | x1 | x2...
1 0 +5.017797526e+01 +4.535479753e+02 +4.535479753e+02 -1.8870e+00 +3.1015e+00 +4.3858e+00 -9.7933e-01 +4.6856e+00 +3.9343e+00 +1.4173e+00 -2.6195e-01 -2.7662e+00 +2.6343e+00 +1.2781e-01 -3.7207e-01 +2.4115e+00 -4.6119e+00 +2.3489e+00 +2.4449e+00 +2.0122e+00 -4.5666e+00 -2.1948e-01 -1.2183e+00
4 0 +4.826813094e+01 +4.516381309e+02 +4.516381309e+02 -3.5190e+00 +3.8815e+00 +9.9394e-01 -4.7153e+00 +1.0906e+00 +4.5901e+00 +1.0922e+00 -3.9790e+00 -4.5370e+00 -3.6048e+00 +8.4074e-01 +2.3810e+00 -3.9980e+00 -3.5558e+00 -3.4319e+00 +4.7054e+00 -3.4698e+00 +3.1218e+00 -2.7475e-01 -2.3088e+00
5 0 +4.731223690e+01 +4.506822369e+02 +4.506822369e+02 -4.6082e+00 +1.0959e+00 -8.7823e-02 -1.1994e+00 -8.5400e-01 -2.2605e+00 +4.8149e+00 -2.2324e+00 +5.6128e-01 +1.6413e+00 +3.7963e+00 +2.6443e+00 -4.6472e-01 +2.7755e+00 -9.8657e-01 +2.5932e+00 -1.9885e+00 -3.0743e+00 +3.5801e+00 +5.4954e-02
8 0 +4.400299535e+01 +4.473729953e+02 +4.473729953e+02 -2.5302e+00 -7.0361e-01 +3.3913e+00 +2.4011e+00 -4.8504e+00 -4.1700e+00 -1.3888e+00 -4.7309e+00 -9.1857e-01 +1.1716e+00 -1.8311e+00 -6.6500e-01 +2.5145e+00 +4.7172e+00 +3.4913e+00 -2.0972e+00 +5.1247e-01 +2.3911e+00 -3.7209e+00 +4.6754e+00
13 0 +4.208904024e+01 +4.454590402e+02 +4.454590402e+02 +1.5494e+00 -1.9838e+00 +4.8911e+00 +3.6698e+00 +1.9466e-01 +3.4699e+00 +3.3292e+00 -2.0988e+00 -3.0834e+00 +1.6778e+00 +1.9211e+00 -1.2444e+00 +2.0615e+00 -1.6006e+00 +4.9916e-01 +4.8801e+00 +4.5352e+00 -8.6652e-01 -2.5075e+00 -2.8060e+00
16 0 +4.168316811e+01 +4.450531681e+02 +4.450531681e+02 -4.4271e+00 -4.2836e+00 +2.4799e+00 +3.2956e+00 +2.2233e+00 +9.3809e-02 +2.5753e+00 +1.4827e-01 -3.5761e+00 +1.5340e+00 +4.2417e-01 +4.2555e+00 +1.5777e+00 +4.3851e+00 -3.5970e+00 +1.2913e+00 +1.1513e+00 +2.1026e+00 +2.4111e+00 +2.9472e+00
23 0 +3.688930798e+01 +4.402593080e+02 +4.402593080e+02 -1.8479e+00 -3.2375e+00 +3.0751e-01 +1.1466e+00 -1.0574e-01 -1.5394e+00 +4.3507e+00 -3.7496e+00 +4.7339e-01 +3.4591e-01 +7.3218e-01 +4.3049e-01 +4.2217e+00 -1.1733e-01 +6.3996e-01 +4.9800e-01 +3.9156e+00 -2.6253e+00 +1.3946e+00 -9.2513e-01
39 0 +2.587764335e+01 +4.292476434e+02 +4.292476434e+02 +8.9577e-01 -3.9310e+00 -1.2025e+00 -2.4785e+00 +4.5685e-01 -1.0158e+00 +1.0115e+00 -6.9434e-01 +4.6429e+00 +3.1026e-01 +4.5657e-01 -3.8493e+00 +3.9440e+00 -1.1114e+00 -4.4441e+00 +1.9005e+00 -2.2997e+00 +3.4760e+00 -1.9104e+00 +1.5920e+00
126 0 +1.011425802e+01 +4.134842580e+02 +4.134842580e+02 -2.0699e-01 -2.3307e+00 +2.1969e-01 +6.6555e-01 -1.2547e+00 +1.1255e-01 -3.9905e-03 -1.7614e+00 +2.6031e+00 +3.4134e-01 +8.5703e-02 -9.2675e-01 +1.1167e+00 +7.4142e-01 -3.7129e-01 +1.3363e+00 +4.6388e-01 +1.4087e+00 -4.0369e-01 -7.6563e-02
131 0 +8.493030069e+00 +4.118630301e+02 +4.118630301e+02 -1.9305e-01 -2.0908e+00 +4.6238e-01 +6.7499e-01 -1.0039e+00 +2.1239e-01 -1.0516e-01 -1.6888e+00 +2.4279e+00 +3.1836e-01 +1.9093e-01 -7.6464e-01 +1.0946e+00 +7.0615e-01 -1.8032e-01 +1.1978e+00 +3.6598e-01 +1.2443e+00 -3.7651e-01 -7.1408e-02
137 0 +6.924984165e+00 +4.102949842e+02 +4.102949842e+02 -3.9215e-02 -1.3532e-01 -2.1022e-02 -1.2930e-01 -1.9013e-01 -9.6111e-02 -8.1254e-03 -1.0472e-01 +2.3645e-01 +2.0292e-02 -2.1942e-02 -4.8739e-02 +7.1959e-02 +1.5973e-01 -6.1624e-02 +7.6347e-02 +2.3328e-02 +7.9313e-02 -1.6793e-01 -4.5516e-03
194 0 +6.027784819e+00 +4.093977848e+02 +4.093977848e+02 -2.1028e-02 -2.3124e-01 +2.2170e-02 +2.4461e-02 -1.1973e-01 +2.3133e-02 -2.5589e-01 -2.9838e-01 +2.6445e-01 +2.1375e-02 +8.7065e-03 +1.1027e-01 -1.4762e-02 +7.5320e-02 +1.4722e-01 +2.6539e-01 +3.9863e-02 +2.1809e-01 -4.1010e-02 -1.2729e-01
277 0 +5.489209897e+00 +4.088592099e+02 +4.088592099e+02 -3.3072e-02 -3.3432e-01 +1.7545e-01 +1.5497e-01 -1.4557e-01 +2.6669e-02 -5.9779e-02 -2.8007e-01 +1.8953e-01 +1.9913e-01 +1.2767e-02 -7.2863e-02 +1.5584e-01 +1.0916e-01 -2.2512e-02 +2.0247e-01 +4.8716e-02 +3.3935e-01 -2.7312e-02 -2.9657e-02
305 0 +5.094935722e+00 +4.084649357e+02 +4.084649357e+02 -5.3475e-02 -3.8737e-01 +1.1329e-01 +1.1880e-01 -2.2254e-01 +1.6296e-01 +7.0669e-02 -3.7522e-01 +3.0389e-01 -6.9696e-02 +1.7432e-01 -2.6394e-01 -2.3586e-01 -1.0935e-01 -5.6802e-01 +5.0834e-01 +4.0106e-01 +2.8303e-01 -1.5873e-01 -2.1683e-02
333 0 +4.995654716e+00 +4.083656547e+02 +4.083656547e+02 -1.1262e-01 -1.5537e-01 +4.5343e-02 +1.5918e-02 +7.2173e-02 -2.0450e-01 -2.3446e-02 -1.1084e-01 +2.2208e-01 +1.2322e-01 -1.2715e-01 -1.3448e-01 +9.0941e-02 -2.5380e-02 -3.0447e-02 +2.3847e-01 -1.5311e-02 +1.6122e-01 -6.4778e-02 +6.1796e-03
814 0 +4.846302029e+00 +4.082163020e+02 +4.082163020e+02 +1.6132e-01 -2.6862e-01 +1.8017e-01 +8.8856e-02 +1.7501e-01 -4.1836e-02 -5.3463e-02 -1.1168e-01 +2.8069e-01 -3.1200e-02 +8.0160e-02 -2.6013e-01 -1.0116e-01 +3.4435e-02 +1.0761e-01 -1.0229e-01 -4.2599e-02 -8.0168e-02 -7.7992e-02 +1.7025e-02
1030 0 +4.475403250e+00 +4.078454032e+02 +4.078454032e+02 +1.4005e-01 -1.0994e-01 +1.1901e-01 +1.2169e-01 +6.4665e-02 -1.1098e-01 -2.5185e-02 -8.3485e-02 +8.0444e-02 +4.3207e-02 +2.4057e-01 -2.4037e-02 -2.3270e-02 -1.9636e-02 +1.3445e-02 +3.5700e-02 -2.2176e-02 -3.2082e-02 -6.8328e-02 -4.7772e-02
1613 0 +4.461277707e+00 +4.078312777e+02 +4.078312777e+02 +1.5006e-01 -8.8484e-02 -5.5041e-02 -1.5757e-01 +1.5707e-01 -2.2566e-02 +9.6008e-02 +5.1313e-02 -1.4582e-02 +9.2299e-02 +3.7377e-02 -7.1668e-03 +1.4267e-02 -1.0068e-01 -1.5600e-02 +2.2782e-02 +2.7602e-02 -1.3493e-01 -6.8094e-02 +3.9010e-02
2088 0 +4.241223048e+00 +4.076112230e+02 +4.076112230e+02 -8.0198e-02 -5.3246e-02 -3.9976e-01 +3.6018e-02 -9.5012e-02 +6.5990e-02 -5.2059e-02 +2.3952e-02 +4.0736e-02 +2.4173e-02 +5.2117e-02 +1.3062e-01 -4.1770e-02 -2.5369e-01 +1.0607e-01 +3.8493e-02 -2.6252e-02 +5.2792e-02 -1.5631e-01 +1.7594e-02
8515 0 +2.566885107e+00 +4.059368851e+02 +4.059368851e+02 -1.0820e-01 +3.4799e-02 -7.2058e-02 -2.2542e-01 -3.7459e-01 +3.8128e-02 -2.8933e-02 +2.8286e-01 +3.6323e-01 +9.5003e-02 +3.9818e-01 -2.4576e-02 -1.3709e-02 +2.3136e-01 +4.2368e-01 +3.5868e-01 +2.4342e-01 +4.5720e-02 -1.8652e-02 +1.1125e-01
% f evaluations | g evaluations | best noise-free fitness - Fopt (-4.895600000000e+02) + sum g_i+ | measured fitness | best measured fitness or single-digit g-values | x1 | x2...
1 0 +4.395235038e+01 -4.456076496e+02 -4.456076496e+02 -6.8667e-01 +1.9507e+00 +4.5564e+00 -1.3957e-01 +3.6087e+00 +3.9821e+00 +1.9019e+00 +3.9188e+00 -6.8621e-01 +2.7331e+00 -1.9688e+00 +3.0388e+00 -2.0947e+00 -2.1362e+00 -3.0833e+00 +7.9475e-01 +4.1607e+00 -7.3509e-01 -1.5849e-01 -2.8225e+00
6 0 +3.009187258e+01 -4.594681274e+02 -4.594681274e+02 -3.3623e+00 +2.9505e+00 -1.3480e+00 +4.8567e+00 -2.2632e+00 +4.6027e+00 -1.5186e+00 -1.4807e+00 -3.6732e+00 -9.3201e-01 -2.6692e+00 +2.3680e+00 +2.5589e-01 +1.2898e+00 -2.5423e+00 -1.6221e+00 +1.9917e+00 +4.0139e+00 +9.2230e-01 -1.5187e+00
12 0 +1.813000547e+01 -4.714299945e+02 -4.714299945e+02 -8.7094e-01 +1.7607e+00 -2.3693e+00 -1.9858e+00 -4.1707e-01 -3.7172e+00 +1.1908e+00 +4.7583e+00 -2.1511e+00 +2.3981e+00 +1.8828e+00 +1.1863e+00 -1.0885e+00 +1.1532e+00 -8.7694e-01 +1.0266e+00 +2.8073e-01 +3.3497e+00 -1.9532e+00 +1.6952e+00
126 0 +9.299016251e+00 -4.802609837e+02 -4.802609837e+02 +9.4613e-01 -5.7342e-01 -1.2587e-01 +5.8228e-01 -1.9519e-01 -1.8230e+00 +6.1179e-01 +9.4845e-01 -2.4960e-01 +1.7161e+00 +2.2649e+00 -4.0062e-01 -5.3884e-01 -1.0751e-01 -2.9096e-01 +1.2245e+00 -6.7315e-01 +4.0932e-02 -1.5852e+00 -4.8282e-01
133 0 +8.900816325e+00 -4.806591837e+02 -4.806591837e+02 +4.9297e-01 -2.9877e-01 -1.1829e-01 +3.0339e-01 -3.6721e-02 -8.6835e-01 +3.5235e-01 +5.7496e-01 -1.0445e-01 +8.9417e-01 +1.1801e+00 -3.8564e-01 -2.7948e-01 -5.6017e-02 -1.3642e-01 +6.9279e-01 -3.6469e-01 +1.1112e-01 -9.5435e-01 -2.5157e-01
136 0 +8.203573318e+00 -4.813564267e+02 -4.813564267e+02 +5.6674e-01 -2.6071e-01 -1.1043e-01 +3.4879e-01 +6.6357e-02 -9.9830e-01 +3.6647e-01 +4.6000e-01 -1.4952e-01 +9.2800e-01 +1.3567e+00 -3.5462e-01 -2.7745e-01 -7.2441e-02 -1.7429e-01 +6.8240e-01 -4.1927e-01 -8.2641e-04 -1.0375e+00 -3.2721e-01
137 0 +7.037320910e+00 -4.825226791e+02 -4.825226791e+02 +5.2306e-01 -5.8693e-01 -6.9588e-02 +4.6805e-01 -8.0351e-02 -9.2135e-01 +5.7418e-01 +5.2434e-01 -1.3799e-01 +9.4875e-01 +1.2521e+00 -2.5885e-01 -2.5607e-01 -2.5642e-02 -2.8577e-01 +7.3508e-01 -3.8695e-01 -2.1848e-03 -8.7707e-01 -2.6692e-01
172 0 +6.331521200e+00 -4.832284788e+02 -4.832284788e+02 +1.2054e-01 -7.3056e-02 +1.5570e-01 -2.0191e-02 -2.4868e-02 -2.1233e-01 +2.8999e-01 +1.2084e-01 -1.4486e-01 +2.1864e-01 +3.7220e-01 -7.5423e-02 -5.9011e-02 +1.5900e-01 -3.7070e-02 +1.6940e-01 -1.0772e-02 +1.9812e-01 -2.2066e-01 -1.4723e-02
232 0 +6.216645875e+00 -4.833433541e+02 -4.833433541e+02 +9.2914e-02 -5.1475e-02 +1.2865e-01 +5.3877e-02 -1.8642e-02 -1.6450e-01 +2.7838e-02 -4.1389e-02 -3.1584e-02 +1.7273e-01 +2.1778e-01 -1.0519e-01 -2.3212e-02 +3.2503e-04 -2.7302e-02 +1.2947e-01 -2.7263e-01 +7.6635e-02 -1.6531e-01 -4.4922e-02
255 0 +5.975897112e+00 -4.835841029e+02 -4.835841029e+02 +2.5218e-01 -2.6229e-01 +1.2121e-02 +1.4710e-01 -1.7245e-02 -4.4647e-01 +2.0348e-01 +1.8025e-01 -4.9127e-02 +4.2594e-01 +5.8339e-01 -1.5589e-01 -2.1577e-01 +2.2560e-03 -1.0146e-02 +3.8774e-01 -1.6635e-01 -2.1321e-01 -4.4866e-01 -3.7758e-01
327 0 +5.802775697e+00 -4.837572243e+02 -4.837572243e+02 +2.2280e-02 -2.1065e-02 +7.6521e-02 -1.0884e-02 -2.1712e-03 -2.9507e-01 +2.2082e-02 +2.5923e-02 -8.4797e-03 +1.5621e-01 +4.7451e-02 -9.6292e-02 -1.8370e-02 -9.2853e-02 +1.3225e-02 +3.6707e-02 -1.5145e-02 -1.1256e-01 -4.6928e-02 -2.2828e-02
410 0 +3.900668380e+00 -4.856593316e+02 -4.856593316e+02 +1.1992e-02 -4.1068e-01 +4.0570e-02 +3.2258e-02 +2.7686e-02 -1.4400e-01 +1.3777e-01 -1.6484e-01 +1.8065e-02 -2.4533e-01 +5.1431e-01 -1.7518e-01 +2.5007e-02 +5.2207e-02 +2.6048e-01 +1.5827e-01 -5.9846e-02 +2.1302e-03 -4.3802e-02 -1.3113e-01
