% f evaluations | g evaluations | best noise-free fitness - Fopt (-1.025500000000e+02) + sum g_i+ | measured fitness | best measured fitness or single-digit g-values | x1 | x2...
1 0 +4.010410681e+01 -6.244589319e+01 -6.244589319e+01 +2.6377e+00 +3.2562e+00 +4.1334e+00 -1.2771e+00 +2.3143e+00 +3.0402e+00 +4.4691e+00 -1.5743e-01 -8.5359e-01 +8.0674e-01
3 0 +3.270816880e+01 -6.984183120e+01 -6.984183120e+01 -2.6569e+00 +3.0787e+00 -1.7625e+00 +2.4562e+00 +3.5143e-02 -3.5981e+00 +6.1334e-01 -4.9938e+00 +3.7807e+00 +3.7246e+00
6 0 +2.489089861e+01 -7.765910139e+01 -7.765910139e+01 -3.1509e+00 +1.2470e+00 -6.2785e-01 -1.1895e-01 +1.8569e+00 -1.6709e+00 +2.0270e+00 -1.3278e+00 +3.8951e+00 -3.1019e+00
8 0 +1.685654610e+01 -8.569345390e+01 -8.569345390e+01 +2.0603e+00 +1.5978e+00 -1.2639e+00 -3.8724e+00 +1.1474e-01 -2.5172e+00 +3.8679e+00 -1.5041e+00 +5.9099e-01 +2.3277e+00
12 0 +1.568141090e+01 -8.686858910e+01 -8.686858910e+01 -7.6166e-01 -4.2097e-01 +3.6311e+00 -1.2135e+00 -1.8848e+00 -2.2329e+00 +4.7279e+00 -6.7445e-01 +8.6213e-02 +2.8105e+00
87 0 +1.054354991e+01 -9.200645009e+01 -9.200645009e+01 +1.5612e+00 -2.3055e+00 +3.1644e+00 +5.3013e-02 +1.0299e+00 -1.7703e-01 +1.3995e-01 +1.5925e+00 +1.8918e+00 -6.9931e-01
129 0 +1.023312517e+01 -9.231687483e+01 -9.231687483e+01 +4.9270e-01 -9.9382e-02 +1.2854e+00 -1.4224e-01 -9.2807e-01 -1.5390e+00 -8.7315e-01 +4.5367e-01 +1.8389e+00 -8.7433e-02
131 0 +8.446772090e+00 -9.410322791e+01 -9.410322791e+01 +1.8442e-01 -8.2919e-03 +2.9985e-02 -1.8070e-03 -2.8923e-02 -3.8428e-02 +2.2799e-01 +5.7941e-02 +4.4773e-02 -3.4160e-02
141 0 +6.094581105e+00 -9.645541889e+01 -9.645541889e+01 +4.9748e-01 -1.7462e-02 +1.2125e+00 -7.3070e-02 -1.1186e+00 -1.3502e+00 -8.8162e-01 +7.3940e-01 +1.8105e+00 -8.8282e-02
144 0 +5.553232262e+00 -9.699676774e+01 -9.699676774e+01 +3.3328e-01 -6.3772e-02 +3.9779e-01 -1.0561e-01 -3.8370e-01 -5.0979e-01 -1.7021e-01 +8.8749e-02 +5.9397e-01 -2.8962e-02
218 0 +4.623062565e+00 -9.792693744e+01 -9.792693744e+01 +1.9095e-01 +1.3762e-01 +8.7837e-02 +6.0120e-02 -2.5606e-01 +4.7163e-02 -6.7709e-02 +8.3734e-02 +7.1852e-02 +4.7742e-02
278 0 +4.227066717e+00 -9.832293328e+01 -9.832293328e+01 +1.1381e-01 -5.6359e-03 +1.9920e-01 -2.6003e-02 -3.8209e-01 -3.8722e-01 -4.8599e-02 +2.2335e-01 +5.1742e-01 -7.1307e-04
330 0 +3.665799143e+00 -9.888420086e+01 -9.888420086e+01 +6.9942e-02 +7.6421e-02 +1.2467e-01 -1.4675e-02 -1.7102e-01 -1.9178e-01 -2.2178e-02 +1.0607e-01 +2.3205e-01 -9.0203e-02
446 0 +3.240431356e+00 -9.930956864e+01 -9.930956864e+01 +6.1707e-02 +1.4196e-02 +7.8172e-02 +3.1497e-02 -1.4162e-01 -2.2336e-01 -7.0809e-02 +1.2021e-01 +2.3159e-01 -2.6587e-02
510 0 +2.990988095e+00 -9.955901191e+01 -9.955901191e+01 -1.9601e-01 -3.6432e-02 -4.1711e-02 +2.1434e-01 -1.9739e-01 -1.7133e-01 -6.2996e-02 +1.4688e-01 +3.6579e-01 +3.5109e-02
533 0 +1.776726798e+00 -1.007732732e+02 -1.007732732e+02 +4.5514e-02 -4.4388e-02 +1.5785e-01 -3.4051e-02 -1.9298e-01 -1.4304e-01 -4.9184e-02 +1.5772e-01 +1.7444e-01 -1.2334e-01
1584 0 +1.057371218e+00 -1.014926288e+02 -1.014926288e+02 +3.8620e-03 -7.3859e-03 -4.1070e-03 -1.0820e-03 +1.0512e-02 +1.0506e-03 +3.0892e-03 +2.6558e-03 +1.5450e-03 -9.8156e-06
4252 0 +9.979281242e-01 -1.015520719e+02 -1.015520719e+02 -1.6497e-03 +2.1573e-03 +1.2706e-03 +1.7854e-03 -3.0142e-03 +4.3271e-03 -1.3267e-02 -2.2926e-03 +2.9708e-04 +6.6597e-03
5175 0 +9.414333888e-01 -1.016085666e+02 -1.016085666e+02 -7.0836e-04 +7.0972e-05 -1.1938e-03 +4.9176e-04 -8.6843e-04 +1.4601e-03 +1.5291e-02 -9.5395e-04 +7.8993e-04 +7.5809e-04
5372 0 +4.371394111e-01 -1.021128606e+02 -1.021128606e+02 -1.6760e-03 -3.8617e-04 +1.0000e-02 +8.9757e-04 -2.3508e-03 -3.2272e-03 -3.9482e-03 +9.1897e-04 +7.9889e-04 +4.2477e-04
5986 0 +3.072193357e-01 -1.022427807e+02 -1.022427807e+02 -3.1874e-03 -9.2473e-04 +4.6886e-03 +1.9400e-04 +1.1644e-03 +1.3028e-04 +3.9154e-04 +3.3513e-04 +3.2761e-04 +2.0102e-03
% f evaluations | g evaluations | best noise-free fitness - Fopt (7.169000000000e+01) + sum g_i+ | measured fitness | best measured fitness or single-digit g-values | x1 | x2...
1 0 +9.155686993e+01 +1.632468699e+02 +1.632468699e+02 +2.8665e+00 +4.3097e+00 +1.4801e+00 +3.2250e+00 -1.6107e+00 +1.7649e+00 +4.2567e+00 +4.7438e+00 +3.6152e-01 -1.8580e+00
4 0 +1.316371154e+01 +8.485371154e+01 +8.485371154e+01 -4.6194e+00 +2.8283e+00 +2.3975e-02 -1.2393e+00 +7.7293e-01 +2.8545e+00 +5.4926e-01 +8.9343e-01 -2.8700e+00 +1.5869e-02
128 0 +1.241392120e+01 +8.410392120e+01 +8.410392120e+01 -5.8874e-01 +4.8839e-01 +2.5712e-01 +3.7097e-01 +4.4998e-01 +2.2541e-01 +1.2322e-01 +9.4192e-02 -2.2202e-01 -2.5432e-01
129 0 +8.899512127e+00 +8.058951213e+01 +8.058951213e+01 -1.5684e-01 +1.8582e-01 +2.2554e-01 -4.8641e-02 +1.2069e-01 +9.1284e-02 +3.5268e-02 +2.1356e-02 -1.3359e-01 -7.2792e-02
136 0 +5.808572424e+00 +7.749857242e+01 +7.749857242e+01 -1.9053e+00 +1.6981e+00 +9.5692e-01 +1.0055e+00 +1.4865e+00 +1.1089e+00 +2.8852e-01 -1.4377e-01 -1.6228e+00 -8.8428e-01
167 0 +4.721914412e+00 +7.641191441e+01 +7.641191441e+01 -1.0463e+00 +1.1004e+00 +5.0865e-01 +5.2239e-01 +8.4445e-01 +5.1967e-01 +2.3528e-01 -7.5463e-02 -8.5050e-01 -4.6378e-01
318 0 +4.537617487e+00 +7.622761749e+01 +7.622761749e+01 +8.3522e-02 -5.7103e-02 -6.9095e-02 -1.7281e-01 -1.5067e-01 -3.4816e-03 +7.3112e-03 +1.3896e-01 +4.2671e-01 +1.2195e-01
332 0 +4.195658138e+00 +7.588565814e+01 +7.588565814e+01 -3.7581e-03 +3.3370e-03 +3.2560e-02 +2.2421e-03 -8.1323e-02 +2.1058e-03 +1.2694e-03 -8.1018e-02 -2.8705e-03 -1.3880e-03
408 0 +4.158837584e+00 +7.584883758e+01 +7.584883758e+01 -3.4109e-01 +3.5765e-01 +1.9677e-01 +1.7299e-01 +3.0795e-01 +1.9113e-01 +1.1047e-01 -7.0707e-02 -2.6054e-01 -4.3237e-01
515 0 +3.978180717e+00 +7.566818072e+01 +7.566818072e+01 -3.6954e-01 +2.2420e-01 -1.1062e-02 +3.1957e-01 +2.4768e-01 +6.6882e-01 -7.9600e-02 -1.5132e-01 -9.2137e-02 -1.2372e-01
893 0 +2.560530775e+00 +7.425053078e+01 +7.425053078e+01 -2.0746e-02 +3.2596e-03 -7.3526e-03 -1.0821e-02 -2.2188e-03 -2.5095e-04 -3.2957e-03 -1.3403e-02 -1.3131e-03 -6.5511e-03
938 0 +1.009616053e+00 +7.269961605e+01 +7.269961605e+01 -8.9777e-03 +5.3093e-03 -1.1896e-02 +1.3432e-03 -2.7219e-04 -5.7448e-03 -2.4856e-03 +9.4356e-04 -3.3158e-03 -1.1896e-02
6732 0 +2.704665426e-01 +7.196046654e+01 +7.196046654e+01 +1.7965e-03 -4.5773e-04 -1.1884e-03 -2.3454e-04 +3.3964e-04 +6.7915e-04 +1.4720e-03 +6.4996e-04 +2.3926e-03 +8.1863e-04
% f evaluations | g evaluations | best noise-free fitness - Fopt (2.140100000000e+02) + sum g_i+ | measured fitness | best measured fitness or single-digit g-values | x1 | x2...
1 0 +1.758975596e+01 +2.315997560e+02 +2.315997560e+02 +1.3050e+00 +3.3309e+00 +1.0051e+00 +1.9799e+00 +2.0259e+00 -6.2804e-01 -2.0859e+00 +2.1700e+00 -1.4670e+00 -1.8457e+00
73 0 +1.703977735e+01 +2.310497774e+02 +2.310497774e+02 -4.3926e-01 +5.5143e-01 -8.2362e-02 +7.5535e-02 -3.7498e+00 +1.9958e+00 -1.8036e+00 +8.1314e-01 +1.7913e+00 -3.7745e+00
126 0 +9.050450810e+00 +2.230604508e+02 +2.230604508e+02 +1.2263e-01 +2.2421e-01 +3.2392e-01 -1.3764e-01 -1.8117e-01 +4.9539e-01 -4.3337e-02 +1.4729e-01 +4.0741e-01 -1.3699e-01
129 0 +6.650220033e+00 +2.206602200e+02 +2.206602200e+02 +1.5732e-01 +2.8764e-01 +4.1556e-01 -2.8270e-01 -2.3242e-01 +7.4054e-01 -4.5046e-02 +3.0003e-01 +5.2266e-01 -1.7575e-01
139 0 +4.950694220e+00 +2.189606942e+02 +2.189606942e+02 +2.9347e-02 +2.7053e-01 +3.9084e-01 -2.6588e-01 -2.1859e-01 +5.6768e-01 -1.3230e-04 +2.8218e-01 +4.9158e-01 -1.6530e-01
183 0 +4.467621407e+00 +2.184776214e+02 +2.184776214e+02 -2.1863e-02 +9.6706e-02 +1.1417e-01 -9.5043e-02 -1.0521e-01 +3.2940e-01 -1.2979e-02 +4.2678e-03 +3.5823e-01 -5.9087e-02
196 0 +3.766857387e+00 +2.177768574e+02 +2.177768574e+02 +3.0238e-01 +5.5285e-01 +8.6118e-01 -5.4335e-01 -4.4671e-01 +1.1601e+00 -2.7036e-04 +5.7666e-01 +1.0046e+00 -4.5970e-01
488 0 +3.227511371e+00 +2.172375114e+02 +2.172375114e+02 -3.2888e-03 +1.6196e-01 +5.6954e-02 -4.0182e-02 -1.2686e-01 +1.4809e-01 -2.4000e-03 +1.4980e-01 +7.4126e-02 -4.8777e-03
917 0 +3.046338584e+00 +2.170563386e+02 +2.170563386e+02 -2.6331e-01 +8.1850e-02 -1.6762e-01 -4.5751e-02 +8.2956e-03 +1.1072e-01 -1.2576e-01 +5.8949e-03 +2.0195e-01 -6.7512e-02
961 0 +1.199402366e+00 +2.152094024e+02 +2.152094024e+02 +2.4238e-03 -2.8743e-03 -8.1395e-03 -3.8372e-02 -2.3423e-02 +1.1433e-02 -4.0571e-02 +1.8059e-02 +1.1022e-02 -4.6910e-03
3035 0 +9.034685891e-01 +2.149134686e+02 +2.149134686e+02 -1.1804e-03 +1.6641e-02 +1.4617e-03 +3.1088e-04 -1.5716e-03 +1.0962e-03 +1.9218e-03 +3.5579e-05 +6.5499e-04 +2.3229e-04
3630 0 +4.562453956e-01 +2.144662454e+02 +2.144662454e+02 +1.1235e-03 -3.9816e-05 +3.2783e-04 -1.1417e-03 -2.7581e-04 +8.4502e-04 +7.7745e-06 -5.3006e-04 -1.0943e-02 -1.0053e-04
% f evaluations | g evaluations | best noise-free fitness - Fopt (-5.848000000000e+01) + sum g_i+ | measured fitness | best measured fitness or single-digit g-values | x1 | x2...
1 0 +7.175788394e+01 +1.327788394e+01 +1.327788394e+01 +4.9842e+00 -3.2412e+00 +4.2655e+00 +4.1574e+00 +3.6449e-01 -8.3150e-01 +3.8593e+00 +1.4727e+00 -7.6326e-02 -2.3398e+00
2 0 +4.030335880e+01 -1.817664120e+01 -1.817664120e+01 -3.1907e+00 -4.5631e+00 +2.4998e+00 -1.3615e+00 +1.5693e+00 -9.3224e-02 +1.5422e+00 +4.6555e+00 +3.8381e+00 -2.2228e+00
4 0 +2.737927315e+01 -3.110072685e+01 -3.110072685e+01 +3.8522e+00 +4.0381e-01 -3.3632e+00 +2.9953e+00 +1.2936e+00 +3.5603e+00 -2.4487e-01 +2.1302e+00 +1.5239e+00 -3.3608e+00
16 0 +2.410903421e+01 -3.437096579e+01 -3.437096579e+01 +4.5181e+00 +2.4703e+00 +2.0934e-02 -1.5080e+00 -5.5023e-01 -2.0773e+00 +2.9907e+00 -6.4151e-01 +1.2836e-01 -1.1537e+00
27 0 +2.162365148e+01 -3.685634852e+01 -3.685634852e+01 -2.9372e-01 +1.4311e+00 -1.1532e+00 +2.5328e+00 -4.4335e+00 +1.7649e+00 -2.7807e+00 +3.5446e+00 -1.7312e+00 -6.2246e-01
59 0 +1.863668208e+01 -3.984331792e+01 -3.984331792e+01 +7.9802e-01 -3.6716e+00 +1.6713e-01 +3.7216e+00 -2.7482e+00 +3.7798e+00 -2.7340e-01 -1.6967e-01 -4.3973e-01 -3.1715e+00
72 0 +1.643610502e+01 -4.204389498e+01 -4.204389498e+01 -1.1838e+00 -1.2519e+00 +1.2580e+00 -3.8100e-01 -1.6913e+00 +4.5452e+00 +1.5122e+00 -1.2233e+00 -2.9972e+00 +2.4949e+00
100 0 +1.543316850e+01 -4.304683150e+01 -4.304683150e+01 -1.6454e+00 -2.9999e+00 +1.0453e+00 +4.1970e-02 +2.0879e+00 +1.7732e+00 -1.0437e+00 -6.7384e-01 -6.1192e-01 +1.6780e+00
126 0 +1.091398213e+01 -4.756601787e+01 -4.756601787e+01 -1.7939e-02 -1.8674e-01 -1.9981e-01 +1.5601e-02 -1.6188e-01 +1.9696e-01 -4.0184e-01 +3.2768e-01 -6.0528e-01 +3.0060e-01
127 0 +1.036861993e+01 -4.811138007e+01 -4.811138007e+01 +7.0107e-02 -4.9248e-01 -4.1456e-01 +1.6853e-01 -6.2172e-01 +6.2272e-01 -1.0054e+00 +9.1689e-01 -1.3152e+00 +8.4476e-01
128 0 +1.004527202e+01 -4.843472798e+01 -4.843472798e+01 +1.6220e-01 -5.2819e-01 -5.5495e-01 -9.5928e-02 -4.8866e-01 +6.3473e-01 -8.9950e-01 +9.2686e-01 -1.1767e+00 +8.4883e-01
129 0 +5.030878323e+00 -5.344912168e+01 -5.344912168e+01 -1.2559e-01 -4.5049e-01 -5.7357e-01 +4.5609e-02 -5.0372e-01 +5.7580e-01 -9.2969e-01 +9.5796e-01 -1.2161e+00 +9.0668e-01
218 0 +3.603537096e+00 -5.487646290e+01 -5.487646290e+01 +6.8149e-02 -2.5343e-01 -5.1016e-02 +1.9864e-02 -1.9905e-01 +1.5886e-01 -1.5593e-01 +2.1414e-02 -7.5422e-02 +1.9855e-01
270 0 +3.529269680e+00 -5.495073032e+01 -5.495073032e+01 -1.2515e-02 -1.0168e-01 -1.0703e-01 +8.7633e-03 -1.0235e-01 +1.1690e-01 -1.8476e-01 +1.9045e-01 -2.4215e-01 +1.7890e-01
322 0 +2.858258146e+00 -5.562174185e+01 -5.562174185e+01 +1.4738e-01 -2.4109e-01 -4.3369e-01 -1.2131e-01 -3.9665e-01 +2.8542e-01 -5.7150e-01 +4.8893e-01 -4.5972e-01 +5.4295e-01
935 0 +2.605999022e-01 -5.821940010e+01 -5.821940010e+01 +5.2612e-04 -3.1356e-04 -6.1360e-05 +6.3618e-06 -4.5195e-04 -9.9728e-05 -6.5511e-04 +6.3438e-04 -4.5081e-04 +6.4222e-04
7769 0 +2.470066641e-01 -5.823299334e+01 -5.823299334e+01 +3.7420e-04 -7.2275e-04 +3.3211e-05 -2.6334e-04 +3.7189e-04 -2.0547e-04 +7.4897e-05 -9.0260e-04 +3.0370e-04 +4.7398e-05
% f evaluations | g evaluations | best noise-free fitness - Fopt (-6.130800000000e+02) + sum g_i+ | measured fitness | best measured fitness or single-digit g-values | x1 | x2...
1 0 +1.808026657e+01 -5.949997334e+02 -5.949997334e+02 -2.5009e+00 +8.4111e-01 +3.7465e+00 +3.0454e+00 +1.5983e+00 +2.8857e+00 +2.4223e+00 -2.7423e+00 -3.3935e+00 +1.6098e+00
5 0 +1.783875229e+01 -5.952412477e+02 -5.952412477e+02 +3.7152e+00 -2.3087e-01 -1.1013e+00 -3.4521e-01 +6.9994e-01 +1.8816e+00 -1.4361e+00 +2.0595e+00 +1.0728e+00 +3.5028e+00
56 0 +1.713292463e+01 -5.959470754e+02 -5.959470754e+02 -2.2559e+00 +2.0632e+00 +4.1039e+00 -1.5587e+00 -4.7977e-01 +2.9155e-01 -3.5916e+00 -2.0599e-02 +1.2054e+00 -4.7552e-01
63 0 +1.378493069e+01 -5.992950693e+02 -5.992950693e+02 -2.6192e-01 +2.2982e+00 +9.1888e-01 -9.5219e-01 -3.2238e+00 +1.3898e+00 +3.2151e+00 +4.2807e-01 -1.6198e+00 -2.9038e+00
126 0 +8.353604972e+00 -6.047263950e+02 -6.047263950e+02 +1.1760e-01 +6.7391e-01 -8.2626e-02 +4.6389e-01 +2.3120e-01 +5.0463e-01 +1.1721e+00 +3.8694e-01 -8.3522e-01 -1.1561e-01
127 0 +7.658227413e+00 -6.054217726e+02 -6.054217726e+02 +1.8914e-01 +1.1024e+00 -1.3289e-01 +7.5756e-01 +3.5380e-01 +8.1443e-01 +1.5664e+00 +6.1046e-01 -1.2799e+00 -1.8595e-01
128 0 +7.056140652e+00 -6.060238593e+02 -6.060238593e+02 +2.4597e-01 +1.3405e+00 -1.7901e-01 +1.0050e+00 +5.0089e-01 +1.0971e+00 +2.2295e+00 +7.8831e-01 -1.8095e+00 -3.8108e-01
134 0 +6.441064104e+00 -6.066389359e+02 -6.066389359e+02 +2.5531e-01 +7.7450e-01 -1.0075e-01 +4.4202e-01 +4.7850e-01 +8.5028e-01 +1.2396e+00 +3.7645e-01 -1.0185e+00 -1.4098e-01
154 0 +4.307879298e+00 -6.087721207e+02 -6.087721207e+02 +4.2340e-01 +8.8940e-01 -1.4577e-01 +7.2972e-01 +2.8040e-01 +7.9655e-01 +1.6188e+00 +4.6502e-01 -1.3138e+00 -5.8618e-02
165 0 +3.741387943e+00 -6.093386121e+02 -6.093386121e+02 +2.0296e-01 +4.1794e-01 -6.4732e-02 +3.6343e-01 +2.3644e-02 +3.7816e-01 +8.0623e-01 +3.2967e-01 -6.2115e-01 -4.9697e-02
361 0 +3.382670328e+00 -6.096973297e+02 -6.096973297e+02 +1.4885e-01 +7.0193e-02 -4.3786e-02 +2.5803e-01 +6.7135e-02 +2.5177e-01 +5.4795e-01 +1.9838e-01 -5.2818e-01 +6.7486e-02
540 0 +3.036772004e+00 -6.100432280e+02 -6.100432280e+02 +2.4655e-03 +1.5999e-02 -4.0038e-03 -1.9512e-02 +4.0554e-02 +1.3227e-02 +2.1577e-02 +1.9500e-02 -3.3569e-02 +1.5503e-03
1096 0 +7.463731836e-01 -6.123336268e+02 -6.123336268e+02 -3.4629e-03 +1.7326e-03 -8.0517e-04 +2.4389e-03 +1.4449e-03 -1.1539e-02 +3.5898e-03 +1.8056e-03 -2.1913e-03 -7.4601e-03
3426 0 +6.280778729e-01 -6.124519221e+02 -6.124519221e+02 -1.9959e-03 +1.9586e-03 +1.3175e-03 +8.4341e-03 +3.2602e-03 +2.4402e-03 +4.2808e-04 -1.7763e-03 +3.8622e-03 -4.2607e-03
9474 0 +4.563282888e-01 -6.126236717e+02 -6.126236717e+02 -6.7326e-04 +2.6273e-04 +5.2086e-04 +1.9785e-03 +1.1302e-03 +4.1689e-04 -1.0092e-02 -8.8029e-04 +5.6659e-04 -2.0667e-04
% f evaluations | g evaluations | best noise-free fitness - Fopt (-1.573300000000e+02) + sum g_i+ | measured fitness | best measured fitness or single-digit g-values | x1 | x2...
1 0 +9.207957188e+01 -6.525042812e+01 -6.525042812e+01 +5.7022e-01 -1.1827e+00 +4.8833e+00 +2.4648e+00 +1.3200e+00 -1.0995e+00 -3.2301e+00 +4.3807e+00 +4.4289e+00 +3.8083e+00
3 0 +2.616640854e+01 -1.311635915e+02 -1.311635915e+02 -2.7597e+00 -4.8218e+00 +3.0065e+00 -1.8682e+00 +8.7579e-02 -1.2564e+00 -4.6356e+00 +2.5843e+00 -4.8695e-01 -1.3165e+00
12 0 +1.915804150e+01 -1.381719585e+02 -1.381719585e+02 +3.0371e+00 +1.4711e+00 +1.9201e+00 -3.0693e+00 -1.6652e+00 -3.1974e+00 +2.0914e+00 -1.0477e+00 +2.3015e+00 +2.7992e+00
66 0 +1.614813871e+01 -1.411818613e+02 -1.411818613e+02 +1.3434e+00 +3.4265e+00 -6.7606e-01 +2.9079e+00 +2.5316e+00 +1.8081e+00 +2.9075e+00 -1.9557e-01 +3.2018e+00 +4.9286e+00
126 0 +1.014719702e+01 -1.471828030e+02 -1.471828030e+02 -2.4265e-01 -2.2176e-01 +3.8398e-02 +2.8031e-01 -1.2207e-01 -2.0527e-01 +2.0342e-01 -1.3773e-01 -1.1483e-01 +6.1475e-01
131 0 +7.559900993e+00 -1.497700990e+02 -1.497700990e+02 -1.0471e-02 -4.8968e-03 +5.0748e-02 +4.1699e-02 -6.0539e-02 -1.1581e-02 -6.0476e-02 -1.4228e-02 -1.2628e-02 +6.0711e-02
133 0 +6.038743405e+00 -1.512912566e+02 -1.512912566e+02 -7.4256e-02 -4.9414e-02 -5.0088e-02 +3.5122e-01 -2.7305e-02 -8.2128e-02 +1.2495e-01 -2.0419e-02 -8.9553e-02 +4.3055e-01
138 0 +3.188142893e+00 -1.541418571e+02 -1.541418571e+02 -1.4938e-01 -7.5787e-02 +5.3460e-02 +3.6254e-02 -3.3475e-03 -1.0069e-02 -1.1322e-01 -2.5033e-03 -3.6402e-02 +5.2784e-02
283 0 +3.124196905e+00 -1.542058031e+02 -1.542058031e+02 -1.3689e-01 -2.2644e-01 +5.1712e-02 +4.0853e-01 +9.8368e-03 -1.0823e-01 +2.8467e-01 +2.4860e-03 -1.3581e-01 +5.7087e-01
326 0 +2.860527244e+00 -1.544694728e+02 -1.544694728e+02 -1.5960e-01 -1.8658e-01 +1.1197e-02 +2.5910e-01 -8.0995e-02 -8.2748e-02 +2.5319e-01 -1.1092e-01 -9.7837e-02 +4.5651e-01
571 0 +2.501970605e+00 -1.548280294e+02 -1.548280294e+02 -3.4972e-02 -3.7970e-02 +8.1175e-03 +1.3011e-02 -9.4109e-03 +1.3246e-01 -4.2342e-02 -5.6261e-03 -1.2039e-01 +9.5066e-02
3562 0 +1.845424432e+00 -1.554845756e+02 -1.554845756e+02 -1.7020e-01 +2.2099e-02 +2.4853e-03 -1.0917e-02 +1.1587e-01 -1.0103e-01 -1.1574e-03 -6.8078e-03 -2.9369e-01 -1.3956e-01
3927 0 +1.089659765e+00 -1.562403402e+02 -1.562403402e+02 +7.5125e-03 -1.2467e-02 +8.0283e-04 +5.0663e-03 +1.4020e-03 +1.0480e-02 +1.6750e-03 -4.9195e-03 -6.6763e-03 +5.7120e-03
7758 0 +3.489118535e-01 -1.569810881e+02 -1.569810881e+02 +1.6147e-03 -3.3249e-03 -8.5492e-04 +5.0795e-04 -7.9023e-04 -1.2790e-03 -1.1837e-03 -2.0811e-03 -4.2543e-04 +2.5919e-03
7968 0 +3.111955663e-01 -1.570188044e+02 -1.570188044e+02 +6.1726e-04 -3.4009e-04 +2.1523e-03 -8.4414e-04 -1.1658e-03 -1.9095e-03 +1.4157e-03 +7.0668e-04 -1.4307e-03 +6.6147e-05
% f evaluations | g evaluations | best noise-free fitness - Fopt (-5.738000000000e+01) + sum g_i+ | measured fitness | best measured fitness or single-digit g-values | x1 | x2...
1 0 +4.206413555e+01 -1.531586445e+01 -1.531586445e+01 -1.8208e+00 -2.2666e+00 -1.7871e+00 -3.8877e+00 +4.7028e+00 +2.9094e+00 -9.2918e-01 -2.0358e+00 -1.3943e+00 -9.3025e-01
3 0 +3.121311590e+01 -2.616688410e+01 -2.616688410e+01 +1.4856e+00 -1.8368e+00 +3.9615e+00 -2.4662e+00 +3.0518e+00 +8.7431e-01 +1.4984e+00 +2.5427e+00 -5.4201e-01 +1.6944e+00
5 0 +1.367716938e+01 -4.370283062e+01 -4.370283062e+01 +8.4772e-01 -1.4985e+00 +4.5920e+00 -8.6333e-01 -6.0999e-01 +5.6061e-01 -1.7813e-01 +4.7349e+00 -2.0337e-01 -6.5559e-01
70 0 +1.168946467e+01 -4.569053533e+01 -4.569053533e+01 +4.8865e+00 +7.2148e-01 -3.3377e-01 +4.4162e-02 +2.1552e+00 -2.4031e+00 -2.7083e-01 -3.2996e+00 -3.8690e-01 -1.8106e+00
101 0 +1.118147063e+01 -4.619852937e+01 -4.619852937e+01 +4.9143e+00 +1.1260e+00 -7.8867e-01 +5.3515e-01 +1.9685e+00 -2.7605e+00 -3.3134e-01 -3.8726e+00 -3.9523e-01 -1.8653e+00
126 0 +3.069942599e+00 -5.431005740e+01 -5.431005740e+01 +2.2985e-01 -1.7932e-01 +1.2653e-01 -2.8302e-02 -4.9039e-02 -1.0298e-01 +3.4784e-01 +1.1033e-01 +9.8592e-02 -2.2902e-01
584 0 +2.818421329e+00 -5.456157867e+01 -5.456157867e+01 +2.5019e-02 -1.6603e-01 +6.3075e-02 -1.2401e-02 -5.1013e-02 -9.0640e-02 +2.3710e-01 +1.1050e-02 +1.5845e-01 -1.3815e-01
1053 0 +2.259167885e+00 -5.512083211e+01 -5.512083211e+01 +2.8024e-04 -1.2606e-04 +1.5756e-02 +2.2194e-03 +7.2521e-04 +9.5061e-04 +2.5779e-03 +2.2290e-03 +1.7817e-02 -5.0456e-03
1491 0 +1.850754351e+00 -5.552924565e+01 -5.552924565e+01 +5.4362e-04 +4.0978e-03 +1.7291e-02 -5.4203e-03 +6.1204e-03 +5.4530e-03 -1.9057e-03 +2.7665e-03 +3.0082e-03 -2.2716e-03
1835 0 +1.460942121e+00 -5.591905788e+01 -5.591905788e+01 -1.0064e-02 +7.1178e-03 +1.0883e-03 +4.5617e-03 -3.8475e-04 +2.8301e-03 +2.4404e-03 -1.8144e-03 +4.3238e-03 +2.2747e-02
7192 0 +2.500801813e-01 -5.712991982e+01 -5.712991982e+01 +2.6037e-04 +4.3326e-05 -1.3323e-04 -1.0835e-04 -5.2270e-04 -4.1561e-05 -1.0469e-04 +5.5656e-05 -3.1734e-04 +4.2660e-04
% f evaluations | g evaluations | best noise-free fitness - Fopt (3.301100000000e+02) + sum g_i+ | measured fitness | best measured fitness or single-digit g-values | x1 | x2...
1 0 +5.433269449e+01 +3.844426945e+02 +3.844426945e+02 -4.2643e+00 -3.5952e+00 -2.6624e+00 +3.9627e+00 +1.5784e+00 +2.5113e+00 +2.4007e+00 +1.6133e+00 -2.8125e+00 +1.2369e+00
2 0 +1.770254655e+01 +3.478125466e+02 +3.478125466e+02 +3.8952e+00 +9.7978e-01 +4.7574e-01 -4.3472e+00 -9.1382e-01 +2.4561e+00 -2.4181e+00 +2.1862e-01 -4.7270e-01 +4.2395e-01
4 0 +1.682742954e+01 +3.469374295e+02 +3.469374295e+02 +2.0617e+00 -9.1484e-01 +2.0292e+00 +1.9322e+00 -3.0745e-01 -5.9992e-01 -2.1594e+00 +1.4876e+00 -2.1804e+00 +1.8233e+00
13 0 +1.332841842e+01 +3.434384184e+02 +3.434384184e+02 -7.8582e-01 -9.1196e-01 -1.8860e+00 +2.2983e+00 -9.5270e-01 -1.2429e+00 +1.1649e+00 +1.2938e+00 +2.1455e+00 -3.1573e+00
44 0 +1.268349000e+01 +3.427934900e+02 +3.427934900e+02 +2.1014e-02 +1.0880e+00 -2.2163e+00 -1.0248e+00 +9.3397e-01 +3.5437e-01 +8.9020e-02 -2.3233e+00 +3.7631e-01 -2.6433e+00
126 0 +9.522735294e+00 +3.396327353e+02 +3.396327353e+02 +4.9929e-01 +4.5523e-01 +3.5484e-01 +2.1600e-01 +8.7078e-01 +6.8044e-01 +4.2133e-01 +3.1285e-01 -6.3925e-01 -4.4264e-01
127 0 +6.493060300e+00 +3.366030603e+02 +3.366030603e+02 +5.0716e-01 +4.6648e-01 +2.1113e-01 +1.5622e-01 +6.2980e-01 +4.9213e-01 +2.2275e-01 +2.2627e-01 -5.3676e-01 -3.2014e-01
128 0 +3.500895427e+00 +3.336108954e+02 +3.336108954e+02 +4.4393e-01 +3.2243e-01 +2.6198e-01 +7.6952e-02 +6.0396e-01 +5.1267e-01 +2.9099e-01 +1.5714e-01 -5.6515e-01 -3.4800e-01
226 0 +2.441296568e+00 +3.325512966e+02 +3.325512966e+02 +2.0630e-01 +1.2715e-03 +2.3507e-01 +7.3925e-02 +3.5998e-01 +3.5706e-01 +3.2418e-01 +2.7793e-02 -2.8522e-01 -1.6805e-01
411 0 +2.283301559e+00 +3.323933016e+02 +3.323933016e+02 +6.7662e-02 +2.3678e-02 +2.3189e-01 +7.2867e-02 +1.3061e-01 +1.6922e-01 -2.3366e-01 +2.9846e-02 -9.2769e-02 +3.3537e-01
889 0 +2.048776204e+00 +3.321587762e+02 +3.321587762e+02 -8.8169e-03 +7.9180e-03 -2.6968e-02 +1.6210e-03 +8.2350e-03 -1.1726e-03 -4.6778e-03 +6.9985e-04 +4.0091e-03 +1.1945e-03
1650 0 +1.708787201e+00 +3.318187872e+02 +3.318187872e+02 -1.0685e-02 -1.8003e-02 +8.1587e-03 -7.5535e-04 -2.3917e-03 +1.1445e-02 +7.7773e-04 +1.1785e-02 +1.1435e-02 +1.1167e-02
2759 0 +8.870494869e-01 +3.309970495e+02 +3.309970495e+02 +1.3103e-03 -5.3334e-03 -2.9106e-03 +6.5459e-04 -1.1069e-02 -4.3944e-03 +3.3476e-03 +4.4334e-03 +2.8837e-03 +6.8983e-03
3379 0 +7.456375105e-01 +3.308556375e+02 +3.308556375e+02 -4.6845e-03 +1.1154e-03 +1.4643e-03 -1.3792e-03 +1.1731e-04 -7.2139e-03 -4.0671e-04 +1.1914e-02 -9.1413e-04 +2.7857e-03
3538 0 +4.367064696e-01 +3.305467065e+02 +3.305467065e+02 +2.0556e-03 +1.7121e-03 +9.3553e-03 +7.8666e-04 -1.3826e-04 -1.0619e-03 -1.4735e-03 +1.0261e-04 +3.5560e-05 -3.7459e-05
% f evaluations | g evaluations | best noise-free fitness - Fopt (-2.440000000000e+00) + sum g_i+ | measured fitness | best measured fitness or single-digit g-values | x1 | x2...
1 0 +9.093801268e+01 +8.849801268e+01 +8.849801268e+01 +6.7653e-01 +1.1148e+00 +3.7831e+00 +4.3506e+00 +4.9018e+00 +4.4361e+00 -3.0512e+00 +3.2642e+00 +4.3955e+00 -6.8851e-02
2 0 +4.017514389e+01 +3.773514389e+01 +3.773514389e+01 -1.8380e+00 +3.4030e+00 +3.1457e-01 -3.3636e+00 -3.7270e+00 +2.1815e+00 -1.2240e-01 -3.5058e+00 +1.7763e+00 +4.2565e-01
3 0 +2.400867432e+01 +2.156867432e+01 +2.156867432e+01 +3.3682e+00 -2.0385e+00 +5.9654e-01 +2.5875e+00 +9.7671e-01 +4.7444e+00 +3.9582e-01 +4.1099e-02 +1.2267e-01 +1.9271e+00
25 0 +2.196558185e+01 +1.952558185e+01 +1.952558185e+01 -1.9758e-01 +1.2479e+00 +9.6560e-01 -3.1225e+00 +1.3105e+00 -2.7219e+00 -3.8404e+00 +6.9501e-01 +2.9641e-01 -1.4901e+00
35 0 +2.124894139e+01 +1.880894139e+01 +1.880894139e+01 -2.2961e+00 +3.6377e+00 -1.2150e+00 +4.8893e-02 -1.4900e+00 +2.0180e+00 +4.3198e-01 +2.7707e+00 -1.2849e+00 +8.4744e-02
52 0 +1.188632278e+01 +9.446322780e+00 +9.446322780e+00 +2.8920e+00 +3.4883e-01 -2.7108e-02 +1.4987e+00 -3.0487e-01 +2.8117e+00 +7.8704e-01 -1.0562e+00 +8.3556e-01 +4.8986e-01
126 0 +3.930967491e+00 +1.490967491e+00 +1.490967491e+00 +3.9878e-01 +4.7133e-01 +1.8925e-01 +1.9625e-01 -1.3633e-01 +1.0828e-01 +1.3467e-01 +7.3473e-02 +4.3071e-01 -2.4342e-02
131 0 +3.680073173e+00 +1.240073173e+00 +1.240073173e+00 +3.4473e-02 +3.5165e-01 +1.2252e-01 +2.5200e-02 -1.8662e-01 +1.4789e-01 +8.7190e-02 +2.0206e-01 +2.7886e-01 +5.1338e-02
303 0 +3.339267594e+00 +8.992675939e-01 +8.992675939e-01 +7.7379e-02 +4.9175e-01 +1.9335e-01 +2.5482e-02 -2.8444e-01 +2.1282e-01 +1.3925e-01 +1.3261e-01 +3.9948e-01 +2.1412e-03
485 0 +3.142795077e+00 +7.027950773e-01 +7.027950773e-01 +2.4021e-01 +2.3715e-01 +1.6861e-01 +4.7216e-03 -1.7744e-01 +9.6789e-02 +7.7134e-02 +8.2679e-02 +2.3707e-01 -7.5167e-02
765 0 +3.053258291e+00 +6.132582907e-01 +6.132582907e-01 +6.7467e-03 +8.9947e-04 +4.6959e-03 +2.5002e-04 -2.7434e-04 -4.5899e-04 -1.0425e-03 -3.5595e-02 -2.8183e-02 -1.7622e-03
923 0 +1.145177414e+00 -1.294822586e+00 -1.294822586e+00 +1.9401e-01 -2.9173e-02 +5.0398e-02 -2.4779e-01 +2.7322e-02 -1.0957e-01 -1.2248e-01 +1.3895e-01 +1.6569e-01 -4.1423e-02
4440 0 +6.407112148e-01 -1.799288785e+00 -1.799288785e+00 -5.1456e-04 -3.9970e-03 -1.5968e-03 +9.7355e-05 +6.1987e-04 -1.3531e-03 +1.1355e-03 +5.4584e-04 -3.9160e-04 +1.4962e-02
% f evaluations | g evaluations | best noise-free fitness - Fopt (1.240000000000e+00) + sum g_i+ | measured fitness | best measured fitness or single-digit g-values | x1 | x2...
1 0 +9.971218726e+01 +1.009521873e+02 +1.009521873e+02 -2.6740e+00 +3.7635e+00 -2.9744e+00 -6.0556e-01 +3.7499e+00 +2.1215e-01 -4.7704e+00 -4.6503e+00 -3.4476e+00 +4.0219e+00
2 0 +3.404184804e+01 +3.528184804e+01 +3.528184804e+01 -4.6824e-01 +2.8553e-01 -9.1673e-01 -2.3731e+00 +2.1567e+00 +4.6747e+00 -1.6680e+00 +4.6963e+00 -6.9647e-02 +1.8353e+00
5 0 +3.368757334e+01 +3.492757334e+01 +3.492757334e+01 +1.4457e+00 +3.5453e+00 +2.9725e+00 -2.2888e+00 -4.1908e+00 +3.6172e+00 +1.9586e+00 -7.2250e-01 +1.9668e+00 -1.2072e-01
10 0 +3.065723295e+01 +3.189723295e+01 +3.189723295e+01 -4.1188e+00 +2.4162e+00 -3.2840e-01 +3.2343e+00 -2.9607e+00 -1.0803e+00 -1.3440e+00 +2.0292e+00 -1.0495e-01 -2.6385e+00
11 0 +2.153716830e+01 +2.277716830e+01 +2.277716830e+01 -4.3854e+00 +1.0627e+00 +1.5294e+00 +1.9681e+00 +9.1511e-01 +5.7029e-01 +5.5867e-01 -4.3980e-01 -4.5843e+00 -1.3542e+00
39 0 +1.175126680e+01 +1.299126680e+01 +1.299126680e+01 -7.6999e-01 -2.2109e-01 +2.6929e+00 -7.6843e-01 -1.1145e+00 -7.4988e-01 +7.0823e-01 +1.4260e+00 +1.3652e-01 +1.2504e+00
126 0 +7.096767945e+00 +8.336767945e+00 +8.336767945e+00 -1.5351e-02 +1.2220e-01 +1.2195e-01 +3.1018e-02 -2.2511e-01 +1.3267e-01 +1.2351e-01 -2.1729e-03 +6.3526e-02 +3.4501e-02
127 0 +6.704948872e+00 +7.944948872e+00 +7.944948872e+00 +2.9174e-02 +6.0654e-01 +9.9699e-01 -3.7846e-01 -1.1008e+00 +6.8703e-01 +6.3960e-01 +9.5923e-02 +2.0902e-01 +1.7866e-01
131 0 +6.273258420e+00 +7.513258420e+00 +7.513258420e+00 +2.5163e-02 +9.6740e-02 +1.5242e-01 -6.2229e-02 -2.1158e-01 +1.5584e-01 -3.2288e-02 +1.0831e-01 +6.9859e-02 -6.1793e-02
146 0 +5.815149143e+00 +7.055149143e+00 +7.055149143e+00 -4.2853e-02 +4.0008e-01 +6.3034e-01 -2.5735e-01 -7.3702e-01 +4.7335e-01 +2.6124e-01 +1.1453e-01 +2.2565e-01 +1.2012e-01
169 0 +5.606716581e+00 +6.846716581e+00 +6.846716581e+00 +1.5522e-02 +8.3601e-02 +2.4712e-01 -2.5285e-01 -5.0420e-01 +3.6073e-01 +3.2767e-02 +1.5808e-01 +1.5784e-01 +8.8756e-02
257 0 +5.411234793e+00 +6.651234793e+00 +6.651234793e+00 -4.7541e-02 +6.5527e-02 +1.3338e-01 -3.6319e-02 -1.4592e-01 +2.3396e-01 -1.0322e-01 +1.9502e-02 -4.3582e-02 -1.8747e-01
292 0 +3.635745362e+00 +4.875745362e+00 +4.875745362e+00 +5.0113e-03 -1.2203e-02 +1.4267e-01 -1.6146e-01 -2.0328e-01 +1.7304e-01 +1.3146e-01 -2.6288e-02 +5.3354e-02 -2.8087e-04
505 0 +3.345036903e+00 +4.585036903e+00 +4.585036903e+00 +5.7089e-01 +2.1351e-01 +6.4889e-01 -1.7112e-01 -3.9612e-01 +1.3770e-01 -1.9996e-01 +3.4691e-02 +7.4069e-02 -2.2815e-01
601 0 +3.167512119e+00 +4.407512119e+00 +4.407512119e+00 +9.9947e-01 +3.4955e-01 +9.5139e-01 -8.2671e-02 -6.1731e-01 +2.4042e-01 -4.9576e-01 -3.7280e-02 +7.5915e-02 -5.9286e-01
1074 0 +3.037584559e+00 +4.277584559e+00 +4.277584559e+00 -6.5602e-03 +8.5989e-03 -5.6031e-03 -1.4135e-02 +4.1433e-03 -8.2762e-03 -1.9204e-03 -4.1891e-03 -2.2829e-02 +3.2046e-03
1499 0 +2.153140389e+00 +3.393140389e+00 +3.393140389e+00 -2.6966e-03 -3.9349e-02 +3.4728e-03 +9.7568e-03 -8.9811e-03 +7.5326e-03 +1.1743e-03 -3.3395e-02 +1.9784e-02 -5.1810e-03
3915 0 +1.773816431e+00 +3.013816431e+00 +3.013816431e+00 +2.4202e-01 -2.0577e-01 +1.1955e-01 +3.2214e-02 -1.5350e-02 -1.8001e-01 +2.9146e-02 +1.8987e-01 -3.0886e-02 -1.8188e-02
8067 0 +1.380775372e+00 +2.620775372e+00 +2.620775372e+00 +1.9408e-02 +2.7695e-02 -2.8427e-02 +1.0527e-01 +3.1920e-01 +5.1580e-02 -1.4397e-03 -1.4330e-01 +2.3162e-03 +1.1910e-02
% f evaluations | g evaluations | best noise-free fitness - Fopt (4.701000000000e+01) + sum g_i+ | measured fitness | best measured fitness or single-digit g-values | x1 | x2...
1 0 +6.199776465e+01 +1.090077647e+02 +1.090077647e+02 -3.4805e+00 +4.9166e+00 -2.5616e+00 +1.1603e+00 -1.8990e+00 +4.5327e+00 -2.1802e+00 -2.8772e+00 +4.7796e-01 -1.1205e+00
2 0 +5.473282228e+01 +1.017428223e+02 +1.017428223e+02 +2.0825e+00 -2.7022e+00 +2.4809e+00 +3.2124e+00 -6.5678e-01 -2.6474e+00 -4.2661e+00 +3.8091e+00 -3.4007e+00 -1.9106e+00
3 0 +3.416688244e+01 +8.117688244e+01 +8.117688244e+01 -1.9264e-01 -4.7478e+00 +2.9155e+00 +5.6017e-01 -1.9627e+00 -4.1169e+00 -3.5813e+00 +1.7450e+00 +1.0457e+00 -1.1317e+00
4 0 +2.474421667e+01 +7.175421667e+01 +7.175421667e+01 +2.5353e+00 +1.8322e+00 -4.8401e+00 -1.2900e+00 +6.5093e-01 -1.2425e+00 -2.8496e+00 -2.6953e+00 +2.8970e+00 -1.3349e+00
17 0 +2.368042363e+01 +7.069042363e+01 +7.069042363e+01 -2.6590e+00 +1.8055e+00 -1.0174e+00 -1.9589e+00 +3.7265e-01 -2.2218e+00 +8.2359e-01 +4.2978e-01 +3.9289e+00 +1.5312e+00
18 0 +1.462863146e+01 +6.163863146e+01 +6.163863146e+01 +2.7316e-01 -3.9066e+00 -3.3873e+00 -8.1319e-04 -8.0422e-02 +5.7226e-02 -2.1634e+00 +1.8274e+00 -6.7766e-01 +1.0352e+00
67 0 +1.371302620e+01 +6.072302620e+01 +6.072302620e+01 -3.8266e+00 +3.7409e-01 +1.8245e+00 +8.4449e-01 +1.0961e+00 +4.0742e-01 +5.5724e-01 -5.1232e-01 -4.8005e-01 +3.5054e+00
82 0 +9.350086597e+00 +5.636008660e+01 +5.636008660e+01 +5.6131e-01 +2.4204e+00 -6.6645e-01 +3.8680e-01 -2.5156e+00 +4.1041e-01 -5.5101e-01 -2.3360e+00 -3.5254e-01 -1.5530e+00
126 0 +7.132626772e+00 +5.414262677e+01 +5.414262677e+01 +1.2908e+00 +1.9381e+00 -1.5472e+00 +3.0557e-01 -7.3076e-01 +1.3464e+00 -5.6675e-01 +2.3376e-02 +9.9832e-01 -1.5760e-01
130 0 +4.887542884e+00 +5.189754288e+01 +5.189754288e+01 +2.8459e-01 +4.2505e-01 -5.2041e-01 +2.0564e-01 -1.5996e-01 +3.5556e-01 -1.3175e-01 +9.5566e-02 +1.2599e-01 +3.0420e-02
137 0 +4.744341825e+00 +5.175434182e+01 +5.175434182e+01 +1.4039e+00 +1.8089e+00 -1.6859e+00 +4.9669e-01 -9.0692e-01 +1.5238e+00 -4.9845e-01 +1.5838e-01 +1.0881e+00 -1.7173e-01
267 0 +3.407864952e+00 +5.041786495e+01 +5.041786495e+01 +4.8616e-01 +6.7789e-01 -5.7580e-01 +3.9425e-01 -3.4322e-01 +5.2682e-01 -2.0135e-01 +5.9283e-02 +3.8520e-01 -3.2871e-01
382 0 +2.336245599e+00 +4.934624560e+01 +4.934624560e+01 +1.2232e-01 +2.4013e-01 -3.5959e-01 +2.4936e-01 -1.3139e-01 +1.9159e-01 -5.6730e-02 +1.4439e-01 +1.3444e-01 +2.5618e-02
1098 0 +1.860662461e+00 +4.887066246e+01 +4.887066246e+01 -3.7239e-02 -1.4752e-01 -1.3937e-02 -5.4880e-02 +7.8087e-02 +8.6963e-02 -1.1474e-02 -3.4548e-03 -2.1474e-01 -1.4945e-01
1099 0 +6.774770325e-01 +4.768747703e+01 +4.768747703e+01 -4.0711e-03 -1.0048e-03 -1.5236e-03 -5.9998e-03 -3.6933e-03 +4.8294e-03 -1.2544e-03 -4.9522e-03 +1.6635e-03 -1.8582e-03
6775 0 +3.525488772e-01 +4.736254888e+01 +4.736254888e+01 +2.1910e-03 -3.9247e-04 -5.1880e-03 -3.8451e-04 -1.2376e-03 -9.0857e-04 +1.8229e-03 -6.5868e-04 +6.5022e-05 -4.3894e-03
% f evaluations | g evaluations | best noise-free fitness - Fopt (3.758000000000e+01) + sum g_i+ | measured fitness | best measured fitness or single-digit g-values | x1 | x2...
1 0 +1.345828393e+02 +1.721628393e+02 +1.721628393e+02 +3.1426e+00 -3.0819e+00 +2.5866e+00 -1.7055e+00 +3.7684e-01 -3.3554e+00 +4.0436e+00 +2.7020e+00 -7.9020e-01 +4.2735e+00
2 0 +2.073349425e+01 +5.831349425e+01 +5.831349425e+01 +5.3765e-01 -1.7765e+00 -1.4475e-01 -1.3761e+00 -1.1127e-01 -1.6986e+00 -2.5895e+00 +2.6640e+00 +2.0608e+00 +3.0423e+00
7 0 +2.016155532e+01 +5.774155532e+01 +5.774155532e+01 -3.6658e+00 +2.7543e+00 +3.2746e+00 -1.8502e-01 +1.3870e+00 -1.4010e-01 +1.1655e+00 -2.7305e+00 -2.4631e-01 -3.2928e-01
14 0 +1.304224881e+01 +5.062224881e+01 +5.062224881e+01 +4.2583e-01 -7.4949e-02 +2.7806e+00 -2.4898e+00 -9.0269e-04 -2.7160e+00 +2.4731e+00 -8.0647e-02 -1.7854e+00 -4.2474e+00
126 0 +9.724108254e+00 +4.730410825e+01 +4.730410825e+01 -8.4596e-02 -4.3005e-02 +3.1940e-02 -1.1717e-02 +1.2850e-02 -2.7238e-02 +2.5797e-03 -2.1017e-02 -3.8497e-02 -5.4645e-02
127 0 +9.289534115e+00 +4.686953412e+01 +4.686953412e+01 -7.3625e-02 -7.0119e-01 +2.4614e-01 -1.1290e-01 -3.7103e-02 -2.8185e-01 -2.0339e-01 +8.8823e-02 -3.7097e-01 -5.5987e-01
130 0 +6.646798661e+00 +4.422679866e+01 +4.422679866e+01 -8.4062e-02 -1.5588e+00 +1.1577e+00 -3.5649e-01 -8.2708e-01 -9.8730e-01 +9.3507e-02 +4.6440e-01 -1.3954e+00 -1.9807e+00
134 0 +6.332805815e+00 +4.391280582e+01 +4.391280582e+01 -3.3662e-02 -6.2421e-01 +5.6398e-01 -1.9105e-01 -1.2747e-01 -3.9535e-01 +3.7444e-02 +1.1070e-01 -6.2258e-01 -7.9729e-01
139 0 +5.866731773e+00 +4.344673177e+01 +4.344673177e+01 +6.9080e-02 -1.2798e+00 +9.5050e-01 -3.2514e-01 -6.1236e-01 -6.4700e-01 +7.6771e-02 +2.7431e-01 -1.1456e+00 -1.3694e+00
155 0 +4.165414472e+00 +4.174541447e+01 +4.174541447e+01 -1.3450e-01 -1.9667e-01 +3.4650e-01 -7.7711e-02 -1.3648e-01 -2.8448e-01 +1.7110e-02 +6.1137e-02 -2.5534e-01 -3.0115e-01
175 0 +3.333859757e+00 +4.091385976e+01 +4.091385976e+01 -2.8939e-03 +6.0422e-02 +3.9855e-02 -1.5596e-01 -1.0810e-02 +8.3860e-02 +8.7862e-02 -1.7569e-01 -4.8037e-02 -6.8187e-02
263 0 +2.877049863e+00 +4.045704986e+01 +4.045704986e+01 -1.3127e-02 -2.4246e-01 +3.3005e-01 -1.1290e-01 -1.9993e-01 -3.1574e-01 +1.3241e-01 +6.2241e-02 -4.7048e-01 -5.3963e-01
880 0 +2.391980808e+00 +3.997198081e+01 +3.997198081e+01 -1.6016e-02 -5.6231e-02 +4.8328e-02 -1.5585e-02 -3.0363e-01 +2.7905e-01 -5.2936e-02 -1.0686e-01 -3.2131e-02 -2.0543e-01
1402 0 +2.292446979e+00 +3.987244698e+01 +3.987244698e+01 -4.4003e-02 -1.5569e-02 -9.2112e-02 +1.5359e-01 -3.7964e-02 +1.0913e-02 +3.2534e-01 -2.5183e-02 -1.0288e-02 -1.5886e-01
2652 0 +1.301936463e+00 +3.888193646e+01 +3.888193646e+01 +9.5033e-03 +8.0259e-03 -8.4917e-03 +5.1339e-03 -9.5665e-04 -8.5491e-03 -2.0739e-03 -5.4487e-03 +2.2421e-03 +3.4484e-04
3891 0 +6.138749592e-01 +3.819387496e+01 +3.819387496e+01 -2.0163e-03 +4.3814e-03 +1.2695e-03 -4.9066e-03 -1.3344e-03 +1.5165e-03 -1.9734e-03 -1.6877e-03 +2.1032e-03 -3.1415e-03
% f evaluations | g evaluations | best noise-free fitness - Fopt (6.440000000000e+01) + sum g_i+ | measured fitness | best measured fitness or single-digit g-values | x1 | x2...
1 0 +4.858600028e+01 +1.129860003e+02 +1.129860003e+02 -3.0195e+00 -3.2232e+00 +2.9359e+00 -2.8447e+00 +2.8739e+00 -3.7191e+00 +3.0744e+00 +3.8476e+00 +4.9959e+00 -2.3113e-01
2 0 +2.450383658e+01 +8.890383658e+01 +8.890383658e+01 -2.1184e+00 -2.8701e+00 -7.5368e-01 +1.9291e+00 +1.5904e-01 +3.8325e+00 -3.0094e+00 +3.9517e-02 +5.7332e-01 -3.8319e-01
5 0 +1.585397314e+01 +8.025397314e+01 +8.025397314e+01 +4.1690e+00 +2.9701e+00 -2.2132e+00 -4.0058e-01 +3.0376e+00 -3.5852e-01 -4.1934e+00 -5.2616e-01 -2.7039e+00 -5.0619e-01
58 0 +1.343865631e+01 +7.783865631e+01 +7.783865631e+01 -2.2730e+00 +3.4916e-01 +8.1323e-01 -1.0028e+00 +3.9999e-01 +3.4281e-01 +4.0708e+00 -1.1621e+00 +2.6107e+00 -2.6225e+00
127 0 +9.094718109e+00 +7.349471811e+01 +7.349471811e+01 -8.2314e-01 +7.0219e-01 +1.2674e+00 -7.0643e-01 -4.3661e-01 +4.7102e-02 +1.3092e+00 -1.0967e+00 +1.9035e-01 -8.5284e-01
149 0 +6.296103044e+00 +7.069610304e+01 +7.069610304e+01 -3.4274e-01 +2.6446e-01 +6.7707e-01 -3.4640e-01 +7.2733e-02 +2.6766e-01 +6.4200e-01 -3.1345e-01 +1.0047e-01 -4.6593e-01
151 0 +4.811420369e+00 +6.921142037e+01 +6.921142037e+01 -7.4628e-01 +7.2762e-01 +1.0460e+00 -7.2503e-01 -3.4652e-01 +2.1242e-02 +9.6154e-01 -9.9432e-01 +1.7258e-01 -7.7957e-01
170 0 +4.117830574e+00 +6.851783057e+01 +6.851783057e+01 -9.4314e-02 +9.4635e-02 +1.0488e-03 -7.2899e-02 -1.5191e-01 -1.2119e-01 +2.9445e-01 -1.1940e-01 -7.2506e-02 -8.8007e-02
287 0 +3.684920019e+00 +6.808492002e+01 +6.808492002e+01 -2.5476e-01 +1.7600e-01 +2.4951e-01 -1.5497e-01 -1.0076e-01 -6.9860e-03 +2.9345e-01 -2.7534e-01 +2.9177e-02 -2.1340e-01
388 0 +3.543138534e+00 +6.794313853e+01 +6.794313853e+01 -1.9019e-01 +1.5355e-01 +3.5657e-01 -1.7336e-01 +3.1006e-02 -1.5883e-01 +2.8340e-01 -3.3608e-01 +3.3043e-02 -1.8286e-01
525 0 +2.720093916e+00 +6.712009392e+01 +6.712009392e+01 -8.8862e-02 +1.5792e-01 +7.4217e-02 -1.2619e-02 -1.4207e-02 -1.2724e-01 +2.2338e-01 -1.2512e-01 +2.6134e-01 -1.0485e-01
670 0 +1.463853408e+00 +6.586385341e+01 +6.586385341e+01 +2.2938e-01 +2.3700e-01 +8.0149e-03 +2.6691e-01 +1.2400e-03 +6.9753e-02 +8.9335e-02 -5.4125e-02 +5.7074e-02 -4.2751e-02
4399 0 +1.355379349e+00 +6.575537935e+01 +6.575537935e+01 -9.7751e-04 -1.1317e-03 -3.1328e-04 -2.1002e-03 -2.6337e-03 +4.6580e-03 -4.8543e-03 -1.8367e-02 -1.4756e-03 +3.7664e-04
5966 0 +1.038435161e+00 +6.543843516e+01 +6.543843516e+01 +3.5566e-03 +5.9566e-03 +1.0363e-02 +1.1069e-02 -3.6061e-03 -1.2628e-03 +1.8638e-02 +5.7113e-03 -8.8334e-04 -2.2774e-03
9168 0 +2.487978374e-01 +6.464879784e+01 +6.464879784e+01 -1.4369e-04 -1.6490e-04 +2.4199e-05 +1.7050e-04 -6.8200e-05 -6.7279e-05 +1.9009e-05 -1.4043e-04 -1.0245e-04 -9.9556e-05
% f evaluations | g evaluations | best noise-free fitness - Fopt (4.033700000000e+02) + sum g_i+ | measured fitness | best measured fitness or single-digit g-values | x1 | x2...
1 0 +3.414554217e+01 +4.375155422e+02 +4.375155422e+02 +2.1518e+00 -6.2067e-01 +1.9379e+00 -2.6697e+00 -1.0360e+00 -3.1443e+00 -2.7447e-01 -2.7695e+00 +3.3888e+00 +4.1065e+00
2 0 +2.121068735e+01 +4.245806873e+02 +4.245806873e+02 +3.9340e-01 +1.6799e+00 +3.3536e+00 +3.7543e+00 +2.7127e+00 +1.0509e+00 -6.0405e-01 -2.3027e-01 -5.0863e-01 -5.4220e-01
39 0 +1.653119572e+01 +4.199011957e+02 +4.199011957e+02 +2.1296e+00 -3.7549e-01 -1.4140e+00 -8.4011e-01 -2.5283e+00 -4.6583e+00 -8.3488e-01 -2.2014e+00 -4.6627e+00 -2.8657e+00
126 0 +1.150124593e+01 +4.148712459e+02 +4.148712459e+02 -2.5696e-01 -2.0500e-01 +1.8127e-01 -1.3182e-01 +1.2802e-01 -3.0360e-01 -7.5016e-02 -4.9741e-01 -2.2249e-01 -3.0300e-01
127 0 +6.299113272e+00 +4.096691133e+02 +4.096691133e+02 -4.6412e-01 -4.4372e-01 +3.2741e-01 -1.2285e-01 +2.3123e-01 -6.4535e-01 -1.3549e-01 -8.2522e-01 -4.7951e-01 -5.1584e-01
148 0 +5.072758083e+00 +4.084427581e+02 +4.084427581e+02 -7.0847e-02 -9.9511e-03 +1.1276e-01 -6.3987e-03 -9.0587e-02 -1.4737e-02 -5.2069e-02 -1.1447e-01 +1.5805e-01 -1.3997e-01
187 0 +4.761172330e+00 +4.081311723e+02 +4.081311723e+02 -3.9787e-01 -3.1742e-01 +2.8068e-01 -2.0411e-01 +2.5539e-01 -4.7009e-01 -1.1616e-01 -6.8297e-01 -2.4907e-01 -5.1938e-01
211 0 +4.326247826e+00 +4.076962478e+02 +4.076962478e+02 -2.3570e-01 -2.3070e-01 +2.6205e-01 -2.5909e-01 +4.0648e-01 -5.2364e-01 -1.2938e-01 -9.0348e-01 -1.5831e-01 -6.5029e-01
365 0 +4.264853027e+00 +4.076348530e+02 +4.076348530e+02 -8.7719e-02 -6.5848e-02 +6.7999e-02 -5.6146e-02 +7.3159e-02 -1.4975e-01 -1.1329e-01 -2.0495e-01 -5.1927e-02 -1.4684e-01
428 0 +3.292897354e+00 +4.066628974e+02 +4.066628974e+02 -2.2534e-02 +9.0054e-02 +1.0777e-01 +1.0832e-01 +2.5062e-01 -1.2667e-01 -1.2065e-01 -1.8154e-01 -2.2397e-01 -8.9234e-02
462 0 +2.714685913e+00 +4.060846859e+02 +4.060846859e+02 -2.0689e-01 -1.0333e-01 -3.0713e-02 -2.9072e-01 +2.1321e-01 -2.0992e-01 -6.4377e-02 -1.6940e-01 -4.1927e-02 -6.1447e-03
1378 0 +2.111837872e+00 +4.054818379e+02 +4.054818379e+02 +1.7286e-01 -1.5380e-03 +1.2275e-01 +2.2272e-02 +4.3606e-02 -1.1132e-01 +5.2787e-02 -1.3438e-01 -2.5197e-01 +8.2035e-02
1678 0 +1.079720584e+00 +4.044497206e+02 +4.044497206e+02 -4.3184e-03 +1.1988e-03 -1.4054e-02 -4.6612e-03 +7.9641e-03 -1.4597e-02 +1.3965e-02 -1.1538e-02 -2.6114e-03 -7.5289e-03
1984 0 +9.640757179e-01 +4.043340757e+02 +4.043340757e+02 +5.7984e-04 +2.1896e-03 +4.0776e-03 +5.6415e-04 +4.2936e-03 +1.8845e-03 -5.4250e-04 +5.6500e-03 +2.1123e-03 -1.2364e-02
7537 0 +2.815971517e-01 +4.036515972e+02 +4.036515972e+02 +1.0458e-03 -1.1471e-03 -5.5135e-04 -1.6175e-03 +2.1297e-03 +1.1168e-03 +5.8125e-05 -2.5742e-04 -6.0905e-04 -1.7336e-03
% f evaluations | g evaluations | best noise-free fitness - Fopt (-4.895600000000e+02) + sum g_i+ | measured fitness | best measured fitness or single-digit g-values | x1 | x2...
1 0 +7.623752367e+01 -4.133224763e+02 -4.133224763e+02 +9.3944e-01 -3.6272e+00 +3.8182e+00 +2.0659e+00 +4.6826e+00 -6.4840e-01 -1.4505e+00 -2.9481e-01 +1.5438e+00 -4.0342e+00
2 0 +6.479431785e+01 -4.247656821e+02 -4.247656821e+02 +4.4908e+00 -1.7569e+00 +4.1830e+00 +4.5485e+00 +1.2185e+00 +7.4165e-01 +3.9930e+00 +4.6872e+00 +2.4631e+00 +5.3598e-01
4 0 +5.307650926e+01 -4.364834907e+02 -4.364834907e+02 -3.0929e+00 -1.3225e+00 -2.2987e+00 -4.8727e+00 -2.9380e+00 +3.7751e+00 +2.9076e+00 -2.1904e+00 -3.2405e+00 +2.3475e+00
9 0 +4.828836705e+01 -4.412716329e+02 -4.412716329e+02 +2.6522e+00 -4.1652e+00 +3.9174e+00 -2.7399e+00 -2.5583e+00 -2.4070e-01 +3.5551e+00 +8.1622e-01 -4.4341e-01 -3.1276e+00
10 0 +2.146503010e+01 -4.680949699e+02 -4.680949699e+02 -6.0192e-01 -3.6851e-01 -1.7286e-01 +4.7453e+00 +2.7757e+00 +7.2091e-01 -4.7061e-01 +1.5154e+00 -3.0580e+00 -1.1372e+00
34 0 +1.884757857e+01 -4.707124214e+02 -4.707124214e+02 -2.4965e+00 -1.0185e+00 -4.7070e-01 +5.1415e-01 -1.7562e+00 -1.8538e+00 -1.7341e+00 -4.2895e+00 +1.1239e+00 +1.2714e+00
59 0 +1.833434983e+01 -4.712256502e+02 -4.712256502e+02 +2.1146e+00 +2.0319e+00 -1.5276e+00 -1.5306e+00 -2.8761e-01 +4.0394e+00 -1.5847e+00 +7.9907e-01 +1.5530e+00 +3.6276e-01
102 0 +1.752531778e+01 -4.720346822e+02 -4.720346822e+02 -2.5494e+00 -1.0822e+00 -4.6583e-01 +5.6163e-01 -1.6737e+00 -1.9627e+00 -1.8390e+00 -4.3032e+00 +1.1775e+00 +1.2504e+00
126 0 +1.335347127e+01 -4.762065287e+02 -4.762065287e+02 +2.0112e-01 +6.9710e-01 -1.5105e-01 -1.4262e-01 +5.3402e-01 +1.0418e+00 -2.3069e-01 +6.1320e-01 +1.7301e-01 -5.3997e-01
127 0 +1.108269297e+01 -4.784773070e+02 -4.784773070e+02 +1.7234e-01 +4.5770e-01 +4.7344e-02 -2.6478e-01 +3.4041e-01 +7.0259e-01 -1.1236e-01 +4.3922e-01 +7.0838e-02 -3.6415e-01
128 0 +7.500849569e+00 -4.820591504e+02 -4.820591504e+02 +7.6099e-02 +2.0759e-01 +9.6723e-02 -1.1692e-01 +1.5031e-01 +2.9774e-01 -1.0411e-01 +1.5487e-01 -3.9123e-02 -8.8432e-02
129 0 +6.430466987e+00 -4.831295330e+02 -4.831295330e+02 +4.3180e-01 +1.1779e+00 +2.5867e-01 -6.6244e-01 +8.5288e-01 +1.7603e+00 -3.8980e-01 +9.1611e-01 +1.9942e-01 -9.1238e-01
135 0 +3.077978695e+00 -4.864820213e+02 -4.864820213e+02 +8.1319e-02 +3.8396e-01 +7.9507e-02 -6.4223e-02 +1.6062e-01 +4.3851e-01 -1.3240e-01 +1.9051e-01 +3.7556e-02 -1.7182e-01
496 0 +2.846345709e+00 -4.867136543e+02 -4.867136543e+02 +3.1763e-02 +3.8010e-02 +1.0432e-01 -5.7902e-03 +3.5165e-02 +3.9594e-02 -6.3501e-02 +4.3228e-03 +2.6562e-02 -1.8096e-01
505 0 +2.479896844e+00 -4.870801032e+02 -4.870801032e+02 +2.6537e-01 -2.0534e-01 +5.1511e-03 -1.1599e-01 +4.8704e-02 -9.8168e-02 +3.2191e-01 +6.1288e-02 +6.9431e-03 -3.2224e-02
1009 0 +2.316829158e+00 -4.872431708e+02 -4.872431708e+02 +4.7670e-02 +2.6092e-01 -4.9976e-02 +1.4708e-03 +1.7363e-01 -1.7288e-01 +1.5362e-03 -2.4913e-01 -1.9415e-02 +3.3860e-03
1657 0 +1.703729154e+00 -4.878562708e+02 -4.878562708e+02 +4.4974e-03 -1.5276e-02 +1.7731e-03 -2.8646e-03 +9.1913e-04 -8.3987e-03 -1.3711e-03 +1.0906e-02 +3.7458e-03 -1.5373e-02
1881 0 +7.919458369e-01 -4.887680542e+02 -4.887680542e+02 -4.5313e-04 -7.5678e-04 +3.1735e-04 +1.1191e-04 -6.2139e-05 -4.9728e-04 +8.3638e-05 +3.6715e-04 -2.3168e-04 +1.7084e-02
4957 0 +7.427592494e-01 -4.888172408e+02 -4.888172408e+02 +1.1487e-03 -3.3238e-03 -3.0354e-03 +1.6438e-03 -2.7471e-03 +1.3814e-03 -1.3829e-02 -1.9402e-03 +1.2944e-03 +3.5159e-04
