% f evaluations | g evaluations | best noise-free fitness - Fopt (-9.210000000000e+00) + sum g_i+ | measured fitness | best measured fitness or single-digit g-values | x1 | x2...
1 0 +7.224192483e+02 +7.132092483e+02 +7.132092483e+02
6 0 +6.770506549e+02 +6.678406549e+02 +6.678406549e+02
12 0 +5.644805036e+02 +5.552705036e+02 +5.552705036e+02
101 0 +5.515392946e+02 +5.423292946e+02 +5.423292946e+02
501 0 +5.488894284e+02 +5.396794284e+02 +5.396794284e+02
801 0 +5.347360109e+02 +5.255260109e+02 +5.255260109e+02
901 0 +5.075288607e+02 +4.983188607e+02 +4.983188607e+02
1001 0 +4.772842367e+02 +4.680742367e+02 +4.680742367e+02
1201 0 +4.520153808e+02 +4.428053808e+02 +4.428053808e+02
1302 0 +4.436986728e+02 +4.344886728e+02 +4.344886728e+02
1501 0 +4.302203343e+02 +4.210103343e+02 +4.210103343e+02
1801 0 +4.250078631e+02 +4.157978631e+02 +4.157978631e+02
2701 0 +4.151707758e+02 +4.059607758e+02 +4.059607758e+02
3302 0 +4.068239253e+02 +3.976139253e+02 +3.976139253e+02
3701 0 +3.963274969e+02 +3.871174969e+02 +3.871174969e+02
4001 0 +3.789342544e+02 +3.697242544e+02 +3.697242544e+02
4201 0 +3.506986037e+02 +3.414886037e+02 +3.414886037e+02
4301 0 +3.254569575e+02 +3.162469575e+02 +3.162469575e+02
4401 0 +3.194295761e+02 +3.102195761e+02 +3.102195761e+02
4601 0 +3.020952265e+02 +2.928852265e+02 +2.928852265e+02
4701 0 +3.002402918e+02 +2.910302918e+02 +2.910302918e+02
7104 0 +2.830443803e+02 +2.738343803e+02 +2.738343803e+02
7201 0 +2.717272244e+02 +2.625172244e+02 +2.625172244e+02
7701 0 +2.540216182e+02 +2.448116182e+02 +2.448116182e+02
7901 0 +2.487107110e+02 +2.395007110e+02 +2.395007110e+02
8801 0 +2.307908228e+02 +2.215808228e+02 +2.215808228e+02
8901 0 +2.278723419e+02 +2.186623419e+02 +2.186623419e+02
8902 0 +2.201793266e+02 +2.109693266e+02 +2.109693266e+02
9001 0 +2.037272580e+02 +1.945172580e+02 +1.945172580e+02
9502 0 +1.921838057e+02 +1.829738057e+02 +1.829738057e+02
9701 0 +1.891474387e+02 +1.799374387e+02 +1.799374387e+02
9801 0 +1.816622392e+02 +1.724522392e+02 +1.724522392e+02
10101 0 +1.708973082e+02 +1.616873082e+02 +1.616873082e+02
10201 0 +1.657064074e+02 +1.564964074e+02 +1.564964074e+02
10401 0 +1.595016185e+02 +1.502916185e+02 +1.502916185e+02
10402 0 +1.550353457e+02 +1.458253457e+02 +1.458253457e+02
10502 0 +1.465964675e+02 +1.373864675e+02 +1.373864675e+02
10601 0 +1.411451636e+02 +1.319351636e+02 +1.319351636e+02
10701 0 +1.218679863e+02 +1.126579863e+02 +1.126579863e+02
10901 0 +1.113910229e+02 +1.021810229e+02 +1.021810229e+02
11001 0 +1.089729552e+02 +9.976295519e+01 +9.976295519e+01
11201 0 +1.070351878e+02 +9.782518777e+01 +9.782518777e+01
14101 0 +1.025802343e+02 +9.337023428e+01 +9.337023428e+01
15001 0 +1.013981950e+02 +9.218819496e+01 +9.218819496e+01
21902 0 +9.906626114e+01 +8.985626114e+01 +8.985626114e+01
22301 0 +8.889955926e+01 +7.968955926e+01 +7.968955926e+01
22401 0 +8.561514139e+01 +7.640514139e+01 +7.640514139e+01
22701 0 +8.395781926e+01 +7.474781926e+01 +7.474781926e+01
22801 0 +7.791865357e+01 +6.870865357e+01 +6.870865357e+01
31901 0 +7.688701944e+01 +6.767701944e+01 +6.767701944e+01
35601 0 +7.458790541e+01 +6.537790541e+01 +6.537790541e+01
36501 0 +7.222679760e+01 +6.301679760e+01 +6.301679760e+01
36903 0 +6.954192407e+01 +6.033192407e+01 +6.033192407e+01
37003 0 +6.696416515e+01 +5.775416515e+01 +5.775416515e+01
37201 0 +6.180527882e+01 +5.259527882e+01 +5.259527882e+01
37501 0 +6.005830707e+01 +5.084830707e+01 +5.084830707e+01
37601 0 +5.715969327e+01 +4.794969327e+01 +4.794969327e+01
37701 0 +5.508787522e+01 +4.587787522e+01 +4.587787522e+01
40002 0 +5.376085846e+01 +4.455085846e+01 +4.455085846e+01
% f evaluations | g evaluations | best noise-free fitness - Fopt (6.559900000000e+02) + sum g_i+ | measured fitness | best measured fitness or single-digit g-values | x1 | x2...
1 0 +8.678283786e+02 +1.523818379e+03 +1.523818379e+03
3 0 +8.054401255e+02 +1.461430125e+03 +1.461430125e+03
5 0 +7.792702133e+02 +1.435260213e+03 +1.435260213e+03
17 0 +7.274325134e+02 +1.383422513e+03 +1.383422513e+03
21 0 +6.955603365e+02 +1.351550336e+03 +1.351550336e+03
29 0 +5.867519264e+02 +1.242741926e+03 +1.242741926e+03
101 0 +5.593101187e+02 +1.215300119e+03 +1.215300119e+03
301 0 +5.246199082e+02 +1.180609908e+03 +1.180609908e+03
501 0 +5.076683838e+02 +1.163658384e+03 +1.163658384e+03
701 0 +4.856524594e+02 +1.141642459e+03 +1.141642459e+03
901 0 +4.715109920e+02 +1.127500992e+03 +1.127500992e+03
1701 0 +4.647535171e+02 +1.120743517e+03 +1.120743517e+03
1801 0 +4.414120470e+02 +1.097402047e+03 +1.097402047e+03
1901 0 +4.355814942e+02 +1.091571494e+03 +1.091571494e+03
2302 0 +4.191632133e+02 +1.075153213e+03 +1.075153213e+03
2401 0 +4.129337227e+02 +1.068923723e+03 +1.068923723e+03
2601 0 +4.013032006e+02 +1.057293201e+03 +1.057293201e+03
2901 0 +3.882363517e+02 +1.044226352e+03 +1.044226352e+03
3301 0 +3.775234140e+02 +1.033513414e+03 +1.033513414e+03
3601 0 +3.693654689e+02 +1.025355469e+03 +1.025355469e+03
5201 0 +3.495089490e+02 +1.005498949e+03 +1.005498949e+03
5401 0 +3.446497340e+02 +1.000639734e+03 +1.000639734e+03
5901 0 +3.329157546e+02 +9.889057546e+02 +9.889057546e+02
6001 0 +3.306519336e+02 +9.866419336e+02 +9.866419336e+02
6318 0 +3.213322516e+02 +9.773222516e+02 +9.773222516e+02
6401 0 +3.086541345e+02 +9.646441345e+02 +9.646441345e+02
7201 0 +2.986205798e+02 +9.546105798e+02 +9.546105798e+02
7912 0 +2.904610224e+02 +9.464510224e+02 +9.464510224e+02
8001 0 +2.776657362e+02 +9.336557362e+02 +9.336557362e+02
8101 0 +2.601552007e+02 +9.161452007e+02 +9.161452007e+02
8201 0 +2.521440294e+02 +9.081340294e+02 +9.081340294e+02
10401 0 +2.453839813e+02 +9.013739813e+02 +9.013739813e+02
10801 0 +2.389416405e+02 +8.949316405e+02 +8.949316405e+02
12903 0 +2.328486398e+02 +8.888386398e+02 +8.888386398e+02
14601 0 +2.239736435e+02 +8.799636435e+02 +8.799636435e+02
14701 0 +2.223308989e+02 +8.783208989e+02 +8.783208989e+02
15001 0 +2.171662472e+02 +8.731562472e+02 +8.731562472e+02
15101 0 +2.137278552e+02 +8.697178552e+02 +8.697178552e+02
15501 0 +2.046237557e+02 +8.606137557e+02 +8.606137557e+02
15601 0 +1.834811344e+02 +8.394711344e+02 +8.394711344e+02
15701 0 +1.783517633e+02 +8.343417633e+02 +8.343417633e+02
17201 0 +1.739174150e+02 +8.299074150e+02 +8.299074150e+02
20901 0 +1.706876813e+02 +8.266776813e+02 +8.266776813e+02
21203 0 +1.680251376e+02 +8.240151376e+02 +8.240151376e+02
22402 0 +1.640525296e+02 +8.200425296e+02 +8.200425296e+02
23601 0 +1.614260694e+02 +8.174160694e+02 +8.174160694e+02
25501 0 +1.574686140e+02 +8.134586140e+02 +8.134586140e+02
25601 0 +1.517461629e+02 +8.077361629e+02 +8.077361629e+02
25801 0 +1.465950081e+02 +8.025850081e+02 +8.025850081e+02
26101 0 +1.415291118e+02 +7.975191118e+02 +7.975191118e+02
26201 0 +1.388797111e+02 +7.948697111e+02 +7.948697111e+02
26601 0 +1.341731513e+02 +7.901631513e+02 +7.901631513e+02
26901 0 +1.311417453e+02 +7.871317453e+02 +7.871317453e+02
28201 0 +1.264154264e+02 +7.824054264e+02 +7.824054264e+02
31601 0 +1.245491345e+02 +7.805391345e+02 +7.805391345e+02
31801 0 +1.203512262e+02 +7.763412262e+02 +7.763412262e+02
32001 0 +1.201325156e+02 +7.761225156e+02 +7.761225156e+02
32401 0 +1.105592685e+02 +7.665492685e+02 +7.665492685e+02
32501 0 +1.087912307e+02 +7.647812307e+02 +7.647812307e+02
32801 0 +1.062466155e+02 +7.622366155e+02 +7.622366155e+02
33301 0 +1.014985091e+02 +7.574885091e+02 +7.574885091e+02
% f evaluations | g evaluations | best noise-free fitness - Fopt (6.671000000000e+01) + sum g_i+ | measured fitness | best measured fitness or single-digit g-values | x1 | x2...
1 0 +8.155697254e+02 +8.822797254e+02 +8.822797254e+02
2 0 +7.737976251e+02 +8.405076251e+02 +8.405076251e+02
3 0 +7.240700370e+02 +7.907800370e+02 +7.907800370e+02
4 0 +7.044607314e+02 +7.711707314e+02 +7.711707314e+02
7 0 +5.643456400e+02 +6.310556400e+02 +6.310556400e+02
89 0 +5.556949242e+02 +6.224049242e+02 +6.224049242e+02
101 0 +5.481730983e+02 +6.148830983e+02 +6.148830983e+02
102 0 +5.318733396e+02 +5.985833396e+02 +5.985833396e+02
203 0 +5.213450129e+02 +5.880550129e+02 +5.880550129e+02
401 0 +4.959103807e+02 +5.626203807e+02 +5.626203807e+02
501 0 +4.896617648e+02 +5.563717648e+02 +5.563717648e+02
802 0 +4.620801795e+02 +5.287901795e+02 +5.287901795e+02
901 0 +4.118573459e+02 +4.785673459e+02 +4.785673459e+02
1001 0 +3.909900312e+02 +4.577000312e+02 +4.577000312e+02
1101 0 +3.646762445e+02 +4.313862445e+02 +4.313862445e+02
1201 0 +3.474267640e+02 +4.141367640e+02 +4.141367640e+02
2404 0 +3.452306962e+02 +4.119406962e+02 +4.119406962e+02
2601 0 +3.303927789e+02 +3.971027789e+02 +3.971027789e+02
2701 0 +3.127152529e+02 +3.794252529e+02 +3.794252529e+02
3001 0 +3.086606607e+02 +3.753706607e+02 +3.753706607e+02
3201 0 +2.889786712e+02 +3.556886712e+02 +3.556886712e+02
3301 0 +2.772968348e+02 +3.440068348e+02 +3.440068348e+02
3501 0 +2.633527821e+02 +3.300627821e+02 +3.300627821e+02
3601 0 +2.519602979e+02 +3.186702979e+02 +3.186702979e+02
3701 0 +2.472159118e+02 +3.139259118e+02 +3.139259118e+02
3801 0 +2.435069535e+02 +3.102169535e+02 +3.102169535e+02
4102 0 +2.387488476e+02 +3.054588476e+02 +3.054588476e+02
5001 0 +2.335612435e+02 +3.002712435e+02 +3.002712435e+02
5101 0 +2.288340940e+02 +2.955440940e+02 +2.955440940e+02
5702 0 +2.224073423e+02 +2.891173423e+02 +2.891173423e+02
5802 0 +2.180494084e+02 +2.847594084e+02 +2.847594084e+02
6501 0 +2.078323908e+02 +2.745423908e+02 +2.745423908e+02
7301 0 +1.992490582e+02 +2.659590582e+02 +2.659590582e+02
7401 0 +1.903683106e+02 +2.570783106e+02 +2.570783106e+02
7501 0 +1.851628087e+02 +2.518728087e+02 +2.518728087e+02
9101 0 +1.792164641e+02 +2.459264641e+02 +2.459264641e+02
9301 0 +1.755472416e+02 +2.422572416e+02 +2.422572416e+02
10401 0 +1.670108849e+02 +2.337208849e+02 +2.337208849e+02
10801 0 +1.629672890e+02 +2.296772890e+02 +2.296772890e+02
11001 0 +1.491347616e+02 +2.158447616e+02 +2.158447616e+02
11601 0 +1.473936554e+02 +2.141036554e+02 +2.141036554e+02
11801 0 +1.439428646e+02 +2.106528646e+02 +2.106528646e+02
12101 0 +1.410625261e+02 +2.077725261e+02 +2.077725261e+02
12701 0 +1.268843417e+02 +1.935943417e+02 +1.935943417e+02
13001 0 +1.214118161e+02 +1.881218161e+02 +1.881218161e+02
13201 0 +1.172278341e+02 +1.839378341e+02 +1.839378341e+02
14001 0 +1.142715375e+02 +1.809815375e+02 +1.809815375e+02
17401 0 +1.110183320e+02 +1.777283320e+02 +1.777283320e+02
21101 0 +1.079176272e+02 +1.746276272e+02 +1.746276272e+02
21801 0 +1.021301614e+02 +1.688401614e+02 +1.688401614e+02
21901 0 +9.677227123e+01 +1.634822712e+02 +1.634822712e+02
23901 0 +9.458751996e+01 +1.612975200e+02 +1.612975200e+02
34202 0 +8.546620762e+01 +1.521762076e+02 +1.521762076e+02
37003 0 +8.211035176e+01 +1.488203518e+02 +1.488203518e+02
37101 0 +8.069309363e+01 +1.474030936e+02 +1.474030936e+02
37601 0 +7.736162552e+01 +1.440716255e+02 +1.440716255e+02
37701 0 +7.016286223e+01 +1.368728622e+02 +1.368728622e+02
37801 0 +6.697537566e+01 +1.336853757e+02 +1.336853757e+02
37901 0 +6.528745224e+01 +1.319974522e+02 +1.319974522e+02
38001 0 +5.926939922e+01 +1.259793992e+02 +1.259793992e+02
% f evaluations | g evaluations | best noise-free fitness - Fopt (9.416700000000e+02) + sum g_i+ | measured fitness | best measured fitness or single-digit g-values | x1 | x2...
1 0 +8.674645228e+02 +1.809134523e+03 +1.809134523e+03
2 0 +7.330137590e+02 +1.674683759e+03 +1.674683759e+03
11 0 +7.171388957e+02 +1.658808896e+03 +1.658808896e+03
22 0 +6.339920077e+02 +1.575662008e+03 +1.575662008e+03
35 0 +6.028761658e+02 +1.544546166e+03 +1.544546166e+03
81 0 +5.751366864e+02 +1.516806686e+03 +1.516806686e+03
101 0 +5.465941236e+02 +1.488264124e+03 +1.488264124e+03
201 0 +5.287301212e+02 +1.470400121e+03 +1.470400121e+03
801 0 +4.898571277e+02 +1.431527128e+03 +1.431527128e+03
901 0 +4.803092641e+02 +1.421979264e+03 +1.421979264e+03
1001 0 +4.701660681e+02 +1.411836068e+03 +1.411836068e+03
1101 0 +4.282904163e+02 +1.369960416e+03 +1.369960416e+03
1201 0 +4.214754142e+02 +1.363145414e+03 +1.363145414e+03
1301 0 +4.035292082e+02 +1.345199208e+03 +1.345199208e+03
1401 0 +3.941071813e+02 +1.335777181e+03 +1.335777181e+03
1601 0 +3.832252941e+02 +1.324895294e+03 +1.324895294e+03
1701 0 +3.682778736e+02 +1.309947874e+03 +1.309947874e+03
2101 0 +3.626940544e+02 +1.304364054e+03 +1.304364054e+03
2501 0 +3.489505471e+02 +1.290620547e+03 +1.290620547e+03
2502 0 +3.344344808e+02 +1.276104481e+03 +1.276104481e+03
2601 0 +3.291667189e+02 +1.270836719e+03 +1.270836719e+03
4103 0 +3.223591193e+02 +1.264029119e+03 +1.264029119e+03
4303 0 +3.045860070e+02 +1.246256007e+03 +1.246256007e+03
4401 0 +2.868890344e+02 +1.228559034e+03 +1.228559034e+03
4801 0 +2.811469894e+02 +1.222816989e+03 +1.222816989e+03
4901 0 +2.743005997e+02 +1.215970600e+03 +1.215970600e+03
5301 0 +2.661616673e+02 +1.207831667e+03 +1.207831667e+03
5401 0 +2.616192160e+02 +1.203289216e+03 +1.203289216e+03
5601 0 +2.506197162e+02 +1.192289716e+03 +1.192289716e+03
5701 0 +2.423542899e+02 +1.184024290e+03 +1.184024290e+03
5801 0 +2.239284380e+02 +1.165598438e+03 +1.165598438e+03
6001 0 +2.221235788e+02 +1.163793579e+03 +1.163793579e+03
6501 0 +2.182402218e+02 +1.159910222e+03 +1.159910222e+03
6901 0 +2.118076430e+02 +1.153477643e+03 +1.153477643e+03
6902 0 +2.037707166e+02 +1.145440717e+03 +1.145440717e+03
7001 0 +1.892980620e+02 +1.130968062e+03 +1.130968062e+03
10401 0 +1.833901213e+02 +1.125060121e+03 +1.125060121e+03
10501 0 +1.743000854e+02 +1.115970085e+03 +1.115970085e+03
11601 0 +1.721070356e+02 +1.113777036e+03 +1.113777036e+03
11902 0 +1.692833882e+02 +1.110953388e+03 +1.110953388e+03
12503 0 +1.654402924e+02 +1.107110292e+03 +1.107110292e+03
12801 0 +1.571092399e+02 +1.098779240e+03 +1.098779240e+03
12901 0 +1.481342294e+02 +1.089804229e+03 +1.089804229e+03
13802 0 +1.459500976e+02 +1.087620098e+03 +1.087620098e+03
14601 0 +1.402920154e+02 +1.081962015e+03 +1.081962015e+03
14901 0 +1.307246455e+02 +1.072394645e+03 +1.072394645e+03
15001 0 +1.264061685e+02 +1.068076169e+03 +1.068076169e+03
15101 0 +1.221205707e+02 +1.063790571e+03 +1.063790571e+03
15301 0 +1.148275601e+02 +1.056497560e+03 +1.056497560e+03
17001 0 +1.123639063e+02 +1.054033906e+03 +1.054033906e+03
17201 0 +1.095541783e+02 +1.051224178e+03 +1.051224178e+03
22601 0 +1.049320374e+02 +1.046602037e+03 +1.046602037e+03
25501 0 +1.036991710e+02 +1.045369171e+03 +1.045369171e+03
25701 0 +9.504374873e+01 +1.036713749e+03 +1.036713749e+03
25801 0 +9.175093587e+01 +1.033420936e+03 +1.033420936e+03
25901 0 +8.977006931e+01 +1.031440069e+03 +1.031440069e+03
28801 0 +8.791508233e+01 +1.029585082e+03 +1.029585082e+03
29101 0 +8.649211641e+01 +1.028162116e+03 +1.028162116e+03
29201 0 +8.178335506e+01 +1.023453355e+03 +1.023453355e+03
29501 0 +7.886293462e+01 +1.020532935e+03 +1.020532935e+03
30501 0 +7.559452957e+01 +1.017264530e+03 +1.017264530e+03
31201 0 +6.687414795e+01 +1.008544148e+03 +1.008544148e+03
31301 0 +6.366567113e+01 +1.005335671e+03 +1.005335671e+03
31401 0 +6.052104475e+01 +1.002191045e+03 +1.002191045e+03
32001 0 +6.006800253e+01 +1.001738003e+03 +1.001738003e+03
37901 0 +4.613821680e+01 +9.878082168e+02 +9.878082168e+02
38401 0 +4.378779476e+01 +9.854577948e+02 +9.854577948e+02
38501 0 +4.293892943e+01 +9.846089294e+02 +9.846089294e+02
% f evaluations | g evaluations | best noise-free fitness - Fopt (-3.745000000000e+01) + sum g_i+ | measured fitness | best measured fitness or single-digit g-values | x1 | x2...
1 0 +1.025639045e+03 +9.881890454e+02 +9.881890454e+02
2 0 +7.822422183e+02 +7.447922183e+02 +7.447922183e+02
3 0 +7.075545029e+02 +6.701045029e+02 +6.701045029e+02
10 0 +6.235820742e+02 +5.861320742e+02 +5.861320742e+02
101 0 +6.082294337e+02 +5.707794337e+02 +5.707794337e+02
1101 0 +6.001625049e+02 +5.627125049e+02 +5.627125049e+02
1302 0 +5.852155265e+02 +5.477655265e+02 +5.477655265e+02
1304 0 +5.730991271e+02 +5.356491271e+02 +5.356491271e+02
1401 0 +5.539726469e+02 +5.165226469e+02 +5.165226469e+02
1602 0 +5.396012360e+02 +5.021512360e+02 +5.021512360e+02
2502 0 +5.310835065e+02 +4.936335065e+02 +4.936335065e+02
2701 0 +5.221735501e+02 +4.847235501e+02 +4.847235501e+02
2801 0 +4.687740926e+02 +4.313240926e+02 +4.313240926e+02
2901 0 +4.425980290e+02 +4.051480290e+02 +4.051480290e+02
3301 0 +4.272857585e+02 +3.898357585e+02 +3.898357585e+02
3401 0 +4.122555442e+02 +3.748055442e+02 +3.748055442e+02
3501 0 +3.991493223e+02 +3.616993223e+02 +3.616993223e+02
3601 0 +3.972847026e+02 +3.598347026e+02 +3.598347026e+02
3802 0 +3.756733902e+02 +3.382233902e+02 +3.382233902e+02
3901 0 +3.396981733e+02 +3.022481733e+02 +3.022481733e+02
4001 0 +3.304208205e+02 +2.929708205e+02 +2.929708205e+02
4101 0 +3.214762098e+02 +2.840262098e+02 +2.840262098e+02
4201 0 +2.974932495e+02 +2.600432495e+02 +2.600432495e+02
4401 0 +2.760223803e+02 +2.385723803e+02 +2.385723803e+02
4501 0 +2.709578723e+02 +2.335078723e+02 +2.335078723e+02
4701 0 +2.659108932e+02 +2.284608932e+02 +2.284608932e+02
5201 0 +2.626195790e+02 +2.251695790e+02 +2.251695790e+02
5501 0 +2.557189954e+02 +2.182689954e+02 +2.182689954e+02
5703 0 +2.502658475e+02 +2.128158475e+02 +2.128158475e+02
6101 0 +2.412096231e+02 +2.037596231e+02 +2.037596231e+02
6201 0 +2.396374165e+02 +2.021874165e+02 +2.021874165e+02
6806 0 +2.332461116e+02 +1.957961116e+02 +1.957961116e+02
7101 0 +2.227034930e+02 +1.852534930e+02 +1.852534930e+02
7401 0 +2.160735980e+02 +1.786235980e+02 +1.786235980e+02
7901 0 +2.129777936e+02 +1.755277936e+02 +1.755277936e+02
8002 0 +2.085592425e+02 +1.711092425e+02 +1.711092425e+02
8301 0 +1.882174030e+02 +1.507674030e+02 +1.507674030e+02
8401 0 +1.768565153e+02 +1.394065153e+02 +1.394065153e+02
8902 0 +1.734757970e+02 +1.360257970e+02 +1.360257970e+02
9402 0 +1.628064223e+02 +1.253564223e+02 +1.253564223e+02
11001 0 +1.607037240e+02 +1.232537240e+02 +1.232537240e+02
11301 0 +1.485857278e+02 +1.111357278e+02 +1.111357278e+02
11401 0 +1.453214438e+02 +1.078714438e+02 +1.078714438e+02
11501 0 +1.388428084e+02 +1.013928084e+02 +1.013928084e+02
11601 0 +1.274427520e+02 +8.999275200e+01 +8.999275200e+01
11901 0 +1.241843128e+02 +8.673431283e+01 +8.673431283e+01
12101 0 +1.225428838e+02 +8.509288381e+01 +8.509288381e+01
12702 0 +1.201495639e+02 +8.269956388e+01 +8.269956388e+01
13001 0 +1.162018961e+02 +7.875189605e+01 +7.875189605e+01
13302 0 +1.133750498e+02 +7.592504979e+01 +7.592504979e+01
13601 0 +1.053815380e+02 +6.793153800e+01 +6.793153800e+01
13701 0 +9.754777638e+01 +6.009777638e+01 +6.009777638e+01
13801 0 +9.222977145e+01 +5.477977145e+01 +5.477977145e+01
15801 0 +9.109318982e+01 +5.364318982e+01 +5.364318982e+01
16401 0 +8.818245791e+01 +5.073245791e+01 +5.073245791e+01
17904 0 +8.654129564e+01 +4.909129564e+01 +4.909129564e+01
18201 0 +7.683905997e+01 +3.938905997e+01 +3.938905997e+01
18301 0 +7.123338461e+01 +3.378338461e+01 +3.378338461e+01
18401 0 +6.414517656e+01 +2.669517656e+01 +2.669517656e+01
18501 0 +6.198948372e+01 +2.453948372e+01 +2.453948372e+01
18601 0 +6.072670464e+01 +2.327670464e+01 +2.327670464e+01
39802 0 +5.968254057e+01 +2.223254057e+01 +2.223254057e+01
% f evaluations | g evaluations | best noise-free fitness - Fopt (-1.226500000000e+02) + sum g_i+ | measured fitness | best measured fitness or single-digit g-values | x1 | x2...
1 0 +8.569170465e+02 +7.342670465e+02 +7.342670465e+02
3 0 +7.572608658e+02 +6.346108658e+02 +6.346108658e+02
7 0 +5.683950042e+02 +4.457450042e+02 +4.457450042e+02
101 0 +4.995049524e+02 +3.768549524e+02 +3.768549524e+02
201 0 +4.867000499e+02 +3.640500499e+02 +3.640500499e+02
701 0 +4.713182567e+02 +3.486682567e+02 +3.486682567e+02
902 0 +4.279529946e+02 +3.053029946e+02 +3.053029946e+02
1001 0 +4.174770158e+02 +2.948270158e+02 +2.948270158e+02
1101 0 +3.758671624e+02 +2.532171624e+02 +2.532171624e+02
1201 0 +3.621095953e+02 +2.394595953e+02 +2.394595953e+02
1402 0 +3.446158901e+02 +2.219658901e+02 +2.219658901e+02
1601 0 +3.307773445e+02 +2.081273445e+02 +2.081273445e+02
1801 0 +3.206996523e+02 +1.980496523e+02 +1.980496523e+02
2601 0 +3.060997526e+02 +1.834497526e+02 +1.834497526e+02
2701 0 +2.907651051e+02 +1.681151051e+02 +1.681151051e+02
2901 0 +2.706510430e+02 +1.480010430e+02 +1.480010430e+02
3001 0 +2.649132779e+02 +1.422632779e+02 +1.422632779e+02
3201 0 +2.602679004e+02 +1.376179004e+02 +1.376179004e+02
3501 0 +2.562490041e+02 +1.335990041e+02 +1.335990041e+02
6201 0 +2.493771703e+02 +1.267271703e+02 +1.267271703e+02
6401 0 +2.426596855e+02 +1.200096855e+02 +1.200096855e+02
7402 0 +2.271805683e+02 +1.045305683e+02 +1.045305683e+02
8702 0 +2.238640340e+02 +1.012140340e+02 +1.012140340e+02
9601 0 +2.160249172e+02 +9.337491720e+01 +9.337491720e+01
9902 0 +2.129754948e+02 +9.032549477e+01 +9.032549477e+01
10301 0 +2.056147872e+02 +8.296478720e+01 +8.296478720e+01
10501 0 +2.038391554e+02 +8.118915539e+01 +8.118915539e+01
10701 0 +1.979196922e+02 +7.526969221e+01 +7.526969221e+01
10801 0 +1.908796506e+02 +6.822965059e+01 +6.822965059e+01
11502 0 +1.873361263e+02 +6.468612633e+01 +6.468612633e+01
11601 0 +1.770616365e+02 +5.441163650e+01 +5.441163650e+01
11701 0 +1.723158403e+02 +4.966584032e+01 +4.966584032e+01
11901 0 +1.617208680e+02 +3.907086796e+01 +3.907086796e+01
12001 0 +1.456931829e+02 +2.304318290e+01 +2.304318290e+01
12201 0 +1.405463513e+02 +1.789635126e+01 +1.789635126e+01
15102 0 +1.365927642e+02 +1.394276417e+01 +1.394276417e+01
15201 0 +1.329623396e+02 +1.031233955e+01 +1.031233955e+01
17302 0 +1.287875042e+02 +6.137504245e+00 +6.137504245e+00
17601 0 +1.209569068e+02 -1.693093241e+00 -1.693093241e+00
18202 0 +1.186767358e+02 -3.973264153e+00 -3.973264153e+00
18701 0 +1.145825960e+02 -8.067403955e+00 -8.067403955e+00
19003 0 +1.083087590e+02 -1.434124104e+01 -1.434124104e+01
19302 0 +1.046543054e+02 -1.799569458e+01 -1.799569458e+01
19303 0 +1.020630777e+02 -2.058692226e+01 -2.058692226e+01
19602 0 +9.854049646e+01 -2.410950354e+01 -2.410950354e+01
19603 0 +9.568110031e+01 -2.696889969e+01 -2.696889969e+01
19702 0 +9.285191733e+01 -2.979808267e+01 -2.979808267e+01
19901 0 +8.600357096e+01 -3.664642904e+01 -3.664642904e+01
20201 0 +8.226202044e+01 -4.038797956e+01 -4.038797956e+01
20301 0 +8.115164990e+01 -4.149835010e+01 -4.149835010e+01
20501 0 +7.862793732e+01 -4.402206268e+01 -4.402206268e+01
23801 0 +7.605592730e+01 -4.659407270e+01 -4.659407270e+01
27101 0 +7.548402667e+01 -4.716597333e+01 -4.716597333e+01
28801 0 +7.407429962e+01 -4.857570038e+01 -4.857570038e+01
39501 0 +7.062005101e+01 -5.202994899e+01 -5.202994899e+01
% f evaluations | g evaluations | best noise-free fitness - Fopt (-4.726000000000e+01) + sum g_i+ | measured fitness | best measured fitness or single-digit g-values | x1 | x2...
1 0 +7.851140101e+02 +7.378540101e+02 +7.378540101e+02
2 0 +7.638854406e+02 +7.166254406e+02 +7.166254406e+02
3 0 +7.332954788e+02 +6.860354788e+02 +6.860354788e+02
5 0 +5.781369544e+02 +5.308769544e+02 +5.308769544e+02
101 0 +5.178504893e+02 +4.705904893e+02 +4.705904893e+02
401 0 +5.021691392e+02 +4.549091392e+02 +4.549091392e+02
501 0 +5.010001425e+02 +4.537401425e+02 +4.537401425e+02
601 0 +4.867992565e+02 +4.395392565e+02 +4.395392565e+02
801 0 +4.780361567e+02 +4.307761567e+02 +4.307761567e+02
901 0 +4.670772813e+02 +4.198172813e+02 +4.198172813e+02
1101 0 +4.518261145e+02 +4.045661145e+02 +4.045661145e+02
1302 0 +4.435224155e+02 +3.962624155e+02 +3.962624155e+02
3002 0 +4.355942315e+02 +3.883342315e+02 +3.883342315e+02
3202 0 +4.246678865e+02 +3.774078865e+02 +3.774078865e+02
3204 0 +4.095746936e+02 +3.623146936e+02 +3.623146936e+02
3602 0 +4.058169249e+02 +3.585569249e+02 +3.585569249e+02
3703 0 +3.976226709e+02 +3.503626709e+02 +3.503626709e+02
3801 0 +3.849185524e+02 +3.376585524e+02 +3.376585524e+02
3901 0 +3.620487264e+02 +3.147887264e+02 +3.147887264e+02
4001 0 +3.451799567e+02 +2.979199567e+02 +2.979199567e+02
4101 0 +3.283754227e+02 +2.811154227e+02 +2.811154227e+02
4201 0 +3.084959394e+02 +2.612359394e+02 +2.612359394e+02
4501 0 +3.010155111e+02 +2.537555111e+02 +2.537555111e+02
8102 0 +2.925879251e+02 +2.453279251e+02 +2.453279251e+02
9103 0 +2.876443164e+02 +2.403843164e+02 +2.403843164e+02
9301 0 +2.770742381e+02 +2.298142381e+02 +2.298142381e+02
10002 0 +2.719827356e+02 +2.247227356e+02 +2.247227356e+02
10101 0 +2.573529934e+02 +2.100929934e+02 +2.100929934e+02
10201 0 +2.542385155e+02 +2.069785155e+02 +2.069785155e+02
11204 0 +2.485731509e+02 +2.013131509e+02 +2.013131509e+02
11403 0 +2.433619095e+02 +1.961019095e+02 +1.961019095e+02
11701 0 +2.348337093e+02 +1.875737093e+02 +1.875737093e+02
11901 0 +2.301245480e+02 +1.828645480e+02 +1.828645480e+02
12101 0 +2.208821609e+02 +1.736221609e+02 +1.736221609e+02
12201 0 +2.151960440e+02 +1.679360440e+02 +1.679360440e+02
12301 0 +2.089937232e+02 +1.617337232e+02 +1.617337232e+02
12401 0 +2.068486952e+02 +1.595886952e+02 +1.595886952e+02
12601 0 +1.978866065e+02 +1.506266065e+02 +1.506266065e+02
12801 0 +1.763399814e+02 +1.290799814e+02 +1.290799814e+02
14601 0 +1.703868078e+02 +1.231268078e+02 +1.231268078e+02
14801 0 +1.686443052e+02 +1.213843052e+02 +1.213843052e+02
15101 0 +1.652416636e+02 +1.179816636e+02 +1.179816636e+02
15401 0 +1.619480654e+02 +1.146880654e+02 +1.146880654e+02
17004 0 +1.531012873e+02 +1.058412873e+02 +1.058412873e+02
17501 0 +1.494329748e+02 +1.021729748e+02 +1.021729748e+02
19103 0 +1.466486055e+02 +9.938860549e+01 +9.938860549e+01
19705 0 +1.427965075e+02 +9.553650751e+01 +9.553650751e+01
19708 0 +1.385984737e+02 +9.133847370e+01 +9.133847370e+01
19801 0 +1.268858842e+02 +7.962588423e+01 +7.962588423e+01
19901 0 +1.107495446e+02 +6.348954463e+01 +6.348954463e+01
20101 0 +1.041049371e+02 +5.684493715e+01 +5.684493715e+01
20501 0 +9.723404050e+01 +4.997404050e+01 +4.997404050e+01
20701 0 +9.139735359e+01 +4.413735359e+01 +4.413735359e+01
21001 0 +8.799628872e+01 +4.073628872e+01 +4.073628872e+01
21501 0 +8.270027803e+01 +3.544027803e+01 +3.544027803e+01
21601 0 +7.715260221e+01 +2.989260221e+01 +2.989260221e+01
21901 0 +7.509180288e+01 +2.783180288e+01 +2.783180288e+01
35901 0 +6.602507492e+01 +1.876507492e+01 +1.876507492e+01
% f evaluations | g evaluations | best noise-free fitness - Fopt (-2.292300000000e+02) + sum g_i+ | measured fitness | best measured fitness or single-digit g-values | x1 | x2...
1 0 +7.744213398e+02 +5.451913398e+02 +5.451913398e+02
3 0 +5.764219065e+02 +3.471919065e+02 +3.471919065e+02
101 0 +5.342939897e+02 +3.050639897e+02 +3.050639897e+02
201 0 +5.079786870e+02 +2.787486870e+02 +2.787486870e+02
301 0 +4.939902219e+02 +2.647602219e+02 +2.647602219e+02
401 0 +4.742707674e+02 +2.450407674e+02 +2.450407674e+02
701 0 +4.555387212e+02 +2.263087212e+02 +2.263087212e+02
901 0 +4.413174193e+02 +2.120874193e+02 +2.120874193e+02
1001 0 +4.357805110e+02 +2.065505110e+02 +2.065505110e+02
2501 0 +4.220883130e+02 +1.928583130e+02 +1.928583130e+02
2701 0 +4.132717206e+02 +1.840417206e+02 +1.840417206e+02
2801 0 +4.064100823e+02 +1.771800823e+02 +1.771800823e+02
2901 0 +3.963095939e+02 +1.670795939e+02 +1.670795939e+02
4501 0 +3.872546358e+02 +1.580246358e+02 +1.580246358e+02
4601 0 +3.710006884e+02 +1.417706884e+02 +1.417706884e+02
4701 0 +3.626410532e+02 +1.334110532e+02 +1.334110532e+02
5301 0 +3.529263948e+02 +1.236963948e+02 +1.236963948e+02
5502 0 +3.452315167e+02 +1.160015167e+02 +1.160015167e+02
5901 0 +3.368737098e+02 +1.076437098e+02 +1.076437098e+02
6201 0 +3.263108024e+02 +9.708080242e+01 +9.708080242e+01
6401 0 +3.213712694e+02 +9.214126937e+01 +9.214126937e+01
7602 0 +3.126309156e+02 +8.340091564e+01 +8.340091564e+01
7801 0 +3.087154138e+02 +7.948541377e+01 +7.948541377e+01
8001 0 +2.904448930e+02 +6.121489297e+01 +6.121489297e+01
8101 0 +2.677723737e+02 +3.854237366e+01 +3.854237366e+01
8902 0 +2.619034945e+02 +3.267349446e+01 +3.267349446e+01
9004 0 +2.503557273e+02 +2.112572727e+01 +2.112572727e+01
9901 0 +2.392767968e+02 +1.004679679e+01 +1.004679679e+01
10901 0 +2.320617308e+02 +2.831730831e+00 +2.831730831e+00
11301 0 +2.233115375e+02 -5.918462454e+00 -5.918462454e+00
11801 0 +2.182893125e+02 -1.094068747e+01 -1.094068747e+01
12201 0 +2.124842069e+02 -1.674579313e+01 -1.674579313e+01
13401 0 +2.070636124e+02 -2.216638760e+01 -2.216638760e+01
14501 0 +2.033229843e+02 -2.590701569e+01 -2.590701569e+01
18801 0 +1.983634667e+02 -3.086653325e+01 -3.086653325e+01
19201 0 +1.917662306e+02 -3.746376941e+01 -3.746376941e+01
19301 0 +1.857249745e+02 -4.350502547e+01 -4.350502547e+01
19501 0 +1.770155292e+02 -5.221447075e+01 -5.221447075e+01
19601 0 +1.725266286e+02 -5.670337141e+01 -5.670337141e+01
20001 0 +1.681916495e+02 -6.103835049e+01 -6.103835049e+01
20402 0 +1.615301467e+02 -6.769985332e+01 -6.769985332e+01
20501 0 +1.447946327e+02 -8.443536733e+01 -8.443536733e+01
20601 0 +1.428192266e+02 -8.641077341e+01 -8.641077341e+01
20801 0 +1.344140079e+02 -9.481599207e+01 -9.481599207e+01
22302 0 +1.310175731e+02 -9.821242690e+01 -9.821242690e+01
23101 0 +1.271502842e+02 -1.020797158e+02 -1.020797158e+02
23201 0 +1.151609278e+02 -1.140690722e+02 -1.140690722e+02
23501 0 +1.145417900e+02 -1.146882100e+02 -1.146882100e+02
25401 0 +1.051398327e+02 -1.240901673e+02 -1.240901673e+02
25501 0 +1.030510050e+02 -1.261789950e+02 -1.261789950e+02
25901 0 +9.482703587e+01 -1.344029641e+02 -1.344029641e+02
29301 0 +8.866426948e+01 -1.405657305e+02 -1.405657305e+02
29501 0 +8.638397684e+01 -1.428460232e+02 -1.428460232e+02
30101 0 +8.488364706e+01 -1.443463529e+02 -1.443463529e+02
35602 0 +8.304142905e+01 -1.461885709e+02 -1.461885709e+02
37001 0 +7.307776742e+01 -1.561522326e+02 -1.561522326e+02
37101 0 +6.735477976e+01 -1.618752202e+02 -1.618752202e+02
37301 0 +6.122244474e+01 -1.680075553e+02 -1.680075553e+02
37401 0 +5.975100686e+01 -1.694789931e+02 -1.694789931e+02
38801 0 +5.769402386e+01 -1.715359761e+02 -1.715359761e+02
38901 0 +5.617406870e+01 -1.730559313e+02 -1.730559313e+02
39201 0 +5.448711172e+01 -1.747428883e+02 -1.747428883e+02
39501 0 +5.260028493e+01 -1.766297151e+02 -1.766297151e+02
% f evaluations | g evaluations | best noise-free fitness - Fopt (-8.745000000000e+01) + sum g_i+ | measured fitness | best measured fitness or single-digit g-values | x1 | x2...
1 0 +7.837955000e+02 +6.963455000e+02 +6.963455000e+02
7 0 +6.449004101e+02 +5.574504101e+02 +5.574504101e+02
10 0 +6.296228310e+02 +5.421728310e+02 +5.421728310e+02
70 0 +5.923340526e+02 +5.048840526e+02 +5.048840526e+02
101 0 +5.405125453e+02 +4.530625453e+02 +4.530625453e+02
201 0 +5.314339556e+02 +4.439839556e+02 +4.439839556e+02
501 0 +5.125520557e+02 +4.251020557e+02 +4.251020557e+02
601 0 +4.714762985e+02 +3.840262985e+02 +3.840262985e+02
701 0 +4.599891219e+02 +3.725391219e+02 +3.725391219e+02
801 0 +4.530057670e+02 +3.655557670e+02 +3.655557670e+02
1602 0 +4.454260463e+02 +3.579760463e+02 +3.579760463e+02
1701 0 +3.931256864e+02 +3.056756864e+02 +3.056756864e+02
2801 0 +3.786592644e+02 +2.912092644e+02 +2.912092644e+02
2901 0 +3.634774888e+02 +2.760274888e+02 +2.760274888e+02
3101 0 +3.450436316e+02 +2.575936316e+02 +2.575936316e+02
3401 0 +3.322982840e+02 +2.448482840e+02 +2.448482840e+02
3601 0 +3.236448160e+02 +2.361948160e+02 +2.361948160e+02
3701 0 +3.234732333e+02 +2.360232333e+02 +2.360232333e+02
4701 0 +3.107613624e+02 +2.233113624e+02 +2.233113624e+02
4801 0 +2.946017561e+02 +2.071517561e+02 +2.071517561e+02
5503 0 +2.832823811e+02 +1.958323811e+02 +1.958323811e+02
5601 0 +2.735798445e+02 +1.861298445e+02 +1.861298445e+02
6604 0 +2.690311637e+02 +1.815811637e+02 +1.815811637e+02
6802 0 +2.586964918e+02 +1.712464918e+02 +1.712464918e+02
7102 0 +2.568796607e+02 +1.694296607e+02 +1.694296607e+02
7201 0 +2.469127932e+02 +1.594627932e+02 +1.594627932e+02
7801 0 +2.437062540e+02 +1.562562540e+02 +1.562562540e+02
8301 0 +2.381712371e+02 +1.507212371e+02 +1.507212371e+02
8801 0 +2.310999248e+02 +1.436499248e+02 +1.436499248e+02
10203 0 +2.228375097e+02 +1.353875097e+02 +1.353875097e+02
10401 0 +2.113194262e+02 +1.238694262e+02 +1.238694262e+02
10501 0 +2.068230673e+02 +1.193730673e+02 +1.193730673e+02
12801 0 +2.025909109e+02 +1.151409109e+02 +1.151409109e+02
13514 0 +1.990077218e+02 +1.115577218e+02 +1.115577218e+02
14102 0 +1.937464738e+02 +1.062964738e+02 +1.062964738e+02
14201 0 +1.888056514e+02 +1.013556514e+02 +1.013556514e+02
15002 0 +1.852208476e+02 +9.777084765e+01 +9.777084765e+01
15101 0 +1.816830395e+02 +9.423303946e+01 +9.423303946e+01
16101 0 +1.740012354e+02 +8.655123540e+01 +8.655123540e+01
16201 0 +1.715821779e+02 +8.413217792e+01 +8.413217792e+01
16202 0 +1.693104800e+02 +8.186048000e+01 +8.186048000e+01
16401 0 +1.654741883e+02 +7.802418825e+01 +7.802418825e+01
17001 0 +1.560629022e+02 +6.861290220e+01 +6.861290220e+01
17101 0 +1.535064595e+02 +6.605645949e+01 +6.605645949e+01
17801 0 +1.468114760e+02 +5.936147602e+01 +5.936147602e+01
17901 0 +1.423862895e+02 +5.493628952e+01 +5.493628952e+01
18101 0 +1.410034813e+02 +5.355348127e+01 +5.355348127e+01
19102 0 +1.373984894e+02 +4.994848937e+01 +4.994848937e+01
19201 0 +1.319634282e+02 +4.451342817e+01 +4.451342817e+01
19401 0 +1.309278043e+02 +4.347780429e+01 +4.347780429e+01
21801 0 +1.262497074e+02 +3.879970738e+01 +3.879970738e+01
21901 0 +1.220864415e+02 +3.463644149e+01 +3.463644149e+01
22001 0 +1.200102305e+02 +3.256023053e+01 +3.256023053e+01
27701 0 +1.174781202e+02 +3.002812023e+01 +3.002812023e+01
28101 0 +1.136184768e+02 +2.616847680e+01 +2.616847680e+01
28601 0 +1.091339202e+02 +2.168392022e+01 +2.168392022e+01
28701 0 +1.051279277e+02 +1.767792775e+01 +1.767792775e+01
29001 0 +1.028024872e+02 +1.535248721e+01 +1.535248721e+01
29201 0 +1.017852710e+02 +1.433527105e+01 +1.433527105e+01
29601 0 +9.800042485e+01 +1.055042485e+01 +1.055042485e+01
29701 0 +9.183860135e+01 +4.388601351e+00 +4.388601351e+00
30301 0 +9.107770618e+01 +3.627706184e+00 +3.627706184e+00
31702 0 +8.853880334e+01 +1.088803340e+00 +1.088803340e+00
32801 0 +8.263359724e+01 -4.816402761e+00 -4.816402761e+00
32902 0 +7.787467407e+01 -9.575325925e+00 -9.575325925e+00
33002 0 +7.507295232e+01 -1.237704768e+01 -1.237704768e+01
33404 0 +7.383708509e+01 -1.361291491e+01 -1.361291491e+01
33801 0 +7.051799856e+01 -1.693200144e+01 -1.693200144e+01
33901 0 +6.836801378e+01 -1.908198622e+01 -1.908198622e+01
34602 0 +6.753418852e+01 -1.991581148e+01 -1.991581148e+01
34603 0 +6.366556793e+01 -2.378443207e+01 -2.378443207e+01
35002 0 +6.099391167e+01 -2.645608833e+01 -2.645608833e+01
35101 0 +6.018851363e+01 -2.726148637e+01 -2.726148637e+01
35202 0 +5.881832501e+01 -2.863167499e+01 -2.863167499e+01
35601 0 +5.496168865e+01 -3.248831135e+01 -3.248831135e+01
35801 0 +4.625077401e+01 -4.119922599e+01 -4.119922599e+01
% f evaluations | g evaluations | best noise-free fitness - Fopt (1.298700000000e+02) + sum g_i+ | measured fitness | best measured fitness or single-digit g-values | x1 | x2...
1 0 +8.171643846e+02 +9.470343846e+02 +9.470343846e+02
3 0 +7.831384435e+02 +9.130084435e+02 +9.130084435e+02
5 0 +6.946656135e+02 +8.245356135e+02 +8.245356135e+02
6 0 +6.548507985e+02 +7.847207985e+02 +7.847207985e+02
20 0 +6.048208626e+02 +7.346908626e+02 +7.346908626e+02
88 0 +5.885064803e+02 +7.183764803e+02 +7.183764803e+02
95 0 +5.697888130e+02 +6.996588130e+02 +6.996588130e+02
101 0 +5.577863313e+02 +6.876563313e+02 +6.876563313e+02
201 0 +5.341767842e+02 +6.640467842e+02 +6.640467842e+02
701 0 +5.180174932e+02 +6.478874932e+02 +6.478874932e+02
801 0 +5.048260853e+02 +6.346960853e+02 +6.346960853e+02
1001 0 +4.947058583e+02 +6.245758583e+02 +6.245758583e+02
1201 0 +4.855914903e+02 +6.154614903e+02 +6.154614903e+02
1301 0 +4.733052867e+02 +6.031752867e+02 +6.031752867e+02
1903 0 +4.671640230e+02 +5.970340230e+02 +5.970340230e+02
2001 0 +4.553060488e+02 +5.851760488e+02 +5.851760488e+02
2201 0 +4.170638763e+02 +5.469338763e+02 +5.469338763e+02
2301 0 +4.098818111e+02 +5.397518111e+02 +5.397518111e+02
2501 0 +3.766166410e+02 +5.064866410e+02 +5.064866410e+02
2601 0 +3.713133816e+02 +5.011833816e+02 +5.011833816e+02
4301 0 +3.542485171e+02 +4.841185171e+02 +4.841185171e+02
4501 0 +3.374107518e+02 +4.672807518e+02 +4.672807518e+02
5101 0 +3.170873025e+02 +4.469573025e+02 +4.469573025e+02
5201 0 +3.096304455e+02 +4.395004455e+02 +4.395004455e+02
6002 0 +3.031212016e+02 +4.329912016e+02 +4.329912016e+02
6101 0 +3.003710711e+02 +4.302410711e+02 +4.302410711e+02
6201 0 +2.904585235e+02 +4.203285235e+02 +4.203285235e+02
6301 0 +2.825991218e+02 +4.124691218e+02 +4.124691218e+02
8103 0 +2.797741047e+02 +4.096441047e+02 +4.096441047e+02
10101 0 +2.726096867e+02 +4.024796867e+02 +4.024796867e+02
10501 0 +2.684045933e+02 +3.982745933e+02 +3.982745933e+02
10701 0 +2.608838573e+02 +3.907538573e+02 +3.907538573e+02
10902 0 +2.570278803e+02 +3.868978803e+02 +3.868978803e+02
11501 0 +2.447663776e+02 +3.746363776e+02 +3.746363776e+02
11601 0 +2.356604705e+02 +3.655304705e+02 +3.655304705e+02
11701 0 +2.342848593e+02 +3.641548593e+02 +3.641548593e+02
12001 0 +2.262213471e+02 +3.560913471e+02 +3.560913471e+02
12201 0 +2.155763641e+02 +3.454463641e+02 +3.454463641e+02
12501 0 +2.129500963e+02 +3.428200963e+02 +3.428200963e+02
12601 0 +2.063891474e+02 +3.362591474e+02 +3.362591474e+02
16801 0 +2.006184535e+02 +3.304884535e+02 +3.304884535e+02
16901 0 +1.989201065e+02 +3.287901065e+02 +3.287901065e+02
17201 0 +1.915467711e+02 +3.214167711e+02 +3.214167711e+02
19406 0 +1.891529089e+02 +3.190229089e+02 +3.190229089e+02
19501 0 +1.859379169e+02 +3.158079169e+02 +3.158079169e+02
20601 0 +1.748827191e+02 +3.047527191e+02 +3.047527191e+02
20701 0 +1.715737998e+02 +3.014437998e+02 +3.014437998e+02
20901 0 +1.698131478e+02 +2.996831478e+02 +2.996831478e+02
21601 0 +1.652529770e+02 +2.951229770e+02 +2.951229770e+02
23101 0 +1.605812284e+02 +2.904512284e+02 +2.904512284e+02
26901 0 +1.564676775e+02 +2.863376775e+02 +2.863376775e+02
27201 0 +1.483415649e+02 +2.782115649e+02 +2.782115649e+02
28401 0 +1.387848438e+02 +2.686548438e+02 +2.686548438e+02
28501 0 +1.369655717e+02 +2.668355717e+02 +2.668355717e+02
28801 0 +1.305021420e+02 +2.603721420e+02 +2.603721420e+02
29101 0 +1.245821360e+02 +2.544521360e+02 +2.544521360e+02
29301 0 +1.169589219e+02 +2.468289219e+02 +2.468289219e+02
29401 0 +1.091711674e+02 +2.390411674e+02 +2.390411674e+02
29501 0 +1.031910811e+02 +2.330610811e+02 +2.330610811e+02
29701 0 +9.586755477e+01 +2.257375548e+02 +2.257375548e+02
29801 0 +9.204088163e+01 +2.219108816e+02 +2.219108816e+02
30101 0 +9.077703805e+01 +2.206470381e+02 +2.206470381e+02
30401 0 +8.652782938e+01 +2.163978294e+02 +2.163978294e+02
31101 0 +8.450961150e+01 +2.143796115e+02 +2.143796115e+02
35702 0 +7.653822638e+01 +2.064082264e+02 +2.064082264e+02
36702 0 +6.873830028e+01 +1.986083003e+02 +1.986083003e+02
36801 0 +6.485572621e+01 +1.947257262e+02 +1.947257262e+02
% f evaluations | g evaluations | best noise-free fitness - Fopt (2.328000000000e+01) + sum g_i+ | measured fitness | best measured fitness or single-digit g-values | x1 | x2...
1 0 +9.768003020e+02 +1.000080302e+03 +1.000080302e+03
2 0 +7.728174517e+02 +7.960974517e+02 +7.960974517e+02
8 0 +6.520360144e+02 +6.753160144e+02 +6.753160144e+02
32 0 +6.345967585e+02 +6.578767585e+02 +6.578767585e+02
41 0 +6.107326169e+02 +6.340126169e+02 +6.340126169e+02
45 0 +5.597194534e+02 +5.829994534e+02 +5.829994534e+02
101 0 +5.493592265e+02 +5.726392265e+02 +5.726392265e+02
901 0 +5.211336776e+02 +5.444136776e+02 +5.444136776e+02
1001 0 +4.965992282e+02 +5.198792282e+02 +5.198792282e+02
1301 0 +4.720647957e+02 +4.953447957e+02 +4.953447957e+02
1401 0 +4.637690085e+02 +4.870490085e+02 +4.870490085e+02
1902 0 +4.467069554e+02 +4.699869554e+02 +4.699869554e+02
2001 0 +4.394110160e+02 +4.626910160e+02 +4.626910160e+02
2101 0 +4.192222460e+02 +4.425022460e+02 +4.425022460e+02
2201 0 +4.111865109e+02 +4.344665109e+02 +4.344665109e+02
2803 0 +3.979063601e+02 +4.211863601e+02 +4.211863601e+02
2901 0 +3.814206131e+02 +4.047006131e+02 +4.047006131e+02
3001 0 +3.603525989e+02 +3.836325989e+02 +3.836325989e+02
3101 0 +3.291444908e+02 +3.524244908e+02 +3.524244908e+02
3401 0 +3.228914513e+02 +3.461714513e+02 +3.461714513e+02
3601 0 +3.109894262e+02 +3.342694262e+02 +3.342694262e+02
3701 0 +2.949443873e+02 +3.182243873e+02 +3.182243873e+02
3801 0 +2.697949393e+02 +2.930749393e+02 +2.930749393e+02
3901 0 +2.591108114e+02 +2.823908114e+02 +2.823908114e+02
5001 0 +2.558338947e+02 +2.791138947e+02 +2.791138947e+02
6701 0 +2.426107657e+02 +2.658907657e+02 +2.658907657e+02
6801 0 +2.270225917e+02 +2.503025917e+02 +2.503025917e+02
6901 0 +2.224299716e+02 +2.457099716e+02 +2.457099716e+02
7801 0 +2.106931978e+02 +2.339731978e+02 +2.339731978e+02
7901 0 +2.033620979e+02 +2.266420979e+02 +2.266420979e+02
8101 0 +1.977115531e+02 +2.209915531e+02 +2.209915531e+02
8301 0 +1.913339658e+02 +2.146139658e+02 +2.146139658e+02
9301 0 +1.783420279e+02 +2.016220279e+02 +2.016220279e+02
9501 0 +1.755104993e+02 +1.987904993e+02 +1.987904993e+02
9801 0 +1.682662905e+02 +1.915462905e+02 +1.915462905e+02
9902 0 +1.606013718e+02 +1.838813718e+02 +1.838813718e+02
10001 0 +1.538484623e+02 +1.771284623e+02 +1.771284623e+02
10701 0 +1.504877836e+02 +1.737677836e+02 +1.737677836e+02
11201 0 +1.474618186e+02 +1.707418186e+02 +1.707418186e+02
15701 0 +1.416511038e+02 +1.649311038e+02 +1.649311038e+02
15802 0 +1.406684740e+02 +1.639484740e+02 +1.639484740e+02
16001 0 +1.294098055e+02 +1.526898055e+02 +1.526898055e+02
18201 0 +1.178879640e+02 +1.411679640e+02 +1.411679640e+02
18501 0 +1.089739898e+02 +1.322539898e+02 +1.322539898e+02
18601 0 +1.060678933e+02 +1.293478933e+02 +1.293478933e+02
18701 0 +1.030786980e+02 +1.263586980e+02 +1.263586980e+02
18801 0 +9.724851379e+01 +1.205285138e+02 +1.205285138e+02
18902 0 +9.021153940e+01 +1.134915394e+02 +1.134915394e+02
19101 0 +7.939721532e+01 +1.026772153e+02 +1.026772153e+02
19301 0 +7.032320147e+01 +9.360320147e+01 +9.360320147e+01
20101 0 +6.470033471e+01 +8.798033471e+01 +8.798033471e+01
20301 0 +6.165527774e+01 +8.493527774e+01 +8.493527774e+01
21201 0 +5.997970919e+01 +8.325970919e+01 +8.325970919e+01
21701 0 +5.595659198e+01 +7.923659198e+01 +7.923659198e+01
37101 0 +5.371093281e+01 +7.699093281e+01 +7.699093281e+01
37401 0 +5.248142255e+01 +7.576142255e+01 +7.576142255e+01
37901 0 +5.204972477e+01 +7.532972477e+01 +7.532972477e+01
% f evaluations | g evaluations | best noise-free fitness - Fopt (9.200000000000e+01) + sum g_i+ | measured fitness | best measured fitness or single-digit g-values | x1 | x2...
1 0 +5.562112501e+02 +6.482112501e+02 +6.482112501e+02
101 0 +5.312169692e+02 +6.232169692e+02 +6.232169692e+02
201 0 +4.868164567e+02 +5.788164567e+02 +5.788164567e+02
501 0 +4.781473635e+02 +5.701473635e+02 +5.701473635e+02
1001 0 +4.553995355e+02 +5.473995355e+02 +5.473995355e+02
1303 0 +4.422605431e+02 +5.342605431e+02 +5.342605431e+02
2301 0 +4.260403333e+02 +5.180403333e+02 +5.180403333e+02
2401 0 +4.099055937e+02 +5.019055937e+02 +5.019055937e+02
2501 0 +3.952639417e+02 +4.872639417e+02 +4.872639417e+02
2601 0 +3.872930966e+02 +4.792930966e+02 +4.792930966e+02
2701 0 +3.661559692e+02 +4.581559692e+02 +4.581559692e+02
2801 0 +3.629771326e+02 +4.549771326e+02 +4.549771326e+02
2901 0 +3.513623582e+02 +4.433623582e+02 +4.433623582e+02
4101 0 +3.427771371e+02 +4.347771371e+02 +4.347771371e+02
4501 0 +3.334199061e+02 +4.254199061e+02 +4.254199061e+02
4701 0 +3.304930683e+02 +4.224930683e+02 +4.224930683e+02
4801 0 +3.231846754e+02 +4.151846754e+02 +4.151846754e+02
5101 0 +3.090112463e+02 +4.010112463e+02 +4.010112463e+02
5301 0 +2.960025054e+02 +3.880025054e+02 +3.880025054e+02
5601 0 +2.914665534e+02 +3.834665534e+02 +3.834665534e+02
6702 0 +2.829533668e+02 +3.749533668e+02 +3.749533668e+02
7401 0 +2.808874220e+02 +3.728874220e+02 +3.728874220e+02
7601 0 +2.751719155e+02 +3.671719155e+02 +3.671719155e+02
8601 0 +2.681559222e+02 +3.601559222e+02 +3.601559222e+02
9203 0 +2.585588622e+02 +3.505588622e+02 +3.505588622e+02
9301 0 +2.472764269e+02 +3.392764269e+02 +3.392764269e+02
9401 0 +2.424309335e+02 +3.344309335e+02 +3.344309335e+02
9501 0 +2.314474403e+02 +3.234474403e+02 +3.234474403e+02
9601 0 +2.271189239e+02 +3.191189239e+02 +3.191189239e+02
9901 0 +2.176085726e+02 +3.096085726e+02 +3.096085726e+02
10101 0 +2.047368412e+02 +2.967368412e+02 +2.967368412e+02
10202 0 +1.946074967e+02 +2.866074967e+02 +2.866074967e+02
10401 0 +1.881012393e+02 +2.801012393e+02 +2.801012393e+02
10601 0 +1.852092051e+02 +2.772092051e+02 +2.772092051e+02
11001 0 +1.642227048e+02 +2.562227048e+02 +2.562227048e+02
11201 0 +1.531022234e+02 +2.451022234e+02 +2.451022234e+02
11601 0 +1.472577785e+02 +2.392577785e+02 +2.392577785e+02
11901 0 +1.428261806e+02 +2.348261806e+02 +2.348261806e+02
13103 0 +1.374527546e+02 +2.294527546e+02 +2.294527546e+02
13201 0 +1.274184779e+02 +2.194184779e+02 +2.194184779e+02
13301 0 +1.258276247e+02 +2.178276247e+02 +2.178276247e+02
14601 0 +1.198753680e+02 +2.118753680e+02 +2.118753680e+02
17202 0 +1.124617646e+02 +2.044617646e+02 +2.044617646e+02
17601 0 +1.106064178e+02 +2.026064178e+02 +2.026064178e+02
18001 0 +1.077834112e+02 +1.997834112e+02 +1.997834112e+02
19701 0 +1.051887292e+02 +1.971887292e+02 +1.971887292e+02
19801 0 +1.041936635e+02 +1.961936635e+02 +1.961936635e+02
20203 0 +1.017867930e+02 +1.937867930e+02 +1.937867930e+02
20301 0 +9.754894281e+01 +1.895489428e+02 +1.895489428e+02
24602 0 +9.527633864e+01 +1.872763386e+02 +1.872763386e+02
26401 0 +8.989410580e+01 +1.818941058e+02 +1.818941058e+02
29601 0 +8.838011702e+01 +1.803801170e+02 +1.803801170e+02
30501 0 +8.549306054e+01 +1.774930605e+02 +1.774930605e+02
30601 0 +8.194536497e+01 +1.739453650e+02 +1.739453650e+02
34101 0 +7.775062468e+01 +1.697506247e+02 +1.697506247e+02
35801 0 +7.707638353e+01 +1.690763835e+02 +1.690763835e+02
36501 0 +7.259687284e+01 +1.645968728e+02 +1.645968728e+02
38601 0 +7.225764223e+01 +1.642576422e+02 +1.642576422e+02
38801 0 +7.032644453e+01 +1.623264445e+02 +1.623264445e+02
38901 0 +6.275724204e+01 +1.547572420e+02 +1.547572420e+02
39001 0 +5.627687785e+01 +1.482768778e+02 +1.482768778e+02
39201 0 +5.534882276e+01 +1.473488228e+02 +1.473488228e+02
39301 0 +5.457635540e+01 +1.465763554e+02 +1.465763554e+02
39801 0 +5.357289918e+01 +1.455728992e+02 +1.455728992e+02
% f evaluations | g evaluations | best noise-free fitness - Fopt (8.712000000000e+01) + sum g_i+ | measured fitness | best measured fitness or single-digit g-values | x1 | x2...
1 0 +8.969198217e+02 +9.840398217e+02 +9.840398217e+02
2 0 +7.558733843e+02 +8.429933843e+02 +8.429933843e+02
3 0 +7.059635163e+02 +7.930835163e+02 +7.930835163e+02
6 0 +6.758116007e+02 +7.629316007e+02 +7.629316007e+02
7 0 +5.787847569e+02 +6.659047569e+02 +6.659047569e+02
45 0 +4.953357226e+02 +5.824557226e+02 +5.824557226e+02
101 0 +4.390402961e+02 +5.261602961e+02 +5.261602961e+02
201 0 +4.299016941e+02 +5.170216941e+02 +5.170216941e+02
401 0 +4.193967516e+02 +5.065167516e+02 +5.065167516e+02
1101 0 +3.747765237e+02 +4.618965237e+02 +4.618965237e+02
1201 0 +3.625456616e+02 +4.496656616e+02 +4.496656616e+02
1501 0 +3.524009574e+02 +4.395209574e+02 +4.395209574e+02
3704 0 +3.459844988e+02 +4.331044988e+02 +4.331044988e+02
4501 0 +3.325786884e+02 +4.196986884e+02 +4.196986884e+02
4801 0 +3.273976602e+02 +4.145176602e+02 +4.145176602e+02
5001 0 +3.152754105e+02 +4.023954105e+02 +4.023954105e+02
5501 0 +3.006586113e+02 +3.877786113e+02 +3.877786113e+02
6701 0 +2.938219309e+02 +3.809419309e+02 +3.809419309e+02
7101 0 +2.874180771e+02 +3.745380771e+02 +3.745380771e+02
7801 0 +2.667452212e+02 +3.538652212e+02 +3.538652212e+02
8003 0 +2.629408581e+02 +3.500608581e+02 +3.500608581e+02
8701 0 +2.524958202e+02 +3.396158202e+02 +3.396158202e+02
9301 0 +2.280067031e+02 +3.151267031e+02 +3.151267031e+02
9701 0 +2.153298491e+02 +3.024498491e+02 +3.024498491e+02
9801 0 +2.065489245e+02 +2.936689245e+02 +2.936689245e+02
10808 0 +1.841185261e+02 +2.712385261e+02 +2.712385261e+02
11001 0 +1.755050393e+02 +2.626250393e+02 +2.626250393e+02
11601 0 +1.680708777e+02 +2.551908777e+02 +2.551908777e+02
11801 0 +1.619317511e+02 +2.490517511e+02 +2.490517511e+02
13701 0 +1.502157205e+02 +2.373357205e+02 +2.373357205e+02
14001 0 +1.449509955e+02 +2.320709955e+02 +2.320709955e+02
14701 0 +1.442885299e+02 +2.314085299e+02 +2.314085299e+02
15101 0 +1.409356179e+02 +2.280556179e+02 +2.280556179e+02
20401 0 +1.245532067e+02 +2.116732067e+02 +2.116732067e+02
26601 0 +1.217639326e+02 +2.088839326e+02 +2.088839326e+02
27002 0 +1.184652697e+02 +2.055852697e+02 +2.055852697e+02
27401 0 +1.155939761e+02 +2.027139761e+02 +2.027139761e+02
27501 0 +1.101050674e+02 +1.972250674e+02 +1.972250674e+02
27601 0 +1.084243408e+02 +1.955443408e+02 +1.955443408e+02
30801 0 +1.070405186e+02 +1.941605186e+02 +1.941605186e+02
% f evaluations | g evaluations | best noise-free fitness - Fopt (-1.017800000000e+02) + sum g_i+ | measured fitness | best measured fitness or single-digit g-values | x1 | x2...
1 0 +9.325024089e+02 +8.307224089e+02 +8.307224089e+02
2 0 +7.737349259e+02 +6.719549259e+02 +6.719549259e+02
3 0 +7.549387730e+02 +6.531587730e+02 +6.531587730e+02
6 0 +6.602052835e+02 +5.584252835e+02 +5.584252835e+02
14 0 +5.759302830e+02 +4.741502830e+02 +4.741502830e+02
101 0 +5.190550874e+02 +4.172750874e+02 +4.172750874e+02
401 0 +5.085538361e+02 +4.067738361e+02 +4.067738361e+02
601 0 +4.978454972e+02 +3.960654972e+02 +3.960654972e+02
1101 0 +4.839632580e+02 +3.821832580e+02 +3.821832580e+02
1201 0 +4.718143945e+02 +3.700343945e+02 +3.700343945e+02
1501 0 +4.657124969e+02 +3.639324969e+02 +3.639324969e+02
1902 0 +4.554506168e+02 +3.536706168e+02 +3.536706168e+02
2001 0 +4.392156012e+02 +3.374356012e+02 +3.374356012e+02
2201 0 +4.098572945e+02 +3.080772945e+02 +3.080772945e+02
2301 0 +3.865653886e+02 +2.847853886e+02 +2.847853886e+02
2501 0 +3.785199779e+02 +2.767399779e+02 +2.767399779e+02
3201 0 +3.622214834e+02 +2.604414834e+02 +2.604414834e+02
4601 0 +3.533274867e+02 +2.515474867e+02 +2.515474867e+02
5005 0 +3.333597736e+02 +2.315797736e+02 +2.315797736e+02
6701 0 +3.295086142e+02 +2.277286142e+02 +2.277286142e+02
6801 0 +3.192653753e+02 +2.174853753e+02 +2.174853753e+02
7101 0 +3.083703279e+02 +2.065903279e+02 +2.065903279e+02
7601 0 +3.004422634e+02 +1.986622634e+02 +1.986622634e+02
7701 0 +2.909048643e+02 +1.891248643e+02 +1.891248643e+02
8402 0 +2.883748393e+02 +1.865948393e+02 +1.865948393e+02
8601 0 +2.802103530e+02 +1.784303530e+02 +1.784303530e+02
8701 0 +2.724837111e+02 +1.707037111e+02 +1.707037111e+02
8801 0 +2.686998636e+02 +1.669198636e+02 +1.669198636e+02
9801 0 +2.629624885e+02 +1.611824885e+02 +1.611824885e+02
10401 0 +2.540788137e+02 +1.522988137e+02 +1.522988137e+02
11609 0 +2.489574484e+02 +1.471774484e+02 +1.471774484e+02
12601 0 +2.388168329e+02 +1.370368329e+02 +1.370368329e+02
12701 0 +2.287971551e+02 +1.270171551e+02 +1.270171551e+02
13201 0 +2.160120342e+02 +1.142320342e+02 +1.142320342e+02
13401 0 +2.066822851e+02 +1.049022851e+02 +1.049022851e+02
13701 0 +2.029169283e+02 +1.011369283e+02 +1.011369283e+02
18801 0 +1.983828191e+02 +9.660281910e+01 +9.660281910e+01
20001 0 +1.948996422e+02 +9.311964219e+01 +9.311964219e+01
23101 0 +1.904064366e+02 +8.862643655e+01 +8.862643655e+01
23401 0 +1.805008875e+02 +7.872088751e+01 +7.872088751e+01
23501 0 +1.713194448e+02 +6.953944479e+01 +6.953944479e+01
23601 0 +1.605495900e+02 +5.876959002e+01 +5.876959002e+01
23701 0 +1.402131540e+02 +3.843315396e+01 +3.843315396e+01
23801 0 +1.340620531e+02 +3.228205311e+01 +3.228205311e+01
24401 0 +1.315992892e+02 +2.981928923e+01 +2.981928923e+01
26401 0 +1.282101824e+02 +2.643018236e+01 +2.643018236e+01
31802 0 +1.257603607e+02 +2.398036073e+01 +2.398036073e+01
32501 0 +1.225887140e+02 +2.080871404e+01 +2.080871404e+01
33801 0 +1.171284412e+02 +1.534844122e+01 +1.534844122e+01
33901 0 +1.076628612e+02 +5.882861248e+00 +5.882861248e+00
34702 0 +1.043461309e+02 +2.566130918e+00 +2.566130918e+00
35601 0 +1.013053511e+02 -4.746489498e-01 -4.746489498e-01
35801 0 +9.812736382e+01 -3.652636183e+00 -3.652636183e+00
% f evaluations | g evaluations | best noise-free fitness - Fopt (-5.149000000000e+01) + sum g_i+ | measured fitness | best measured fitness or single-digit g-values | x1 | x2...
1 0 +8.713278205e+02 +8.198378205e+02 +8.198378205e+02
2 0 +8.419764253e+02 +7.904864253e+02 +7.904864253e+02
3 0 +7.851220585e+02 +7.336320585e+02 +7.336320585e+02
5 0 +6.241089669e+02 +5.726189669e+02 +5.726189669e+02
101 0 +5.955355013e+02 +5.440455013e+02 +5.440455013e+02
201 0 +5.757864779e+02 +5.242964779e+02 +5.242964779e+02
204 0 +5.747552617e+02 +5.232652617e+02 +5.232652617e+02
301 0 +5.609447020e+02 +5.094547020e+02 +5.094547020e+02
401 0 +5.447842166e+02 +4.932942166e+02 +4.932942166e+02
903 0 +5.311114719e+02 +4.796214719e+02 +4.796214719e+02
1104 0 +5.236471873e+02 +4.721571873e+02 +4.721571873e+02
1202 0 +5.111835330e+02 +4.596935330e+02 +4.596935330e+02
1401 0 +4.921980191e+02 +4.407080191e+02 +4.407080191e+02
1601 0 +4.876800413e+02 +4.361900413e+02 +4.361900413e+02
2001 0 +4.632975268e+02 +4.118075268e+02 +4.118075268e+02
2101 0 +4.353854077e+02 +3.838954077e+02 +3.838954077e+02
2301 0 +4.232509704e+02 +3.717609704e+02 +3.717609704e+02
2601 0 +3.967754415e+02 +3.452854415e+02 +3.452854415e+02
3501 0 +3.795492022e+02 +3.280592022e+02 +3.280592022e+02
3903 0 +3.610005971e+02 +3.095105971e+02 +3.095105971e+02
4601 0 +3.499364995e+02 +2.984464995e+02 +2.984464995e+02
5407 0 +3.462010967e+02 +2.947110967e+02 +2.947110967e+02
5601 0 +3.308222270e+02 +2.793322270e+02 +2.793322270e+02
5801 0 +3.204432347e+02 +2.689532347e+02 +2.689532347e+02
6001 0 +3.122776083e+02 +2.607876083e+02 +2.607876083e+02
6202 0 +3.070590406e+02 +2.555690406e+02 +2.555690406e+02
6301 0 +2.960516254e+02 +2.445616254e+02 +2.445616254e+02
6402 0 +2.934322279e+02 +2.419422279e+02 +2.419422279e+02
6501 0 +2.726142425e+02 +2.211242425e+02 +2.211242425e+02
6601 0 +2.645561066e+02 +2.130661066e+02 +2.130661066e+02
6701 0 +2.578544561e+02 +2.063644561e+02 +2.063644561e+02
8701 0 +2.559454373e+02 +2.044554373e+02 +2.044554373e+02
8901 0 +2.510711008e+02 +1.995811008e+02 +1.995811008e+02
10212 0 +2.379159945e+02 +1.864259945e+02 +1.864259945e+02
10301 0 +2.317456214e+02 +1.802556214e+02 +1.802556214e+02
10501 0 +2.265094576e+02 +1.750194576e+02 +1.750194576e+02
10601 0 +2.222352073e+02 +1.707452073e+02 +1.707452073e+02
10801 0 +2.131318006e+02 +1.616418006e+02 +1.616418006e+02
11801 0 +2.083853944e+02 +1.568953944e+02 +1.568953944e+02
11901 0 +2.008998842e+02 +1.494098842e+02 +1.494098842e+02
12001 0 +1.962692962e+02 +1.447792962e+02 +1.447792962e+02
12301 0 +1.887079871e+02 +1.372179871e+02 +1.372179871e+02
12501 0 +1.831558306e+02 +1.316658306e+02 +1.316658306e+02
12601 0 +1.743677897e+02 +1.228777897e+02 +1.228777897e+02
13401 0 +1.728287314e+02 +1.213387314e+02 +1.213387314e+02
13601 0 +1.697284073e+02 +1.182384073e+02 +1.182384073e+02
16701 0 +1.597874487e+02 +1.082974487e+02 +1.082974487e+02
16801 0 +1.579392009e+02 +1.064492009e+02 +1.064492009e+02
17101 0 +1.485514828e+02 +9.706148276e+01 +9.706148276e+01
17201 0 +1.477072742e+02 +9.621727417e+01 +9.621727417e+01
17701 0 +1.434944929e+02 +9.200449293e+01 +9.200449293e+01
19801 0 +1.411571154e+02 +8.966711540e+01 +8.966711540e+01
20001 0 +1.362739712e+02 +8.478397116e+01 +8.478397116e+01
20101 0 +1.325424406e+02 +8.105244059e+01 +8.105244059e+01
20309 0 +1.221039380e+02 +7.061393796e+01 +7.061393796e+01
22301 0 +1.185578732e+02 +6.706787323e+01 +6.706787323e+01
22304 0 +1.162640065e+02 +6.477400653e+01 +6.477400653e+01
22403 0 +1.143440545e+02 +6.285405450e+01 +6.285405450e+01
22903 0 +1.120824012e+02 +6.059240117e+01 +6.059240117e+01
25501 0 +1.076911671e+02 +5.620116713e+01 +5.620116713e+01
26503 0 +1.070926014e+02 +5.560260141e+01 +5.560260141e+01
27001 0 +1.005069252e+02 +4.901692522e+01 +4.901692522e+01
27101 0 +9.432917277e+01 +4.283917277e+01 +4.283917277e+01
27701 0 +9.184955973e+01 +4.035955973e+01 +4.035955973e+01
27903 0 +8.968952653e+01 +3.819952653e+01 +3.819952653e+01
31501 0 +8.171581695e+01 +3.022581695e+01 +3.022581695e+01
31601 0 +7.880253207e+01 +2.731253207e+01 +2.731253207e+01
31801 0 +7.525345572e+01 +2.376345572e+01 +2.376345572e+01
32301 0 +6.678734610e+01 +1.529734610e+01 +1.529734610e+01
33001 0 +6.387426133e+01 +1.238426133e+01 +1.238426133e+01
33201 0 +6.243092335e+01 +1.094092335e+01 +1.094092335e+01
36301 0 +6.068480111e+01 +9.194801108e+00 +9.194801108e+00
36401 0 +6.009817595e+01 +8.608175951e+00 +8.608175951e+00
