% f evaluations | g evaluations | best noise-free fitness - Fopt (-9.210000000000e+00) + sum g_i+ | measured fitness | best measured fitness or single-digit g-values | x1 | x2...
1 0 +2.324486837e+02 +2.232386837e+02 +2.232386837e+02 -2.7456e+00 +2.2297e+00 +1.6916e+00 +3.6728e+00 +3.5033e+00 +1.4727e+00 -6.3723e-01 +6.6176e-01 -4.7087e+00 -9.3417e-02
2 0 +1.756401651e+02 +1.664301651e+02 +1.664301651e+02 +2.8373e+00 +4.1935e+00 +1.6246e+00 +1.6477e+00 +3.4453e+00 +1.0004e+00 -2.0262e+00 +3.3612e+00 -1.9681e+00 -2.4679e+00
7 0 +1.518489604e+02 +1.426389604e+02 +1.426389604e+02 +3.9424e+00 -4.4761e+00 +4.0355e+00 +4.3184e+00 -2.9181e+00 +2.8200e-01 +4.0393e+00 +3.5169e+00 -9.1940e-02 +9.9509e-01
19 0 +1.373035082e+02 +1.280935082e+02 +1.280935082e+02 +1.2485e-01 -4.8562e+00 -1.4010e-01 +1.2858e+00 +4.1110e+00 +4.7180e+00 +3.5762e+00 +4.2755e+00 +3.0024e-01 -2.0584e+00
32 0 +1.144931475e+02 +1.052831475e+02 +1.052831475e+02 +3.6066e+00 -4.6731e+00 -1.6961e+00 +3.5059e+00 +2.0143e+00 -6.5945e-01 +4.7019e+00 +2.6961e+00 +1.3981e+00 -4.6722e+00
48 0 +1.094513225e+02 +1.002413225e+02 +1.002413225e+02 +1.8412e+00 +3.0711e+00 -3.0947e+00 -9.0653e-01 +7.0553e-02 -7.2321e-01 -6.8235e-01 +4.0468e+00 +4.7644e+00 -4.1018e+00
78 0 +9.233295736e+01 +8.312295736e+01 +8.312295736e+01 -4.1964e+00 -2.3661e-01 +2.8580e+00 +3.9004e+00 +3.7969e+00 +3.4575e+00 +4.8390e+00 +6.6370e-01 +3.4001e+00 -4.8721e+00
202 0 +8.601136052e+01 +7.680136052e+01 +7.680136052e+01 -4.9652e+00 -3.6181e-01 +5.0000e+00 +4.8313e+00 +4.7804e+00 +4.5940e+00 +4.9300e+00 -1.6322e+00 +5.0000e+00 -5.0000e+00
902 0 +8.169242703e+01 +7.248242703e+01 +7.248242703e+01 +9.9358e-01 +3.5735e+00 +4.8909e+00 -8.4262e-01 -2.4813e+00 -2.6815e+00 +2.7494e+00 +2.7169e+00 +4.4411e+00 -5.0000e+00
1001 0 +7.812007345e+01 +6.891007345e+01 +6.891007345e+01 +5.1771e-01 +4.4389e+00 +5.0000e+00 -9.8294e-01 -2.9112e+00 -3.0071e+00 +2.9400e+00 +2.8816e+00 +4.7657e+00 -4.8640e+00
1101 0 +7.423900628e+01 +6.502900628e+01 +6.502900628e+01 +2.1075e-01 +4.6271e+00 +4.9496e+00 -8.2299e-01 -3.0274e+00 -3.1105e+00 +3.3496e+00 +2.9713e+00 +4.8594e+00 -4.9209e+00
1201 0 +6.271764023e+01 +5.350764023e+01 +5.350764023e+01 -1.5461e+00 +4.9871e+00 +5.0000e+00 +5.6836e-02 -3.3196e+00 -3.0874e+00 +4.9243e+00 +3.1035e+00 +5.0000e+00 -4.9956e+00
1601 0 +5.683465977e+01 +4.762465977e+01 +4.762465977e+01 -4.8910e+00 +5.0000e+00 +4.8582e+00 +5.0000e+00 -2.9052e+00 -2.1602e+00 +4.8874e+00 +2.7916e+00 +4.9049e+00 -4.9352e+00
1701 0 +5.374443454e+01 +4.453443454e+01 +4.453443454e+01 -4.8812e+00 +4.9887e+00 +4.9544e+00 +4.8701e+00 -2.6896e+00 -1.4992e+00 +5.0000e+00 +2.7993e+00 +5.0000e+00 -4.9485e+00
1801 0 +5.245528285e+01 +4.324528285e+01 +4.324528285e+01 -5.0000e+00 +5.0000e+00 +4.9708e+00 +5.0000e+00 -2.2819e+00 -8.2033e-01 +5.0000e+00 +2.8597e+00 +4.8970e+00 -4.9702e+00
2001 0 +4.890644691e+01 +3.969644691e+01 +3.969644691e+01 -5.0000e+00 +5.0000e+00 +5.0000e+00 +5.0000e+00 -1.9252e+00 +2.1470e-01 +5.0000e+00 +2.8059e+00 +5.0000e+00 -5.0000e+00
2101 0 +4.296364504e+01 +3.375364504e+01 +3.375364504e+01 -4.9019e+00 +4.8755e+00 +4.8868e+00 +4.9038e+00 -1.1381e+00 +2.7449e+00 +5.0000e+00 +2.7223e+00 +5.0000e+00 -5.0000e+00
2201 0 +3.988132470e+01 +3.067132470e+01 +3.067132470e+01 -4.9342e+00 +5.0000e+00 +4.9304e+00 +5.0000e+00 -1.5148e-02 +5.0000e+00 +4.9896e+00 +2.5168e+00 +5.0000e+00 -4.8974e+00
3002 0 +3.753264647e+01 +2.832264647e+01 +2.832264647e+01 -2.4125e+00 +4.9985e+00 +5.0000e+00 +3.5541e+00 -5.8057e-01 +4.3630e+00 +3.8801e+00 +4.1269e+00 +4.7437e+00 -5.0000e+00
3101 0 +3.611753624e+01 +2.690753624e+01 +2.690753624e+01 -1.9965e+00 +5.0000e+00 +4.9153e+00 +3.0813e+00 -5.6381e-01 +5.0000e+00 +3.6628e+00 +4.6018e+00 +4.5358e+00 -4.9686e+00
3201 0 +3.326882573e+01 +2.405882573e+01 +2.405882573e+01 -1.9869e+00 +4.9662e+00 +5.0000e+00 +3.2229e+00 -4.4866e-01 +4.9762e+00 +3.5513e+00 +5.0000e+00 +4.6209e+00 -5.0000e+00
3301 0 +3.018874757e+01 +2.097874757e+01 +2.097874757e+01 -2.6899e+00 +5.0000e+00 +5.0000e+00 +4.7936e+00 +1.7641e-01 +4.9269e+00 +3.9922e+00 +5.0000e+00 +4.6500e+00 -5.0000e+00
3602 0 +2.806092356e+01 +1.885092356e+01 +1.885092356e+01 -2.7527e+00 +4.8714e+00 +5.0000e+00 +4.9856e+00 +1.3078e-01 +5.0000e+00 +4.0818e+00 +5.0000e+00 +4.7969e+00 -5.0000e+00
3801 0 +2.699988173e+01 +1.778988173e+01 +1.778988173e+01 -2.8337e+00 +5.0000e+00 +5.0000e+00 +4.9065e+00 +2.5334e-01 +4.9185e+00 +4.1266e+00 +5.0000e+00 +5.0000e+00 -5.0000e+00
4002 0 +2.457443818e+01 +1.536443818e+01 +1.536443818e+01 +8.6349e-02 +4.8712e+00 +5.0000e+00 +2.9315e+00 -3.1355e-01 +5.0000e+00 +4.6882e+00 +4.9082e+00 +5.0000e+00 -5.0000e+00
4301 0 +2.394499410e+01 +1.473499410e+01 +1.473499410e+01 +1.3245e+00 +4.9351e+00 +5.0000e+00 +2.4826e+00 -6.0184e-01 +4.8296e+00 +4.9517e+00 +4.9666e+00 +4.8444e+00 -4.9717e+00
4401 0 +2.287356836e+01 +1.366356836e+01 +1.366356836e+01 +2.9135e+00 +4.9764e+00 +5.0000e+00 +1.7928e+00 -1.0040e+00 +5.0000e+00 +4.7247e+00 +5.0000e+00 +5.0000e+00 -4.8550e+00
4501 0 +2.237427837e+01 +1.316427837e+01 +1.316427837e+01 +4.0496e+00 +5.0000e+00 +4.9836e+00 +1.3390e+00 -1.2766e+00 +5.0000e+00 +4.7242e+00 +4.9284e+00 +5.0000e+00 -4.8560e+00
4502 0 +2.163872902e+01 +1.242872902e+01 +1.242872902e+01 -1.5720e+00 +4.9249e+00 +4.7540e+00 +4.4924e+00 -3.2004e-01 +4.9700e+00 +5.0000e+00 +5.0000e+00 +4.9913e+00 -4.9731e+00
4601 0 +1.976986123e+01 +1.055986123e+01 +1.055986123e+01 -1.6512e+00 +4.9132e+00 +4.6002e+00 +4.8814e+00 -1.1570e+00 +4.9446e+00 +5.0000e+00 +5.0000e+00 +5.0000e+00 -4.8808e+00
4701 0 +1.643253771e+01 +7.222537714e+00 +7.222537714e+00 -2.4256e-01 +4.6773e+00 +4.1899e+00 +4.8962e+00 -2.3925e+00 +4.9032e+00 +4.9504e+00 +5.0000e+00 +4.8390e+00 -4.9882e+00
4901 0 +1.517633876e+01 +5.966338765e+00 +5.966338765e+00 +1.1198e+00 +4.7493e+00 +3.4488e+00 +4.9560e+00 -4.1478e+00 +4.8332e+00 +4.9612e+00 +4.8527e+00 +4.5266e+00 -4.9410e+00
5001 0 +1.214814730e+01 +2.938147297e+00 +2.938147297e+00 +2.8106e+00 +4.8815e+00 +2.7445e+00 +5.0000e+00 -5.0000e+00 +4.8980e+00 +5.0000e+00 +4.9351e+00 +4.4683e+00 -4.8829e+00
5101 0 +1.187937656e+01 +2.669376562e+00 +2.669376562e+00 +5.0000e+00 +4.9627e+00 +1.1157e+00 +4.9566e+00 -4.9080e+00 +5.0000e+00 +4.9734e+00 +5.0000e+00 +4.5036e+00 -4.8964e+00
5501 0 +1.027037928e+01 +1.060379279e+00 +1.060379279e+00 +1.8057e+00 +8.1258e-01 +5.0000e+00 +4.9059e+00 -4.8905e+00 +5.0000e+00 +4.9418e+00 +4.9343e+00 +5.0000e+00 -4.9504e+00
6002 0 +1.019739477e+01 +9.873947743e-01 +9.873947743e-01 +1.8462e+00 +5.4698e-01 +5.0000e+00 +5.0000e+00 -5.0000e+00 +5.0000e+00 +4.9873e+00 +5.0000e+00 +5.0000e+00 -4.8767e+00
6402 0 +9.288194063e+00 +7.819406258e-02 +7.819406258e-02 +3.5843e+00 +5.0000e+00 +4.9583e+00 +5.0000e+00 -2.6721e+00 +4.9838e+00 +5.0000e+00 +5.0000e+00 +4.8363e+00 -5.0000e+00
8001 0 +8.989994697e+00 -2.200053029e-01 -2.200053029e-01 +4.2377e+00 +5.0000e+00 +4.8281e+00 +4.9280e+00 -4.1656e+00 +4.8371e+00 +4.1097e+00 +5.0000e+00 +4.9036e+00 -5.0000e+00
8101 0 +6.346631441e+00 -2.863368559e+00 -2.863368559e+00 +5.0000e+00 +5.0000e+00 +5.0000e+00 +5.0000e+00 -4.3012e+00 +4.9712e+00 +4.0738e+00 +5.0000e+00 +5.0000e+00 -5.0000e+00
8901 0 +5.617435128e+00 -3.592564872e+00 -3.592564872e+00 +4.9615e+00 +4.8199e+00 +4.6820e+00 +4.6715e+00 -4.9385e+00 +4.5296e+00 +5.0000e+00 +4.9244e+00 +4.7684e+00 -5.0000e+00
9301 0 +5.090353148e+00 -4.119646852e+00 -4.119646852e+00 +5.0000e+00 +4.9742e+00 +5.0000e+00 +4.6529e+00 -5.0000e+00 +4.4310e+00 +4.8950e+00 +4.8755e+00 +4.8668e+00 -5.0000e+00
9501 0 +2.484678586e+00 -6.725321414e+00 -6.725321414e+00 +5.0000e+00 +4.9966e+00 +5.0000e+00 +4.8288e+00 -4.9053e+00 +4.5869e+00 +5.0000e+00 +4.9394e+00 +5.0000e+00 -5.0000e+00
9601 0 +1.895738434e+00 -7.314261566e+00 -7.314261566e+00 +5.0000e+00 +5.0000e+00 +4.9865e+00 +4.6075e+00 -5.0000e+00 +4.7141e+00 +5.0000e+00 +5.0000e+00 +5.0000e+00 -5.0000e+00
% f evaluations | g evaluations | best noise-free fitness - Fopt (6.559900000000e+02) + sum g_i+ | measured fitness | best measured fitness or single-digit g-values | x1 | x2...
1 0 +2.134952787e+02 +8.694852787e+02 +8.694852787e+02 +3.9317e+00 -9.4805e-01 +2.0927e+00 +2.0517e-01 -1.7093e+00 -1.0134e+00 +4.1849e+00 +3.7912e-01 -4.4304e+00 +3.6805e+00
3 0 +2.062721983e+02 +8.622621983e+02 +8.622621983e+02 -1.0108e+00 +2.1212e+00 +4.6523e+00 +4.7808e+00 -2.4023e+00 -1.6624e+00 +2.9796e+00 -2.5853e+00 -3.3060e+00 +9.6411e-01
4 0 +1.885813208e+02 +8.445713208e+02 +8.445713208e+02 +1.3146e-01 +2.8154e+00 +5.4880e-01 +3.5619e+00 +4.6976e-02 -2.8328e+00 -4.6741e+00 +1.4196e+00 +4.3166e+00 -5.6791e-01
7 0 +1.467179294e+02 +8.027079294e+02 +8.027079294e+02 -1.9606e+00 +1.0357e+00 -2.4233e+00 -3.1665e+00 -1.5873e+00 -4.1109e+00 -8.2245e-01 +3.5748e+00 -1.4253e+00 -8.2342e-01
22 0 +1.327636832e+02 +7.887536832e+02 +7.887536832e+02 -1.6351e+00 -3.9199e+00 +3.5048e+00 +2.5148e+00 +1.3245e+00 +1.5629e+00 -4.1404e+00 +4.5949e+00 -4.3002e+00 +2.1720e-01
30 0 +1.266118681e+02 +7.826018681e+02 +7.826018681e+02 -5.7582e-01 +4.3639e+00 +2.9925e+00 +2.3988e+00 -3.9033e+00 -3.1377e+00 -8.5757e-01 +4.3966e+00 -2.5214e-01 -2.9345e+00
63 0 +9.874735252e+01 +7.547373525e+02 +7.547373525e+02 -1.9389e+00 -4.8728e+00 +1.8492e+00 +2.7815e+00 -4.8489e+00 -4.4281e+00 -4.4109e+00 -3.5085e+00 -3.1926e+00 -4.4772e+00
101 0 +8.057983884e+01 +7.365698388e+02 +7.365698388e+02 -3.2061e+00 -4.9138e+00 +1.0097e+00 +4.2477e+00 -5.0000e+00 -5.0000e+00 -4.8055e+00 -4.9609e+00 -5.0000e+00 -5.0000e+00
1102 0 +7.726687851e+01 +7.332568785e+02 +7.332568785e+02 -1.9925e+00 -4.5657e+00 +1.9903e+00 +3.1982e+00 -4.8952e+00 -5.0000e+00 -4.3224e+00 -2.3664e+00 -4.9042e+00 -4.4168e+00
1201 0 +7.534366921e+01 +7.313336692e+02 +7.313336692e+02 -1.8270e+00 -5.0000e+00 +2.6374e+00 +3.2772e+00 -4.9258e+00 -5.0000e+00 -4.9101e+00 -1.9843e+00 -5.0000e+00 -4.0429e+00
1301 0 +7.189763774e+01 +7.278876377e+02 +7.278876377e+02 -1.3014e+00 -4.9330e+00 +2.9088e+00 +3.0026e+00 -4.9647e+00 -4.9595e+00 -4.8965e+00 -1.0165e+00 -5.0000e+00 -3.8778e+00
1502 0 +6.834645632e+01 +7.243364563e+02 +7.243364563e+02 -5.4196e-01 -3.2427e+00 -8.4861e-01 +2.2381e+00 -4.3893e+00 -3.7675e+00 -2.7596e+00 -1.0420e-01 -4.9530e+00 -4.9830e+00
1601 0 +6.154477078e+01 +7.175347708e+02 +7.175347708e+02 +1.4475e+00 -1.8385e+00 -2.9411e+00 +1.0844e-01 -4.7350e+00 -3.4553e+00 -7.2044e-01 +2.7666e+00 -4.9491e+00 -5.0000e+00
1701 0 +5.745937671e+01 +7.134493767e+02 +7.134493767e+02 +2.7512e+00 -1.1941e+00 -4.8283e+00 -1.2864e+00 -5.0000e+00 -3.2612e+00 +1.1310e+00 +4.9601e+00 -4.8849e+00 -4.9372e+00
2303 0 +5.599248659e+01 +7.119824866e+02 +7.119824866e+02 +3.2790e-01 -5.0000e+00 +5.0000e+00 -1.4656e+00 -4.9588e+00 -4.9503e+00 -5.0000e+00 +4.8100e+00 -5.0000e+00 -3.0723e+00
2503 0 +5.217069044e+01 +7.081606904e+02 +7.081606904e+02 +1.4015e+00 -4.6539e+00 -4.3385e-01 +1.0420e+00 -5.0000e+00 -3.0335e+00 -3.0466e+00 +2.3566e+00 -5.0000e+00 -5.0000e+00
2701 0 +4.389646864e+01 +6.998864686e+02 +6.998864686e+02 +1.1239e+00 -4.9924e+00 -1.8874e-01 +2.5595e+00 -5.0000e+00 -2.9894e+00 -4.3833e+00 +2.5021e+00 -5.0000e+00 -4.8335e+00
2801 0 +3.042219066e+01 +6.864121907e+02 +6.864121907e+02 +2.8405e+00 -5.0000e+00 -4.5872e-01 +4.3380e+00 -5.0000e+00 -1.3941e+00 -4.8620e+00 +4.1281e+00 -4.9535e+00 -4.9925e+00
2901 0 +2.460195081e+01 +6.805919508e+02 +6.805919508e+02 +3.5463e+00 -5.0000e+00 -2.3139e+00 +5.0000e+00 -4.9992e+00 -4.5241e-01 -4.7215e+00 +4.9964e+00 -5.0000e+00 -4.8992e+00
3101 0 +2.271496472e+01 +6.787049647e+02 +6.787049647e+02 +4.9814e+00 -4.9445e+00 -4.9998e+00 +4.9654e+00 -4.9855e+00 +1.1000e+00 -4.9372e+00 +5.0000e+00 -5.0000e+00 -4.9704e+00
4401 0 +2.208679796e+01 +6.780767980e+02 +6.780767980e+02 +3.6486e+00 -4.8862e+00 -3.2098e+00 +4.9929e+00 -4.9944e+00 -4.2699e+00 -4.9219e+00 +2.9233e+00 -4.8726e+00 -4.8851e+00
4501 0 +2.015945275e+01 +6.761494528e+02 +6.761494528e+02 +3.6479e+00 -4.9051e+00 -3.9000e+00 +5.0000e+00 -4.8571e+00 -5.0000e+00 -4.9472e+00 +2.2965e+00 -5.0000e+00 -5.0000e+00
4602 0 +1.913936150e+01 +6.751293615e+02 +6.751293615e+02 -5.0000e+00 -4.9601e+00 -3.0900e+00 +4.9136e+00 -4.7792e+00 -4.9781e+00 -4.7508e+00 +4.9258e+00 -4.9059e+00 -4.7308e+00
4701 0 +1.865221937e+01 +6.746422194e+02 +6.746422194e+02 -4.8706e+00 -4.9539e+00 -4.9076e+00 +5.0000e+00 -4.6214e+00 -5.0000e+00 -4.5609e+00 +4.8970e+00 -4.8614e+00 -4.6215e+00
5001 0 +1.630183383e+01 +6.722918338e+02 +6.722918338e+02 -4.9556e+00 -4.9045e+00 -4.9455e+00 +5.0000e+00 -4.5777e+00 -5.0000e+00 -4.4904e+00 +5.0000e+00 -4.9986e+00 -4.7419e+00
5101 0 +1.489964335e+01 +6.708896433e+02 +6.708896433e+02 -4.9520e+00 -4.9849e+00 -4.9151e+00 +5.0000e+00 -4.5426e+00 -4.9419e+00 -4.4009e+00 +5.0000e+00 -4.9640e+00 -4.9755e+00
5201 0 +1.368384329e+01 +6.696738433e+02 +6.696738433e+02 -4.9781e+00 -5.0000e+00 -5.0000e+00 +5.0000e+00 -4.7324e+00 -5.0000e+00 -4.5531e+00 +4.8701e+00 -5.0000e+00 -4.9892e+00
5501 0 +1.237377066e+01 +6.683637707e+02 +6.683637707e+02 -4.9028e+00 -4.8570e+00 -4.9894e+00 +5.0000e+00 -4.7916e+00 -5.0000e+00 -4.6361e+00 +5.0000e+00 -5.0000e+00 -5.0000e+00
6201 0 +1.119133114e+01 +6.671813311e+02 +6.671813311e+02 -5.0000e+00 -4.9287e+00 -5.0000e+00 +5.0000e+00 -5.0000e+00 -4.9764e+00 -4.9808e+00 +4.8944e+00 -4.9623e+00 -5.0000e+00
7602 0 +1.014466704e+01 +6.661346670e+02 +6.661346670e+02 -2.4965e+00 -4.9748e+00 -4.8997e+00 +4.9170e+00 -5.0000e+00 -4.5659e+00 -4.9463e+00 +4.9939e+00 -5.0000e+00 -4.9577e+00
7901 0 +9.209187353e+00 +6.651991874e+02 +6.651991874e+02 -2.9062e+00 -5.0000e+00 -4.9879e+00 +4.9901e+00 -5.0000e+00 -4.9251e+00 -5.0000e+00 +5.0000e+00 -5.0000e+00 -4.9008e+00
8102 0 +8.245258435e+00 +6.642352584e+02 +6.642352584e+02 +3.9861e+00 -4.8550e+00 -4.9535e+00 +5.0000e+00 -4.9664e+00 -3.4037e+00 -4.9747e+00 +5.0000e+00 -4.9826e+00 -4.9116e+00
8203 0 +7.719149818e+00 +6.637091498e+02 +6.637091498e+02 -1.9462e+00 -4.9268e+00 -5.0000e+00 +5.0000e+00 -5.0000e+00 -4.8913e+00 -5.0000e+00 +5.0000e+00 -4.9938e+00 -4.9761e+00
8305 0 +7.247188140e+00 +6.632371881e+02 +6.632371881e+02 +5.0000e+00 -4.8389e+00 -4.7760e+00 +5.0000e+00 -5.0000e+00 -3.4465e+00 -4.9017e+00 +5.0000e+00 -5.0000e+00 -4.9374e+00
8801 0 +5.019556750e+00 +6.610095568e+02 +6.610095568e+02 +4.1467e+00 -4.9821e+00 -4.9644e+00 +4.5463e+00 -4.8151e+00 -4.6934e+00 -4.9536e+00 +4.9388e+00 -4.8828e+00 -5.0000e+00
8901 0 +2.371587186e+00 +6.583615872e+02 +6.583615872e+02 +5.0000e+00 -5.0000e+00 -5.0000e+00 +4.1206e+00 -4.9224e+00 -5.0000e+00 -5.0000e+00 +5.0000e+00 -5.0000e+00 -4.9739e+00
% f evaluations | g evaluations | best noise-free fitness - Fopt (6.671000000000e+01) + sum g_i+ | measured fitness | best measured fitness or single-digit g-values | x1 | x2...
1 0 +2.387218108e+02 +3.054318108e+02 +3.054318108e+02 +1.5213e+00 +2.0236e+00 -1.4153e+00 -3.5122e+00 +9.9984e-01 -1.3804e+00 +4.1817e+00 -2.4690e+00 +4.5489e+00 +4.7902e+00
2 0 +1.454893935e+02 +2.121993935e+02 +2.121993935e+02 -1.7366e+00 -3.1448e+00 -3.5448e+00 -4.3155e+00 -4.6470e+00 +8.8708e-01 -3.0753e+00 +1.7902e+00 +1.2962e+00 -2.6747e+00
55 0 +1.271949442e+02 +1.939049442e+02 +1.939049442e+02 -1.6095e+00 -3.9924e+00 -4.3546e-01 -1.8077e-02 -2.8561e+00 +4.7644e+00 -3.7974e+00 +1.0472e+00 -2.1019e+00 -4.9556e+00
80 0 +1.224726284e+02 +1.891826284e+02 +1.891826284e+02 +4.5845e+00 +2.2870e+00 +1.4924e+00 +4.4205e+00 -4.3436e+00 +2.0795e+00 +5.2503e-01 -1.8775e+00 +4.4998e+00 -1.9161e+00
101 0 +8.735410380e+01 +1.540641038e+02 +1.540641038e+02 +5.0000e+00 +1.0357e+00 -1.2956e+00 +4.7074e+00 -4.9001e+00 +5.0000e+00 +5.0000e+00 -4.8008e+00 +4.6819e+00 -3.7602e+00
201 0 +8.228564757e+01 +1.489956476e+02 +1.489956476e+02 +4.9651e+00 +4.9105e+00 +2.1496e+00 +4.9416e+00 -5.0000e+00 +4.9947e+00 +5.0000e+00 -5.0000e+00 +4.8665e+00 -5.0000e+00
1501 0 +7.282416987e+01 +1.395341699e+02 +1.395341699e+02 +3.4621e+00 +5.0000e+00 -3.5690e+00 +5.0000e+00 -4.8310e+00 +4.8795e+00 +2.6734e+00 -4.9852e+00 +4.7652e+00 -3.9367e+00
1601 0 +7.185288577e+01 +1.385628858e+02 +1.385628858e+02 +5.0000e+00 +5.0000e+00 -5.0000e+00 +4.8609e+00 -4.6234e+00 +4.8636e+00 +4.9521e+00 -5.0000e+00 +5.0000e+00 -4.9094e+00
1701 0 +6.281613759e+01 +1.295261376e+02 +1.295261376e+02 +8.7207e-01 -4.9281e+00 -4.9127e+00 -4.7420e+00 -5.0000e+00 +3.2527e+00 -5.0000e+00 -3.9266e+00 +4.8493e+00 -2.8164e+00
1901 0 +6.049440820e+01 +1.272044082e+02 +1.272044082e+02 +4.2593e-01 -5.0000e+00 -5.0000e+00 -5.0000e+00 -4.9609e+00 +3.0974e+00 -4.9712e+00 -4.1154e+00 +4.9414e+00 -2.9312e+00
2001 0 +5.706738287e+01 +1.237773829e+02 +1.237773829e+02 -4.7193e-01 -4.9166e+00 -4.9167e+00 -5.0000e+00 -4.8784e+00 +2.7627e+00 -4.9929e+00 -4.3643e+00 +4.8611e+00 -3.2550e+00
2101 0 +5.460375670e+01 +1.213137567e+02 +1.213137567e+02 -1.4781e+00 -4.9882e+00 -5.0000e+00 -4.9932e+00 -4.9938e+00 +2.3477e+00 -5.0000e+00 -4.4778e+00 +4.9631e+00 -3.3429e+00
2202 0 +5.189812956e+01 +1.186081296e+02 +1.186081296e+02 +1.8605e+00 -1.1723e+00 -5.0000e+00 -2.0631e+00 -5.0000e+00 +4.7992e+00 -4.1938e+00 -4.8766e+00 +4.4693e+00 -3.4436e+00
2301 0 +4.005792063e+01 +1.067679206e+02 +1.067679206e+02 +2.3982e+00 -1.0180e+00 -4.9522e+00 -2.3102e+00 -4.8180e+00 +5.0000e+00 -5.0000e+00 -5.0000e+00 +4.6393e+00 -4.1611e+00
2501 0 +3.705172604e+01 +1.037617260e+02 +1.037617260e+02 +2.7473e+00 -9.5392e-01 -4.9357e+00 -2.5181e+00 -4.6752e+00 +4.9993e+00 -4.8774e+00 -4.9448e+00 +4.7085e+00 -4.6289e+00
2601 0 +3.562878973e+01 +1.023387897e+02 +1.023387897e+02 +4.6692e+00 +7.7322e-01 -5.0000e+00 -1.8880e+00 -4.8151e+00 +5.0000e+00 -5.0000e+00 -4.9626e+00 +4.8335e+00 -4.8364e+00
2801 0 +3.420567003e+01 +1.009156700e+02 +1.009156700e+02 +4.9401e+00 +1.3287e+00 -4.9998e+00 -2.1627e+00 -5.0000e+00 +5.0000e+00 -4.9853e+00 -5.0000e+00 +4.9873e+00 -4.9507e+00
3301 0 +3.166169056e+01 +9.837169056e+01 +9.837169056e+01 -5.0000e+00 -5.0000e+00 -5.0000e+00 -5.0000e+00 -5.0000e+00 +4.9494e+00 -3.5111e+00 -5.0000e+00 +4.9896e+00 -4.7056e+00
3401 0 +3.035346040e+01 +9.706346040e+01 +9.706346040e+01 -4.9672e+00 -5.0000e+00 -4.9097e+00 -4.9604e+00 -4.8967e+00 +4.9586e+00 -3.2172e+00 -5.0000e+00 +5.0000e+00 -5.0000e+00
3601 0 +2.721879308e+01 +9.392879308e+01 +9.392879308e+01 +5.0000e+00 +4.9762e+00 -5.0000e+00 +3.1735e+00 -4.9379e+00 +4.9872e+00 -5.0000e+00 -5.0000e+00 +5.0000e+00 -4.9820e+00
3701 0 +2.669697733e+01 +9.340697733e+01 +9.340697733e+01 +5.0000e+00 +4.9002e+00 -4.9221e+00 +4.0200e+00 -4.9286e+00 +5.0000e+00 -5.0000e+00 -5.0000e+00 +4.8998e+00 -4.9305e+00
3801 0 +2.511367251e+01 +9.182367251e+01 +9.182367251e+01 +5.0000e+00 +4.9353e+00 -4.8303e+00 +5.0000e+00 -4.8987e+00 +4.8425e+00 -4.8614e+00 -4.9154e+00 +5.0000e+00 -5.0000e+00
3901 0 +2.311677238e+01 +8.982677238e+01 +8.982677238e+01 +5.0000e+00 +5.0000e+00 -5.0000e+00 +5.0000e+00 -4.9873e+00 +4.9632e+00 -5.0000e+00 -4.9993e+00 +5.0000e+00 -4.9971e+00
4004 0 +2.278063944e+01 +8.949063944e+01 +8.949063944e+01 -4.9403e+00 -5.0000e+00 -5.0000e+00 -5.0000e+00 -4.8924e+00 +5.0000e+00 -4.8486e+00 -4.9709e+00 +5.0000e+00 -5.0000e+00
5003 0 +2.223200896e+01 +8.894200896e+01 +8.894200896e+01 -4.8021e+00 -4.9096e+00 -5.0000e+00 -5.0000e+00 -5.0000e+00 +5.0000e+00 -5.0000e+00 -5.0000e+00 +4.9888e+00 -4.9714e+00
6303 0 +2.156370722e+01 +8.827370722e+01 +8.827370722e+01 -5.0000e+00 -5.0000e+00 -4.9628e+00 -4.8281e+00 -4.9788e+00 +4.9793e+00 -5.0000e+00 -4.9676e+00 +5.0000e+00 -5.0000e+00
8211 0 +2.024647264e+01 +8.695647264e+01 +8.695647264e+01 -5.9662e-01 +1.8332e+00 -5.0000e+00 +3.5030e+00 -4.9710e+00 +4.8866e+00 -4.5315e+00 -5.0000e+00 +5.0000e+00 -4.8871e+00
8301 0 +1.964085581e+01 +8.635085581e+01 +8.635085581e+01 -9.9345e-02 +2.8740e+00 -5.0000e+00 +4.8038e+00 -4.9913e+00 +4.8938e+00 -4.3966e+00 -4.9501e+00 +4.9676e+00 -4.9609e+00
8524 0 +1.911256618e+01 +8.582256618e+01 +8.582256618e+01 -1.7404e+00 +3.0341e+00 -4.9442e+00 +4.6777e+00 -4.8317e+00 +4.9062e+00 -4.1632e+00 -5.0000e+00 +5.0000e+00 -5.0000e+00
8803 0 +1.798247505e+01 +8.469247505e+01 +8.469247505e+01 -2.8151e+00 +3.2278e+00 -4.9489e+00 +4.8695e+00 -4.9618e+00 +4.9329e+00 -4.1173e+00 -5.0000e+00 +4.9535e+00 -5.0000e+00
% f evaluations | g evaluations | best noise-free fitness - Fopt (9.416700000000e+02) + sum g_i+ | measured fitness | best measured fitness or single-digit g-values | x1 | x2...
1 0 +1.320204491e+02 +1.073690449e+03 +1.073690449e+03 +7.2555e-01 -2.9523e+00 -1.8779e+00 +1.1016e+00 -1.4041e+00 -4.0232e+00 +3.1824e+00 -1.4292e+00 +2.8179e+00 -3.6019e+00
10 0 +1.029159404e+02 +1.044585940e+03 +1.044585940e+03 -2.4552e+00 -2.2676e+00 +3.1591e+00 -2.1251e+00 +1.1209e+00 -2.5986e+00 -2.5112e+00 -4.8793e+00 +1.1948e+00 -3.8979e+00
72 0 +8.016328584e+01 +1.021833286e+03 +1.021833286e+03 -4.3498e+00 +1.7671e+00 -6.9671e-02 -1.4566e+00 -4.2628e+00 +3.3389e-01 -1.0090e+00 -4.4047e+00 +4.4958e+00 -4.8812e+00
101 0 +7.811999823e+01 +1.019789998e+03 +1.019789998e+03 -4.8193e+00 +1.3064e+00 -6.1875e-01 -3.5428e+00 -4.3118e+00 -8.6533e-01 +4.3832e-01 -5.0000e+00 +5.0000e+00 -5.0000e+00
1001 0 +7.555347764e+01 +1.017223478e+03 +1.017223478e+03 -4.9777e+00 +6.3621e-01 -2.8081e+00 -5.0000e+00 -4.9496e+00 -1.2299e+00 -6.9252e-01 -5.0000e+00 +5.0000e+00 -5.0000e+00
1101 0 +7.067819940e+01 +1.012348199e+03 +1.012348199e+03 -3.4113e+00 +3.1436e-01 -3.1594e+00 -5.0000e+00 -4.8804e+00 -5.0000e+00 +5.0288e-01 -4.9236e+00 +5.0000e+00 -4.9262e+00
1302 0 +6.903426152e+01 +1.010704262e+03 +1.010704262e+03 -5.0000e+00 -2.2664e-01 -4.9389e+00 -4.9770e+00 -5.0000e+00 -1.2621e+00 -2.7468e+00 -5.0000e+00 +5.0000e+00 -4.9096e+00
1501 0 +6.359394008e+01 +1.005263940e+03 +1.005263940e+03 -4.9817e+00 -9.4732e-01 -4.9354e+00 -4.9446e+00 -4.9174e+00 -1.1486e+00 -3.9097e+00 -4.9570e+00 +4.8951e+00 -4.9859e+00
1502 0 +6.281338025e+01 +1.004483380e+03 +1.004483380e+03 -5.0000e+00 -2.7185e+00 -5.0000e+00 -4.9684e+00 -5.0000e+00 -4.9638e+00 -4.7298e-01 -4.9965e+00 +4.9295e+00 -5.0000e+00
1602 0 +5.601342186e+01 +9.976834219e+02 +9.976834219e+02 -5.0000e+00 -2.2591e+00 -5.0000e+00 -4.9071e+00 -4.9842e+00 -9.9188e-01 -5.0000e+00 -5.0000e+00 +5.0000e+00 -5.0000e+00
1701 0 +5.444211877e+01 +9.961121188e+02 +9.961121188e+02 -4.7835e+00 -3.3622e+00 -5.0000e+00 -5.0000e+00 -4.8673e+00 -1.6474e+00 -4.9599e+00 -5.0000e+00 +4.8685e+00 -4.9738e+00
1801 0 +5.266014898e+01 +9.943301490e+02 +9.943301490e+02 -5.0000e+00 -4.0054e+00 -4.9147e+00 -4.9614e+00 -4.8497e+00 -1.7487e+00 -5.0000e+00 -4.9798e+00 +5.0000e+00 -4.8848e+00
1901 0 +5.205893066e+01 +9.937289307e+02 +9.937289307e+02 -5.0000e+00 -4.6822e+00 -5.0000e+00 -4.8252e+00 -4.9102e+00 -1.7354e+00 -5.0000e+00 -4.9164e+00 +4.9522e+00 -4.9053e+00
2001 0 +5.025844810e+01 +9.919284481e+02 +9.919284481e+02 -5.0000e+00 -5.0000e+00 -4.9711e+00 -5.0000e+00 -4.9387e+00 -1.7901e+00 -4.9937e+00 -4.9947e+00 +5.0000e+00 -4.9686e+00
2401 0 +4.866696012e+01 +9.903369601e+02 +9.903369601e+02 -4.7895e+00 -3.1636e+00 -4.9013e+00 -4.9491e+00 -4.8776e+00 -2.8319e+00 -5.0000e+00 -4.9997e+00 +5.0000e+00 -5.0000e+00
2501 0 +4.247438856e+01 +9.841443886e+02 +9.841443886e+02 -4.8858e+00 -4.8818e+00 -4.8715e+00 -4.9965e+00 -5.0000e+00 -4.2052e+00 -4.8109e+00 -4.9216e+00 +5.0000e+00 -5.0000e+00
2601 0 +3.949384843e+01 +9.811638484e+02 +9.811638484e+02 -5.0000e+00 -5.0000e+00 -4.8662e+00 -5.0000e+00 -4.9907e+00 -4.7886e+00 -4.8500e+00 -5.0000e+00 +4.9988e+00 -5.0000e+00
3802 0 +3.598108524e+01 +9.776510852e+02 +9.776510852e+02 -4.9400e+00 -4.9581e+00 -4.8969e+00 -2.9020e+00 -4.9526e+00 -4.9085e+00 -4.8408e+00 -4.8768e+00 +4.9739e+00 -4.9806e+00
3901 0 +3.255711407e+01 +9.742271141e+02 +9.742271141e+02 -4.9475e+00 -5.0000e+00 -5.0000e+00 -1.5397e+00 -4.9184e+00 -4.9670e+00 -5.0000e+00 -4.7684e+00 +5.0000e+00 -5.0000e+00
4001 0 +2.970470668e+01 +9.713747067e+02 +9.713747067e+02 -4.9740e+00 -5.0000e+00 -4.8954e+00 -3.4221e-01 -5.0000e+00 -5.0000e+00 -5.0000e+00 -4.7787e+00 +5.0000e+00 -4.9664e+00
4101 0 +2.666216608e+01 +9.683321661e+02 +9.683321661e+02 -4.9969e+00 -4.9519e+00 -5.0000e+00 +1.4315e+00 -4.9950e+00 -4.9381e+00 -4.9620e+00 -4.9071e+00 +5.0000e+00 -4.8742e+00
4201 0 +2.061397306e+01 +9.622839731e+02 +9.622839731e+02 -4.9890e+00 -5.0000e+00 -4.8656e+00 +4.0531e+00 -4.9296e+00 -5.0000e+00 -4.8753e+00 -5.0000e+00 +4.8280e+00 -5.0000e+00
4501 0 +1.821071687e+01 +9.598807169e+02 +9.598807169e+02 -5.0000e+00 -5.0000e+00 -4.7787e+00 +4.8272e+00 -5.0000e+00 -5.0000e+00 -4.8908e+00 -5.0000e+00 +4.8683e+00 -5.0000e+00
4601 0 +1.776581773e+01 +9.594358177e+02 +9.594358177e+02 -5.0000e+00 -5.0000e+00 -5.0000e+00 +5.0000e+00 -5.0000e+00 -5.0000e+00 -4.9788e+00 -4.8354e+00 +5.0000e+00 -5.0000e+00
5101 0 +1.731524571e+01 +9.589852457e+02 +9.589852457e+02 -5.0000e+00 -4.8653e+00 -4.7716e+00 +4.9320e+00 -4.9581e+00 -4.9073e+00 -4.9710e+00 -5.0000e+00 +5.0000e+00 -4.9889e+00
5201 0 +1.639714819e+01 +9.580671482e+02 +9.580671482e+02 -5.0000e+00 -5.0000e+00 -4.6531e+00 +4.9386e+00 -5.0000e+00 -4.9890e+00 -5.0000e+00 -5.0000e+00 +5.0000e+00 -4.9877e+00
5701 0 +1.587124839e+01 +9.575412484e+02 +9.575412484e+02 -4.9677e+00 -4.9801e+00 -4.4591e+00 +5.0000e+00 -5.0000e+00 -4.9904e+00 -5.0000e+00 -5.0000e+00 +5.0000e+00 -5.0000e+00
6501 0 +1.580424851e+01 +9.574742485e+02 +9.574742485e+02 -4.9508e+00 -4.9395e+00 -3.4936e+00 +5.0000e+00 -4.9664e+00 -5.0000e+00 -4.8081e+00 -5.0000e+00 +4.9323e+00 -5.0000e+00
6502 0 +1.521001375e+01 +9.568800137e+02 +9.568800137e+02 -4.9420e+00 -4.9403e+00 -1.3177e+00 +4.9449e+00 -4.8871e+00 -5.0000e+00 -4.8199e+00 -5.0000e+00 +4.9164e+00 -4.7380e+00
6601 0 +1.322054716e+01 +9.548905472e+02 +9.548905472e+02 -4.9422e+00 -4.8336e+00 -4.7454e-01 +5.0000e+00 -4.9345e+00 -4.9637e+00 -4.8549e+00 -5.0000e+00 +4.9802e+00 -4.7324e+00
6701 0 +1.100745908e+01 +9.526774591e+02 +9.526774591e+02 -4.9571e+00 -4.7935e+00 +1.1003e+00 +4.9480e+00 -4.9625e+00 -5.0000e+00 -4.7960e+00 -4.9664e+00 +5.0000e+00 -4.7172e+00
6801 0 +6.262500823e+00 +9.479325008e+02 +9.479325008e+02 -4.9892e+00 -4.8866e+00 +3.6588e+00 +4.9493e+00 -5.0000e+00 -4.8347e+00 -4.8491e+00 -4.9448e+00 +5.0000e+00 -4.7867e+00
6901 0 +1.686291574e+00 +9.433562916e+02 +9.433562916e+02 -5.0000e+00 -4.8759e+00 +4.9842e+00 +4.8568e+00 -5.0000e+00 -4.9494e+00 -5.0000e+00 -5.0000e+00 +5.0000e+00 -4.8991e+00
7501 0 +9.649124662e-01 +9.426349125e+02 +9.426349125e+02 -5.0000e+00 -5.0000e+00 +5.0000e+00 +5.0000e+00 -5.0000e+00 -4.8403e+00 -4.9158e+00 -5.0000e+00 +5.0000e+00 -5.0000e+00
7601 0 +9.359948795e-01 +9.426059949e+02 +9.426059949e+02 -5.0000e+00 -5.0000e+00 +4.9017e+00 +4.9740e+00 -4.9625e+00 -5.0000e+00 -5.0000e+00 -5.0000e+00 +4.9210e+00 -5.0000e+00
7701 0 +5.428526641e-01 +9.422128527e+02 +9.422128527e+02 -4.9855e+00 -5.0000e+00 +5.0000e+00 +5.0000e+00 -4.9841e+00 -4.9952e+00 -4.9911e+00 -4.9290e+00 +5.0000e+00 -5.0000e+00
% f evaluations | g evaluations | best noise-free fitness - Fopt (-3.745000000000e+01) + sum g_i+ | measured fitness | best measured fitness or single-digit g-values | x1 | x2...
1 0 +1.808313639e+02 +1.433813639e+02 +1.433813639e+02 +4.6728e+00 -3.9678e-02 +4.9051e+00 +1.4940e+00 -6.4512e-01 -1.4844e+00 -3.6582e+00 -4.7872e+00 -4.5150e+00 +4.0710e+00
5 0 +1.699622066e+02 +1.325122066e+02 +1.325122066e+02 -1.2778e+00 -2.5086e+00 +1.6489e+00 -9.2704e-02 +4.7242e+00 +1.0569e+00 +4.0844e+00 +4.2292e+00 +4.2793e+00 +1.8562e+00
10 0 +1.470441510e+02 +1.095941510e+02 +1.095941510e+02 -2.1032e+00 +1.3254e+00 -4.7976e+00 -1.3170e+00 -8.1264e-01 -1.3719e+00 -7.9090e-01 -4.9205e+00 -9.6400e-01 +4.7167e+00
11 0 +1.088232404e+02 +7.137324044e+01 +7.137324044e+01 +4.5908e+00 +4.5604e+00 +3.7620e+00 -4.2658e+00 -8.5422e-01 +2.5002e+00 +7.8300e-01 -3.8216e+00 +2.8385e+00 +9.6944e-01
101 0 +1.042010201e+02 +6.675102015e+01 +6.675102015e+01 +4.9280e+00 +4.9421e+00 +4.9932e+00 -5.0000e+00 -3.0069e+00 +5.0000e+00 +3.1420e+00 -4.8948e+00 +2.0807e+00 -1.6639e+00
104 0 +9.810228211e+01 +6.065228211e+01 +6.065228211e+01 -4.9756e+00 -1.6606e+00 -4.4797e-01 -4.9691e+00 -5.0000e+00 +4.8161e+00 +4.9739e+00 +4.0681e+00 +3.1746e+00 +4.8908e+00
105 0 +8.081360302e+01 +4.336360302e+01 +4.336360302e+01 -4.9931e+00 -4.9120e+00 +2.1252e+00 +4.9583e+00 -3.4968e+00 +5.0000e+00 +3.1423e+00 -4.8938e+00 +2.6510e+00 +4.9861e+00
201 0 +7.154287052e+01 +3.409287052e+01 +3.409287052e+01 -5.0000e+00 -5.0000e+00 +2.2975e+00 +4.9962e+00 -5.0000e+00 +5.0000e+00 +3.8476e+00 -5.0000e+00 +2.7741e+00 +5.0000e+00
301 0 +7.043313005e+01 +3.298313005e+01 +3.298313005e+01 -4.8917e+00 -4.8993e+00 +2.5277e+00 +4.8632e+00 -4.9052e+00 +5.0000e+00 +4.9111e+00 -5.0000e+00 +2.4090e+00 +4.8355e+00
501 0 +6.058413809e+01 +2.313413809e+01 +2.313413809e+01 -4.6737e+00 -4.8340e+00 +3.1110e+00 +5.0000e+00 -4.8745e+00 +4.9329e+00 +5.0000e+00 -4.9302e+00 +3.3849e+00 +5.0000e+00
701 0 +5.645815706e+01 +1.900815706e+01 +1.900815706e+01 -4.9723e+00 -5.0000e+00 +4.6635e+00 +4.8994e+00 -4.8673e+00 +4.9312e+00 +4.9827e+00 -4.9075e+00 +3.7666e+00 +4.9120e+00
801 0 +4.830682038e+01 +1.085682038e+01 +1.085682038e+01 -5.0000e+00 -4.8356e+00 +5.0000e+00 +5.0000e+00 -5.0000e+00 +5.0000e+00 +4.8371e+00 -5.0000e+00 +4.6276e+00 +4.9580e+00
901 0 +4.459416440e+01 +7.144164399e+00 +7.144164399e+00 -4.9412e+00 -5.0000e+00 +5.0000e+00 +4.9753e+00 -5.0000e+00 +5.0000e+00 +4.9469e+00 -5.0000e+00 +5.0000e+00 +5.0000e+00
1303 0 +4.103424593e+01 +3.584245931e+00 +3.584245931e+00 -5.0000e+00 -5.0000e+00 -4.9958e+00 -4.6568e+00 -4.9022e+00 +4.9279e+00 +4.9625e+00 -5.0000e+00 +5.0000e+00 +5.0000e+00
1401 0 +4.022858641e+01 +2.778586410e+00 +2.778586410e+00 -4.9797e+00 -4.9641e+00 -5.0000e+00 -4.9942e+00 -5.0000e+00 +4.9863e+00 +4.8787e+00 -4.9877e+00 +5.0000e+00 +5.0000e+00
1502 0 +3.693660084e+01 -5.133991646e-01 -5.133991646e-01 -4.8164e+00 -5.0000e+00 +4.8855e+00 -1.4790e+00 -5.0000e+00 +5.0000e+00 +5.0000e+00 -3.9278e+00 +5.0000e+00 +5.0000e+00
1801 0 +3.033548887e+01 -7.114511125e+00 -7.114511125e+00 -5.0000e+00 -5.0000e+00 +4.8616e+00 -4.8493e+00 -4.9976e+00 +4.9814e+00 +5.0000e+00 -3.8672e+00 +5.0000e+00 +5.0000e+00
2501 0 +2.730210578e+01 -1.014789422e+01 -1.014789422e+01 -4.2214e+00 -4.9846e+00 +4.8827e+00 -4.1030e+00 -4.5891e+00 +4.9749e+00 +5.0000e+00 -4.9430e+00 +5.0000e+00 +4.8519e+00
2601 0 +2.647284266e+01 -1.097715734e+01 -1.097715734e+01 -3.8140e+00 -4.7020e+00 +4.8275e+00 -4.8898e+00 -4.3893e+00 +4.9648e+00 +5.0000e+00 -4.9131e+00 +5.0000e+00 +4.7744e+00
2801 0 +2.359330985e+01 -1.385669015e+01 -1.385669015e+01 -3.8214e+00 -4.9402e+00 +4.8287e+00 -5.0000e+00 -4.5133e+00 +4.9612e+00 +5.0000e+00 -5.0000e+00 +5.0000e+00 +4.9846e+00
3402 0 +2.340682677e+01 -1.404317323e+01 -1.404317323e+01 -3.7401e+00 -5.0000e+00 +4.9460e+00 -4.9586e+00 -4.6629e+00 +5.0000e+00 +4.8634e+00 -5.0000e+00 +5.0000e+00 +5.0000e+00
3504 0 +2.188334166e+01 -1.556665834e+01 -1.556665834e+01 +4.9987e+00 +3.5383e+00 -4.9701e+00 -4.9891e+00 -4.9864e+00 +4.9852e+00 +4.7950e+00 -4.8481e+00 +5.0000e+00 +4.8614e+00
3602 0 +2.146902525e+01 -1.598097475e+01 -1.598097475e+01 -2.7308e+00 -4.8975e+00 +4.9847e+00 -4.9142e+00 -4.9769e+00 +4.8815e+00 +5.0000e+00 -5.0000e+00 +5.0000e+00 +4.9745e+00
3701 0 +2.135744981e+01 -1.609255019e+01 -1.609255019e+01 -1.8141e+00 -4.9814e+00 +4.9164e+00 -4.9640e+00 -4.9309e+00 +4.8847e+00 +4.9982e+00 -5.0000e+00 +4.9445e+00 +4.9610e+00
3702 0 +1.978341888e+01 -1.766658112e+01 -1.766658112e+01 +4.9736e+00 +4.9756e+00 -4.8297e+00 -4.9380e+00 -5.0000e+00 +4.9159e+00 +4.9092e+00 -4.6873e+00 +5.0000e+00 +4.9403e+00
4201 0 +1.866073725e+01 -1.878926275e+01 -1.878926275e+01 +5.0000e+00 +5.0000e+00 -5.0000e+00 -4.9811e+00 -4.8607e+00 +4.9807e+00 +4.8008e+00 -5.0000e+00 +5.0000e+00 +4.9443e+00
4202 0 +1.796166308e+01 -1.948833692e+01 -1.948833692e+01 +5.0000e+00 +4.8810e+00 -4.7868e+00 -5.0000e+00 -4.9428e+00 +4.9266e+00 +5.0000e+00 -4.9350e+00 +4.9135e+00 +5.0000e+00
4301 0 +1.754000305e+01 -1.990999695e+01 -1.990999695e+01 +4.8997e+00 +5.0000e+00 -4.8825e+00 -4.9779e+00 -5.0000e+00 +5.0000e+00 +5.0000e+00 -5.0000e+00 +5.0000e+00 +4.9093e+00
4502 0 +1.723708243e+01 -2.021291757e+01 -2.021291757e+01 +4.9939e+00 +5.0000e+00 -4.9045e+00 -5.0000e+00 -4.9334e+00 +5.0000e+00 +4.9129e+00 -5.0000e+00 +5.0000e+00 +4.9880e+00
5402 0 +1.697616056e+01 -2.047383944e+01 -2.047383944e+01 +5.0000e+00 +4.9427e+00 -5.0000e+00 -5.0000e+00 -5.0000e+00 +5.0000e+00 +4.9523e+00 -5.0000e+00 +5.0000e+00 +5.0000e+00
8001 0 +1.529035692e+01 -2.215964308e+01 -2.215964308e+01 +5.0000e+00 +3.0125e+00 -2.4074e+00 -4.9896e+00 -5.0000e+00 +4.9489e+00 +4.9830e+00 -5.0000e+00 +4.9894e+00 +5.0000e+00
8301 0 +1.427510430e+01 -2.317489570e+01 -2.317489570e+01 +5.0000e+00 +3.6149e+00 -2.2889e+00 -4.9476e+00 -4.9437e+00 +5.0000e+00 +5.0000e+00 -4.9932e+00 +4.9978e+00 +5.0000e+00
8401 0 +1.336215263e+01 -2.408784737e+01 -2.408784737e+01 +4.9891e+00 +3.5091e+00 -1.4528e+00 -4.9528e+00 -4.9814e+00 +5.0000e+00 +4.9996e+00 -4.9874e+00 +4.9444e+00 +5.0000e+00
8501 0 +1.188956878e+01 -2.556043122e+01 -2.556043122e+01 +5.0000e+00 +3.1264e+00 -1.4302e-01 -4.9770e+00 -4.9102e+00 +5.0000e+00 +5.0000e+00 -5.0000e+00 +4.9236e+00 +5.0000e+00
8601 0 +1.070030228e+01 -2.674969772e+01 -2.674969772e+01 +4.9546e+00 +2.9501e+00 +5.4174e-01 -5.0000e+00 -4.9480e+00 +4.9185e+00 +5.0000e+00 -5.0000e+00 +4.9828e+00 +5.0000e+00
8701 0 +9.774864874e+00 -2.767513513e+01 -2.767513513e+01 +4.9444e+00 +2.5940e+00 +1.8880e+00 -5.0000e+00 -4.9385e+00 +4.9067e+00 +5.0000e+00 -4.8748e+00 +4.9789e+00 +5.0000e+00
8801 0 +6.639540914e+00 -3.081045909e+01 -3.081045909e+01 +4.9378e+00 +1.8295e+00 +5.0000e+00 -5.0000e+00 -5.0000e+00 +4.8491e+00 +4.9536e+00 -4.8818e+00 +4.8688e+00 +5.0000e+00
9001 0 +6.387197488e+00 -3.106280251e+01 -3.106280251e+01 +5.0000e+00 +1.1460e+00 +5.0000e+00 -5.0000e+00 -5.0000e+00 +4.9773e+00 +4.8861e+00 -5.0000e+00 +4.9370e+00 +4.9689e+00
% f evaluations | g evaluations | best noise-free fitness - Fopt (-1.226500000000e+02) + sum g_i+ | measured fitness | best measured fitness or single-digit g-values | x1 | x2...
1 0 +2.920358160e+02 +1.693858160e+02 +1.693858160e+02 -4.5478e-01 -3.5387e+00 +2.6559e+00 -4.0645e+00 -1.5623e+00 -4.8912e+00 +2.1879e+00 -3.8469e+00 -4.7067e+00 -3.3618e+00
2 0 +2.221200575e+02 +9.947005751e+01 +9.947005751e+01 +3.5137e+00 +5.8899e-01 -3.5271e+00 -1.4922e+00 -3.2225e+00 -1.2755e+00 +1.5425e+00 -1.8757e+00 +1.2156e+00 -3.5568e+00
4 0 +1.623099467e+02 +3.965994672e+01 +3.965994672e+01 -8.7744e-01 +3.9990e+00 +1.4461e+00 -2.5279e+00 -1.4787e+00 +4.1389e+00 -1.5759e+00 -3.3861e+00 +6.3252e-01 -7.6463e-01
11 0 +1.485742781e+02 +2.592427812e+01 +2.592427812e+01 -1.8507e+00 +3.3890e-01 -1.3042e+00 +2.8452e+00 -4.3305e+00 +2.3056e+00 -3.3215e+00 -7.3395e-01 -2.0538e+00 +2.0929e+00
32 0 +1.293195142e+02 +6.669514165e+00 +6.669514165e+00 +4.4702e+00 -1.8032e+00 +5.9808e-01 +3.1982e+00 -2.6509e+00 +3.0105e+00 -4.6160e-01 -3.6160e+00 -1.8894e+00 +4.8548e+00
33 0 +1.135048862e+02 -9.145113822e+00 -9.145113822e+00 -1.9190e-01 +2.3644e+00 +2.6629e+00 +4.3344e+00 +1.5965e-01 -3.7604e-01 -4.9037e+00 -4.6124e+00 +6.2762e-01 +2.9225e+00
35 0 +8.460994581e+01 -3.804005419e+01 -3.804005419e+01 -4.4112e+00 -2.1859e-01 -2.7825e+00 +1.3392e-01 -1.7584e+00 +1.4752e+00 -2.7986e+00 -4.3857e+00 +3.2020e+00 +3.6411e+00
101 0 +5.263785824e+01 -7.001214176e+01 -7.001214176e+01 -4.9869e+00 -6.4941e-01 -4.7918e+00 +1.4652e+00 -1.5703e+00 +1.5374e+00 -5.0000e+00 -4.8138e+00 +4.9687e+00 +3.5980e+00
201 0 +3.406339759e+01 -8.858660241e+01 -8.858660241e+01 -5.0000e+00 -1.0300e+00 -4.9584e+00 +4.7928e+00 +4.2045e-01 +2.2742e+00 -5.0000e+00 -5.0000e+00 +4.9867e+00 +4.9222e+00
301 0 +3.207240482e+01 -9.057759518e+01 -9.057759518e+01 -5.0000e+00 -1.2847e+00 -4.9294e+00 +4.9346e+00 +1.6484e-01 +2.5320e+00 -4.9917e+00 -4.9476e+00 +5.0000e+00 +4.9897e+00
1101 0 +2.980749020e+01 -9.284250980e+01 -9.284250980e+01 -4.9089e+00 -3.0339e+00 -5.0000e+00 +4.9484e+00 +1.6403e+00 +4.8540e+00 -5.0000e+00 -4.9621e+00 +5.0000e+00 +5.0000e+00
2401 0 +2.672070050e+01 -9.592929950e+01 -9.592929950e+01 -4.4170e+00 -4.8671e-01 -5.0000e+00 +4.5409e+00 -1.2867e+00 +4.9090e+00 -4.9874e+00 -3.9705e+00 +4.9536e+00 +4.9187e+00
2501 0 +2.523985444e+01 -9.741014556e+01 -9.741014556e+01 -4.6546e+00 -6.0196e-01 -4.9460e+00 +4.5829e+00 -1.6240e+00 +5.0000e+00 -4.9568e+00 -3.8718e+00 +5.0000e+00 +4.9687e+00
2502 0 +2.231362123e+01 -1.003363788e+02 -1.003363788e+02 -3.3690e+00 -8.9784e-01 -5.0000e+00 +4.8898e+00 -8.5344e-01 +5.0000e+00 -4.8384e+00 -4.9678e+00 +4.9809e+00 +4.9800e+00
2601 0 +1.982283402e+01 -1.028271660e+02 -1.028271660e+02 -2.7930e+00 -5.9822e-01 -5.0000e+00 +4.9182e+00 -2.6933e+00 +5.0000e+00 -4.7899e+00 -4.7874e+00 +4.9537e+00 +4.8818e+00
2702 0 +1.337524734e+01 -1.092747527e+02 -1.092747527e+02 -2.2687e+00 -2.5110e-01 -4.9750e+00 +4.9313e+00 -4.2870e+00 +5.0000e+00 -4.8803e+00 -4.8527e+00 +5.0000e+00 +4.9750e+00
2901 0 +1.313584041e+01 -1.095141596e+02 -1.095141596e+02 -1.7656e+00 -2.2709e+00 -5.0000e+00 +4.8582e+00 -5.0000e+00 +5.0000e+00 -5.0000e+00 -4.9742e+00 +5.0000e+00 +4.9949e+00
4101 0 +1.130241690e+01 -1.113475831e+02 -1.113475831e+02 +2.4567e-01 +4.9573e+00 -3.4998e+00 +3.7270e+00 -5.0000e+00 +5.0000e+00 -4.9029e+00 -5.0000e+00 +4.9605e+00 +5.0000e+00
4301 0 +9.939641937e+00 -1.127103581e+02 -1.127103581e+02 -2.3951e-01 +1.4394e+00 -4.9428e+00 +5.0000e+00 -5.0000e+00 +4.8674e+00 -5.0000e+00 -5.0000e+00 +4.9989e+00 +5.0000e+00
4501 0 +2.250128584e+00 -1.203998714e+02 -1.203998714e+02 -4.5395e+00 +4.8841e+00 -4.9477e+00 +5.0000e+00 -4.9661e+00 +4.7901e+00 -5.0000e+00 -5.0000e+00 +5.0000e+00 +4.9296e+00
4601 0 +1.652585119e+00 -1.209974149e+02 -1.209974149e+02 -5.0000e+00 +5.0000e+00 -5.0000e+00 +5.0000e+00 -5.0000e+00 +4.9826e+00 -5.0000e+00 -4.9766e+00 +4.8180e+00 +4.9960e+00
5601 0 +7.858313612e-01 -1.218641686e+02 -1.218641686e+02 -5.0000e+00 +4.9329e+00 -4.8868e+00 +5.0000e+00 -5.0000e+00 +4.9851e+00 -5.0000e+00 -4.9821e+00 +5.0000e+00 +4.9651e+00
5701 0 +2.643330974e-01 -1.223856669e+02 -1.223856669e+02 -5.0000e+00 +4.8991e+00 -5.0000e+00 +4.9378e+00 -5.0000e+00 +5.0000e+00 -5.0000e+00 -5.0000e+00 +5.0000e+00 +5.0000e+00
6101 0 +2.440771749e-01 -1.224059228e+02 -1.224059228e+02 -5.0000e+00 +4.8963e+00 -5.0000e+00 +4.9489e+00 -5.0000e+00 +5.0000e+00 -5.0000e+00 -5.0000e+00 +5.0000e+00 +5.0000e+00
% f evaluations | g evaluations | best noise-free fitness - Fopt (-4.726000000000e+01) + sum g_i+ | measured fitness | best measured fitness or single-digit g-values | x1 | x2...
1 0 +1.443237328e+02 +9.706373285e+01 +9.706373285e+01 +3.5027e+00 -4.4340e+00 -1.4395e+00 -8.3403e-01 +2.6766e+00 +1.8762e+00 +2.5895e+00 -3.2212e+00 +7.8769e-01 -3.4807e+00
5 0 +1.204140604e+02 +7.315406041e+01 +7.315406041e+01 +3.6210e+00 -3.2985e+00 -3.7531e+00 +5.7935e-01 +4.6772e+00 -2.9095e+00 +3.1165e-01 -4.1108e+00 -1.4017e+00 -3.1936e+00
11 0 +1.195167596e+02 +7.225675964e+01 +7.225675964e+01 -2.8200e+00 -9.2731e-01 -6.2523e-01 +4.6229e+00 -2.0084e+00 -7.5482e-01 -3.0457e+00 -4.3003e+00 -3.0336e+00 -2.0347e+00
44 0 +1.152478123e+02 +6.798781230e+01 +6.798781230e+01 +5.2676e-01 +1.2572e+00 +8.0180e-01 -4.7193e+00 +1.4422e+00 +1.3668e+00 -4.6472e+00 -1.6854e+00 -1.6523e+00 -4.8309e+00
101 0 +8.953750550e+01 +4.227750550e+01 +4.227750550e+01 +1.3621e+00 +2.6868e-01 +2.3578e+00 -5.0000e+00 +3.4543e+00 +2.2572e+00 -4.9205e+00 -2.3832e+00 -3.1335e+00 -4.9389e+00
201 0 +8.107799991e+01 +3.381799991e+01 +3.381799991e+01 +2.3975e+00 +1.7416e+00 +4.3962e+00 -5.0000e+00 +5.0000e+00 +4.8708e+00 -4.9025e+00 -1.3307e+00 -3.8184e+00 -4.9512e+00
301 0 +7.630635660e+01 +2.904635660e+01 +2.904635660e+01 +4.4773e+00 +1.9089e+00 +4.4839e+00 -5.0000e+00 +5.0000e+00 +4.9215e+00 -4.9812e+00 -1.4132e-01 -5.0000e+00 -5.0000e+00
801 0 +7.112076879e+01 +2.386076879e+01 +2.386076879e+01 +2.3126e+00 +1.1358e+00 +4.8550e+00 -5.0000e+00 +4.5120e+00 +3.6866e+00 -5.0000e+00 -2.8377e+00 -4.8636e+00 -4.7572e+00
901 0 +6.076099855e+01 +1.350099855e+01 +1.350099855e+01 +2.3715e+00 +1.3325e+00 +5.0000e+00 -4.9853e+00 +5.0000e+00 +4.0490e+00 -4.9922e+00 -3.7508e+00 -5.0000e+00 -4.9183e+00
1001 0 +4.991749526e+01 +2.657495259e+00 +2.657495259e+00 +2.4927e+00 +1.7303e+00 +5.0000e+00 -4.8585e+00 +4.9015e+00 +4.9296e+00 -5.0000e+00 -4.9550e+00 -5.0000e+00 -5.0000e+00
1604 0 +4.850610634e+01 +1.246106340e+00 +1.246106340e+00 +1.3732e+00 -4.9697e+00 +4.8230e+00 -4.9192e+00 +4.9268e+00 +3.4148e+00 -4.8863e+00 -5.0000e+00 -4.9153e+00 -5.0000e+00
2001 0 +4.703513590e+01 -2.248640973e-01 -2.248640973e-01 +1.9086e-01 +5.0000e+00 +1.4904e+00 -1.5265e+00 +4.8252e+00 +5.0000e+00 -4.9570e+00 -4.8630e+00 -4.6234e+00 -5.0000e+00
2101 0 +4.127282605e+01 -5.987173952e+00 -5.987173952e+00 -2.7779e-01 +4.9651e+00 +2.7461e-01 +3.9737e-02 +4.8948e+00 +5.0000e+00 -5.0000e+00 -5.0000e+00 -4.7637e+00 -4.8483e+00
2201 0 +2.936797409e+01 -1.789202591e+01 -1.789202591e+01 -3.0640e+00 +4.9971e+00 -2.6625e+00 +3.4225e+00 +5.0000e+00 +4.9834e+00 -5.0000e+00 -5.0000e+00 -4.8663e+00 -5.0000e+00
2401 0 +2.485217066e+01 -2.240782934e+01 -2.240782934e+01 -4.9670e+00 +5.0000e+00 -4.9854e+00 +4.9107e+00 +5.0000e+00 +4.9303e+00 -5.0000e+00 -5.0000e+00 -4.8060e+00 -5.0000e+00
2501 0 +2.384681578e+01 -2.341318422e+01 -2.341318422e+01 -4.9626e+00 +4.9425e+00 -4.9544e+00 +4.9124e+00 +5.0000e+00 +5.0000e+00 -4.9016e+00 -4.9541e+00 -4.9940e+00 -5.0000e+00
2802 0 +2.299400178e+01 -2.426599822e+01 -2.426599822e+01 +5.0000e+00 +4.9994e+00 -4.9476e+00 +2.2787e+00 +5.0000e+00 +4.2325e+00 -4.9059e+00 -4.8458e+00 -4.9988e+00 -5.0000e+00
3101 0 +2.200161973e+01 -2.525838027e+01 -2.525838027e+01 +4.8650e+00 +4.9401e+00 -4.9197e+00 +2.3883e+00 +5.0000e+00 +4.3787e+00 -4.9676e+00 -4.9468e+00 -5.0000e+00 -4.9435e+00
3401 0 +2.072442423e+01 -2.653557577e+01 -2.653557577e+01 +4.9082e+00 +4.9524e+00 -4.9664e+00 +3.1306e+00 +4.8600e+00 +4.1844e+00 -5.0000e+00 -5.0000e+00 -4.9517e+00 -5.0000e+00
3501 0 +2.027240326e+01 -2.698759674e+01 -2.698759674e+01 +5.0000e+00 +4.8675e+00 -4.9338e+00 +3.2715e+00 +4.9174e+00 +4.1690e+00 -4.8972e+00 -5.0000e+00 -5.0000e+00 -5.0000e+00
3602 0 +1.764395004e+01 -2.961604996e+01 -2.961604996e+01 +5.0000e+00 +5.0000e+00 -4.9200e+00 +4.7940e+00 +5.0000e+00 +4.6290e+00 -4.5389e+00 -4.9571e+00 -4.9457e+00 -5.0000e+00
3701 0 +1.630112133e+01 -3.095887867e+01 -3.095887867e+01 +4.9205e+00 +5.0000e+00 -5.0000e+00 +5.0000e+00 +4.9543e+00 +4.7683e+00 -4.5935e+00 -4.9234e+00 -5.0000e+00 -5.0000e+00
3703 0 +1.499991886e+01 -3.226008114e+01 -3.226008114e+01 +4.1477e+00 +3.5460e+00 -4.1768e+00 +4.8361e+00 +4.9741e+00 +4.8923e+00 -4.8767e+00 -4.9413e+00 -5.0000e+00 -5.0000e+00
3801 0 +1.450666187e+01 -3.275333813e+01 -3.275333813e+01 +4.8111e+00 +3.4177e+00 -4.3279e+00 +5.0000e+00 +5.0000e+00 +4.9476e+00 -5.0000e+00 -4.8915e+00 -5.0000e+00 -4.8514e+00
3902 0 +1.436425561e+01 -3.289574439e+01 -3.289574439e+01 +5.0000e+00 +5.0000e+00 -4.9955e+00 +5.0000e+00 +5.0000e+00 +5.0000e+00 -4.8456e+00 -4.8791e+00 -5.0000e+00 -5.0000e+00
4201 0 +1.388269207e+01 -3.337730793e+01 -3.337730793e+01 +4.9404e+00 +5.0000e+00 -5.0000e+00 +5.0000e+00 +4.9138e+00 +5.0000e+00 -4.8561e+00 -5.0000e+00 -5.0000e+00 -5.0000e+00
4202 0 +1.355939654e+01 -3.370060346e+01 -3.370060346e+01 +4.9315e+00 +4.1956e+00 -4.6300e+00 +4.7267e+00 +4.9481e+00 +5.0000e+00 -5.0000e+00 -5.0000e+00 -4.9989e+00 -4.9745e+00
4601 0 +1.316550641e+01 -3.409449359e+01 -3.409449359e+01 +4.9892e+00 +4.8353e+00 -5.0000e+00 +5.0000e+00 +4.9658e+00 +5.0000e+00 -4.9299e+00 -4.9947e+00 -5.0000e+00 -5.0000e+00
5401 0 +1.269870130e+01 -3.456129870e+01 -3.456129870e+01 +4.0413e+00 +3.4910e+00 -5.0000e+00 +5.0000e+00 +4.9598e+00 +4.9405e+00 -4.9799e+00 -4.9409e+00 -5.0000e+00 -5.0000e+00
5504 0 +1.172392331e+01 -3.553607669e+01 -3.553607669e+01 +4.7574e+00 +2.6708e+00 -4.9049e+00 +5.0000e+00 +4.8787e+00 +4.9289e+00 -4.9550e+00 -5.0000e+00 -4.9208e+00 -5.0000e+00
5601 0 +1.082999987e+01 -3.643000013e+01 -3.643000013e+01 +4.9501e+00 +1.9253e+00 -4.8803e+00 +4.8440e+00 +4.8074e+00 +4.9382e+00 -4.9823e+00 -4.9844e+00 -4.9527e+00 -5.0000e+00
5701 0 +1.068955538e+01 -3.657044462e+01 -3.657044462e+01 +4.8354e+00 +1.0019e+00 -4.8889e+00 +4.8003e+00 +4.8960e+00 +4.9777e+00 -4.9558e+00 -4.9423e+00 -4.8620e+00 -4.9832e+00
5901 0 +9.464354275e+00 -3.779564572e+01 -3.779564572e+01 +4.9889e+00 +1.1128e+00 -5.0000e+00 +5.0000e+00 +5.0000e+00 +4.9903e+00 -4.9459e+00 -5.0000e+00 -4.9525e+00 -4.9095e+00
5903 0 +7.962740532e+00 -3.929725947e+01 -3.929725947e+01 +5.0000e+00 -2.8379e+00 -4.7961e+00 +4.6061e+00 +5.0000e+00 +4.9664e+00 -4.9128e+00 -4.8820e+00 -4.8049e+00 -4.8762e+00
6001 0 +3.320533545e+00 -4.393946646e+01 -4.393946646e+01 +5.0000e+00 -5.0000e+00 -4.7884e+00 +4.5200e+00 +4.9312e+00 +5.0000e+00 -4.9912e+00 -4.9206e+00 -4.9023e+00 -4.9531e+00
6301 0 +2.823385536e+00 -4.443661446e+01 -4.443661446e+01 +5.0000e+00 -4.8542e+00 -4.8408e+00 +4.5248e+00 +4.9687e+00 +4.9435e+00 -5.0000e+00 -4.8239e+00 -5.0000e+00 -5.0000e+00
6502 0 +2.428883488e+00 -4.483111651e+01 -4.483111651e+01 +4.9243e+00 -5.0000e+00 -4.9019e+00 +4.4373e+00 +4.8427e+00 +5.0000e+00 -5.0000e+00 -4.9806e+00 -5.0000e+00 -4.9577e+00
6804 0 +2.116374165e+00 -4.514362584e+01 -4.514362584e+01 +4.8666e+00 -5.0000e+00 -4.9470e+00 +4.7006e+00 +4.7464e+00 +5.0000e+00 -5.0000e+00 -5.0000e+00 -5.0000e+00 -4.9456e+00
6903 0 +1.501400398e+00 -4.575859960e+01 -4.575859960e+01 +5.0000e+00 -5.0000e+00 -4.9995e+00 +5.0000e+00 +4.8360e+00 +5.0000e+00 -4.9694e+00 -5.0000e+00 -4.8843e+00 -4.9993e+00
7402 0 +1.182164277e+00 -4.607783572e+01 -4.607783572e+01 +4.9745e+00 -5.0000e+00 -4.9674e+00 +4.9050e+00 +5.0000e+00 +5.0000e+00 -4.8738e+00 -4.9607e+00 -4.9902e+00 -5.0000e+00
8102 0 +1.162489056e+00 -4.609751094e+01 -4.609751094e+01 +4.9698e+00 -5.0000e+00 -4.8069e+00 +4.9397e+00 +4.9001e+00 +4.8881e+00 -5.0000e+00 -5.0000e+00 -5.0000e+00 -5.0000e+00
8103 0 +1.040501831e+00 -4.621949817e+01 -4.621949817e+01 +5.0000e+00 -5.0000e+00 -4.9740e+00 +4.9983e+00 +5.0000e+00 +5.0000e+00 -4.8256e+00 -5.0000e+00 -4.9763e+00 -5.0000e+00
9001 0 +9.235323424e-01 -4.633646766e+01 -4.633646766e+01 +4.8824e+00 -4.9556e+00 -4.9944e+00 +5.0000e+00 +5.0000e+00 +4.9404e+00 -5.0000e+00 -5.0000e+00 -4.9322e+00 -5.0000e+00
9204 0 +8.701905009e-01 -4.638980950e+01 -4.638980950e+01 +4.9925e+00 -5.0000e+00 -4.9482e+00 +4.9829e+00 +5.0000e+00 +5.0000e+00 -5.0000e+00 -4.9768e+00 -4.9224e+00 -5.0000e+00
9904 0 +7.881969194e-01 -4.647180308e+01 -4.647180308e+01 +4.7842e+00 -5.0000e+00 -5.0000e+00 +5.0000e+00 +5.0000e+00 +4.8645e+00 -5.0000e+00 -4.9858e+00 -5.0000e+00 -5.0000e+00
% f evaluations | g evaluations | best noise-free fitness - Fopt (-2.292300000000e+02) + sum g_i+ | measured fitness | best measured fitness or single-digit g-values | x1 | x2...
1 0 +1.940716975e+02 -3.515830249e+01 -3.515830249e+01 -4.1095e+00 +4.8440e+00 -4.8979e+00 -9.6475e-02 -4.2555e+00 -8.3739e-01 +2.5161e+00 -1.4971e+00 +2.6642e+00 -2.1726e-01
2 0 +1.858651335e+02 -4.336486647e+01 -4.336486647e+01 -8.9304e-01 +4.3212e+00 -1.1982e+00 +5.6122e-01 +3.5686e+00 +4.7875e+00 +8.0822e-01 +3.2402e+00 -2.7282e+00 -3.7826e+00
7 0 +1.481876654e+02 -8.104233458e+01 -8.104233458e+01 +3.3940e+00 -3.1735e-01 -1.4019e-01 -3.7617e+00 -2.2833e+00 +1.9818e+00 -1.3890e+00 -1.1110e+00 +3.7261e+00 -1.4654e+00
12 0 +1.301496053e+02 -9.908039472e+01 -9.908039472e+01 +4.1822e+00 -9.9983e-01 +2.7843e+00 -3.9286e+00 +2.4168e+00 +3.8986e+00 -4.4705e+00 +4.9141e-01 +3.3617e+00 -3.2547e+00
24 0 +1.186231691e+02 -1.106068309e+02 -1.106068309e+02 +1.6971e+00 +4.2492e+00 -3.5125e+00 -2.6454e+00 +4.0085e+00 +2.7821e-01 +1.8024e+00 -4.8857e+00 -9.5195e-01 -4.7237e+00
36 0 +1.013877044e+02 -1.278422956e+02 -1.278422956e+02 -3.4099e+00 +2.2863e+00 +6.0934e-01 +7.1036e-01 -6.2330e-02 +2.4990e+00 +3.7847e+00 -3.8392e+00 +3.9641e+00 -2.9754e+00
39 0 +9.182309417e+01 -1.374069058e+02 -1.374069058e+02 -3.0819e+00 -2.9536e+00 +2.8560e+00 -3.9111e+00 +1.1851e+00 -8.2072e-01 +4.4033e+00 -2.3998e+00 +3.4087e+00 -3.7036e+00
53 0 +7.589908696e+01 -1.533309130e+02 -1.533309130e+02 -1.2823e+00 -2.2226e+00 -3.1600e+00 +5.6877e-01 +3.5056e+00 +2.7384e+00 +4.9019e+00 -1.3595e+00 +4.3234e+00 -4.9384e+00
101 0 +7.517587963e+01 -1.540541204e+02 -1.540541204e+02 -5.4312e-01 -2.7714e+00 -3.5343e+00 +2.3555e-01 +3.7990e+00 +3.3412e+00 +5.0000e+00 -7.2783e-01 +4.3079e+00 -4.9034e+00
301 0 +6.976202739e+01 -1.594679726e+02 -1.594679726e+02 -4.9414e+00 +4.8046e+00 +1.8590e+00 -2.9789e-01 -3.9403e+00 +5.0000e+00 +4.8748e+00 -4.9096e+00 +4.2613e+00 -4.9932e+00
302 0 +5.422440248e+01 -1.750055975e+02 -1.750055975e+02 -9.1576e-01 -3.7547e+00 -4.8744e+00 +1.5833e+00 +5.0000e+00 +5.0000e+00 +4.9837e+00 -2.3371e+00 +5.0000e+00 -4.9994e+00
401 0 +4.973938299e+01 -1.794906170e+02 -1.794906170e+02 -8.8168e-01 -4.9276e+00 -5.0000e+00 +3.0833e+00 +4.8266e+00 +4.8980e+00 +5.0000e+00 -3.7002e+00 +4.8674e+00 -5.0000e+00
501 0 +4.594709332e+01 -1.832829067e+02 -1.832829067e+02 -1.2751e+00 -4.9625e+00 -4.8395e+00 +5.0000e+00 +5.0000e+00 +5.0000e+00 +4.6411e+00 -5.0000e+00 +5.0000e+00 -5.0000e+00
1001 0 +4.545242447e+01 -1.837775755e+02 -1.837775755e+02 -1.3364e+00 -4.8321e+00 -5.0000e+00 +4.9768e+00 +5.0000e+00 +4.9244e+00 +4.9508e+00 -4.9978e+00 +5.0000e+00 -4.9790e+00
1401 0 +4.259936435e+01 -1.866306357e+02 -1.866306357e+02 +6.3272e-01 -4.9948e+00 -5.0000e+00 +5.0000e+00 +5.0000e+00 +5.0000e+00 +5.0000e+00 -5.0000e+00 +5.0000e+00 -5.0000e+00
2001 0 +4.144267651e+01 -1.877873235e+02 -1.877873235e+02 +4.8249e+00 -4.8601e+00 -5.0000e+00 +5.0000e+00 +5.0000e+00 +4.8704e+00 +4.7558e+00 -4.9768e+00 +4.8983e+00 -4.9664e+00
2201 0 +4.051005087e+01 -1.887199491e+02 -1.887199491e+02 +5.0000e+00 -5.0000e+00 -5.0000e+00 +5.0000e+00 +5.0000e+00 +5.0000e+00 +4.8537e+00 -5.0000e+00 +4.9999e+00 -4.8396e+00
2601 0 +3.962572306e+01 -1.896042769e+02 -1.896042769e+02 +5.0000e+00 -5.0000e+00 -5.0000e+00 +4.9761e+00 +5.0000e+00 +5.0000e+00 +5.0000e+00 -5.0000e+00 +5.0000e+00 -4.8548e+00
2701 0 +3.845264882e+01 -1.907773512e+02 -1.907773512e+02 +5.0000e+00 -5.0000e+00 -4.8854e+00 +5.0000e+00 +4.9826e+00 +5.0000e+00 +5.0000e+00 -5.0000e+00 +4.9931e+00 -4.9684e+00
3001 0 +3.766860934e+01 -1.915613907e+02 -1.915613907e+02 +4.9267e+00 -4.1173e+00 -4.7487e+00 +4.0578e+00 +4.8561e+00 +5.0000e+00 +5.0000e+00 -4.9621e+00 +5.0000e+00 -4.9949e+00
3905 0 +3.444259645e+01 -1.947874036e+02 -1.947874036e+02 +4.9822e+00 -4.9620e+00 -4.4104e+00 +2.7772e+00 +4.9692e+00 +4.7955e+00 +4.9392e+00 -4.9952e+00 +4.9276e+00 -4.9769e+00
4001 0 +3.199069888e+01 -1.972393011e+02 -1.972393011e+02 +4.8947e+00 -4.9780e+00 -4.4042e+00 +1.6737e+00 +4.8588e+00 +4.9883e+00 +4.8689e+00 -4.8752e+00 +5.0000e+00 -5.0000e+00
4201 0 +3.153230608e+01 -1.976976939e+02 -1.976976939e+02 +4.9328e+00 -4.9342e+00 -4.5194e+00 +1.3819e+00 +4.9507e+00 +5.0000e+00 +4.9086e+00 -4.8213e+00 +5.0000e+00 -4.9881e+00
4301 0 +3.048827861e+01 -1.987417214e+02 -1.987417214e+02 +5.0000e+00 -4.4294e+00 -2.5623e+00 +1.2574e+00 +4.8913e+00 +4.7326e+00 +5.0000e+00 -4.9602e+00 +5.0000e+00 -4.7846e+00
4401 0 +2.874414247e+01 -2.004858575e+02 -2.004858575e+02 +5.0000e+00 -4.4148e+00 -2.5314e+00 +1.1725e+00 +4.9925e+00 +5.0000e+00 +4.8434e+00 -5.0000e+00 +5.0000e+00 -4.8621e+00
4501 0 +1.959187876e+01 -2.096381212e+02 -2.096381212e+02 +4.8350e+00 -3.7509e+00 -2.6892e-01 -2.1965e+00 +5.0000e+00 +5.0000e+00 +4.9605e+00 -4.8386e+00 +5.0000e+00 -4.8167e+00
4601 0 +1.324902160e+01 -2.159809784e+02 -2.159809784e+02 +4.7070e+00 -3.0238e+00 +1.2895e+00 -5.0000e+00 +5.0000e+00 +4.9275e+00 +4.9043e+00 -4.7903e+00 +4.9189e+00 -4.8376e+00
4701 0 +9.456996698e+00 -2.197730033e+02 -2.197730033e+02 +4.7558e+00 -2.5932e+00 +2.6731e+00 -4.7424e+00 +5.0000e+00 +4.9961e+00 +4.9955e+00 -4.9359e+00 +4.9784e+00 -4.8918e+00
4801 0 +5.577355461e+00 -2.236526445e+02 -2.236526445e+02 +5.0000e+00 -1.7500e+00 +4.9026e+00 -5.0000e+00 +4.9181e+00 +4.9731e+00 +5.0000e+00 -4.8652e+00 +4.9890e+00 -5.0000e+00
7401 0 +4.515976835e+00 -2.247140232e+02 -2.247140232e+02 +5.0000e+00 -2.8112e+00 +4.7026e+00 -4.9221e+00 +4.9450e+00 +5.0000e+00 +5.0000e+00 -4.8776e+00 +4.9821e+00 -5.0000e+00
7703 0 +3.540341501e+00 -2.256896585e+02 -2.256896585e+02 +4.9674e+00 -4.9057e+00 +4.9712e+00 -4.9622e+00 +5.0000e+00 +4.8970e+00 +4.9237e+00 -4.9337e+00 +4.7243e+00 -5.0000e+00
7803 0 +3.212284830e+00 -2.260177152e+02 -2.260177152e+02 +4.6533e+00 -4.9584e+00 +4.8910e+00 -4.9778e+00 +5.0000e+00 +4.9353e+00 +4.8547e+00 -4.7206e+00 +5.0000e+00 -5.0000e+00
8601 0 +2.504982051e+00 -2.267250179e+02 -2.267250179e+02 +4.5406e+00 -4.9937e+00 +4.8567e+00 -4.9003e+00 +4.9751e+00 +4.7796e+00 +5.0000e+00 -4.9727e+00 +4.9279e+00 -5.0000e+00
8701 0 +2.363778404e+00 -2.268662216e+02 -2.268662216e+02 +4.4356e+00 -4.9538e+00 +4.8991e+00 -5.0000e+00 +4.8522e+00 +4.7755e+00 +5.0000e+00 -4.9730e+00 +5.0000e+00 -4.9808e+00
9002 0 +1.603259082e+00 -2.276267409e+02 -2.276267409e+02 +5.0000e+00 -5.0000e+00 +4.9784e+00 -5.0000e+00 +4.9956e+00 +4.9314e+00 +4.8567e+00 -5.0000e+00 +5.0000e+00 -4.9357e+00
9101 0 +1.575981921e+00 -2.276540181e+02 -2.276540181e+02 +5.0000e+00 -4.9815e+00 +4.8574e+00 -4.8077e+00 +4.9927e+00 +4.8870e+00 +4.8979e+00 -5.0000e+00 +5.0000e+00 -5.0000e+00
9103 0 +1.365267879e+00 -2.278647321e+02 -2.278647321e+02 +4.5900e+00 -5.0000e+00 +5.0000e+00 -5.0000e+00 +5.0000e+00 +4.8069e+00 +4.9437e+00 -5.0000e+00 +5.0000e+00 -5.0000e+00
9401 0 +8.035854478e-01 -2.284264146e+02 -2.284264146e+02 +4.9983e+00 -4.8632e+00 +4.9596e+00 -4.9359e+00 +5.0000e+00 +5.0000e+00 +5.0000e+00 -5.0000e+00 +4.9740e+00 -4.9782e+00
% f evaluations | g evaluations | best noise-free fitness - Fopt (-8.745000000000e+01) + sum g_i+ | measured fitness | best measured fitness or single-digit g-values | x1 | x2...
1 0 +1.322203309e+02 +4.477033087e+01 +4.477033087e+01 -4.0698e-01 -9.1438e-02 -2.8106e+00 +1.4227e+00 +2.9557e-01 -3.4697e+00 +3.9507e+00 +1.4608e+00 +4.1928e+00 -4.2042e+00
23 0 +1.270121733e+02 +3.956217334e+01 +3.956217334e+01 +1.4324e-01 +9.5381e-03 +1.9811e+00 +4.9236e+00 +1.8211e+00 -1.1300e-01 +1.2932e+00 -4.6488e+00 +3.7016e+00 -3.4059e+00
65 0 +1.143881358e+02 +2.693813583e+01 +2.693813583e+01 +1.8849e+00 -3.7900e+00 +2.4771e+00 -3.3151e+00 +9.7596e-02 -3.8528e+00 +3.5167e+00 -1.2472e+00 +4.3256e+00 -3.6996e+00
74 0 +1.061431453e+02 +1.869314533e+01 +1.869314533e+01 +4.1524e+00 -4.2232e+00 -4.2925e+00 +3.6654e-01 -4.2113e+00 +1.1813e+00 +3.6660e+00 -6.1205e-02 +3.6521e+00 -2.0604e+00
101 0 +9.035361943e+01 +2.903619435e+00 +2.903619435e+00 +4.9728e+00 -5.0000e+00 -4.6398e+00 -6.0807e-01 -5.0000e+00 +2.8211e+00 +3.9339e+00 +1.1578e-02 +3.7337e+00 -2.2364e+00
102 0 +7.984877227e+01 -7.601227726e+00 -7.601227726e+00 +5.0000e+00 -4.9110e+00 +5.0000e+00 -4.8678e+00 -3.8363e+00 -5.0000e+00 +3.9708e+00 -2.2374e+00 +4.7231e+00 -4.9890e+00
202 0 +7.490451636e+01 -1.254548364e+01 -1.254548364e+01 +4.8849e+00 -4.9872e+00 -4.8396e+00 +1.6435e-01 -4.9360e+00 +5.0000e+00 +4.9333e+00 -4.9102e-01 +3.8982e+00 -2.2670e+00
301 0 +7.358676849e+01 -1.386323151e+01 -1.386323151e+01 +4.8674e+00 -4.8582e+00 -5.0000e+00 +5.0944e-01 -5.0000e+00 +5.0000e+00 +4.9763e+00 -2.6919e-01 +4.3881e+00 -2.1807e+00
302 0 +6.662978127e+01 -2.082021873e+01 -2.082021873e+01 +4.7482e+00 -5.0000e+00 +5.0000e+00 -5.0000e+00 -4.9259e+00 -4.9619e+00 +4.8966e+00 -2.9486e+00 +4.8823e+00 -5.0000e+00
401 0 +5.981589129e+01 -2.763410871e+01 -2.763410871e+01 +4.9067e+00 -5.0000e+00 +5.0000e+00 -5.0000e+00 -4.9930e+00 -4.9281e+00 +4.9289e+00 -3.9928e+00 +4.9480e+00 -4.9428e+00
501 0 +5.483172839e+01 -3.261827161e+01 -3.261827161e+01 +5.0000e+00 -5.0000e+00 +5.0000e+00 -4.8944e+00 -4.9319e+00 -5.0000e+00 +4.8276e+00 -4.9436e+00 +5.0000e+00 -4.9343e+00
601 0 +5.322628502e+01 -3.422371498e+01 -3.422371498e+01 +4.9659e+00 -5.0000e+00 +5.0000e+00 -4.9508e+00 -4.9012e+00 -5.0000e+00 +4.9586e+00 -5.0000e+00 +5.0000e+00 -5.0000e+00
1203 0 +5.187650837e+01 -3.557349163e+01 -3.557349163e+01 +4.5430e+00 -3.4722e+00 +3.4464e+00 -4.7531e+00 -5.0000e+00 -2.6763e+00 +5.0000e+00 -4.5941e+00 +4.3795e+00 -5.0000e+00
1301 0 +4.560970097e+01 -4.184029903e+01 -4.184029903e+01 +4.9890e+00 -3.2752e+00 +3.4873e+00 -4.9659e+00 -4.9400e+00 -2.0017e+00 +5.0000e+00 -5.0000e+00 +4.6009e+00 -4.9280e+00
1503 0 +3.966731888e+01 -4.778268112e+01 -4.778268112e+01 +5.0000e+00 -4.7662e+00 +1.0496e+00 -4.0561e+00 -5.0000e+00 +2.4559e+00 +4.6577e+00 -4.2315e+00 +4.8806e+00 -3.9023e+00
1601 0 +2.593193596e+01 -6.151806404e+01 -6.151806404e+01 +4.8911e+00 -4.9094e+00 -1.5735e-01 -3.9962e+00 -5.0000e+00 +5.0000e+00 +4.9712e+00 -4.2721e+00 +5.0000e+00 -3.9033e+00
1801 0 +2.162406602e+01 -6.582593398e+01 -6.582593398e+01 +5.0000e+00 -4.9490e+00 -2.7054e+00 -3.9034e+00 -5.0000e+00 +5.0000e+00 +5.0000e+00 -4.5129e+00 +4.9968e+00 -3.7577e+00
1901 0 +1.868563483e+01 -6.876436517e+01 -6.876436517e+01 +5.0000e+00 -4.9484e+00 -4.9190e+00 -3.8458e+00 -5.0000e+00 +4.8829e+00 +5.0000e+00 -5.0000e+00 +5.0000e+00 -3.4424e+00
2701 0 +1.749382227e+01 -6.995617773e+01 -6.995617773e+01 +5.0000e+00 -4.9253e+00 -4.0331e+00 -4.6664e+00 -4.9084e+00 +4.8956e+00 +4.8831e+00 -5.0000e+00 +5.0000e+00 -3.6107e+00
2801 0 +1.495745425e+01 -7.249254575e+01 -7.249254575e+01 +4.9723e+00 -4.9820e+00 -4.6546e+00 -4.7511e+00 -5.0000e+00 +4.9278e+00 +4.9391e+00 -4.9731e+00 +4.9509e+00 -3.7289e+00
2901 0 +1.143313995e+01 -7.601686005e+01 -7.601686005e+01 +5.0000e+00 -5.0000e+00 -4.8385e+00 -5.0000e+00 -5.0000e+00 +5.0000e+00 +5.0000e+00 -5.0000e+00 +4.9478e+00 -3.9241e+00
3001 0 +1.038092536e+01 -7.706907464e+01 -7.706907464e+01 +5.0000e+00 -4.9683e+00 -5.0000e+00 -5.0000e+00 -5.0000e+00 +5.0000e+00 +4.9575e+00 -4.8559e+00 +4.9398e+00 -4.1187e+00
3101 0 +1.891321107e+00 -8.555867889e+01 -8.555867889e+01 +5.0000e+00 -4.9350e+00 -4.9307e+00 -4.9979e+00 -4.9240e+00 +5.0000e+00 +4.9189e+00 -4.8166e+00 +5.0000e+00 -5.0000e+00
3301 0 +1.264402524e+00 -8.618559748e+01 -8.618559748e+01 +5.0000e+00 -5.0000e+00 -5.0000e+00 -5.0000e+00 -5.0000e+00 +5.0000e+00 +4.9086e+00 -4.8729e+00 +4.9899e+00 -5.0000e+00
3402 0 +9.191102075e-01 -8.653088979e+01 -8.653088979e+01 +5.0000e+00 -5.0000e+00 -5.0000e+00 -5.0000e+00 -4.9842e+00 +4.9725e+00 +5.0000e+00 -4.8705e+00 +5.0000e+00 -5.0000e+00
3701 0 +6.083276413e-01 -8.684167236e+01 -8.684167236e+01 +4.9361e+00 -4.8489e+00 -4.9772e+00 -4.9103e+00 -5.0000e+00 +4.9672e+00 +5.0000e+00 -5.0000e+00 +5.0000e+00 -5.0000e+00
4601 0 +5.478445675e-01 -8.690215543e+01 -8.690215543e+01 +4.8481e+00 -4.9506e+00 -5.0000e+00 -4.9440e+00 -4.9558e+00 +5.0000e+00 +5.0000e+00 -5.0000e+00 +4.9886e+00 -5.0000e+00
4605 0 +4.722336187e-01 -8.697776638e+01 -8.697776638e+01 +4.8169e+00 -4.9754e+00 -5.0000e+00 -4.9192e+00 -5.0000e+00 +4.9768e+00 +5.0000e+00 -5.0000e+00 +5.0000e+00 -5.0000e+00
5801 0 +9.450797527e-02 -8.735549202e+01 -8.735549202e+01 +5.0000e+00 -4.9268e+00 -5.0000e+00 -5.0000e+00 -5.0000e+00 +5.0000e+00 +5.0000e+00 -5.0000e+00 +5.0000e+00 -5.0000e+00
% f evaluations | g evaluations | best noise-free fitness - Fopt (1.298700000000e+02) + sum g_i+ | measured fitness | best measured fitness or single-digit g-values | x1 | x2...
1 0 +2.184736488e+02 +3.483436488e+02 +3.483436488e+02 +1.6202e+00 -3.2777e+00 +3.8095e+00 +6.7001e-01 -4.9341e+00 -2.8572e+00 +1.2415e+00 -6.2946e-01 -7.4380e-01 -2.4582e+00
4 0 +1.246043712e+02 +2.544743712e+02 +2.544743712e+02 -2.4289e-01 -2.6365e+00 +4.3812e-01 -3.1811e+00 -3.5903e+00 +4.1226e+00 +3.5065e+00 -2.0398e+00 +4.7763e+00 +3.1621e-01
70 0 +8.969734286e+01 +2.195673429e+02 +2.195673429e+02 -1.0942e+00 +3.9074e-01 +3.1864e+00 -2.0305e+00 -1.0834e+00 -1.8660e+00 +3.6616e+00 +4.7058e+00 +3.6914e+00 +3.6463e+00
101 0 +7.015089429e+01 +2.000208943e+02 +2.000208943e+02 +1.1218e+00 +3.5585e+00 +5.0000e+00 -4.3684e+00 -4.9513e+00 -4.9763e+00 +5.0000e+00 +5.0000e+00 +4.2358e+00 +3.8047e+00
201 0 +5.201947717e+01 +1.818894772e+02 +1.818894772e+02 +1.7326e+00 +4.9214e+00 +5.0000e+00 -5.0000e+00 -5.0000e+00 -5.0000e+00 +5.0000e+00 +5.0000e+00 +5.0000e+00 +5.0000e+00
1001 0 +4.925286662e+01 +1.791228666e+02 +1.791228666e+02 +4.7517e+00 +4.9325e+00 +5.0000e+00 -5.0000e+00 -4.9176e+00 -4.8572e+00 +4.8875e+00 +5.0000e+00 +5.0000e+00 +5.0000e+00
1302 0 +4.799551507e+01 +1.778655151e+02 +1.778655151e+02 +4.6954e+00 +4.1569e+00 +5.0000e+00 -4.9679e+00 -5.0000e+00 -4.9370e+00 +5.0000e+00 +4.9861e+00 +5.0000e+00 +5.0000e+00
2201 0 +4.683243650e+01 +1.767024365e+02 +1.767024365e+02 +5.0000e+00 +2.0289e+00 +4.8866e+00 -4.9558e+00 -5.0000e+00 -4.9285e+00 +5.0000e+00 +5.0000e+00 +4.9007e+00 +4.8980e+00
2601 0 +4.519989183e+01 +1.750698918e+02 +1.750698918e+02 +5.0000e+00 +1.6607e+00 +4.7598e+00 -5.0000e+00 -5.0000e+00 -5.0000e+00 +5.0000e+00 +5.0000e+00 +5.0000e+00 +4.9741e+00
2702 0 +4.417854509e+01 +1.740485451e+02 +1.740485451e+02 +5.0000e+00 +2.8683e-01 +5.0000e+00 -4.9665e+00 -5.0000e+00 -4.8485e+00 +4.9623e+00 +5.0000e+00 +4.7792e+00 +5.0000e+00
2801 0 +4.271075478e+01 +1.725807548e+02 +1.725807548e+02 +5.0000e+00 -4.7616e-01 +4.9417e+00 -5.0000e+00 -5.0000e+00 -4.9744e+00 +5.0000e+00 +4.9856e+00 +4.8918e+00 +5.0000e+00
2901 0 +4.055449023e+01 +1.704244902e+02 +1.704244902e+02 +5.0000e+00 -1.9513e+00 +5.0000e+00 -5.0000e+00 -4.8687e+00 -5.0000e+00 +5.0000e+00 +5.0000e+00 +4.9595e+00 +5.0000e+00
3101 0 +3.782866186e+01 +1.676986619e+02 +1.676986619e+02 +4.8561e+00 -5.0000e+00 +5.0000e+00 -5.0000e+00 -4.9158e+00 -4.9027e+00 +4.8901e+00 +4.9817e+00 +4.9701e+00 +4.8989e+00
3501 0 +3.642599510e+01 +1.662959951e+02 +1.662959951e+02 +5.0000e+00 -5.0000e+00 +5.0000e+00 -5.0000e+00 -5.0000e+00 -4.8723e+00 +4.9837e+00 +4.8547e+00 +5.0000e+00 +5.0000e+00
3504 0 +2.456769436e+01 +1.544376944e+02 +1.544376944e+02 -4.9584e+00 +4.9865e+00 +4.8894e+00 -4.7688e+00 -4.9476e+00 +4.9130e+00 +5.0000e+00 +5.0000e+00 +4.9477e+00 +4.9835e+00
3601 0 +2.424098711e+01 +1.541109871e+02 +1.541109871e+02 -4.8457e+00 +4.9378e+00 +4.7787e+00 -4.6987e+00 -4.9391e+00 +4.9690e+00 +5.0000e+00 +5.0000e+00 +4.9663e+00 +5.0000e+00
4301 0 +2.322566117e+01 +1.530956612e+02 +1.530956612e+02 -5.0000e+00 +5.0000e+00 +4.8505e+00 -5.0000e+00 -4.9894e+00 +5.0000e+00 +4.9932e+00 +5.0000e+00 +5.0000e+00 +5.0000e+00
4904 0 +2.238909760e+01 +1.522590976e+02 +1.522590976e+02 +3.3057e+00 -4.8388e+00 +4.9554e+00 -1.7502e+00 -4.9496e+00 +1.6874e+00 +4.9812e+00 +5.0000e+00 +4.8349e+00 +5.0000e+00
5001 0 +1.675952920e+01 +1.466295292e+02 +1.466295292e+02 +4.9845e+00 -4.9819e+00 +4.9462e+00 +7.6437e-01 -5.0000e+00 +4.6545e+00 +4.9916e+00 +4.9191e+00 +4.6841e+00 +5.0000e+00
7101 0 +1.523838713e+01 +1.451083871e+02 +1.451083871e+02 -3.6591e+00 -4.9747e+00 +4.6201e+00 -5.0000e+00 -4.4584e+00 +4.7669e+00 +4.8565e+00 +5.0000e+00 +4.7842e+00 +4.8769e+00
7401 0 +1.341717840e+01 +1.432871784e+02 +1.432871784e+02 -1.5591e+00 -5.0000e+00 +4.9923e+00 -3.9851e+00 -4.9935e+00 +4.9561e+00 +4.5224e+00 +4.8256e+00 +4.8424e+00 +5.0000e+00
7601 0 +1.147353728e+01 +1.413435373e+02 +1.413435373e+02 +5.4076e-02 -4.9698e+00 +4.9249e+00 -3.3417e+00 -5.0000e+00 +4.9827e+00 +4.4870e+00 +4.9543e+00 +4.9905e+00 +5.0000e+00
7901 0 +1.070372523e+01 +1.405737252e+02 +1.405737252e+02 +1.9803e+00 -5.0000e+00 +4.8507e+00 -2.8301e+00 -4.9385e+00 +4.9148e+00 +4.5774e+00 +5.0000e+00 +5.0000e+00 +4.9679e+00
8801 0 +1.005637947e+01 +1.399263795e+02 +1.399263795e+02 +4.3383e+00 -4.6199e+00 +4.5977e+00 -4.5095e+00 -4.8217e+00 +4.9764e+00 +3.6662e+00 +5.0000e+00 +5.0000e+00 +4.9596e+00
9401 0 +7.100772815e+00 +1.369707728e+02 +1.369707728e+02 +4.8180e+00 -4.9957e+00 +4.8294e+00 -3.8915e+00 -4.9820e+00 +4.7541e+00 +4.4788e+00 +4.9938e+00 +4.8902e+00 +5.0000e+00
9501 0 +4.333214311e+00 +1.342032143e+02 +1.342032143e+02 +5.0000e+00 -4.9151e+00 +5.0000e+00 -3.6306e+00 -5.0000e+00 +4.9064e+00 +4.8390e+00 +5.0000e+00 +4.9755e+00 +5.0000e+00
9901 0 +3.982205014e+00 +1.338522050e+02 +1.338522050e+02 +5.0000e+00 -4.9338e+00 +4.7683e+00 -4.9618e+00 -4.9363e+00 +4.6159e+00 +4.7397e+00 +5.0000e+00 +4.9145e+00 +5.0000e+00
10001 0 +2.777246384e+00 +1.326472464e+02 +1.326472464e+02 +5.0000e+00 -5.0000e+00 +5.0000e+00 -5.0000e+00 -5.0000e+00 +4.8114e+00 +4.8444e+00 +4.9380e+00 +5.0000e+00 +4.8995e+00
% f evaluations | g evaluations | best noise-free fitness - Fopt (2.328000000000e+01) + sum g_i+ | measured fitness | best measured fitness or single-digit g-values | x1 | x2...
1 0 +2.923105675e+02 +3.155905675e+02 +3.155905675e+02 +8.3860e-01 +1.3313e+00 +1.6868e+00 +2.1023e+00 +3.1163e+00 +2.0460e+00 -9.6995e-01 -1.0122e+00 +4.4081e+00 +2.2453e+00
2 0 +1.839626071e+02 +2.072426071e+02 +2.072426071e+02 +3.7427e+00 -2.2564e+00 +1.1008e-02 -1.3857e+00 -1.8113e+00 -2.6516e+00 -3.8057e+00 -3.1424e+00 -2.0223e+00 -2.2865e+00
5 0 +1.460909371e+02 +1.693709371e+02 +1.693709371e+02 +1.1715e+00 +3.2076e+00 -4.1971e+00 -3.8640e+00 +3.5882e+00 +4.6115e+00 -1.8912e+00 +4.6762e+00 +4.9064e-02 -4.5299e+00
7 0 +1.106562221e+02 +1.339362221e+02 +1.339362221e+02 -7.1275e-01 +2.1267e+00 +1.0289e+00 +1.2685e+00 -2.2517e+00 -4.3909e+00 -2.6510e-01 +3.4347e+00 -4.5587e+00 -1.9405e+00
17 0 +1.091977909e+02 +1.324777909e+02 +1.324777909e+02 -6.9693e-02 +4.9643e+00 +4.6351e+00 +2.6975e+00 -1.6113e-01 +4.3415e-01 +3.2835e+00 +1.9468e+00 -4.4720e+00 -4.1927e+00
33 0 +9.284727827e+01 +1.161272783e+02 +1.161272783e+02 +4.5323e+00 -3.5097e+00 +4.0670e+00 -1.5348e+00 -3.4612e+00 -3.4276e+00 +3.2829e+00 +4.1696e+00 -2.3954e+00 -3.4249e+00
101 0 +7.285361220e+01 +9.613361220e+01 +9.613361220e+01 +5.0000e+00 -4.0626e+00 +5.0000e+00 -1.5152e+00 -4.5971e+00 -4.9807e+00 +4.9650e+00 +5.0000e+00 -1.7290e+00 -3.9719e+00
201 0 +6.114913512e+01 +8.442913512e+01 +8.442913512e+01 +4.9221e+00 -4.8934e+00 +4.7054e+00 -1.8790e+00 -4.5365e+00 -4.9966e+00 +4.9185e+00 +4.8887e+00 -2.0253e+00 -5.0000e+00
301 0 +5.609114531e+01 +7.937114531e+01 +7.937114531e+01 +5.0000e+00 -5.0000e+00 +5.0000e+00 -2.8236e+00 -5.0000e+00 -5.0000e+00 +4.9958e+00 +4.9725e+00 -2.3022e+00 -4.9267e+00
401 0 +5.446537229e+01 +7.774537229e+01 +7.774537229e+01 +5.0000e+00 -5.0000e+00 +5.0000e+00 -3.2837e+00 -4.8420e+00 -5.0000e+00 +5.0000e+00 +4.9004e+00 -2.3996e+00 -5.0000e+00
501 0 +4.332117782e+01 +6.660117782e+01 +6.660117782e+01 +4.9204e+00 -4.9809e+00 +5.0000e+00 -4.8897e+00 -5.0000e+00 -5.0000e+00 +5.0000e+00 +5.0000e+00 -3.2652e+00 -5.0000e+00
601 0 +3.626892021e+01 +5.954892021e+01 +5.954892021e+01 +5.0000e+00 -4.9367e+00 +5.0000e+00 -4.9714e+00 -4.9886e+00 -4.9517e+00 +5.0000e+00 +4.9843e+00 -4.1742e+00 -5.0000e+00
701 0 +3.443008653e+01 +5.771008653e+01 +5.771008653e+01 +4.9882e+00 -5.0000e+00 +5.0000e+00 -5.0000e+00 -4.9875e+00 -5.0000e+00 +4.8769e+00 +4.7606e+00 -4.7106e+00 -4.9460e+00
801 0 +3.032987766e+01 +5.360987766e+01 +5.360987766e+01 +4.8782e+00 -4.9181e+00 +4.9947e+00 -5.0000e+00 -4.9479e+00 -5.0000e+00 +5.0000e+00 +5.0000e+00 -4.9249e+00 -5.0000e+00
1401 0 +2.998431344e+01 +5.326431344e+01 +5.326431344e+01 +5.0000e+00 -4.6132e+00 +4.9447e+00 -5.0000e+00 -5.0000e+00 -4.8915e+00 +4.9609e+00 +4.9325e+00 -5.0000e+00 -4.9996e+00
1501 0 +2.942916792e+01 +5.270916792e+01 +5.270916792e+01 +5.0000e+00 -4.8637e+00 +5.0000e+00 -4.9959e+00 -5.0000e+00 -5.0000e+00 +5.0000e+00 +5.0000e+00 -5.0000e+00 -5.0000e+00
1901 0 +2.872264495e+01 +5.200264495e+01 +5.200264495e+01 +4.9128e+00 -3.4535e+00 +4.9894e+00 -4.9227e+00 -5.0000e+00 -4.9395e+00 +5.0000e+00 +4.9762e+00 -4.9319e+00 -5.0000e+00
3001 0 +2.711561904e+01 +5.039561904e+01 +5.039561904e+01 +4.9901e+00 -2.3610e+00 +4.9790e+00 -4.9493e+00 -4.9287e+00 -4.9768e+00 +5.0000e+00 +4.9192e+00 -4.9901e+00 -5.0000e+00
3201 0 +2.611929737e+01 +4.939929737e+01 +4.939929737e+01 +4.9492e+00 -1.6317e+00 +4.7355e+00 -4.7532e+00 -4.8485e+00 -5.0000e+00 +5.0000e+00 +4.9792e+00 -5.0000e+00 -4.9814e+00
3601 0 +2.512193715e+01 +4.840193715e+01 +4.840193715e+01 +4.9778e+00 -1.1028e+00 +4.7705e+00 -4.8503e+00 -4.8767e+00 -4.9372e+00 +4.9940e+00 +5.0000e+00 -5.0000e+00 -5.0000e+00
4001 0 +2.268285792e+01 +4.596285792e+01 +4.596285792e+01 +4.9951e+00 -4.9005e+00 -1.7288e+00 -5.0000e+00 -4.9665e+00 -4.7028e+00 +4.8393e+00 +4.9450e+00 -4.7162e+00 -5.0000e+00
4101 0 +1.854015898e+01 +4.182015898e+01 +4.182015898e+01 +4.9285e+00 -5.0000e+00 -4.9307e+00 -5.0000e+00 -4.9326e+00 -4.8245e+00 +4.7605e+00 +4.9412e+00 -4.6820e+00 -4.9306e+00
4202 0 +1.464766934e+01 +3.792766934e+01 +3.792766934e+01 +5.0000e+00 -4.8414e+00 -5.0000e+00 -4.9853e+00 -5.0000e+00 -5.0000e+00 +4.9527e+00 +5.0000e+00 -4.7822e+00 -5.0000e+00
4401 0 +1.334306730e+01 +3.662306730e+01 +3.662306730e+01 +5.0000e+00 -4.9842e+00 -5.0000e+00 -4.9950e+00 -4.8631e+00 -5.0000e+00 +5.0000e+00 +4.9906e+00 -5.0000e+00 -5.0000e+00
5001 0 +7.281592762e+00 +3.056159276e+01 +3.056159276e+01 +4.8360e+00 +2.3929e+00 -4.8877e+00 -3.7219e+00 -4.9332e+00 -5.0000e+00 +4.9997e+00 +5.0000e+00 -5.0000e+00 -4.9378e+00
5201 0 +4.659095766e+00 +2.793909577e+01 +2.793909577e+01 +4.9357e+00 +3.9009e+00 -4.9130e+00 -3.6499e+00 -5.0000e+00 -4.9662e+00 +5.0000e+00 +5.0000e+00 -5.0000e+00 -5.0000e+00
5401 0 +4.387212644e+00 +2.766721264e+01 +2.766721264e+01 +4.9683e+00 +4.4468e+00 -4.9424e+00 -3.5904e+00 -5.0000e+00 -4.9304e+00 +4.9444e+00 +5.0000e+00 -5.0000e+00 -5.0000e+00
5601 0 +3.089714612e+00 +2.636971461e+01 +2.636971461e+01 +5.0000e+00 +5.0000e+00 -5.0000e+00 -3.6236e+00 -5.0000e+00 -5.0000e+00 +4.9732e+00 +5.0000e+00 -5.0000e+00 -5.0000e+00
8401 0 +2.772245789e+00 +2.605224579e+01 +2.605224579e+01 +5.0000e+00 +4.8940e+00 -4.9020e+00 -5.0000e+00 -4.3342e+00 -5.0000e+00 +4.8666e+00 +5.0000e+00 -5.0000e+00 -5.0000e+00
8703 0 +2.048994612e+00 +2.532899461e+01 +2.532899461e+01 +4.8719e+00 +5.0000e+00 -4.7532e+00 -5.0000e+00 -4.8545e+00 -4.8758e+00 +4.9197e+00 +4.9745e+00 -4.9829e+00 -5.0000e+00
8801 0 +1.476851450e+00 +2.475685145e+01 +2.475685145e+01 +4.8600e+00 +5.0000e+00 -4.9128e+00 -4.9904e+00 -5.0000e+00 -4.9228e+00 +4.9325e+00 +5.0000e+00 -5.0000e+00 -4.9420e+00
% f evaluations | g evaluations | best noise-free fitness - Fopt (9.200000000000e+01) + sum g_i+ | measured fitness | best measured fitness or single-digit g-values | x1 | x2...
1 0 +2.126729301e+02 +3.046729301e+02 +3.046729301e+02 +1.2748e+00 -4.7197e+00 +4.3458e+00 +2.1350e+00 +9.1140e-01 -3.9291e+00 +2.7046e+00 +4.0078e+00 +1.2406e+00 -4.0254e+00
2 0 +1.747159340e+02 +2.667159340e+02 +2.667159340e+02 +4.5431e+00 -1.8076e+00 -2.0105e-01 +4.5912e+00 +4.5165e+00 -4.8818e+00 -2.6537e+00 -3.4729e+00 +1.4091e+00 +1.2788e+00
8 0 +1.393818870e+02 +2.313818870e+02 +2.313818870e+02 -5.6076e-01 +1.3659e+00 +4.9596e+00 +1.8626e+00 -4.3415e+00 +4.3764e+00 -3.6123e+00 -4.6388e+00 +3.9595e+00 +1.1978e+00
18 0 +1.134012888e+02 +2.054012888e+02 +2.054012888e+02 +6.2459e-01 -1.8616e-01 -4.9933e-02 +3.5458e+00 -6.3811e-02 -4.7102e+00 -1.4302e+00 -2.8651e+00 +4.5542e+00 -4.2118e+00
52 0 +9.546036931e+01 +1.874603693e+02 +1.874603693e+02 -4.5628e+00 -2.0434e+00 -3.3552e+00 +2.8218e+00 +4.7359e-01 -1.5690e+00 -4.8923e+00 -4.9995e+00 +1.6900e+00 -3.3844e+00
101 0 +8.915955436e+01 +1.811595544e+02 +1.811595544e+02 -4.9985e+00 -1.5109e+00 -3.0245e+00 +3.1591e+00 +1.4165e+00 -2.6179e+00 -4.8192e+00 -5.0000e+00 +1.3360e+00 -4.3069e+00
201 0 +8.679931091e+01 +1.787993109e+02 +1.787993109e+02 -5.0000e+00 -2.4643e+00 -4.1251e+00 +3.7075e+00 +1.9928e+00 -2.2787e+00 -4.9456e+00 -5.0000e+00 +9.3594e-01 -4.3330e+00
202 0 +7.574722803e+01 +1.677472280e+02 +1.677472280e+02 +3.1802e+00 +2.4784e+00 +3.5266e+00 +5.0000e+00 +4.4447e+00 -5.0000e+00 -2.7300e+00 -4.6551e+00 +5.0000e+00 -5.0000e+00
501 0 +7.392209307e+01 +1.659220931e+02 +1.659220931e+02 +4.6937e+00 +3.0940e+00 +4.8714e+00 +4.9181e+00 +4.8409e+00 -4.9778e+00 -3.3768e+00 -5.0000e+00 +4.9594e+00 -4.9026e+00
701 0 +6.866467765e+01 +1.606646776e+02 +1.606646776e+02 +5.0000e+00 +3.5267e+00 +4.7278e+00 +5.0000e+00 +5.0000e+00 -5.0000e+00 -4.0291e+00 -4.9849e+00 +5.0000e+00 -5.0000e+00
801 0 +6.434871686e+01 +1.563487169e+02 +1.563487169e+02 +5.0000e+00 +4.1376e+00 +5.0000e+00 +4.9636e+00 +4.9344e+00 -4.9175e+00 -4.8821e+00 -5.0000e+00 +4.9865e+00 -5.0000e+00
1001 0 +6.211814850e+01 +1.541181485e+02 +1.541181485e+02 +4.9667e+00 +4.9445e+00 +4.8892e+00 +5.0000e+00 +5.0000e+00 -4.9013e+00 -5.0000e+00 -5.0000e+00 +5.0000e+00 -5.0000e+00
1002 0 +5.998628443e+01 +1.519862844e+02 +1.519862844e+02 -3.1090e-01 +1.9606e+00 -7.0174e-01 +4.9776e+00 +4.9423e+00 -4.9123e+00 -3.3048e+00 -4.9164e+00 +5.0000e+00 -5.0000e+00
1003 0 +5.243507522e+01 +1.444350752e+02 +1.444350752e+02 +6.9763e-01 +4.8399e+00 +1.4695e+00 +5.0000e+00 +5.0000e+00 -3.7893e-01 -2.2912e+00 -4.9309e+00 +4.9276e+00 -4.7139e+00
1101 0 +4.304916878e+01 +1.350491688e+02 +1.350491688e+02 -5.3132e-01 +5.0000e+00 +3.1228e-01 +5.0000e+00 +4.9051e+00 +8.1640e-01 -2.1615e+00 -4.9277e+00 +5.0000e+00 -4.9188e+00
1302 0 +3.985368128e+01 +1.318536813e+02 +1.318536813e+02 -9.9546e-01 +4.9934e+00 +5.2534e-02 +4.9727e+00 +5.0000e+00 +1.6236e+00 -2.1071e+00 -4.7094e+00 +5.0000e+00 -4.9951e+00
1401 0 +2.280891164e+01 +1.148089116e+02 +1.148089116e+02 -4.0883e+00 +4.7719e+00 -2.4926e+00 +4.9350e+00 +4.9294e+00 +4.1821e+00 -2.1781e+00 -4.9684e+00 +4.8893e+00 -5.0000e+00
1501 0 +2.020298475e+01 +1.122029847e+02 +1.122029847e+02 -4.3244e+00 +4.9623e+00 -2.5913e+00 +4.9911e+00 +5.0000e+00 +4.9406e+00 -1.9877e+00 -5.0000e+00 +4.8390e+00 -5.0000e+00
1601 0 +1.697575051e+01 +1.089757505e+02 +1.089757505e+02 -4.9110e+00 +5.0000e+00 -4.3355e+00 +5.0000e+00 +5.0000e+00 +5.0000e+00 -1.7763e+00 -4.8857e+00 +5.0000e+00 -4.9870e+00
1802 0 +1.353902666e+01 +1.055390267e+02 +1.055390267e+02 -3.0375e+00 +5.0000e+00 -5.0000e+00 +4.7668e+00 +4.8027e+00 +4.9624e+00 -2.9346e+00 -5.0000e+00 +4.9404e+00 -4.9658e+00
2002 0 +1.041219398e+01 +1.024121940e+02 +1.024121940e+02 -2.5977e+00 +4.8029e+00 -5.0000e+00 +4.9390e+00 +5.0000e+00 +5.0000e+00 -3.3575e+00 -5.0000e+00 +5.0000e+00 -5.0000e+00
2101 0 +5.716280422e+00 +9.771628042e+01 +9.771628042e+01 -2.8491e+00 +4.8904e+00 -5.0000e+00 +5.0000e+00 +4.8806e+00 +5.0000e+00 -4.4600e+00 -4.9869e+00 +5.0000e+00 -4.9494e+00
2201 0 +3.246543102e+00 +9.524654310e+01 +9.524654310e+01 -3.0222e+00 +4.9454e+00 -4.8813e+00 +4.9684e+00 +4.9537e+00 +4.8944e+00 -5.0000e+00 -4.9293e+00 +5.0000e+00 -5.0000e+00
2601 0 +3.122458215e+00 +9.512245821e+01 +9.512245821e+01 -2.8474e+00 +4.9621e+00 -4.9679e+00 +5.0000e+00 +4.9134e+00 +5.0000e+00 -5.0000e+00 -5.0000e+00 +4.9563e+00 -4.9712e+00
2701 0 +2.244514200e+00 +9.424451420e+01 +9.424451420e+01 -3.0502e+00 +5.0000e+00 -5.0000e+00 +4.9207e+00 +5.0000e+00 +4.9688e+00 -4.9975e+00 -5.0000e+00 +5.0000e+00 -5.0000e+00
3001 0 +7.316793921e-01 +9.273167939e+01 +9.273167939e+01 -5.0000e+00 +4.9146e+00 -4.9929e+00 +4.8227e+00 +4.9429e+00 +4.9867e+00 -4.9955e+00 -5.0000e+00 +5.0000e+00 -5.0000e+00
3302 0 +4.392839487e-01 +9.243928395e+01 +9.243928395e+01 -5.0000e+00 +4.9742e+00 -5.0000e+00 +5.0000e+00 +4.9213e+00 +5.0000e+00 -4.9597e+00 -5.0000e+00 +5.0000e+00 -5.0000e+00
6202 0 +3.027090271e-01 +9.230270903e+01 +9.230270903e+01 -4.8256e+00 +5.0000e+00 -5.0000e+00 +5.0000e+00 +4.9539e+00 +5.0000e+00 -5.0000e+00 -5.0000e+00 +5.0000e+00 -5.0000e+00
% f evaluations | g evaluations | best noise-free fitness - Fopt (8.712000000000e+01) + sum g_i+ | measured fitness | best measured fitness or single-digit g-values | x1 | x2...
1 0 +1.941909612e+02 +2.813109612e+02 +2.813109612e+02 -2.4324e+00 +2.5057e-01 +3.3241e-01 -1.0242e+00 -6.4960e-01 -1.1053e+00 -4.5984e+00 +1.0253e+00 +4.5341e+00 +8.1555e-01
7 0 +1.276525525e+02 +2.147725525e+02 +2.147725525e+02 +4.1593e+00 +4.7725e+00 +6.1457e-01 -3.3704e+00 +1.0646e+00 -3.3029e+00 +2.8598e-01 +5.5755e-01 +3.7220e+00 -2.4288e+00
24 0 +1.186257053e+02 +2.057457053e+02 +2.057457053e+02 +6.1215e-01 +3.5919e+00 +4.5127e+00 +3.2343e+00 +2.0549e+00 -4.3499e+00 -2.3507e+00 +5.2471e-01 +2.2985e+00 -3.4594e+00
90 0 +1.126653752e+02 +1.997853752e+02 +1.997853752e+02 +2.2516e+00 -2.7358e+00 -3.0053e+00 +2.6735e+00 -2.7443e-02 -5.0293e-01 +3.3835e+00 +4.8013e+00 +4.7748e+00 -9.0288e-01
102 0 +9.642771284e+01 +1.835477128e+02 +1.835477128e+02 +2.5123e+00 +5.0000e+00 +5.0000e+00 +4.9909e+00 +2.7003e+00 -4.8154e+00 -5.0000e+00 +1.9420e+00 +2.1985e+00 -4.9582e+00
201 0 +8.880976106e+01 +1.759297611e+02 +1.759297611e+02 +3.6566e+00 +4.8624e+00 +4.8972e+00 +5.0000e+00 +3.9773e+00 -4.9946e+00 -5.0000e+00 +2.3430e+00 +2.2983e+00 -4.9010e+00
301 0 +8.590199038e+01 +1.730219904e+02 +1.730219904e+02 +4.2031e+00 +4.8784e+00 +5.0000e+00 +4.7991e+00 +4.6017e+00 -4.9298e+00 -4.9692e+00 +2.5352e+00 +2.2153e+00 -4.9456e+00
401 0 +7.876322835e+01 +1.658832283e+02 +1.658832283e+02 +4.9637e+00 +4.9605e+00 +5.0000e+00 +5.0000e+00 +5.0000e+00 -5.0000e+00 -5.0000e+00 +3.2179e+00 +2.2133e+00 -5.0000e+00
501 0 +6.778877307e+01 +1.549087731e+02 +1.549087731e+02 +4.8625e+00 +5.0000e+00 +5.0000e+00 +5.0000e+00 +4.9005e+00 -4.9194e+00 -4.9078e+00 +4.5059e+00 +2.8994e+00 -4.8130e+00
601 0 +6.091703119e+01 +1.480370312e+02 +1.480370312e+02 +5.0000e+00 +5.0000e+00 +4.9839e+00 +5.0000e+00 +4.8672e+00 -4.9201e+00 -4.9882e+00 +4.9946e+00 +3.2125e+00 -5.0000e+00
701 0 +5.545951990e+01 +1.425795199e+02 +1.425795199e+02 +4.9307e+00 +5.0000e+00 +4.8569e+00 +4.9446e+00 +5.0000e+00 -5.0000e+00 -4.8500e+00 +5.0000e+00 +3.7972e+00 -5.0000e+00
801 0 +4.871180397e+01 +1.358318040e+02 +1.358318040e+02 +4.9904e+00 +5.0000e+00 +5.0000e+00 +4.9461e+00 +4.8283e+00 -5.0000e+00 -5.0000e+00 +4.9059e+00 +4.8857e+00 -4.9757e+00
1101 0 +4.747652004e+01 +1.345965200e+02 +1.345965200e+02 +5.0000e+00 +5.0000e+00 +4.8945e+00 +5.0000e+00 +5.0000e+00 -5.0000e+00 -5.0000e+00 +5.0000e+00 +5.0000e+00 -4.9115e+00
1202 0 +4.669008605e+01 +1.338100860e+02 +1.338100860e+02 +4.9919e+00 +4.6923e+00 +4.9517e+00 +4.9889e+00 +4.5420e+00 -4.8947e+00 -4.1639e+00 +4.8405e+00 +5.0000e+00 -4.8964e+00
1301 0 +4.419061472e+01 +1.313106147e+02 +1.313106147e+02 +4.9162e+00 +5.0000e+00 +4.9764e+00 +4.9792e+00 +4.9237e+00 -4.9161e+00 -4.3054e+00 +5.0000e+00 +4.9591e+00 -5.0000e+00
1801 0 +4.302552571e+01 +1.301455257e+02 +1.301455257e+02 +4.8699e+00 +5.0000e+00 +5.0000e+00 +4.9790e+00 +5.0000e+00 -5.0000e+00 -4.2212e+00 +5.0000e+00 +5.0000e+00 -4.9951e+00
1902 0 +4.247871736e+01 +1.295987174e+02 +1.295987174e+02 +4.7937e+00 +4.9843e+00 +5.0000e+00 +5.0000e+00 +4.8785e+00 -5.0000e+00 -4.0020e+00 +4.9782e+00 +5.0000e+00 -5.0000e+00
2301 0 +4.104644514e+01 +1.281664451e+02 +1.281664451e+02 +4.8996e+00 +5.0000e+00 +4.9165e+00 +4.6740e+00 +4.8392e+00 -4.7337e+00 -2.6793e+00 +4.8668e+00 +4.8554e+00 -4.8863e+00
2401 0 +3.565526081e+01 +1.227752608e+02 +1.227752608e+02 +4.6752e+00 +4.7927e+00 +4.8753e+00 +4.5774e+00 +4.7310e+00 -4.7369e+00 -1.4734e+00 +4.8197e+00 +4.8550e+00 -5.0000e+00
2501 0 +3.376436905e+01 +1.208843690e+02 +1.208843690e+02 +4.7195e+00 +4.7795e+00 +5.0000e+00 +4.4692e+00 +4.7291e+00 -4.5353e+00 -4.4533e-01 +4.7592e+00 +4.7595e+00 -4.8949e+00
2601 0 +2.685134111e+01 +1.139713411e+02 +1.139713411e+02 +4.7719e+00 +4.9769e+00 +5.0000e+00 +4.5738e+00 +4.9777e+00 -4.6212e+00 +5.2804e-01 +4.9117e+00 +4.7958e+00 -4.8616e+00
2701 0 +2.494386364e+01 +1.120638636e+02 +1.120638636e+02 +4.7969e+00 +4.8574e+00 +5.0000e+00 +4.5502e+00 +4.8785e+00 -4.5251e+00 +9.9346e-01 +4.8118e+00 +4.8034e+00 -4.9705e+00
2801 0 +2.004281058e+01 +1.071628106e+02 +1.071628106e+02 +3.5891e+00 +3.5837e+00 +4.9745e+00 +4.9584e+00 +4.8014e+00 -4.9752e+00 +1.7231e+00 +4.8634e+00 +5.0000e+00 -5.0000e+00
2802 0 +1.704569749e+01 +1.041656975e+02 +1.041656975e+02 +4.9074e+00 +4.8879e+00 +4.9816e+00 +4.5228e+00 +4.9189e+00 -4.4193e+00 +2.3990e+00 +5.0000e+00 +4.8238e+00 -5.0000e+00
3001 0 +8.023032135e+00 +9.514303214e+01 +9.514303214e+01 +5.0000e+00 +4.9104e+00 +5.0000e+00 +4.7798e+00 +5.0000e+00 -4.6317e+00 +4.0353e+00 +4.8550e+00 +5.0000e+00 -4.9238e+00
3101 0 +2.511121609e+00 +8.963112161e+01 +8.963112161e+01 +4.9075e+00 +5.0000e+00 +4.9711e+00 +4.9948e+00 +4.9284e+00 -4.6715e+00 +5.0000e+00 +4.9225e+00 +4.9351e+00 -4.9988e+00
3401 0 +2.043994367e+00 +8.916399437e+01 +8.916399437e+01 +5.0000e+00 +5.0000e+00 +5.0000e+00 +4.8473e+00 +5.0000e+00 -4.8971e+00 +4.9810e+00 +4.9810e+00 +5.0000e+00 -4.8857e+00
3501 0 +1.102443229e+00 +8.822244323e+01 +8.822244323e+01 +4.9246e+00 +4.9141e+00 +5.0000e+00 +4.9319e+00 +4.9202e+00 -5.0000e+00 +4.8974e+00 +4.9902e+00 +5.0000e+00 -4.9988e+00
4102 0 +6.400280955e-01 +8.776002810e+01 +8.776002810e+01 +5.0000e+00 +4.8304e+00 +5.0000e+00 +5.0000e+00 +5.0000e+00 -4.8828e+00 +5.0000e+00 +5.0000e+00 +5.0000e+00 -5.0000e+00
4201 0 +4.531304524e-01 +8.757313045e+01 +8.757313045e+01 +5.0000e+00 +4.8682e+00 +5.0000e+00 +5.0000e+00 +5.0000e+00 -4.9957e+00 +4.9424e+00 +5.0000e+00 +5.0000e+00 -5.0000e+00
6804 0 +6.580260475e-02 +8.718580260e+01 +8.718580260e+01 +5.0000e+00 +5.0000e+00 +5.0000e+00 +5.0000e+00 +5.0000e+00 -4.9817e+00 +5.0000e+00 +5.0000e+00 +5.0000e+00 -5.0000e+00
% f evaluations | g evaluations | best noise-free fitness - Fopt (-1.017800000000e+02) + sum g_i+ | measured fitness | best measured fitness or single-digit g-values | x1 | x2...
1 0 +2.393194755e+02 +1.375394755e+02 +1.375394755e+02 +3.1111e+00 +2.5371e+00 -3.3752e+00 +1.8836e-01 -1.7016e+00 -4.5394e+00 +5.2607e-01 +4.4272e+00 -1.4477e+00 +4.0814e+00
2 0 +1.295602363e+02 +2.778023629e+01 +2.778023629e+01 -4.8619e+00 +3.7127e+00 -3.8799e-01 +2.2035e+00 -3.0671e+00 +1.2765e+00 +4.8835e+00 -2.1083e+00 +2.2950e-01 -4.4399e+00
36 0 +8.453966002e+01 -1.724033998e+01 -1.724033998e+01 -3.4040e+00 +5.4297e-01 -4.3556e+00 -2.6541e+00 -3.0398e+00 +3.8452e+00 +3.5969e+00 -3.4250e-01 +4.9108e+00 -4.0616e+00
101 0 +7.580024362e+01 -2.597975638e+01 -2.597975638e+01 -4.9972e+00 +2.5464e+00 -4.7066e+00 -4.9584e+00 -3.6657e+00 +5.0000e+00 +4.6078e+00 -1.3531e+00 +4.9371e+00 -5.0000e+00
502 0 +6.047976787e+01 -4.130023213e+01 -4.130023213e+01 +4.8552e+00 +5.0000e+00 +5.0000e+00 -7.4736e-01 -4.9428e+00 +5.0000e+00 +5.0000e+00 +4.7997e+00 +4.1273e+00 -4.9471e+00
601 0 +5.359213416e+01 -4.818786584e+01 -4.818786584e+01 +5.0000e+00 +5.0000e+00 +4.8665e+00 +3.9390e-01 -5.0000e+00 +5.0000e+00 +4.9331e+00 +5.0000e+00 +4.5384e+00 -4.9590e+00
801 0 +4.739024784e+01 -5.438975216e+01 -5.438975216e+01 +4.8882e+00 +5.0000e+00 +5.0000e+00 +1.8215e+00 -5.0000e+00 +5.0000e+00 +5.0000e+00 +4.9116e+00 +5.0000e+00 -4.9472e+00
901 0 +4.336185177e+01 -5.841814823e+01 -5.841814823e+01 +5.0000e+00 +5.0000e+00 +4.9341e+00 +5.0000e+00 -4.9179e+00 +4.8581e+00 +4.8662e+00 +5.0000e+00 +4.7887e+00 -4.9120e+00
902 0 +4.231859158e+01 -5.946140842e+01 -5.946140842e+01 -1.3212e-01 -4.9226e+00 +9.6047e-01 +4.2621e+00 -5.0000e+00 +4.0994e+00 +4.9308e+00 +2.4198e+00 +4.1227e+00 -5.0000e+00
1001 0 +3.821786533e+01 -6.356213467e+01 -6.356213467e+01 +1.5066e+00 -4.9797e+00 +2.9563e+00 +5.0000e+00 -5.0000e+00 +3.9798e+00 +5.0000e+00 +3.8628e+00 +3.9759e+00 -5.0000e+00
1101 0 +3.538748427e+01 -6.639251573e+01 -6.639251573e+01 +1.6336e+00 -4.9494e+00 +3.5167e+00 +5.0000e+00 -5.0000e+00 +3.9948e+00 +5.0000e+00 +4.4524e+00 +4.0236e+00 -4.9974e+00
1201 0 +2.877813750e+01 -7.300186250e+01 -7.300186250e+01 -6.7609e-01 -5.0000e+00 +2.4068e+00 +4.9189e+00 -4.8700e+00 +3.8855e+00 +4.8869e+00 +4.1738e+00 +4.7314e+00 -5.0000e+00
1301 0 +1.773184600e+01 -8.404815400e+01 -8.404815400e+01 -2.8582e+00 -4.9709e+00 +2.0023e+00 +5.0000e+00 -4.9651e+00 +4.1807e+00 +5.0000e+00 +4.9943e+00 +5.0000e+00 -4.9204e+00
1401 0 +1.706952282e+01 -8.471047718e+01 -8.471047718e+01 -4.3524e+00 -5.0000e+00 +2.9627e+00 +4.9723e+00 -4.9218e+00 +4.3057e+00 +5.0000e+00 +5.0000e+00 +5.0000e+00 -4.9633e+00
1501 0 +1.566233234e+01 -8.611766766e+01 -8.611766766e+01 -5.0000e+00 -4.9982e+00 +3.2527e+00 +4.9367e+00 -4.9757e+00 +4.5986e+00 +4.9468e+00 +5.0000e+00 +5.0000e+00 -5.0000e+00
1701 0 +1.503938510e+01 -8.674061490e+01 -8.674061490e+01 -4.9402e+00 -4.9747e+00 +3.4918e+00 +4.9725e+00 -4.9306e+00 +4.9593e+00 +4.9195e+00 +5.0000e+00 +5.0000e+00 -4.9990e+00
3002 0 +1.427840820e+01 -8.750159180e+01 -8.750159180e+01 +2.4163e+00 -4.8326e+00 -4.3012e+00 +5.0000e+00 -4.9562e+00 +5.0000e+00 +4.9810e+00 +4.8973e+00 +4.9566e+00 -4.5682e+00
3302 0 +1.405956071e+01 -8.772043929e+01 -8.772043929e+01 +2.4055e+00 -4.9134e+00 -4.3329e+00 +5.0000e+00 -4.9670e+00 +4.9423e+00 +4.9809e+00 +4.8911e+00 +4.9912e+00 -4.5680e+00
3603 0 +1.296706756e+01 -8.881293244e+01 -8.881293244e+01 -4.8345e+00 -4.0462e+00 -3.9964e+00 +2.6492e+00 -5.0000e+00 +4.5382e+00 +5.0000e+00 +4.7754e+00 +5.0000e+00 -4.8175e+00
3604 0 +1.074380059e+01 -9.103619941e+01 -9.103619941e+01 -4.9119e+00 -4.1789e+00 -1.8102e+00 +4.8615e+00 -5.0000e+00 +5.0000e+00 +4.5181e+00 +5.0000e+00 +4.9701e+00 -4.8492e+00
3701 0 +9.032652598e+00 -9.274734740e+01 -9.274734740e+01 -4.9827e+00 -4.1563e+00 -2.4575e+00 +4.7634e+00 -5.0000e+00 +5.0000e+00 +4.4385e+00 +5.0000e+00 +4.9384e+00 -4.9909e+00
3801 0 +7.138118541e+00 -9.464188146e+01 -9.464188146e+01 -5.0000e+00 -4.4309e+00 -3.1495e+00 +4.8396e+00 -4.9991e+00 +4.9547e+00 +4.4597e+00 +5.0000e+00 +4.9616e+00 -5.0000e+00
4001 0 +3.896394820e+00 -9.788360518e+01 -9.788360518e+01 -4.8822e+00 -4.9292e+00 -4.3193e+00 +4.9911e+00 -4.9205e+00 +5.0000e+00 +4.8566e+00 +4.8371e+00 +4.9136e+00 -5.0000e+00
4201 0 +3.204226265e+00 -9.857577374e+01 -9.857577374e+01 -4.8325e+00 -4.9040e+00 -5.0000e+00 +5.0000e+00 -4.9629e+00 +4.9151e+00 +4.9452e+00 +4.7520e+00 +4.9015e+00 -5.0000e+00
4301 0 +1.727206043e+00 -1.000527940e+02 -1.000527940e+02 -4.8416e+00 -4.9196e+00 -4.9138e+00 +4.9781e+00 -5.0000e+00 +4.9554e+00 +5.0000e+00 +4.8207e+00 +4.9949e+00 -5.0000e+00
5001 0 +8.893086397e-01 -1.008906914e+02 -1.008906914e+02 -5.0000e+00 -5.0000e+00 -4.8649e+00 +4.8161e+00 -5.0000e+00 +4.9255e+00 +5.0000e+00 +5.0000e+00 +5.0000e+00 -5.0000e+00
6002 0 +4.733520921e-01 -1.013066479e+02 -1.013066479e+02 -5.0000e+00 -4.9799e+00 -4.8166e+00 +4.9599e+00 -4.9802e+00 +5.0000e+00 +5.0000e+00 +5.0000e+00 +5.0000e+00 -5.0000e+00
7402 0 +4.624875561e-01 -1.013175124e+02 -1.013175124e+02 -5.0000e+00 -5.0000e+00 -5.0000e+00 +4.8541e+00 -5.0000e+00 +5.0000e+00 +5.0000e+00 +4.9753e+00 +5.0000e+00 -5.0000e+00
7802 0 +4.413270698e-01 -1.013386729e+02 -1.013386729e+02 -5.0000e+00 -4.8214e+00 -4.9611e+00 +5.0000e+00 -5.0000e+00 +4.9641e+00 +5.0000e+00 +5.0000e+00 +5.0000e+00 -4.9983e+00
% f evaluations | g evaluations | best noise-free fitness - Fopt (-5.149000000000e+01) + sum g_i+ | measured fitness | best measured fitness or single-digit g-values | x1 | x2...
1 0 +2.092726614e+02 +1.577826614e+02 +1.577826614e+02 -4.4895e+00 +1.8817e+00 -2.4387e+00 -1.8627e+00 -4.5267e+00 +3.3497e+00 +3.8961e+00 +7.5516e-01 +4.9342e+00 +3.6994e+00
2 0 +1.494981109e+02 +9.800811092e+01 +9.800811092e+01 +1.6559e+00 -4.8811e+00 +4.9623e+00 -3.9346e+00 -3.8708e+00 +1.9953e+00 -4.6003e+00 -4.6232e+00 +4.5986e+00 -1.3212e+00
6 0 +1.147811543e+02 +6.329115427e+01 +6.329115427e+01 -2.5689e+00 +2.4466e+00 -3.1393e+00 -4.4797e+00 -1.8056e+00 -2.8223e+00 -4.6330e+00 -2.9645e+00 +4.2757e+00 -2.7418e+00
36 0 +8.389545761e+01 +3.240545761e+01 +3.240545761e+01 -3.9383e+00 +4.5042e+00 +4.4713e+00 +3.7018e+00 -4.5002e+00 -3.7846e+00 -2.3846e-01 +2.3585e+00 +4.9450e+00 -3.1557e+00
101 0 +5.293719550e+01 +1.447195496e+00 +1.447195496e+00 -4.8376e+00 +5.0000e+00 +5.0000e+00 +5.0000e+00 -4.9916e+00 -3.6239e+00 -1.1920e+00 +4.3186e+00 +5.0000e+00 -4.5498e+00
201 0 +4.235153398e+01 -9.138466017e+00 -9.138466017e+00 -5.0000e+00 +5.0000e+00 +5.0000e+00 +4.9123e+00 -4.9368e+00 -4.1747e+00 -2.0916e+00 +4.6481e+00 +4.9858e+00 -4.7864e+00
301 0 +3.344497492e+01 -1.804502508e+01 -1.804502508e+01 -4.9907e+00 +4.9456e+00 +4.9656e+00 +5.0000e+00 -4.9046e+00 -5.0000e+00 -2.7411e+00 +4.9866e+00 +5.0000e+00 -4.9067e+00
401 0 +2.704182091e+01 -2.444817909e+01 -2.444817909e+01 -5.0000e+00 +5.0000e+00 +5.0000e+00 +4.8921e+00 -4.9340e+00 -5.0000e+00 -4.1294e+00 +4.7489e+00 +5.0000e+00 -5.0000e+00
501 0 +2.332569144e+01 -2.816430856e+01 -2.816430856e+01 -4.9434e+00 +4.9225e+00 +5.0000e+00 +4.9919e+00 -4.7727e+00 -5.0000e+00 -4.8770e+00 +5.0000e+00 +5.0000e+00 -4.9561e+00
601 0 +2.154191185e+01 -2.994808815e+01 -2.994808815e+01 -4.8141e+00 +5.0000e+00 +5.0000e+00 +4.8799e+00 -5.0000e+00 -4.9804e+00 -5.0000e+00 +5.0000e+00 +5.0000e+00 -5.0000e+00
2001 0 +1.992646369e+01 -3.156353631e+01 -3.156353631e+01 -4.3583e+00 +4.8904e+00 +4.9972e+00 +3.5351e+00 -4.8534e+00 -4.9252e+00 -4.9842e+00 +5.0000e+00 +5.0000e+00 -5.0000e+00
2301 0 +1.735350175e+01 -3.413649825e+01 -3.413649825e+01 -4.6855e+00 +4.9758e+00 +4.8510e+00 +2.7579e+00 -5.0000e+00 -5.0000e+00 -5.0000e+00 +5.0000e+00 +5.0000e+00 -4.9955e+00
2901 0 +1.306705244e+01 -3.842294756e+01 -3.842294756e+01 -4.8742e+00 +5.0000e+00 +5.0000e+00 +2.8465e-01 -4.9874e+00 -4.9577e+00 -4.8871e+00 +5.0000e+00 +4.9338e+00 -4.9668e+00
3001 0 +8.820703801e+00 -4.266929620e+01 -4.266929620e+01 -4.9128e+00 +4.9081e+00 +4.9279e+00 -2.2842e+00 -4.9363e+00 -4.9724e+00 -4.8851e+00 +4.8720e+00 +4.9039e+00 -4.9677e+00
3201 0 +2.356488993e+00 -4.913351101e+01 -4.913351101e+01 -5.0000e+00 +4.9367e+00 +4.8687e+00 -4.9204e+00 -5.0000e+00 -4.8825e+00 -4.9336e+00 +4.9198e+00 +4.9531e+00 -4.9690e+00
3401 0 +1.479120630e+00 -5.001087937e+01 -5.001087937e+01 -4.9663e+00 +4.9421e+00 +4.9850e+00 -4.9826e+00 -5.0000e+00 -4.9850e+00 -4.8710e+00 +5.0000e+00 +4.9297e+00 -4.9888e+00
3903 0 +1.412341646e+00 -5.007765835e+01 -5.007765835e+01 -5.0000e+00 +5.0000e+00 +4.8971e+00 -5.0000e+00 -5.0000e+00 -5.0000e+00 -4.8381e+00 +4.9184e+00 +5.0000e+00 -5.0000e+00
4101 0 +1.373791755e+00 -5.011620825e+01 -5.011620825e+01 -4.9586e+00 +5.0000e+00 +4.9038e+00 -4.8300e+00 -5.0000e+00 -5.0000e+00 -4.9573e+00 +5.0000e+00 +4.9215e+00 -5.0000e+00
4302 0 +4.592168082e-01 -5.103078319e+01 -5.103078319e+01 -4.9282e+00 +5.0000e+00 +5.0000e+00 -5.0000e+00 -4.9837e+00 -5.0000e+00 -5.0000e+00 +5.0000e+00 +4.9558e+00 -5.0000e+00
5101 0 +3.375761820e-01 -5.115242382e+01 -5.115242382e+01 -4.8197e+00 +5.0000e+00 +5.0000e+00 -5.0000e+00 -5.0000e+00 -4.9611e+00 -4.9962e+00 +5.0000e+00 +5.0000e+00 -5.0000e+00
5506 0 +1.817100207e-01 -5.130828998e+01 -5.130828998e+01 -4.9214e+00 +5.0000e+00 +5.0000e+00 -5.0000e+00 -4.9966e+00 -4.9739e+00 -5.0000e+00 +5.0000e+00 +5.0000e+00 -5.0000e+00
