% f evaluations | g evaluations | best noise-free fitness - Fopt (-5.494000000000e+01) + sum g_i+ | measured fitness | best measured fitness or single-digit g-values | x1 | x2...
1 0 +3.118257947e+07 +3.118252453e+07 +3.118252453e+07 -6.4932e-01 +1.8904e+00 +3.2536e-01 -4.7396e+00 -4.6407e+00 +3.8659e-01 -3.0003e+00 -9.2793e-01 -1.1050e+00 +2.2747e+00
2 0 +7.679132585e+06 +7.679077645e+06 +7.679077645e+06 +3.2512e+00 +1.9170e+00 -2.0985e-01 +5.6854e-01 +4.6404e+00 -4.1713e+00 +8.0764e-01 -1.2478e+00 -2.0433e+00 -1.9742e+00
3 0 +3.946520451e+06 +3.946465511e+06 +3.946465511e+06 +6.4662e-01 -4.9201e+00 -3.4531e+00 -4.3594e+00 +4.5512e+00 +4.5751e+00 -4.5115e+00 -2.1490e+00 +4.7761e+00 -2.3376e+00
25 0 +2.093323585e+06 +2.093268645e+06 +2.093268645e+06 +1.1922e+00 +3.2084e+00 +3.3819e+00 -3.1253e+00 +1.9280e+00 +3.1040e+00 -4.1001e-01 +1.7448e+00 -3.5381e+00 +2.7798e+00
55 0 +1.264732696e+06 +1.264677756e+06 +1.264677756e+06 +7.8180e-01 +1.8562e+00 -2.9023e-01 -1.5944e+00 +1.8479e+00 +4.4941e+00 -2.1115e+00 +3.7095e+00 +5.7190e-01 +8.6228e-01
101 0 +1.218685447e+06 +1.218630507e+06 +1.218630507e+06 +8.6989e-01 +2.0410e+00 -3.4112e-01 -1.7085e+00 +1.9833e+00 +4.6191e+00 -2.0592e+00 +3.8564e+00 +4.8968e-01 +8.4517e-01
102 0 +1.094797308e+06 +1.094742368e+06 +1.094742368e+06 +2.1820e+00 +5.9164e-01 +3.0810e+00 -4.9967e+00 +2.8565e+00 +3.3910e+00 -1.4785e+00 +1.1556e+00 -2.9961e+00 +3.3786e+00
103 0 +1.017937644e+06 +1.017882704e+06 +1.017882704e+06 -3.2223e-01 +5.0000e+00 +5.0000e+00 -4.8923e+00 +4.7758e+00 +5.0000e+00 +2.1363e+00 +4.5870e+00 -5.0000e+00 +4.7375e+00
146 0 +9.893319176e+05 +9.892769776e+05 +9.892769776e+05 +1.5275e+00 +3.3831e-01 +6.9367e-01 +9.5375e-01 +9.0814e-01 +3.0365e+00 -2.7144e+00 +1.9614e+00 -6.8463e-01 -5.4706e-01
168 0 +9.665375637e+05 +9.664826237e+05 +9.664826237e+05 +1.4523e+00 +3.2024e-01 +5.2674e-01 +8.0481e-01 +1.1089e+00 +2.7700e+00 -2.6768e+00 +1.8882e+00 -6.4807e-01 -4.4272e-01
203 0 +8.877814940e+05 +8.877265540e+05 +8.877265540e+05 +1.3918e+00 +4.4945e-01 +7.3576e-01 +1.0325e+00 +9.8038e-01 +3.1895e+00 -2.7533e+00 +2.1133e+00 -7.6707e-01 -4.5049e-01
207 0 +8.407421770e+05 +8.406872370e+05 +8.406872370e+05 +1.7404e+00 +3.8546e-01 +7.5351e-01 +1.2793e+00 +9.9146e-01 +3.5581e+00 -2.7572e+00 +2.2601e+00 -7.2492e-01 -5.3140e-01
519 0 +7.929375739e+05 +7.928826339e+05 +7.928826339e+05 +1.0086e+00 +9.8030e-01 +4.6036e-01 -5.2798e-01 +1.6007e+00 +3.5775e+00 -2.2942e+00 +2.9019e+00 -1.9219e-01 +9.1108e-01
601 0 +6.640897436e+05 +6.640348036e+05 +6.640348036e+05 +2.1896e-01 +1.6116e+00 +4.5213e-01 -1.8929e+00 +2.3376e+00 +4.6207e+00 -1.8330e+00 +3.8633e+00 +1.6224e-01 +2.1339e+00
701 0 +4.288058583e+05 +4.287509183e+05 +4.287509183e+05 +1.3450e-01 +1.5934e+00 +5.9397e-01 -2.0623e+00 +2.5275e+00 +4.7650e+00 -1.7595e+00 +4.0022e+00 +2.0479e-01 +2.3880e+00
801 0 +3.183947673e+05 +3.183398273e+05 +3.183398273e+05 -3.0202e-01 +1.8369e+00 +6.4929e-01 -3.1008e+00 +3.0986e+00 +5.0000e+00 -1.6092e+00 +4.7565e+00 +2.3194e-01 +3.3616e+00
1101 0 +1.813401488e+05 +1.812852088e+05 +1.812852088e+05 -1.6719e-01 +1.5458e+00 +7.8020e-01 -1.2375e+00 +1.9203e+00 +4.5935e+00 -2.8280e+00 +3.9572e+00 -2.8385e-01 +2.1097e+00
1909 0 +1.769884241e+05 +1.769334841e+05 +1.769334841e+05 -8.9191e-01 +1.6808e+00 +4.9706e-01 -9.0666e-01 +1.4492e+00 +4.8503e+00 -3.2927e+00 +4.1300e+00 -2.9676e-01 +1.4434e+00
2501 0 +1.694194466e+05 +1.693645066e+05 +1.693645066e+05 -3.7029e-01 +1.4115e+00 +1.1116e+00 -9.2589e-01 +1.7950e+00 +5.0000e+00 -2.6461e+00 +3.3639e+00 -2.6664e-01 +1.5633e+00
2519 0 +1.634122702e+05 +1.633573302e+05 +1.633573302e+05 +2.4412e-01 +1.4043e+00 +1.1528e+00 -1.2276e+00 +1.8131e+00 +4.8445e+00 -2.8660e+00 +3.6021e+00 +6.8450e-01 +1.7246e+00
2601 0 +1.499222547e+05 +1.498673147e+05 +1.498673147e+05 +2.2558e-01 +1.1295e+00 +1.1663e+00 -1.3566e+00 +1.8834e+00 +4.9994e+00 -2.8108e+00 +3.6068e+00 +9.2807e-01 +1.7822e+00
2702 0 +1.145607503e+05 +1.145058103e+05 +1.145058103e+05 -1.1697e+00 +1.4654e+00 +1.2347e+00 -1.1527e+00 +2.2784e+00 +4.9587e+00 -2.2039e+00 +3.4382e+00 -7.4743e-01 +1.6733e+00
3002 0 +1.012472520e+05 +1.011923120e+05 +1.011923120e+05 -1.7978e+00 +1.4717e+00 +1.3673e+00 -1.1903e+00 +2.5904e+00 +4.9506e+00 -1.9920e+00 +3.4549e+00 -1.0192e+00 +1.8951e+00
3004 0 +9.950063152e+04 +9.944569152e+04 +9.944569152e+04 -1.1847e+00 +1.1219e+00 +1.0860e+00 -9.0069e-01 +1.9956e+00 +4.5869e+00 -2.6004e+00 +2.9606e+00 -5.1329e-01 +1.4304e+00
3101 0 +7.015889346e+04 +7.010395346e+04 +7.010395346e+04 -1.9811e+00 +5.7320e-01 +1.0761e+00 -6.0458e-01 +1.8706e+00 +4.5815e+00 -2.8194e+00 +2.2665e+00 -1.2101e+00 +9.8371e-01
3301 0 +5.759920601e+04 +5.754426601e+04 +5.754426601e+04 -2.4689e+00 +2.3297e-01 +9.9902e-01 -3.7340e-01 +1.7879e+00 +4.5236e+00 -2.8680e+00 +1.7978e+00 -1.6795e+00 +7.5694e-01
3401 0 +4.591128826e+04 +4.585634826e+04 +4.585634826e+04 -2.8778e+00 -2.4253e-02 +9.9445e-01 -1.7389e-01 +1.7591e+00 +4.5502e+00 -2.9352e+00 +1.5014e+00 -2.0163e+00 +6.7859e-01
3501 0 +3.104213445e+04 +3.098719445e+04 +3.098719445e+04 -3.3267e+00 -3.0992e-01 +1.0435e+00 +6.0743e-02 +2.0128e+00 +4.5487e+00 -2.7735e+00 +9.2592e-01 -2.2813e+00 +3.3363e-01
3912 0 +2.302038620e+04 +2.296544620e+04 +2.296544620e+04 -3.0685e+00 -4.7653e-01 +5.0217e-01 +3.1748e-01 +1.8726e+00 +4.9656e+00 -2.9861e+00 +9.4332e-01 -1.6786e+00 -3.3814e-02
4001 0 +1.773624966e+04 +1.768130966e+04 +1.768130966e+04 -3.4749e+00 -7.5858e-01 +3.2028e-01 +5.5108e-01 +1.8609e+00 +5.0000e+00 -3.0943e+00 +6.5632e-01 -2.0877e+00 -2.5656e-01
4308 0 +1.320811872e+04 +1.315317872e+04 +1.315317872e+04 -3.7752e+00 -1.0064e+00 +3.8523e-01 +8.3370e-01 +1.8830e+00 +4.8912e+00 -3.0898e+00 +1.1786e-02 -2.2771e+00 -4.6300e-01
4402 0 +1.042743066e+04 +1.037249066e+04 +1.037249066e+04 -4.0006e+00 -1.1155e+00 +5.9193e-01 +9.8640e-01 +2.2492e+00 +4.4730e+00 -2.6382e+00 -4.4251e-01 -2.2820e+00 -9.8130e-01
4502 0 +9.241833229e+03 +9.186893229e+03 +9.186893229e+03 -3.9313e+00 -1.1699e+00 +4.0540e-01 +9.4018e-01 +1.8694e+00 +4.7352e+00 -3.0660e+00 -1.4273e-01 -2.4293e+00 -5.6354e-01
4702 0 +7.345112702e+03 +7.290172702e+03 +7.290172702e+03 -4.0514e+00 -1.2305e+00 +3.6479e-01 +9.7836e-01 +1.7310e+00 +4.7698e+00 -3.0960e+00 -2.2416e-01 -2.5041e+00 -6.6779e-01
6023 0 +7.152793953e+03 +7.097853953e+03 +7.097853953e+03 -3.6054e+00 -6.6946e-01 +2.1750e-01 +7.5560e-01 +2.6387e+00 +4.3671e+00 -2.6327e+00 +1.1952e-01 -2.2006e+00 -4.2376e-01
6202 0 +6.012400751e+03 +5.957460751e+03 +5.957460751e+03 -3.8671e+00 -1.6282e+00 +9.7075e-01 +1.2713e+00 +2.1387e+00 +4.4209e+00 -2.3797e+00 -1.3357e+00 -2.9624e+00 -1.2104e+00
8123 0 +5.182644435e+03 +5.127704435e+03 +5.127704435e+03 -4.0369e+00 -1.2614e+00 +3.7703e-01 +1.2788e+00 +2.2404e+00 +4.4634e+00 -2.6814e+00 -4.9058e-01 -2.3191e+00 -1.1823e+00
8302 0 +3.826494685e+03 +3.771554685e+03 +3.771554685e+03 -4.0233e+00 -1.1999e+00 +3.7533e-01 +1.2542e+00 +2.2129e+00 +4.3568e+00 -2.8451e+00 -5.4403e-01 -2.2581e+00 -1.1247e+00
% f evaluations | g evaluations | best noise-free fitness - Fopt (5.913000000000e+01) + sum g_i+ | measured fitness | best measured fitness or single-digit g-values | x1 | x2...
1 0 +9.207554862e+07 +9.207560775e+07 +9.207560775e+07 -2.3714e+00 -3.5853e+00 -7.7608e-01 -3.0855e+00 -8.4698e-01 -1.5472e+00 -3.6276e+00 -4.0451e+00 -4.5989e+00 -4.9760e+00
2 0 +6.250184281e+07 +6.250190194e+07 +6.250190194e+07 -3.0030e+00 -2.1585e+00 +2.9929e+00 -2.1749e+00 +3.3664e+00 +5.3328e-01 -1.4847e+00 -4.8774e+00 +2.7939e+00 +3.8886e+00
3 0 +1.127068255e+07 +1.127074168e+07 +1.127074168e+07 -4.7089e+00 +4.0038e+00 -4.4305e-01 +1.7897e+00 +4.6263e+00 -1.6093e+00 -4.6476e+00 -1.7998e+00 -3.0729e+00 +4.2387e+00
5 0 +1.022825759e+07 +1.022831672e+07 +1.022831672e+07 +9.1526e-01 +4.6531e+00 +4.6064e+00 +1.7932e+00 +9.1069e-01 -2.0484e+00 +4.6803e+00 +1.3247e+00 -2.2515e-01 +1.7529e+00
13 0 +1.621791601e+06 +1.621850731e+06 +1.621850731e+06 +1.5280e+00 +3.4454e+00 -4.4028e+00 -3.4891e+00 -3.6417e+00 -1.4910e+00 +4.5561e+00 -3.3412e+00 +2.3198e+00 +1.0133e+00
15 0 +1.047187457e+06 +1.047246587e+06 +1.047246587e+06 +1.5758e+00 -1.0011e+00 +4.7827e+00 +4.1754e+00 -2.6899e+00 +2.6574e+00 +2.6605e+00 -7.5463e-01 -3.0346e+00 +4.6340e+00
203 0 +5.468158783e+05 +5.468750083e+05 +5.468750083e+05 -5.0000e+00 +9.3639e-01 -3.2726e+00 +1.8677e+00 -3.2304e+00 -3.9546e+00 +1.5098e-01 +5.0000e+00 -2.5309e-01 -1.2586e-02
401 0 +4.859271419e+05 +4.859862719e+05 +4.859862719e+05 -1.2627e+00 -4.2992e-01 -8.4512e-01 +2.6381e+00 -3.4125e+00 -1.5633e+00 +6.0341e-01 +3.2176e+00 -5.4008e-01 +1.6876e+00
601 0 +3.752458270e+05 +3.753049570e+05 +3.753049570e+05 -3.7373e+00 +2.4269e-01 -2.2269e+00 +1.5112e+00 -3.9252e+00 -4.2132e+00 -1.8633e+00 +4.9262e+00 +7.2758e-01 +5.9844e-01
703 0 +3.557828604e+05 +3.558419904e+05 +3.558419904e+05 -4.2563e+00 +2.7575e-01 -3.3611e+00 +1.6136e+00 -4.9930e+00 -5.0000e+00 -1.7064e+00 +5.0000e+00 +1.3260e+00 +6.1901e-01
902 0 +3.509336986e+05 +3.509928286e+05 +3.509928286e+05 -4.4187e+00 +5.5275e-01 -3.6428e+00 +1.6261e+00 -4.8924e+00 -5.0000e+00 -1.8445e+00 +5.0000e+00 +1.3909e+00 +4.9554e-01
1002 0 +2.960296237e+05 +2.960887537e+05 +2.960887537e+05 -4.9002e+00 +6.6908e-01 -4.0867e+00 +1.6307e+00 -5.0000e+00 -4.9381e+00 -2.0716e+00 +4.9428e+00 +1.6461e+00 +3.9107e-01
1301 0 +2.948580033e+05 +2.949171333e+05 +2.949171333e+05 -4.9447e+00 +6.4661e-01 -2.9519e+00 +3.5848e+00 -3.4347e+00 -2.8137e+00 +5.5661e-01 +3.7239e+00 -1.2670e+00 +2.8956e-01
1306 0 +2.712105313e+05 +2.712696613e+05 +2.712696613e+05 -2.9869e+00 +3.0985e-01 -1.6270e+00 +2.5198e+00 -3.3152e+00 -2.4797e+00 +2.6189e-01 +2.9307e+00 -3.5116e-01 +1.4241e+00
1401 0 +2.481046776e+05 +2.481638076e+05 +2.481638076e+05 -2.8645e+00 +3.5122e-01 -1.5315e+00 +2.7095e+00 -3.3687e+00 -2.4989e+00 +3.9324e-01 +2.7486e+00 -3.2751e-01 +1.6964e+00
1606 0 +2.154147694e+05 +2.154738994e+05 +2.154738994e+05 -2.4557e+00 +2.2939e-02 -1.7370e+00 +2.2409e+00 -3.3300e+00 -2.7713e+00 -3.4483e-01 +3.0200e+00 -2.5734e-01 +1.7115e+00
1802 0 +1.892716690e+05 +1.893307990e+05 +1.893307990e+05 -2.5616e+00 +1.3038e-01 -1.7781e+00 +1.9181e+00 -3.3355e+00 -2.9504e+00 -4.6336e-01 +2.8826e+00 -5.7144e-01 +2.4955e+00
2003 0 +1.619613160e+05 +1.620204460e+05 +1.620204460e+05 -3.6722e+00 +1.0499e+00 -2.0641e+00 +2.0870e+00 -3.9283e+00 -1.5424e+00 -1.4000e+00 +3.3782e+00 +1.0490e+00 +2.2194e+00
2101 0 +1.036366408e+05 +1.036957708e+05 +1.036957708e+05 -4.2939e+00 +1.5392e+00 -2.2178e+00 +2.0402e+00 -4.2687e+00 -1.0931e+00 -2.0209e+00 +3.5934e+00 +1.5254e+00 +2.5985e+00
2302 0 +8.968917442e+04 +8.974830442e+04 +8.974830442e+04 -2.0675e+00 -2.4954e-01 -1.7174e+00 +2.2242e+00 -2.8765e+00 -2.9254e+00 -7.5626e-01 +2.4694e+00 -8.3549e-01 +2.9424e+00
2403 0 +7.413492608e+04 +7.419405608e+04 +7.419405608e+04 -3.6837e+00 +1.3727e+00 -1.5754e+00 +1.9104e+00 -4.6322e+00 -2.0097e+00 -1.7445e+00 +3.2705e+00 +2.1742e-01 +2.1063e+00
2501 0 +5.948220075e+04 +5.954133075e+04 +5.954133075e+04 -4.1959e+00 +1.5681e+00 -1.4323e+00 +2.0844e+00 -4.9773e+00 -2.3822e+00 -2.4553e+00 +3.5395e+00 +2.4537e-02 +2.0654e+00
3002 0 +5.650347914e+04 +5.656260914e+04 +5.656260914e+04 -3.1940e+00 +4.0319e-01 -1.8086e+00 +1.9943e+00 -3.4200e+00 -3.8441e+00 -2.7839e-01 +1.6839e+00 -1.6869e-01 +2.5270e+00
3101 0 +4.389629834e+04 +4.395542834e+04 +4.395542834e+04 -3.1742e+00 +1.5317e-01 -1.8298e+00 +1.9363e+00 -3.5291e+00 -4.9654e+00 +1.0997e-01 +1.0301e+00 -3.5891e-01 +2.7045e+00
3502 0 +3.379899372e+04 +3.385812372e+04 +3.385812372e+04 -3.2415e+00 +2.3890e-01 -1.7883e+00 +2.0519e+00 -3.6757e+00 -4.1541e+00 -1.3695e-01 +1.0920e+00 -2.2837e-01 +3.0825e+00
3702 0 +3.063374072e+04 +3.069287072e+04 +3.069287072e+04 -3.4375e+00 +2.7937e-01 -1.6981e+00 +2.0921e+00 -3.5056e+00 -4.3812e+00 -1.0178e-02 +5.6985e-01 -2.3795e-01 +3.3435e+00
4303 0 +2.529102840e+04 +2.535015840e+04 +2.535015840e+04 -2.0975e+00 +6.1952e-01 -5.0302e-01 +1.7826e+00 -3.8497e+00 -2.7416e+00 -1.2781e+00 +1.5579e+00 -7.4308e-01 +3.4891e+00
4402 0 +1.958457241e+04 +1.964370241e+04 +1.964370241e+04 -3.2076e+00 +8.8499e-01 -2.4618e+00 +1.9112e+00 -3.5540e+00 -2.2284e+00 -1.0267e+00 +1.8478e+00 -4.7894e-01 +2.7176e+00
4601 0 +1.712598309e+04 +1.718511309e+04 +1.718511309e+04 -3.2876e+00 +8.7821e-01 -2.5022e+00 +1.8644e+00 -3.6334e+00 -2.2288e+00 -1.0328e+00 +1.8512e+00 -5.2735e-01 +2.7239e+00
4701 0 +1.371720045e+04 +1.377633045e+04 +1.377633045e+04 -3.5692e+00 +9.7019e-01 -2.7852e+00 +1.9736e+00 -3.8644e+00 -2.1787e+00 -1.2165e+00 +2.0119e+00 -4.9680e-01 +2.7163e+00
5707 0 +1.125284113e+04 +1.131197113e+04 +1.131197113e+04 -3.0405e+00 +7.3910e-01 -2.2358e+00 +2.2060e+00 -3.8688e+00 -2.3123e+00 -1.2123e+00 +1.8051e+00 -8.2666e-01 +2.7379e+00
6202 0 +1.071671412e+04 +1.077584412e+04 +1.077584412e+04 -3.4175e+00 +7.8607e-01 -1.9374e+00 +1.9530e+00 -3.7566e+00 -2.5037e+00 -1.1279e+00 +1.8870e+00 -6.8049e-01 +2.9923e+00
6502 0 +1.041839955e+04 +1.047752955e+04 +1.047752955e+04 -3.2723e+00 +7.1550e-01 -1.9325e+00 +1.9489e+00 -3.7675e+00 -2.6555e+00 -1.2097e+00 +1.8920e+00 -7.3974e-01 +2.9726e+00
7509 0 +8.953044715e+03 +9.012174715e+03 +9.012174715e+03 -3.2449e+00 +6.9432e-01 -3.0272e+00 +2.4498e+00 -4.2054e+00 -2.4277e+00 -1.8281e+00 +2.6505e+00 -2.1236e+00 +1.5221e+00
7901 0 +8.855469308e+03 +8.914599308e+03 +8.914599308e+03 -3.2660e+00 +6.9279e-01 -2.9834e+00 +2.2356e+00 -3.0559e+00 -1.3554e+00 -2.1410e+00 +3.7767e+00 -2.4992e+00 +1.5831e+00
7902 0 +7.677463478e+03 +7.736593478e+03 +7.736593478e+03 -2.8706e+00 +7.6616e-01 -2.2590e+00 +2.0434e+00 -3.6819e+00 -1.7564e+00 -1.5052e+00 +2.4228e+00 -1.4143e+00 +2.4817e+00
8604 0 +7.272366826e+03 +7.331496826e+03 +7.331496826e+03 -3.4023e+00 +7.5921e-01 -2.1793e+00 +1.9277e+00 -3.3582e+00 -2.0005e+00 -1.3977e+00 +2.3020e+00 -1.0132e+00 +2.9454e+00
% f evaluations | g evaluations | best noise-free fitness - Fopt (-4.915300000000e+02) + sum g_i+ | measured fitness | best measured fitness or single-digit g-values | x1 | x2...
1 0 +3.699606225e+06 +3.699114695e+06 +3.699114695e+06 +3.0650e-01 -1.7975e+00 -2.4550e+00 -3.9909e+00 +5.0080e-01 +3.0813e-01 -2.9767e+00 -6.9158e-01 -4.4663e+00 -1.9589e+00
10 0 +1.016245113e+06 +1.015753583e+06 +1.015753583e+06 +2.9295e+00 +1.7055e+00 -2.6423e+00 -3.6915e+00 +3.5619e+00 -3.7230e+00 -4.7024e-01 +2.3036e+00 +5.1994e-01 +4.8252e+00
32 0 +8.430839404e+05 +8.425924104e+05 +8.425924104e+05 -7.0253e-01 -3.1888e+00 +1.3432e+00 +3.8698e+00 +4.9645e+00 -3.9065e+00 +4.3441e-01 -3.3133e+00 -2.7445e+00 -1.3573e+00
34 0 +6.042509028e+05 +6.037593728e+05 +6.037593728e+05 +1.2185e+00 -3.4747e+00 -1.4258e-01 -2.1691e+00 +1.0462e+00 +1.9061e+00 -2.8627e+00 -1.1707e+00 -2.7857e+00 +2.9481e+00
225 0 +3.328653912e+05 +3.323738612e+05 +3.323738612e+05 +4.0822e+00 +4.7529e+00 -7.9858e-01 -5.0000e+00 +1.0039e+00 -3.8252e+00 +2.4581e+00 +4.8468e+00 +8.6486e-01 -7.0368e-01
501 0 +2.511707630e+05 +2.506792330e+05 +2.506792330e+05 +2.5378e+00 +1.3749e+00 -7.8104e-01 -3.3260e+00 +1.0832e+00 -1.8180e+00 +1.2625e-01 +2.3172e+00 +6.8952e-01 -3.8894e-01
601 0 +1.743396618e+05 +1.738481318e+05 +1.738481318e+05 +3.8683e+00 +1.2458e+00 -1.3412e+00 -1.6018e+00 +1.7031e+00 -1.6764e+00 -9.8446e-01 +1.8272e+00 +1.1038e+00 -4.3350e-01
603 0 +1.715892670e+05 +1.710977370e+05 +1.710977370e+05 +3.0170e+00 +2.1306e+00 -9.6161e-01 -2.9467e+00 +5.3363e-01 -2.2541e+00 +6.7268e-01 +2.1442e+00 +5.5542e-01 -1.0140e+00
702 0 +1.407818750e+05 +1.402903450e+05 +1.402903450e+05 +5.0000e+00 +1.3011e+00 -2.2356e+00 -1.2423e+00 +2.5292e+00 -1.7728e+00 -1.7800e+00 +1.5362e+00 +1.5608e+00 -3.3298e-01
1001 0 +1.034345704e+05 +1.029430404e+05 +1.029430404e+05 +4.3051e+00 +8.1049e-01 -2.2690e+00 -7.3294e-01 +2.2394e+00 -1.7961e+00 -2.3684e+00 +1.6359e+00 +2.0167e+00 +8.5152e-02
1202 0 +9.952365767e+04 +9.903212767e+04 +9.903212767e+04 +2.8888e+00 +9.8722e-01 -9.2522e-01 -1.9184e+00 +6.9470e-01 -2.2714e+00 -5.0663e-01 +1.9411e+00 +8.8263e-01 -3.5121e-01
1203 0 +9.520942288e+04 +9.471789288e+04 +9.471789288e+04 +3.4263e+00 +6.0966e-01 -1.5777e+00 -1.1338e+00 +1.5636e+00 -1.9826e+00 -1.5232e+00 +1.7997e+00 +1.5112e+00 -1.0856e-01
1215 0 +9.003888676e+04 +8.954735676e+04 +8.954735676e+04 +4.6642e+00 +3.6465e-01 -2.1396e+00 -1.4321e+00 +2.6393e+00 -1.4463e+00 -2.0550e+00 +1.4132e+00 +1.1172e+00 +3.3688e-01
1219 0 +8.908717544e+04 +8.859564544e+04 +8.859564544e+04 +4.4630e+00 +6.2070e-01 -2.1861e+00 -9.2131e-01 +2.3013e+00 -1.9370e+00 -1.8287e+00 +1.5179e+00 +1.9706e+00 +2.7994e-03
1303 0 +6.528111548e+04 +6.478958548e+04 +6.478958548e+04 +3.9472e+00 -1.2269e-01 -1.8255e+00 -4.4104e-01 +1.9487e+00 -2.1143e+00 -2.2820e+00 +1.7903e+00 +2.1610e+00 +1.0224e-01
1701 0 +5.546655895e+04 +5.497502895e+04 +5.497502895e+04 +4.3090e+00 -7.6670e-01 -2.4548e-01 -1.0677e+00 +1.1988e+00 -1.9038e+00 -1.2178e+00 +1.0910e+00 +4.4250e-01 +8.0437e-01
1802 0 +3.988561083e+04 +3.939408083e+04 +3.939408083e+04 +4.5137e+00 -1.2549e+00 -1.7118e+00 -1.6582e-01 +2.1410e+00 -1.3315e+00 -2.9088e+00 +1.2165e+00 +1.3912e+00 +1.0264e+00
2001 0 +3.517145070e+04 +3.467992070e+04 +3.467992070e+04 +5.0000e+00 -2.0564e+00 -2.0280e+00 +2.5134e-01 +2.5518e+00 -1.0539e+00 -3.8446e+00 +1.1667e+00 +1.5868e+00 +1.5679e+00
2102 0 +3.330970963e+04 +3.281817963e+04 +3.281817963e+04 +3.3154e+00 -3.6783e-01 -1.5313e+00 -1.0783e+00 +1.5897e+00 -2.2695e+00 -1.5101e+00 +1.6036e+00 +1.1927e+00 +3.3112e-01
2201 0 +2.938371001e+04 +2.889218001e+04 +2.889218001e+04 +3.0432e+00 -5.2646e-02 -1.6847e+00 -1.6238e+00 +1.4423e+00 -2.9120e+00 -9.0651e-01 +1.9739e+00 +1.2027e+00 +7.9263e-02
2203 0 +2.496395577e+04 +2.447242577e+04 +2.447242577e+04 +4.3820e+00 -7.8290e-01 -1.6880e+00 -5.2966e-01 +1.6106e+00 -1.8672e+00 -2.6008e+00 +1.7213e+00 +1.4801e+00 +8.3848e-01
2307 0 +2.036867057e+04 +1.987714057e+04 +1.987714057e+04 +4.1496e+00 -1.8723e+00 -6.8689e-01 +7.7071e-02 +1.2635e+00 -1.5981e+00 -2.8151e+00 +8.5589e-01 +4.0561e-01 +1.5988e+00
2573 0 +1.904088095e+04 +1.854935095e+04 +1.854935095e+04 +4.3465e+00 -1.2949e+00 -1.7463e+00 -1.7116e-01 +1.8339e+00 -1.5712e+00 -3.1805e+00 +1.3148e+00 +1.3294e+00 +1.3032e+00
4801 0 +1.837837637e+04 +1.788684637e+04 +1.788684637e+04 +3.8434e+00 -9.8463e-01 -9.5534e-01 -3.5037e-01 +1.1946e+00 -2.1093e+00 -2.2690e+00 +1.3691e+00 +1.0103e+00 +1.1223e+00
6406 0 +1.516761385e+04 +1.467608385e+04 +1.467608385e+04 +3.1421e+00 -7.7625e-01 -1.0842e+00 -5.2531e-01 +1.3380e+00 -2.8224e+00 -2.1731e+00 +2.0174e+00 +1.9186e+00 +1.5429e+00
7009 0 +1.484944550e+04 +1.435791550e+04 +1.435791550e+04 +3.7458e+00 -8.0391e-01 -1.2550e+00 -2.0745e-01 +1.0985e+00 -2.1828e+00 -2.4951e+00 +1.6966e+00 +9.4098e-01 +1.3657e+00
7820 0 +1.322339016e+04 +1.273186016e+04 +1.273186016e+04 +3.7840e+00 -1.0297e+00 -2.0764e+00 +1.2195e-01 +1.3343e+00 -2.0167e+00 -3.2697e+00 +1.6075e+00 +4.0626e-01 +1.6103e+00
8106 0 +1.273415130e+04 +1.224262130e+04 +1.224262130e+04 +3.5146e+00 -1.0543e+00 -1.7489e+00 +1.0380e-01 +8.5408e-01 -1.8974e+00 -2.9493e+00 +1.4850e+00 +5.9900e-01 +1.0230e+00
8407 0 +1.099559529e+04 +1.050406529e+04 +1.050406529e+04 +3.8555e+00 -1.0827e+00 -2.2044e+00 +4.3247e-01 +9.1063e-01 -2.0523e+00 -3.4395e+00 +1.7866e+00 +3.4731e-01 +1.4358e+00
8701 0 +8.826496100e+03 +8.334966100e+03 +8.334966100e+03 +3.1606e+00 -1.3156e+00 -1.7330e+00 +1.8467e-02 +1.0683e+00 -2.2258e+00 -2.5729e+00 +1.4938e+00 +4.2774e-01 +9.5088e-01
9106 0 +8.525547598e+03 +8.034017598e+03 +8.034017598e+03 +2.5304e+00 -1.5090e+00 -1.5328e+00 -1.9624e-01 +1.1534e+00 -2.2240e+00 -2.5135e+00 +1.3562e+00 +2.6278e-01 +1.3284e+00
9301 0 +7.848878105e+03 +7.357348105e+03 +7.357348105e+03 +2.8903e+00 -1.3457e+00 -1.0186e+00 +3.3068e-01 +1.4259e-01 -2.5026e+00 -2.6207e+00 +1.5600e+00 +8.9030e-01 +9.1317e-01
9502 0 +7.430917627e+03 +6.939387627e+03 +6.939387627e+03 +3.0729e+00 -1.4781e+00 -9.4057e-01 +4.8669e-01 -7.6713e-02 -2.6822e+00 -2.7314e+00 +1.6874e+00 +1.0003e+00 +1.0305e+00
% f evaluations | g evaluations | best noise-free fitness - Fopt (-1.702000000000e+02) + sum g_i+ | measured fitness | best measured fitness or single-digit g-values | x1 | x2...
1 0 +1.231958270e+07 +1.231941250e+07 +1.231941250e+07 -2.8183e+00 +4.1003e+00 +1.5705e+00 +4.6134e+00 +1.2840e+00 -3.3491e+00 +3.4436e-01 +2.0512e+00 -4.8126e+00 -3.4109e+00
2 0 +6.195159116e+05 +6.193457116e+05 +6.193457116e+05 +3.2539e+00 -2.7574e+00 +4.8539e-01 -1.0427e+00 +2.7296e+00 +3.9797e+00 +2.1279e+00 +2.2840e+00 -3.8212e+00 -4.1025e-01
302 0 +3.695238607e+05 +3.693536607e+05 +3.693536607e+05 +4.7423e+00 -4.8500e+00 -4.8545e+00 -4.8354e+00 +4.8750e+00 +3.5522e+00 +2.1499e+00 +2.2049e+00 -5.0000e+00 +4.4893e+00
705 0 +3.216003411e+05 +3.214301411e+05 +3.214301411e+05 +3.4928e+00 -8.3118e-01 +1.4480e+00 +1.1580e+00 +2.1591e+00 +3.6158e+00 +1.1563e+00 +1.0228e+00 -1.4482e+00 -8.4440e-02
801 0 +2.551908800e+05 +2.550206800e+05 +2.550206800e+05 +3.6692e+00 -7.6678e-01 +1.7479e+00 +1.4013e+00 +2.0887e+00 +3.9139e+00 +1.3141e+00 +8.6838e-01 -1.4226e+00 -2.8768e-01
901 0 +1.868979778e+05 +1.867277778e+05 +1.867277778e+05 +3.8683e+00 -6.9986e-01 +2.5006e+00 +2.3206e+00 +2.0832e+00 +4.7044e+00 +1.5186e+00 +5.7468e-01 -1.2074e+00 -6.1872e-01
1001 0 +1.753537668e+05 +1.751835668e+05 +1.751835668e+05 +3.8774e+00 -6.9214e-01 +2.6147e+00 +2.4752e+00 +1.9628e+00 +4.7417e+00 +1.6085e+00 +5.2640e-01 -1.1798e+00 -7.4748e-01
1002 0 +1.597819401e+05 +1.596117401e+05 +1.596117401e+05 +2.8347e+00 -9.1683e-01 +9.1817e-01 +1.4558e+00 +3.3521e+00 +3.8087e+00 +8.0619e-01 +1.2979e+00 -1.5250e+00 -1.4821e-01
1203 0 +1.349586919e+05 +1.347884919e+05 +1.347884919e+05 +3.0650e+00 -1.2002e+00 +2.1801e-01 +9.0938e-01 +3.0764e+00 +3.6720e+00 +9.9679e-01 +1.1978e+00 -1.8395e+00 +2.9939e-01
1301 0 +1.179589917e+05 +1.177887917e+05 +1.177887917e+05 +3.0964e+00 -1.3570e+00 +1.4034e-01 +9.7461e-01 +3.2186e+00 +3.6666e+00 +9.4321e-01 +1.4076e+00 -2.0241e+00 +3.7565e-01
1402 0 +9.782524220e+04 +9.765504220e+04 +9.765504220e+04 +3.0557e+00 -1.1179e+00 +2.0089e-01 +1.6562e+00 +3.5572e+00 +3.1475e+00 +1.4576e+00 +9.1256e-01 -2.0186e+00 -4.0078e-01
1901 0 +6.630191187e+04 +6.613171187e+04 +6.613171187e+04 +3.6068e+00 -6.8346e-01 -3.4985e-01 +2.6280e+00 +2.4427e+00 +3.8619e+00 +2.2469e+00 -2.2541e-01 +7.4038e-01 +4.1178e-01
2001 0 +5.264859426e+04 +5.247839426e+04 +5.247839426e+04 +4.1845e+00 -5.0914e-01 -1.6892e-01 +3.2069e+00 +2.1423e+00 +4.2540e+00 +2.5988e+00 -8.2959e-01 +1.4622e+00 +4.0492e-01
4003 0 +3.529251182e+04 +3.512231182e+04 +3.512231182e+04 +2.5468e+00 -1.4292e+00 +9.0287e-01 +3.0102e+00 +2.9074e+00 +3.2234e+00 +1.3091e+00 -4.0379e-01 +9.3513e-02 +9.3671e-01
4604 0 +3.191786587e+04 +3.174766587e+04 +3.174766587e+04 +2.4763e+00 -1.1725e+00 +5.0397e-01 +2.9998e+00 +2.8739e+00 +3.1441e+00 +1.1987e+00 +7.4382e-02 -4.3304e-01 +6.4569e-01
6002 0 +1.938700225e+04 +1.921680225e+04 +1.921680225e+04 +2.6992e+00 -2.0918e+00 +5.7212e-01 +3.3461e+00 +2.5575e+00 +2.6737e+00 +1.7199e+00 -2.6494e-01 -8.6985e-01 +1.2291e+00
% f evaluations | g evaluations | best noise-free fitness - Fopt (-4.697500000000e+02) + sum g_i+ | measured fitness | best measured fitness or single-digit g-values | x1 | x2...
1 0 +1.818464312e+07 +1.818417337e+07 +1.818417337e+07 -4.2019e+00 -2.4293e+00 -2.9843e+00 -4.0339e+00 -2.8791e+00 -1.1436e+00 +5.8592e-02 -3.1421e+00 +1.0512e+00 +9.6470e-02
3 0 +3.664890586e+06 +3.664420836e+06 +3.664420836e+06 +1.2103e+00 -1.9896e+00 -1.9831e+00 -1.7666e+00 +3.8394e+00 +2.3957e+00 -3.4408e+00 -3.0583e+00 +1.5621e+00 +3.8548e+00
4 0 +3.204592790e+06 +3.204123040e+06 +3.204123040e+06 -1.3698e+00 -4.5247e+00 -4.5602e+00 +2.2096e+00 +5.6031e-01 +2.4145e+00 -2.5532e+00 -2.2492e+00 -1.7505e+00 +2.9544e-01
7 0 +2.906493465e+06 +2.906023715e+06 +2.906023715e+06 +1.0929e+00 +5.5642e-01 +3.6301e+00 -1.9987e+00 -1.8918e-01 +1.3314e+00 -3.9870e+00 -5.6814e-01 -2.4793e+00 +1.3741e+00
9 0 +1.492191421e+06 +1.491721671e+06 +1.491721671e+06 -3.4835e-01 +6.3168e-01 +4.0885e+00 -3.6804e+00 +5.0604e-01 +2.6188e+00 -2.0952e+00 +1.3954e+00 -1.5494e+00 +2.5209e+00
31 0 +1.087128429e+06 +1.086658679e+06 +1.086658679e+06 -1.6097e-01 -1.6080e+00 +4.1313e+00 +2.1833e+00 +1.2863e+00 -3.3897e+00 -3.4474e-02 +1.2942e+00 +1.0614e+00 +3.7277e+00
38 0 +8.503426550e+05 +8.498729050e+05 +8.498729050e+05 +2.8289e+00 -4.0542e+00 -3.0716e+00 +3.7806e+00 -4.8568e-01 +3.9254e+00 -2.0806e-01 -1.4820e+00 -1.4211e+00 -3.4331e+00
41 0 +8.245166058e+05 +8.240468558e+05 +8.240468558e+05 -6.5085e-01 -4.2137e+00 +1.8677e+00 -2.3366e+00 +2.1444e-01 +1.1546e+00 -1.6446e+00 +3.1305e+00 -1.3365e+00 +7.9515e-01
103 0 +5.167503696e+05 +5.162806196e+05 +5.162806196e+05 +4.9069e+00 -3.1963e+00 +1.5743e+00 +1.3585e+00 -4.9602e+00 +1.6781e+00 +3.1247e+00 +2.1663e+00 +4.9299e+00 +3.0499e+00
202 0 +5.002280541e+05 +4.997583041e+05 +4.997583041e+05 -6.7829e-01 -2.5707e+00 +1.6773e+00 +5.2062e-01 -1.2681e-01 -1.1547e+00 -2.5018e+00 -6.3763e-02 -1.6437e+00 +9.4377e-01
228 0 +4.038856619e+05 +4.034159119e+05 +4.034159119e+05 +1.1655e+00 -1.8981e+00 +1.0893e+00 +3.9680e-01 -1.5130e+00 +3.2848e-02 -5.1896e-02 +5.9462e-01 +8.8072e-01 +1.3847e+00
230 0 +2.968678251e+05 +2.963980751e+05 +2.963980751e+05 +1.2654e+00 -2.2265e+00 +1.2244e+00 +5.8544e-01 -1.6135e+00 +2.6762e-02 -9.2158e-02 +9.2456e-01 +9.8995e-01 +1.3883e+00
301 0 +2.680900586e+05 +2.676203086e+05 +2.676203086e+05 +1.4225e+00 -2.5727e+00 +1.4177e+00 +6.6703e-01 -1.9523e+00 +2.6334e-02 -1.1300e-01 +1.1168e+00 +1.2783e+00 +1.5806e+00
402 0 +2.521585979e+05 +2.516888479e+05 +2.516888479e+05 +1.4939e+00 -2.4420e+00 +1.4806e+00 +8.3141e-01 -2.0093e+00 +2.1710e-01 +3.0985e-01 +5.8583e-01 +1.3937e+00 +1.6382e+00
501 0 +1.564662116e+05 +1.559964616e+05 +1.559964616e+05 +2.2251e+00 -2.6170e+00 +1.5793e+00 +1.1461e+00 -2.7501e+00 +5.8540e-01 +1.3655e+00 +5.1278e-01 +2.1863e+00 +1.9727e+00
801 0 +1.233800355e+05 +1.229102855e+05 +1.229102855e+05 -6.4481e-01 -3.4047e+00 -2.6461e-01 +2.3057e-01 +6.6649e-01 +3.0115e-01 -4.9377e+00 +1.5718e-01 -2.0870e+00 +1.8257e+00
1234 0 +1.186618933e+05 +1.181921433e+05 +1.181921433e+05 +1.2446e+00 -2.7183e+00 +9.2521e-01 +7.1481e-01 -1.5563e+00 +5.5326e-01 -8.5893e-01 +9.0782e-01 +5.5690e-01 +2.1212e+00
1257 0 +9.349117243e+04 +9.302142243e+04 +9.302142243e+04 +1.4019e+00 -2.7461e+00 +8.3951e-01 +7.2694e-01 -1.5827e+00 +5.8063e-01 -9.0474e-01 +8.3425e-01 +6.2680e-01 +2.0022e+00
1296 0 +9.308021432e+04 +9.261046432e+04 +9.261046432e+04 +1.3078e+00 -2.8217e+00 +1.0043e+00 +7.1848e-01 -1.5643e+00 +3.8176e-01 -8.9422e-01 +9.9026e-01 +5.5976e-01 +1.9712e+00
1305 0 +7.185846674e+04 +7.138871674e+04 +7.138871674e+04 +1.5608e+00 -3.0161e+00 +1.2208e+00 +6.6814e-01 -1.8858e+00 +6.7221e-01 -6.2404e-01 +1.5220e+00 +9.7718e-01 +2.4296e+00
1702 0 +5.253893697e+04 +5.206918697e+04 +5.206918697e+04 +1.0350e+00 -3.3772e+00 +7.8689e-01 +7.5891e-01 -1.2603e+00 +3.7982e-01 -1.5375e+00 +5.0381e-01 +5.8453e-01 +1.9340e+00
1802 0 +4.906618965e+04 +4.859643965e+04 +4.859643965e+04 +1.2342e+00 -3.4201e+00 +1.1226e+00 +6.9896e-01 -1.6909e+00 +6.8601e-01 -1.4317e+00 +1.6101e+00 +5.9755e-01 +2.7132e+00
1903 0 +4.314583345e+04 +4.267608345e+04 +4.267608345e+04 +1.4861e+00 -2.8615e+00 +1.1748e+00 +6.6334e-01 -1.0798e+00 +8.3569e-01 -8.7661e-01 +1.0422e+00 +8.0070e-01 +2.0671e+00
1905 0 +2.425866619e+04 +2.378891619e+04 +2.378891619e+04 +8.6838e-01 -3.9551e+00 +7.0185e-01 +3.7894e-01 -1.0222e+00 +2.9667e-01 -1.9786e+00 +7.7254e-01 +6.8490e-01 +1.9798e+00
2102 0 +2.120204879e+04 +2.073229879e+04 +2.073229879e+04 +8.2404e-01 -4.0297e+00 +5.1694e-01 +4.2098e-01 -9.0577e-01 +4.2164e-01 -2.1865e+00 +7.6491e-01 +6.2954e-01 +1.9830e+00
2302 0 +2.032670242e+04 +1.985695242e+04 +1.985695242e+04 +1.0844e+00 -3.6236e+00 +9.1114e-01 +4.9172e-01 -1.2046e+00 +5.2869e-01 -1.7127e+00 +1.3003e+00 +5.1838e-01 +2.2312e+00
2505 0 +1.993713935e+04 +1.946738935e+04 +1.946738935e+04 +1.3016e+00 -3.5361e+00 +5.3201e-01 +6.7329e-01 -1.0468e+00 +6.2779e-01 -1.7221e+00 +1.5200e+00 +5.3844e-01 +2.1694e+00
2609 0 +1.800255416e+04 +1.753280416e+04 +1.753280416e+04 +6.9368e-01 -3.9634e+00 +9.4028e-01 +7.9310e-01 -1.2530e+00 +1.7967e-01 -1.7980e+00 +1.3388e+00 +6.1720e-01 +2.5227e+00
2903 0 +1.704958915e+04 +1.657983915e+04 +1.657983915e+04 +4.7785e-01 -4.0262e+00 +1.0600e+00 +8.1463e-01 -1.2200e+00 +1.1322e-01 -1.8027e+00 +1.3636e+00 +5.3575e-01 +2.5078e+00
2994 0 +1.576369439e+04 +1.529394439e+04 +1.529394439e+04 +1.0182e+00 -3.7672e+00 +1.0937e+00 +4.6435e-01 -1.0556e+00 +5.0197e-01 -1.5662e+00 +1.5403e+00 +5.8460e-01 +2.2404e+00
3006 0 +1.479720329e+04 +1.432745329e+04 +1.432745329e+04 +1.0493e+00 -3.5992e+00 +1.2548e+00 +6.4887e-01 -1.0977e+00 +6.1219e-01 -1.2528e+00 +1.5768e+00 +6.8983e-01 +2.2791e+00
3027 0 +1.324481603e+04 +1.277506603e+04 +1.277506603e+04 +9.6933e-01 -3.7645e+00 +1.2144e+00 +5.6931e-01 -8.7928e-01 +6.5996e-01 -1.6205e+00 +1.6359e+00 +5.7917e-01 +2.3522e+00
3701 0 +7.212629229e+03 +6.742879229e+03 +6.742879229e+03 +2.1107e-01 -3.7594e+00 +1.6915e+00 +6.5139e-01 -6.3854e-01 +5.9969e-01 -1.5143e+00 +1.6146e+00 +5.0438e-01 +2.6936e+00
3801 0 +5.623446851e+03 +5.153696851e+03 +5.153696851e+03 +8.2486e-02 -3.7661e+00 +1.8268e+00 +7.0172e-01 -5.7605e-01 +6.7859e-01 -1.5743e+00 +1.6770e+00 +4.6032e-01 +2.8903e+00
5603 0 +5.159780143e+03 +4.690030143e+03 +4.690030143e+03 +4.0349e-01 -4.1700e+00 +1.4271e+00 +3.3354e-01 -5.6237e-01 +4.1205e-01 -1.8342e+00 +2.1928e+00 +5.7171e-01 +2.3048e+00
7716 0 +4.378830356e+03 +3.909080356e+03 +3.909080356e+03 +4.2462e-01 -3.9508e+00 +1.4003e+00 +3.3395e-01 -3.6941e-01 +9.3985e-01 -1.6860e+00 +2.1592e+00 +3.4828e-01 +2.2552e+00
% f evaluations | g evaluations | best noise-free fitness - Fopt (1.472000000000e+01) + sum g_i+ | measured fitness | best measured fitness or single-digit g-values | x1 | x2...
1 0 +3.774641410e+06 +3.774656130e+06 +3.774656130e+06 -4.9747e+00 +3.2708e+00 +7.0331e-01 +2.5275e+00 -7.6831e-01 -4.3448e+00 -7.8544e-02 +4.4677e+00 -4.8638e+00 +4.5008e+00
2 0 +3.177030259e+06 +3.177044979e+06 +3.177044979e+06 +1.7966e+00 -1.9174e+00 -1.1993e+00 +4.9808e+00 +3.9880e+00 +2.2697e+00 -2.6344e+00 -3.3679e+00 -1.2236e-01 +2.9286e+00
7 0 +2.807786142e+06 +2.807800862e+06 +2.807800862e+06 -4.3861e+00 +4.0364e+00 +3.1775e+00 -1.0807e+00 -1.5268e+00 -1.8966e-02 -2.4760e+00 +1.5740e+00 +3.6117e+00 -8.9079e-01
10 0 +1.284449589e+06 +1.284464309e+06 +1.284464309e+06 -3.5576e-01 +3.1861e+00 -3.0105e+00 +1.2361e+00 +2.5034e+00 +4.9945e+00 -2.8090e-01 -4.2685e+00 +1.8220e-01 -3.6338e+00
35 0 +5.822516978e+05 +5.822664178e+05 +5.822664178e+05 +4.3492e+00 +2.7519e+00 -2.3705e+00 +1.4965e+00 -1.9329e+00 +1.3971e+00 -5.6369e-02 +2.5505e+00 -4.4633e+00 -7.1542e-01
165 0 +5.183256762e+05 +5.183403962e+05 +5.183403962e+05 +2.7850e+00 +8.8880e-01 -1.9292e+00 +4.4462e-01 -1.6671e-01 +1.3514e+00 -5.8654e-01 +2.5338e-01 -2.9699e+00 +9.8153e-01
201 0 +3.827290398e+05 +3.827437598e+05 +3.827437598e+05 +2.8332e+00 +9.1407e-01 -2.1527e+00 +4.5726e-01 -1.7145e-01 +1.3231e+00 -7.6615e-01 +2.6557e-01 -3.1046e+00 +9.9882e-01
301 0 +3.552011224e+05 +3.552158424e+05 +3.552158424e+05 +2.8292e+00 +9.4482e-01 -2.3325e+00 +5.7116e-01 -1.8213e-01 +1.4085e+00 -9.8649e-01 +2.8381e-01 -3.3564e+00 +1.1236e+00
302 0 +3.251881780e+05 +3.252028980e+05 +3.252028980e+05 +3.3772e+00 +1.1745e+00 -2.0005e+00 +4.7984e-01 -3.3711e-01 +1.5329e+00 -7.3040e-01 +3.4704e-01 -3.2385e+00 +1.2919e+00
401 0 +2.904933648e+05 +2.905080848e+05 +2.905080848e+05 +3.4193e+00 +1.3915e+00 -2.0761e+00 +4.6413e-01 -5.4202e-01 +1.6015e+00 -7.6456e-01 +2.8506e-01 -3.3262e+00 +1.3404e+00
402 0 +2.282161263e+05 +2.282308463e+05 +2.282308463e+05 +2.9317e+00 +1.7814e+00 -2.0873e+00 +7.4581e-01 -2.4801e-01 +1.6666e+00 -7.5684e-01 +2.6148e-01 -3.1969e+00 +1.2001e+00
501 0 +2.067563590e+05 +2.067710790e+05 +2.067710790e+05 +3.2158e+00 +2.4184e+00 -2.3888e+00 +8.4522e-01 -1.6092e-01 +2.0538e+00 -9.0285e-01 +3.2267e-01 -3.5917e+00 +1.5691e+00
602 0 +1.543244927e+05 +1.543392127e+05 +1.543392127e+05 +2.8014e+00 +1.3157e+00 -1.9155e+00 +6.1463e-01 -1.6918e-01 +1.2843e+00 -8.6074e-01 +2.9120e-01 -2.8714e+00 +6.4512e-01
701 0 +8.593596010e+04 +8.595068010e+04 +8.595068010e+04 +3.1351e+00 +1.3134e+00 -2.1213e+00 +6.6021e-01 -2.9449e-01 +1.1087e+00 -1.0311e+00 +3.2625e-01 -2.9814e+00 +3.2467e-01
702 0 +8.432246616e+04 +8.433718616e+04 +8.433718616e+04 +3.2691e+00 +1.5967e+00 -1.9201e+00 +6.2735e-01 -3.6706e-02 +1.4832e+00 -7.6776e-01 +1.1061e-01 -3.3125e+00 +8.5187e-01
803 0 +7.068171075e+04 +7.069643075e+04 +7.069643075e+04 +3.2217e+00 +1.7737e+00 -2.3009e+00 +5.4869e-01 +2.5340e-01 +1.5705e+00 -7.6588e-01 +3.0299e-02 -3.4517e+00 +1.1075e+00
1001 0 +5.128044950e+04 +5.129516950e+04 +5.129516950e+04 +2.0096e+00 +2.1000e+00 -2.0432e+00 +5.6891e-01 -1.6562e+00 +1.7763e-01 -4.5774e-01 +4.3549e-01 -1.9066e+00 +6.7772e-01
1101 0 +4.133127395e+04 +4.134599395e+04 +4.134599395e+04 +1.9220e+00 +2.3105e+00 -1.9991e+00 +5.9625e-01 -1.8628e+00 +6.7393e-02 -4.4685e-01 +3.5901e-01 -1.8168e+00 +7.2559e-01
1304 0 +3.986767438e+04 +3.988239438e+04 +3.988239438e+04 +2.2751e+00 +1.9256e+00 -2.0771e+00 +4.9125e-01 -6.6896e-01 +8.3677e-01 -8.1685e-01 +3.7523e-01 -2.7067e+00 +8.0020e-01
1315 0 +3.828799733e+04 +3.830271733e+04 +3.830271733e+04 +2.2855e+00 +2.2569e+00 -2.2611e+00 +2.2429e-01 -8.4863e-01 +8.7035e-01 -4.0677e-01 +3.4616e-01 -2.7725e+00 +5.0959e-01
1402 0 +3.617824526e+04 +3.619296526e+04 +3.619296526e+04 +6.2017e-01 +2.3247e+00 -1.5945e+00 +6.1633e-01 -1.1115e+00 +2.8263e-01 -1.1541e+00 +7.2099e-01 -1.8221e+00 +3.0940e-01
1503 0 +3.100701803e+04 +3.102173803e+04 +3.102173803e+04 +2.6466e+00 +1.8471e+00 -2.2278e+00 +1.4196e-01 -3.2429e-01 +1.0476e+00 -6.1410e-01 -1.4041e-02 -2.8981e+00 +4.9881e-01
2109 0 +2.073523415e+04 +2.074995415e+04 +2.074995415e+04 +2.1583e+00 +1.9682e+00 -2.4816e+00 +4.0281e-01 -1.6612e-01 +5.6558e-01 -2.1119e-01 -2.8513e-01 -2.4352e+00 +1.8984e-02
2401 0 +1.620848099e+04 +1.622320099e+04 +1.622320099e+04 +2.6789e+00 +1.9163e+00 -3.0305e+00 +5.5575e-01 +1.5097e-01 +5.7657e-01 -5.9698e-02 -6.6971e-01 -2.9286e+00 -1.5985e-01
2601 0 +1.347673572e+04 +1.349145572e+04 +1.349145572e+04 -6.1493e-02 +3.3535e+00 -9.5322e-01 -5.7212e-01 -7.6791e-01 +1.3846e+00 -1.5154e+00 +7.9691e-01 -2.1205e+00 +1.2915e+00
2611 0 +9.205632352e+03 +9.220352352e+03 +9.220352352e+03 +1.7501e+00 +2.2030e+00 -1.1481e+00 +3.5882e-01 +1.0526e-01 +8.5895e-01 -7.7270e-01 -1.4410e-01 -3.2532e+00 -4.4257e-01
2908 0 +5.959658073e+03 +5.974378073e+03 +5.974378073e+03 +1.7092e+00 +2.3894e+00 -2.6959e+00 +1.0179e-01 -3.9744e-01 +5.9391e-01 -3.9116e-01 +6.6096e-01 -2.6650e+00 +2.5887e-01
5201 0 +5.076634508e+03 +5.091354508e+03 +5.091354508e+03 +1.0882e+00 +2.4777e+00 -1.7661e+00 +1.0549e-01 +3.0326e-02 +6.8002e-01 -7.2621e-01 +4.5588e-01 -3.0501e+00 -7.1510e-02
5804 0 +4.780005772e+03 +4.794725772e+03 +4.794725772e+03 +7.9684e-01 +2.5535e+00 -1.4925e+00 +1.4680e-01 +1.2772e-01 +8.3706e-01 -9.9414e-01 +3.5413e-01 -3.0043e+00 -2.8150e-02
6312 0 +4.538073390e+03 +4.552793390e+03 +4.552793390e+03 +1.2597e+00 +2.5658e+00 -1.3912e+00 +2.5088e-01 -8.8776e-02 +9.5728e-01 -9.1374e-01 +1.6587e-01 -2.8470e+00 +2.9796e-01
6409 0 +4.177725224e+03 +4.192445224e+03 +4.192445224e+03 +1.4914e+00 +2.7659e+00 -1.8516e+00 +2.1985e-02 -1.8929e-01 +1.1421e+00 -6.9430e-01 +3.5715e-01 -2.6060e+00 +6.6510e-01
7820 0 +3.718068064e+03 +3.732788064e+03 +3.732788064e+03 +1.1602e+00 +2.6059e+00 -1.4673e+00 +2.4700e-01 +9.6910e-02 +1.1239e+00 -8.6076e-01 +1.6426e-01 -2.7938e+00 +3.8911e-02
% f evaluations | g evaluations | best noise-free fitness - Fopt (-1.859400000000e+02) + sum g_i+ | measured fitness | best measured fitness or single-digit g-values | x1 | x2...
1 0 +2.494231139e+07 +2.494212545e+07 +2.494212545e+07 +3.5827e+00 +3.8800e+00 -4.1914e+00 +3.4092e+00 +1.3706e+00 +4.6825e+00 -4.2855e-01 +1.1187e+00 +1.4008e+00 +1.8534e-01
2 0 +1.014946237e+07 +1.014927643e+07 +1.014927643e+07 -4.3329e+00 -4.2435e+00 -4.9883e-01 +3.8243e+00 -1.8125e+00 +4.2745e+00 -3.5327e+00 +1.0120e+00 -3.5691e+00 +4.1040e+00
4 0 +6.580892871e+06 +6.580706931e+06 +6.580706931e+06 +4.0374e+00 +4.2353e+00 -3.1554e+00 +1.1601e+00 -3.4416e+00 +1.8209e+00 +4.0083e+00 -3.8539e+00 +4.7101e+00 +1.6858e+00
5 0 +5.231024282e+06 +5.230838342e+06 +5.230838342e+06 +1.3657e+00 -1.7715e+00 -2.2659e+00 -2.6483e+00 -4.5992e+00 +8.0305e-01 -4.8459e+00 +1.2597e+00 -1.5366e+00 -4.5537e-01
13 0 +2.187491503e+06 +2.187305563e+06 +2.187305563e+06 -2.0568e+00 -2.7468e+00 -2.5115e-01 -3.9954e+00 -3.8735e+00 -1.0316e+00 +1.0177e-01 +4.0824e+00 -1.2720e+00 +1.4209e-03
26 0 +1.488269935e+06 +1.488083995e+06 +1.488083995e+06 +5.3330e-01 +1.0438e-01 +2.7805e-01 -1.1238e+00 -4.2760e+00 -1.3772e-02 -4.5294e+00 -8.1580e-01 -8.8236e-02 -3.3969e+00
71 0 +1.347874711e+06 +1.347688771e+06 +1.347688771e+06 +4.8580e+00 +3.1010e+00 -2.7059e+00 -4.2740e+00 -4.6592e+00 -1.7085e+00 +5.2909e-01 +2.0133e+00 +3.4277e+00 -3.8197e+00
79 0 +1.025955922e+06 +1.025769982e+06 +1.025769982e+06 -1.6938e+00 +4.1071e-01 -3.3677e+00 -2.4316e+00 +3.3562e-01 +1.0350e+00 +3.1706e+00 -1.2325e+00 +3.7876e+00 -4.6903e+00
100 0 +6.364428559e+05 +6.362569159e+05 +6.362569159e+05 +1.0656e+00 -2.0875e+00 +8.2862e-01 -6.8836e-01 -2.3027e+00 +9.2155e-01 +4.5734e+00 +3.3004e+00 +2.1492e+00 +1.1899e+00
108 0 +5.060356477e+05 +5.058497077e+05 +5.058497077e+05 -5.0000e+00 +1.7529e-01 +3.0256e-01 -5.0000e+00 +1.0666e-01 +8.8159e-01 +3.6061e+00 -3.9846e+00 +3.9332e-01 +1.6446e+00
132 0 +3.144973813e+05 +3.143114413e+05 +3.143114413e+05 +5.4873e-01 -2.3990e+00 +1.5761e+00 -1.2698e+00 -2.3749e+00 -5.4448e-01 +6.6226e-01 +2.5160e+00 -2.2070e-01 -1.2974e+00
201 0 +1.953642577e+05 +1.951783177e+05 +1.951783177e+05 +6.3321e-01 -2.5107e+00 +1.6447e+00 -1.3282e+00 -2.6614e+00 -5.7830e-01 +6.7522e-01 +2.6070e+00 -2.1680e-01 -1.3355e+00
202 0 +1.021197832e+05 +1.019338432e+05 +1.019338432e+05 +1.0622e+00 -3.3501e+00 +1.9551e+00 -1.8066e+00 -2.9189e+00 -5.4678e-01 +6.6259e-01 +3.1929e+00 -4.3891e-01 -1.7553e+00
405 0 +7.910915490e+04 +7.892321490e+04 +7.892321490e+04 +8.4905e-01 -2.0494e+00 +1.5731e+00 -1.1044e+00 -2.7061e+00 +1.7460e-01 +5.9398e-01 +2.4149e+00 +1.4451e-01 -1.2893e+00
601 0 +3.109306846e+04 +3.090712846e+04 +3.090712846e+04 +9.6322e-01 -1.4356e+00 +1.5427e+00 -8.3946e-01 -2.8002e+00 +6.9775e-01 +7.2520e-01 +2.3029e+00 +5.5987e-01 -1.2236e+00
1009 0 +2.902149782e+04 +2.883555782e+04 +2.883555782e+04 +9.5771e-02 -3.4237e+00 +1.2528e+00 -1.9010e+00 -2.7638e+00 +8.4223e-02 +4.0125e-01 +3.2045e+00 -6.1721e-01 -1.5376e+00
2101 0 +2.745409882e+04 +2.726815882e+04 +2.726815882e+04 +5.6658e-01 -2.8897e+00 +8.2116e-01 -1.9486e+00 -3.5800e+00 -8.4184e-01 -3.9152e-01 +3.0402e+00 -3.7821e-01 -1.3176e+00
4703 0 +2.370755738e+04 +2.352161738e+04 +2.352161738e+04 +2.5685e-01 -1.5542e+00 +1.3909e+00 -1.2110e+00 -2.7555e+00 +5.5334e-01 +1.2528e-01 +3.0483e+00 -4.4287e-01 -1.4312e+00
5209 0 +1.979918552e+04 +1.961324552e+04 +1.961324552e+04 +4.0563e-01 -1.6796e+00 +1.3136e+00 -1.1722e+00 -2.7821e+00 +7.4859e-01 +3.5582e-01 +3.2567e+00 -5.6444e-01 -1.6367e+00
5402 0 +1.714558618e+04 +1.695964618e+04 +1.695964618e+04 +2.7225e-01 +4.8695e-01 +1.7731e+00 -1.0951e+00 -2.6334e+00 +1.0667e+00 +1.0457e+00 +1.3714e+00 +1.6314e-01 -1.3262e+00
5501 0 +1.480832796e+04 +1.462238796e+04 +1.462238796e+04 +2.5405e-01 +1.3940e+00 +1.9817e+00 -1.1374e+00 -2.5659e+00 +1.5042e+00 +1.1925e+00 +7.3118e-01 +2.8259e-01 -1.3152e+00
5705 0 +1.383956446e+04 +1.365362446e+04 +1.365362446e+04 +3.3160e-01 -5.0283e-01 +1.6913e+00 -1.0826e+00 -2.5509e+00 +1.0101e+00 +7.7740e-01 +2.1824e+00 -7.0556e-02 -1.4819e+00
5810 0 +1.269818802e+04 +1.251224802e+04 +1.251224802e+04 +2.0389e-01 +1.7281e-01 +1.6659e+00 -9.5531e-01 -2.5228e+00 +1.1877e+00 +9.0848e-01 +1.4662e+00 +1.8925e-01 -1.4946e+00
6011 0 +1.239111243e+04 +1.220517243e+04 +1.220517243e+04 +6.7558e-02 +7.6454e-01 +1.7243e+00 -1.0086e+00 -2.3332e+00 +2.1249e+00 +1.2892e+00 +1.0000e+00 +1.3905e-01 -1.2495e+00
6217 0 +1.202653576e+04 +1.184059576e+04 +1.184059576e+04 +4.8723e-02 +4.1882e-01 +1.6989e+00 -1.2156e+00 -2.4723e+00 +1.0759e+00 +8.0339e-01 +1.1088e+00 +2.1143e-02 -1.7095e+00
6336 0 +1.171236958e+04 +1.152642958e+04 +1.152642958e+04 -1.3118e-01 +4.0929e-01 +1.7402e+00 -1.1780e+00 -2.5074e+00 +9.9935e-01 +6.4354e-01 +1.0028e+00 +1.7271e-02 -1.3710e+00
6406 0 +1.106376943e+04 +1.087782943e+04 +1.087782943e+04 +6.9603e-02 +4.3490e-01 +1.6381e+00 -1.1279e+00 -2.5717e+00 +1.1611e+00 +8.3527e-01 +1.1265e+00 +5.9101e-02 -1.4648e+00
6501 0 +9.946410938e+03 +9.760470938e+03 +9.760470938e+03 +1.0241e-01 +4.7439e-01 +1.6352e+00 -1.1497e+00 -2.6427e+00 +1.1737e+00 +8.7252e-01 +1.1277e+00 +8.1788e-02 -1.5099e+00
7906 0 +8.649453599e+03 +8.463513599e+03 +8.463513599e+03 -1.1230e-01 +3.0108e-01 +1.8305e+00 -1.2639e+00 -2.6407e+00 +1.2700e+00 +7.8509e-01 +4.6755e-01 +5.7046e-02 -1.7049e+00
7954 0 +8.312325113e+03 +8.126385113e+03 +8.126385113e+03 -1.1755e-01 +2.6335e-01 +1.7700e+00 -1.5314e+00 -2.2726e+00 +1.3711e+00 +1.1618e+00 +7.6024e-01 +1.3322e-01 -1.2788e+00
8001 0 +4.913437086e+03 +4.727497086e+03 +4.727497086e+03 -2.0066e-01 +2.0172e-01 +1.8033e+00 -1.6310e+00 -2.1846e+00 +1.4603e+00 +1.4651e+00 +7.4138e-01 +1.2896e-01 -1.1894e+00
8201 0 +4.332534385e+03 +4.146594385e+03 +4.146594385e+03 -1.3460e-01 +1.6241e-01 +1.9217e+00 -1.6301e+00 -2.1752e+00 +1.4651e+00 +1.5281e+00 +7.6712e-01 +1.4158e-01 -1.1334e+00
% f evaluations | g evaluations | best noise-free fitness - Fopt (-8.133000000000e+01) + sum g_i+ | measured fitness | best measured fitness or single-digit g-values | x1 | x2...
1 0 +4.542438531e+06 +4.542357201e+06 +4.542357201e+06 -2.1414e+00 -4.3610e+00 -2.6533e+00 +4.4192e+00 +4.0148e+00 -4.2377e+00 +4.2658e+00 -3.0855e+00 -3.6089e+00 -2.7237e+00
6 0 +3.646888228e+06 +3.646806898e+06 +3.646806898e+06 +3.9506e+00 -1.8736e-01 -4.2610e+00 +9.1781e-01 -2.1018e+00 -2.0336e+00 +2.3170e+00 -1.5051e+00 -1.2252e+00 +1.7271e+00
12 0 +1.752050774e+06 +1.751969444e+06 +1.751969444e+06 -2.0263e+00 -1.2686e+00 -3.7766e+00 -6.6399e-01 +6.8399e-01 -2.5867e+00 +7.4245e-01 -3.2829e+00 -3.5616e+00 +1.7084e+00
14 0 +4.681777245e+05 +4.680963945e+05 +4.680963945e+05 +2.7115e+00 +2.8269e+00 -3.7043e+00 +3.9729e+00 -5.5068e-01 +1.8374e+00 -3.4411e+00 -4.4740e+00 -4.3052e+00 -3.6369e+00
54 0 +3.378505076e+05 +3.377691776e+05 +3.377691776e+05 -2.3253e+00 +1.4417e+00 -2.1571e+00 +1.1789e+00 +1.3914e+00 -3.2968e+00 +4.6331e+00 -3.9310e+00 -4.9932e+00 -4.2353e+00
203 0 +2.357305367e+05 +2.356492067e+05 +2.356492067e+05 -2.0263e+00 +1.4436e+00 -3.3577e+00 +1.1636e+00 +1.3719e+00 -1.5959e+00 +3.2944e+00 -4.3156e+00 -3.0012e+00 -1.6117e+00
424 0 +1.863100520e+05 +1.862287220e+05 +1.862287220e+05 -2.3240e+00 +1.8485e+00 -3.9347e+00 +1.0518e+00 +1.8257e+00 -2.2746e+00 +4.7530e+00 -5.0000e+00 -3.0068e+00 -2.5310e+00
601 0 +1.189949936e+05 +1.189136636e+05 +1.189136636e+05 -2.4053e+00 +1.9202e+00 -4.0583e+00 +1.0423e+00 +1.8756e+00 -2.3877e+00 +4.9332e+00 -4.9992e+00 -3.3204e+00 -2.6434e+00
702 0 +6.394443585e+04 +6.386310585e+04 +6.386310585e+04 -1.2170e+00 +1.2242e+00 -2.7218e+00 +1.7994e+00 +5.8461e-01 -1.8507e-01 +1.2529e-01 -2.9941e+00 -3.5735e+00 +6.0496e-01
703 0 +3.009650623e+04 +3.001517623e+04 +3.001517623e+04 -1.8636e+00 +1.6007e+00 -3.1597e+00 +1.6008e+00 +1.3394e+00 -9.8582e-01 +2.9831e+00 -4.7334e+00 -3.7613e+00 -1.0161e+00
1105 0 +2.057857182e+04 +2.049724182e+04 +2.049724182e+04 -1.2919e+00 +1.3760e+00 -3.4085e+00 +1.6063e+00 +1.1801e+00 -6.2811e-01 +2.2578e+00 -4.0927e+00 -3.6983e+00 -7.9934e-01
1301 0 +1.654239446e+04 +1.646106446e+04 +1.646106446e+04 -1.2796e+00 +1.3730e+00 -3.4051e+00 +1.6147e+00 +1.1049e+00 -6.4862e-01 +2.3734e+00 -4.1151e+00 -3.7627e+00 -7.8310e-01
1508 0 +1.617668515e+04 +1.609535515e+04 +1.609535515e+04 -8.6659e-01 +8.1959e-01 -2.9230e+00 +1.4608e+00 +1.1395e+00 +7.2255e-02 +1.0136e+00 -3.7046e+00 -3.3450e+00 -2.5359e-01
1515 0 +1.432169489e+04 +1.424036489e+04 +1.424036489e+04 -6.8082e-01 +9.2812e-01 -2.6884e+00 +1.3207e+00 +1.0554e+00 +2.5758e-03 +1.4749e+00 -3.8260e+00 -3.4606e+00 -1.0491e-01
1720 0 +1.066238702e+04 +1.058105702e+04 +1.058105702e+04 -8.1508e-01 +7.0318e-02 -2.5694e+00 +1.0088e+00 +1.4127e+00 +4.9952e-01 +1.1428e+00 -3.3183e+00 -3.1171e+00 +2.2080e-01
2011 0 +1.011236642e+04 +1.003103642e+04 +1.003103642e+04 -8.1397e-01 +6.6549e-02 -2.5688e+00 +1.0048e+00 +1.4136e+00 +3.2902e-01 +1.1403e+00 -3.3176e+00 -3.1173e+00 +2.2334e-01
2303 0 +9.616693622e+03 +9.535363622e+03 +9.535363622e+03 -7.0287e-01 -4.3169e-01 -2.5700e+00 +9.8351e-01 +1.5287e+00 +5.4222e-01 +1.1107e+00 -3.3901e+00 -3.0877e+00 +5.0547e-01
2904 0 +5.856125620e+03 +5.774795620e+03 +5.774795620e+03 -1.2552e+00 -6.5593e-01 -2.0859e+00 +1.3518e+00 +1.7579e+00 +9.6595e-01 +3.6695e-01 -3.1615e+00 -3.4280e+00 +2.0161e-01
3901 0 +5.523795136e+03 +5.442465136e+03 +5.442465136e+03 -1.3181e+00 -4.2742e-01 -2.6054e+00 +9.5178e-01 +1.4347e+00 +8.4411e-01 +8.8281e-01 -3.3256e+00 -3.0805e+00 -1.3939e-01
6302 0 +4.041663572e+03 +3.960333572e+03 +3.960333572e+03 -1.5201e+00 -7.4661e-03 -2.5461e+00 +1.1771e+00 +1.5047e+00 +1.0829e+00 +5.7712e-01 -3.6475e+00 -3.0406e+00 +1.9338e-01
% f evaluations | g evaluations | best noise-free fitness - Fopt (1.000000000000e+03) + sum g_i+ | measured fitness | best measured fitness or single-digit g-values | x1 | x2...
1 0 +3.438887296e+07 +3.438987296e+07 +3.438987296e+07 +4.4780e+00 +9.6082e-01 +4.0404e-01 +4.8074e-01 -2.9974e+00 +4.3029e+00 +2.7921e+00 -8.2503e-01 +9.1477e-02 +4.5289e+00
2 0 +5.120737818e+06 +5.121737818e+06 +5.121737818e+06 -9.9094e-01 +3.1138e+00 -2.8644e+00 +3.1386e+00 +3.9022e+00 -3.7516e+00 +4.1670e+00 -2.0960e-01 -1.5327e+00 +8.5836e-01
4 0 +1.841750234e+06 +1.842750234e+06 +1.842750234e+06 -2.3766e+00 +2.2710e+00 +1.5618e+00 +3.5858e+00 +1.8552e+00 -2.6189e+00 +1.5715e+00 -1.1742e+00 -2.9638e+00 +8.3072e-02
19 0 +1.010492642e+06 +1.011492642e+06 +1.011492642e+06 -2.6683e-02 +3.1463e+00 -2.2272e+00 +2.2724e+00 +4.7409e+00 -2.6237e+00 -2.2362e+00 -4.7368e+00 +2.9721e+00 +3.3007e+00
49 0 +4.434940508e+05 +4.444940508e+05 +4.444940508e+05 -1.2087e+00 +3.4217e-01 +1.0791e+00 -1.8922e+00 +3.3393e+00 -2.8078e+00 -1.7990e+00 +2.0889e+00 -2.7856e+00 -2.3279e+00
306 0 +4.210434500e+05 +4.220434500e+05 +4.220434500e+05 -3.6697e-02 +7.0465e-01 -4.6837e-01 -9.3206e-01 +3.0081e+00 -1.1047e+00 -1.1400e+00 +4.7987e-01 -1.5347e+00 -2.4083e+00
401 0 +3.695724695e+05 +3.705724695e+05 +3.705724695e+05 -1.8385e-01 +7.9034e-01 -5.3771e-01 -1.2474e+00 +3.3835e+00 -1.4968e+00 -1.4575e+00 +6.6655e-01 -1.5104e+00 -2.9598e+00
501 0 +3.603900142e+05 +3.613900142e+05 +3.613900142e+05 -2.2194e-01 +8.7987e-01 -4.4576e-01 -1.4495e+00 +3.4099e+00 -1.8354e+00 -1.4721e+00 +5.3631e-01 -1.2646e+00 -3.1117e+00
604 0 +3.395194894e+05 +3.405194894e+05 +3.405194894e+05 -3.3609e-01 +8.8958e-01 -3.3733e-01 -9.2266e-01 +3.4294e+00 -1.3302e+00 -1.3356e+00 +9.3890e-01 -1.6382e+00 -2.7527e+00
606 0 +2.860364650e+05 +2.870364650e+05 +2.870364650e+05 -2.4645e-01 +7.7527e-01 -4.7274e-01 -1.1454e+00 +3.5769e+00 -1.6081e+00 -1.6859e+00 +1.0318e+00 -1.5695e+00 -2.6128e+00
902 0 +2.802916992e+05 +2.812916992e+05 +2.812916992e+05 -2.5015e-01 +8.6684e-01 -2.2374e-01 -1.2904e+00 +3.5909e+00 -1.8239e+00 -1.8928e+00 +1.1434e+00 -1.7955e+00 -2.8968e+00
1103 0 +2.611981333e+05 +2.621981333e+05 +2.621981333e+05 +3.3966e-01 -5.6509e-01 +1.0749e-02 -7.5374e-01 +2.3019e+00 -1.8521e+00 -1.4704e+00 +3.6281e-01 -8.0907e-01 -2.6838e+00
1104 0 +2.522069502e+05 +2.532069502e+05 +2.532069502e+05 -7.9611e-01 +4.9656e-01 -1.8469e-02 -1.2236e+00 +3.5967e+00 -1.9271e+00 -1.8223e+00 +1.1566e+00 -1.5794e+00 -2.6170e+00
1202 0 +2.396367172e+05 +2.406367172e+05 +2.406367172e+05 +5.1603e-01 -1.1151e+00 +1.3210e-02 -6.1089e-01 +1.9588e+00 -2.0828e+00 -1.2936e+00 +9.7012e-03 -6.5606e-01 -2.7834e+00
1301 0 +2.301372109e+05 +2.311372109e+05 +2.311372109e+05 +7.3486e-01 -1.7653e+00 +9.0946e-02 -3.8798e-01 +1.2441e+00 -2.1678e+00 -1.1737e+00 -3.6222e-01 -2.6830e-01 -2.7462e+00
1501 0 +2.098955585e+05 +2.108955585e+05 +2.108955585e+05 +1.0388e+00 -2.7201e+00 +2.5902e-01 +5.7486e-03 +3.3662e-01 -2.3881e+00 -1.1281e+00 -1.0576e+00 +3.2490e-01 -2.8920e+00
1601 0 +1.911671590e+05 +1.921671590e+05 +1.921671590e+05 +1.1303e+00 -2.9680e+00 +4.8037e-01 +3.1131e-01 +8.5887e-02 -2.5448e+00 -1.0687e+00 -1.2035e+00 +4.7399e-01 -2.9191e+00
1602 0 +1.897283005e+05 +1.907283005e+05 +1.907283005e+05 +1.0488e+00 +1.0854e-01 +2.1131e-01 -1.2903e+00 +2.7297e+00 -2.6003e+00 -2.3198e+00 +4.4818e-01 -8.1603e-02 -4.6197e+00
1701 0 +1.732271351e+05 +1.742271351e+05 +1.742271351e+05 +8.3077e-01 +6.6575e-02 +8.6048e-02 -1.2942e+00 +2.7536e+00 -2.4952e+00 -2.3336e+00 +4.2709e-01 -4.3934e-02 -4.7070e+00
1703 0 +1.581633496e+05 +1.591633496e+05 +1.591633496e+05 -4.5551e-02 -2.2953e-01 -1.4837e-01 -1.7987e+00 +3.5269e+00 -2.2005e+00 -1.5551e+00 +1.0264e+00 -4.1272e-01 -3.8171e+00
1901 0 +1.540132486e+05 +1.550132486e+05 +1.550132486e+05 +6.9182e-02 -2.1857e-01 +5.0796e-02 -1.8314e+00 +3.5844e+00 -2.2220e+00 -1.7316e+00 +1.0559e+00 -4.1026e-01 -3.8658e+00
1905 0 +1.494395398e+05 +1.504395398e+05 +1.504395398e+05 +4.4688e-01 -9.4943e-01 -1.3538e-01 -1.0414e+00 +2.2747e+00 -2.1267e+00 -1.4522e+00 +2.7576e-01 +7.4113e-03 -3.7387e+00
2001 0 +1.005757033e+05 +1.015757033e+05 +1.015757033e+05 +7.3607e-01 -1.6347e+00 -1.4868e-01 -9.0916e-01 +2.1227e+00 -2.2963e+00 -1.3935e+00 +1.6084e-01 +4.2645e-01 -4.4106e+00
2201 0 +8.408724436e+04 +8.508724436e+04 +8.508724436e+04 +1.0941e+00 -2.4272e+00 -1.2105e-01 -9.3634e-01 +1.9864e+00 -2.6786e+00 -1.4827e+00 +1.2897e-02 +1.2087e+00 -5.0000e+00
2801 0 +8.252600161e+04 +8.352600161e+04 +8.352600161e+04 +1.4557e+00 -2.8812e+00 -1.5222e-01 -3.1935e-01 +1.5632e+00 -2.5367e+00 -1.3378e+00 -3.2636e-01 +1.2977e+00 -4.3420e+00
2901 0 +7.737353130e+04 +7.837353130e+04 +7.837353130e+04 +1.1687e+00 -2.8636e+00 -1.7670e-01 -2.7652e-01 +1.2959e+00 -2.4939e+00 -1.7392e+00 -5.4629e-01 +1.3642e+00 -4.1498e+00
2905 0 +6.859509982e+04 +6.959509982e+04 +6.959509982e+04 +1.4398e+00 -2.5974e+00 -2.3636e-01 -2.4527e-01 +1.4053e+00 -2.8235e+00 -1.3154e+00 -7.1231e-01 +1.8419e+00 -4.0739e+00
3001 0 +6.389891329e+04 +6.489891329e+04 +6.489891329e+04 +1.2669e+00 -2.5341e+00 -1.8637e-01 -2.9945e-01 +1.5489e+00 -2.2797e+00 -1.3221e+00 -7.9300e-01 +1.5715e+00 -3.9587e+00
3303 0 +5.959253076e+04 +6.059253076e+04 +6.059253076e+04 +1.8395e-02 -4.5202e+00 -3.7524e-01 -9.2959e-02 +2.4167e+00 +2.6840e+00 -1.0779e+00 +2.6891e-01 +2.6852e-01 -3.5020e+00
3510 0 +5.869146503e+04 +5.969146503e+04 +5.969146503e+04 +3.7416e-02 -4.5797e+00 -4.0689e-01 -7.0058e-02 +2.4381e+00 +2.7020e+00 -1.0431e+00 +2.8323e-01 +2.5706e-01 -3.4808e+00
3647 0 +4.856092776e+04 +4.956092776e+04 +4.956092776e+04 +4.0811e-01 -2.9147e+00 -8.6137e-02 -4.8540e-01 +2.1122e+00 -3.0480e-01 -1.3671e+00 -2.7794e-01 +7.1467e-01 -3.6784e+00
3814 0 +4.077565302e+04 +4.177565302e+04 +4.177565302e+04 +3.7985e-01 -2.9845e+00 -2.5888e-02 -9.7700e-01 +2.1121e+00 -7.8733e-01 -1.3678e+00 -4.9846e-02 +8.8547e-01 -4.0462e+00
4519 0 +3.877092531e+04 +3.977092531e+04 +3.977092531e+04 +8.1223e-02 -3.4647e+00 -1.4204e-01 -6.4266e-01 +2.7006e+00 +8.3778e-01 -1.0710e+00 -9.7649e-02 +6.1330e-01 -2.9591e+00
4605 0 +3.639921703e+04 +3.739921703e+04 +3.739921703e+04 -4.4868e-01 -3.8121e+00 -9.4637e-01 -7.8093e-01 +2.6339e+00 +1.7778e+00 -1.0573e+00 +1.4652e-01 +5.9673e-01 -2.7619e+00
4701 0 +3.593989145e+04 +3.693989145e+04 +3.693989145e+04 -7.2752e-01 -3.8199e+00 -1.0986e+00 -6.2749e-01 +2.6650e+00 +2.2007e+00 -8.0893e-01 +1.1508e-01 +6.1123e-01 -2.8385e+00
5001 0 +2.633618640e+04 +2.733618640e+04 +2.733618640e+04 -1.1572e+00 -4.1155e+00 -1.6372e+00 -5.8151e-01 +2.8902e+00 +2.7664e+00 -7.4545e-01 +3.6266e-01 +7.8469e-01 -2.9154e+00
5102 0 +2.377115301e+04 +2.477115301e+04 +2.477115301e+04 -1.5429e-01 -3.6257e+00 -6.3520e-01 -6.3109e-01 +2.3387e+00 +1.4926e+00 -1.1541e+00 -4.5244e-01 +8.5040e-01 -2.7895e+00
5524 0 +2.220436237e+04 +2.320436237e+04 +2.320436237e+04 -2.2455e+00 -4.8934e+00 -2.7278e+00 -7.6976e-01 +3.5054e+00 +4.4482e+00 -3.1592e-01 +8.0774e-01 +1.1380e+00 -3.0992e+00
6102 0 +2.127184493e+04 +2.227184493e+04 +2.227184493e+04 -7.8477e-01 -4.0901e+00 -1.0736e+00 -5.6271e-01 +2.6373e+00 +1.9790e+00 -9.5404e-01 +8.4028e-04 +7.0489e-01 -2.6454e+00
6412 0 +1.956367243e+04 +2.056367243e+04 +2.056367243e+04 -1.2496e+00 -4.4054e+00 -1.5968e+00 -7.4980e-01 +2.9254e+00 +3.4397e+00 -8.4637e-01 +2.9891e-01 +9.2978e-01 -3.2816e+00
6501 0 +1.826197217e+04 +1.926197217e+04 +1.926197217e+04 -1.2512e+00 -4.3891e+00 -1.6086e+00 -7.5378e-01 +2.9240e+00 +3.3381e+00 -7.7673e-01 +2.9680e-01 +9.9985e-01 -3.5795e+00
6717 0 +1.729035667e+04 +1.829035667e+04 +1.829035667e+04 -1.1417e+00 -4.4038e+00 -1.7676e+00 -7.6762e-01 +3.0575e+00 +3.4956e+00 -7.8124e-01 +3.5615e-01 +1.0045e+00 -3.5835e+00
6801 0 +1.482774970e+04 +1.582774970e+04 +1.582774970e+04 -1.2331e+00 -4.6406e+00 -1.8962e+00 -9.7998e-01 +3.0904e+00 +3.9793e+00 -8.2110e-01 +3.3785e-01 +1.1315e+00 -3.7320e+00
8318 0 +1.399489213e+04 +1.499489213e+04 +1.499489213e+04 -1.1353e+00 -4.4378e+00 -1.8564e+00 -9.8595e-01 +3.0157e+00 +3.5900e+00 -7.4085e-01 +1.4127e-01 +1.3553e+00 -3.6851e+00
8602 0 +1.333364112e+04 +1.433364112e+04 +1.433364112e+04 -9.0420e-01 -4.0484e+00 -1.5082e+00 -9.4170e-01 +2.7703e+00 +2.6301e+00 -1.1099e+00 -1.9498e-01 +1.2698e+00 -3.2919e+00
% f evaluations | g evaluations | best noise-free fitness - Fopt (-2.965300000000e+02) + sum g_i+ | measured fitness | best measured fitness or single-digit g-values | x1 | x2...
1 0 +8.671268080e+05 +8.668302780e+05 +8.668302780e+05 +1.7521e+00 -4.2841e+00 +2.1046e+00 -2.2257e+00 +1.2617e+00 -3.3908e+00 +1.4946e+00 +2.2511e+00 -2.7154e+00 +2.5989e+00
23 0 +5.094722802e+05 +5.091757502e+05 +5.091757502e+05 -1.7150e+00 +7.7980e-01 +2.6801e+00 -3.1285e+00 +2.2634e+00 +4.8111e+00 -3.0964e-01 -2.8588e+00 -2.1811e+00 +4.5559e+00
41 0 +2.962401166e+05 +2.959435866e+05 +2.959435866e+05 +3.6844e+00 -1.0324e+00 -3.3492e+00 -2.1738e+00 -1.4911e+00 -4.4563e+00 +1.0215e+00 +2.8307e+00 -2.9688e+00 +1.1159e+00
126 0 +1.871320043e+05 +1.868354743e+05 +1.868354743e+05 +5.8291e-01 -2.1923e-01 -5.1516e-01 -5.7682e-01 +2.1293e-01 -8.4771e-01 +6.4321e-01 +5.9560e-01 -1.2015e+00 +6.7282e-01
144 0 +1.835419925e+05 +1.832454625e+05 +1.832454625e+05 +4.8786e-01 -1.7240e-01 -2.1482e-01 -4.5361e-01 +1.0305e-01 -7.5234e-01 +5.0581e-01 +5.5411e-01 -9.4617e-01 +5.1365e-01
201 0 +1.330054991e+05 +1.327089691e+05 +1.327089691e+05 +2.8070e-01 +2.9109e-01 -1.6165e-01 -3.8930e-01 +2.0171e-01 -5.5322e-01 +4.1597e-01 +5.3263e-01 -7.8520e-01 +5.3838e-01
301 0 +1.055083529e+05 +1.052118229e+05 +1.052118229e+05 +4.0862e-01 +5.3579e-01 -1.7849e-01 -6.3736e-01 +1.4055e-01 -7.5624e-01 +5.6629e-01 +7.1304e-01 -1.1315e+00 +9.0460e-01
508 0 +9.790773915e+04 +9.761120915e+04 +9.761120915e+04 +5.1293e-01 +4.7005e-01 -2.4740e-01 -3.6940e-01 +6.1540e-03 -6.6524e-01 +3.2550e-01 +3.9326e-01 -9.6599e-01 +6.0109e-01
701 0 +9.501108174e+04 +9.471455174e+04 +9.471455174e+04 +7.2490e-01 +4.6143e-01 -1.2318e-01 -7.3675e-01 +8.7030e-02 -1.1472e+00 +5.6047e-01 +8.6493e-01 -1.4274e+00 +2.4639e-01
718 0 +8.815128730e+04 +8.785475730e+04 +8.785475730e+04 +8.1974e-01 +4.5584e-01 -1.8370e-01 -6.7487e-01 +1.6821e-02 -5.8816e-01 +5.3293e-01 +7.9328e-01 -1.0896e+00 +8.5892e-01
801 0 +6.980303704e+04 +6.950650704e+04 +6.950650704e+04 +9.9920e-01 +5.3770e-01 -1.7518e-01 -7.7709e-01 +7.3350e-02 -6.1306e-01 +5.9616e-01 +8.7876e-01 -1.1351e+00 +9.6478e-01
1201 0 +6.538391924e+04 +6.508738924e+04 +6.508738924e+04 +8.8016e-01 +4.6342e-01 -1.0758e-01 -4.5032e-01 +1.3568e-01 -5.0152e-01 +3.3261e-01 +6.5895e-01 -8.8891e-01 +7.1602e-01
1301 0 +6.392151819e+04 +6.362498819e+04 +6.362498819e+04 +1.0256e+00 +4.5805e-01 -1.8496e-01 -4.4713e-01 +1.4984e-01 -4.8904e-01 +3.5732e-01 +7.8774e-01 -9.2155e-01 +4.5946e-01
1503 0 +5.890531297e+04 +5.860878297e+04 +5.860878297e+04 +1.1917e+00 +4.8021e-01 -3.3423e-01 -4.1107e-01 +2.0953e-01 -3.7816e-01 +4.6683e-01 +7.8973e-01 -7.2522e-01 +3.6698e-01
1601 0 +4.838611190e+04 +4.808958190e+04 +4.808958190e+04 +1.4783e+00 +7.2173e-01 -3.0666e-01 -5.7929e-01 +2.9776e-01 -3.7051e-01 +6.2356e-01 +9.5629e-01 -7.9475e-01 +2.9487e-01
2002 0 +4.329664139e+04 +4.300011139e+04 +4.300011139e+04 +1.6106e+00 +8.0422e-01 -8.5005e-02 +9.0850e-02 -1.8570e-01 +1.3251e-02 +4.8716e-01 +6.6915e-02 -6.7219e-01 +2.8250e-01
2102 0 +3.972552695e+04 +3.942899695e+04 +3.942899695e+04 +1.7863e+00 +4.2973e-01 -6.7121e-02 -9.6196e-01 +2.0842e-01 +1.0286e-01 +4.4508e-01 +4.9176e-01 -7.7462e-01 +7.9333e-01
2605 0 +2.990443558e+04 +2.960790558e+04 +2.960790558e+04 +1.9660e+00 +4.9867e-01 -1.0385e-01 -1.1195e+00 -1.0781e-02 -9.8020e-02 +5.4382e-01 +7.2720e-01 -1.0054e+00 +5.8922e-01
3101 0 +2.855132868e+04 +2.825479868e+04 +2.825479868e+04 +3.4971e+00 +4.4680e-01 +8.0636e-02 -2.4228e+00 -8.8470e-01 -4.2431e-01 +6.9240e-01 +9.7681e-01 -1.3104e+00 +6.9530e-01
3302 0 +2.792930494e+04 +2.763277494e+04 +2.763277494e+04 +2.6645e+00 +6.5492e-01 +1.0530e-01 -1.5010e+00 -6.8259e-01 -1.4991e-01 +5.2943e-01 +8.0036e-01 -9.8376e-01 +6.3312e-01
3304 0 +2.585033363e+04 +2.555380363e+04 +2.555380363e+04 +2.4256e+00 +6.5363e-01 +2.8023e-01 -1.3879e+00 -4.6538e-01 -3.9391e-01 +5.6100e-01 +8.0074e-01 -1.2939e+00 +2.5345e-01
3501 0 +1.840394153e+04 +1.810741153e+04 +1.810741153e+04 +2.4509e+00 +7.4284e-01 -1.7387e-01 -9.1821e-01 -1.2949e-01 +2.8578e-01 +6.3805e-01 +6.4045e-01 -4.7593e-01 +3.9938e-01
3804 0 +1.722641792e+04 +1.692988792e+04 +1.692988792e+04 +2.6730e+00 +9.6516e-01 -1.7827e-01 -9.5913e-01 -8.8474e-02 +4.8210e-01 +6.8090e-01 +6.8440e-01 -4.8921e-01 +4.4854e-01
4201 0 +1.435827638e+04 +1.406174638e+04 +1.406174638e+04 +2.6268e+00 +8.0129e-01 -2.4718e-02 -6.4308e-01 -2.4616e-01 +4.8655e-01 +3.8602e-01 +7.1017e-01 -5.1375e-01 +8.0015e-01
5411 0 +1.349578938e+04 +1.319925938e+04 +1.319925938e+04 +2.1297e+00 +7.1903e-01 +4.4734e-01 -1.6872e-01 -2.6926e-01 +3.6436e-01 +3.2391e-01 +5.1157e-01 -7.1171e-01 +1.0103e+00
5502 0 +1.118500864e+04 +1.088847864e+04 +1.088847864e+04 +3.3706e+00 +6.7016e-01 -1.7603e-01 -1.5933e-01 -5.0503e-01 +3.8433e-01 +8.0301e-01 +7.9994e-01 +9.4591e-02 +3.3332e-01
8901 0 +9.979446847e+03 +9.682916847e+03 +9.682916847e+03 +2.6671e+00 +7.5596e-01 +6.4710e-01 -2.7000e-01 -2.8515e-01 +7.7337e-01 +5.4276e-01 +4.3341e-01 +1.7516e-02 +8.7527e-02
8902 0 +9.017564109e+03 +8.721034109e+03 +8.721034109e+03 +3.0934e+00 +5.0603e-01 +3.9837e-01 -2.3834e-01 -3.8338e-01 +8.1676e-01 +5.9933e-01 +3.2591e-01 -2.3588e-01 +2.7302e-01
9717 0 +8.683592465e+03 +8.387062465e+03 +8.387062465e+03 +2.6538e+00 +5.6743e-01 +6.0557e-01 -1.8496e-01 -1.2517e-01 +8.0774e-01 +5.6932e-01 +3.3397e-01 -3.1417e-01 +2.4347e-01
9902 0 +7.573614939e+03 +7.277084939e+03 +7.277084939e+03 +2.9528e+00 +6.2072e-01 +7.7364e-01 -3.1150e-01 -1.6074e-01 +1.0036e+00 +6.3485e-01 +3.6156e-01 -2.5173e-01 +2.0474e-01
% f evaluations | g evaluations | best noise-free fitness - Fopt (4.930000000000e+01) + sum g_i+ | measured fitness | best measured fitness or single-digit g-values | x1 | x2...
1 0 +1.611577947e+07 +1.611582877e+07 +1.611582877e+07 -2.3195e+00 +4.4131e-01 -2.7310e+00 -1.0687e+00 -2.2117e-01 -4.5265e+00 -8.8647e-01 +3.6753e+00 -7.3933e-01 +2.7340e+00
2 0 +1.117795412e+07 +1.117800342e+07 +1.117800342e+07 +2.0833e+00 +1.1998e+00 -2.0652e+00 -1.3688e+00 +2.6106e+00 +5.5256e-03 -1.2472e+00 +4.9215e+00 +1.3294e+00 -1.3739e-01
3 0 +3.774781730e+06 +3.774831030e+06 +3.774831030e+06 -4.0925e+00 -3.8077e-01 +1.4637e+00 -2.5027e-01 -1.7926e+00 +3.0224e+00 +4.5309e+00 -2.5641e+00 -3.2196e+00 +1.7167e+00
8 0 +5.622965336e+05 +5.623458336e+05 +5.623458336e+05 -3.5711e-01 +1.6930e+00 -1.0363e+00 -4.0732e-01 -4.9055e+00 -1.9609e+00 +4.2070e+00 -4.0314e+00 -2.2459e+00 +3.3221e+00
61 0 +1.554182610e+05 +1.554675610e+05 +1.554675610e+05 +1.9535e+00 -2.1264e+00 +2.7129e+00 -3.0811e+00 +4.1835e+00 +7.3846e-01 +2.7338e+00 +2.5130e+00 -1.0366e+00 +3.7057e+00
145 0 +1.544280863e+05 +1.544773863e+05 +1.544773863e+05 -4.5995e-01 +1.3927e-01 +6.0486e-01 -5.9873e-01 +8.9027e-01 +2.8758e-01 +3.7490e-01 +2.2626e-01 +1.8716e-02 +2.1859e-01
169 0 +1.482966260e+05 +1.483459260e+05 +1.483459260e+05 -2.6850e-01 +1.4491e-01 +4.3867e-01 -4.8176e-01 +6.4567e-01 +1.8273e-01 +2.1919e-01 +2.2765e-01 +7.0088e-02 +2.6430e-01
182 0 +1.386438214e+05 +1.386931214e+05 +1.386931214e+05 -3.9362e-01 +7.0055e-02 +4.2587e-01 -4.2156e-01 +8.0380e-01 +1.7740e-01 +2.9269e-01 +1.8154e-01 +1.3177e-02 +3.0470e-01
309 0 +1.118174044e+05 +1.118667044e+05 +1.118667044e+05 -8.7373e-01 -3.0008e-02 +8.3262e-01 -1.1824e+00 +1.9733e+00 +4.5253e-01 +8.3507e-01 +2.4967e-01 -6.5429e-02 +6.2527e-01
801 0 +1.028253620e+05 +1.028746620e+05 +1.028746620e+05 -9.0328e-01 -1.9517e-01 +5.5301e-01 -1.1524e+00 +1.7123e+00 +5.4120e-01 +7.6090e-01 +9.0204e-02 +5.1143e-02 +5.5716e-01
901 0 +8.963850413e+04 +8.968780413e+04 +8.968780413e+04 -1.0468e+00 -2.3062e-01 +6.4425e-01 -1.3276e+00 +1.9688e+00 +6.3358e-01 +8.7401e-01 +1.1306e-01 +8.1132e-02 +6.2983e-01
1001 0 +6.154190030e+04 +6.159120030e+04 +6.159120030e+04 -1.4507e+00 -3.1807e-01 +7.0518e-01 -2.0351e+00 +2.7510e+00 +9.6992e-01 +1.2618e+00 +1.8828e-01 +1.4809e-01 +7.4009e-01
1401 0 +4.765098414e+04 +4.770028414e+04 +4.770028414e+04 -1.9389e+00 -4.7258e-01 +7.0943e-01 -2.6468e+00 +3.7566e+00 +1.2380e+00 +1.6883e+00 +2.1643e-01 +6.3903e-02 +8.0097e-01
1501 0 +3.657500455e+04 +3.662430455e+04 +3.662430455e+04 -2.4399e+00 -5.4458e-01 +9.3621e-01 -3.4033e+00 +4.9427e+00 +1.7290e+00 +2.1924e+00 +3.1466e-01 -8.2577e-02 +9.7270e-01
2406 0 +3.429844420e+04 +3.434774420e+04 +3.434774420e+04 -1.2928e+00 -3.8598e-01 +6.2643e-01 -2.2759e+00 +3.4330e+00 +1.6385e+00 +1.2297e+00 +3.3420e-01 -7.6053e-02 +8.6566e-01
2533 0 +3.380524791e+04 +3.385454791e+04 +3.385454791e+04 -2.0469e+00 -3.0620e-01 +5.8523e-01 -2.8843e+00 +3.9101e+00 +1.7037e+00 +1.6464e+00 +1.7615e-02 +2.9148e-01 +8.2888e-01
2703 0 +3.303611964e+04 +3.308541964e+04 +3.308541964e+04 -2.7935e+00 -3.6710e-01 +8.4553e-01 -3.6476e+00 +4.9630e+00 +2.1223e+00 +1.9818e+00 -6.7668e-02 +5.4620e-01 +1.0417e+00
2711 0 +3.168333468e+04 +3.173263468e+04 +3.173263468e+04 -1.1386e+00 -4.0055e-01 +5.8433e-01 -2.2912e+00 +3.5066e+00 +1.6172e+00 +1.2212e+00 +3.5883e-01 +1.0703e-01 +8.9333e-01
2801 0 +2.939505410e+04 +2.944435410e+04 +2.944435410e+04 -9.5737e-01 -4.3986e-01 +6.1769e-01 -2.3558e+00 +3.4248e+00 +1.6859e+00 +1.2659e+00 +4.3762e-01 +6.0471e-02 +1.0525e+00
3315 0 +2.856205002e+04 +2.861135002e+04 +2.861135002e+04 -1.2873e+00 -3.4712e-01 +8.4109e-01 -2.1302e+00 +3.8969e+00 +1.5161e+00 +1.5044e+00 +6.2458e-01 -5.2889e-01 +9.7661e-01
3801 0 +2.543836455e+04 +2.548766455e+04 +2.548766455e+04 -1.9644e+00 -2.3753e-01 +1.1028e+00 -2.6209e+00 +4.4439e+00 +1.5901e+00 +1.4145e+00 +4.3039e-01 -3.0010e-01 +1.1624e+00
3803 0 +2.249723503e+04 +2.254653503e+04 +2.254653503e+04 -1.3186e+00 -2.4296e-01 +8.9874e-01 -2.0973e+00 +3.9168e+00 +1.8635e+00 +1.0163e+00 +5.7745e-01 -2.7486e-01 +1.4109e+00
4005 0 +2.095289600e+04 +2.100219600e+04 +2.100219600e+04 -1.3195e+00 -2.7786e-01 +1.0272e+00 -2.1402e+00 +4.1880e+00 +1.6517e+00 +1.2752e+00 +7.0549e-01 -5.8719e-01 +1.2362e+00
4201 0 +2.056319479e+04 +2.061249479e+04 +2.061249479e+04 -1.3275e+00 -2.8222e-01 +1.0442e+00 -2.0496e+00 +4.3205e+00 +1.8358e+00 +1.2952e+00 +7.1812e-01 -6.0191e-01 +1.2558e+00
4708 0 +1.990530075e+04 +1.995460075e+04 +1.995460075e+04 -1.5845e+00 -3.6182e-01 +1.1682e+00 -2.2199e+00 +4.2256e+00 +2.1222e+00 +1.2133e+00 +6.4004e-01 -3.3423e-01 +1.2764e+00
5101 0 +1.607131874e+04 +1.612061874e+04 +1.612061874e+04 -2.0208e+00 -1.2248e-01 +1.5650e+00 -2.3967e+00 +4.9734e+00 +1.8919e+00 +1.3415e+00 +9.7962e-01 -7.9459e-01 +1.3586e+00
6001 0 +1.578340093e+04 +1.583270093e+04 +1.583270093e+04 -1.7135e+00 +3.6410e-02 +1.2928e+00 -2.0530e+00 +4.2838e+00 +2.1019e+00 +1.2971e+00 +7.4749e-01 -8.0827e-01 +1.0313e+00
6503 0 +1.537672520e+04 +1.542602520e+04 +1.542602520e+04 -2.0170e+00 +9.8481e-02 +1.3912e+00 -2.1645e+00 +4.3706e+00 +1.8422e+00 +1.3773e+00 +7.2066e-01 -8.2358e-01 +1.1280e+00
7006 0 +1.417381771e+04 +1.422311771e+04 +1.422311771e+04 -1.9068e+00 +3.1327e-02 +1.5474e+00 -1.3810e+00 +4.4359e+00 +1.8513e+00 +1.0965e+00 +7.1747e-01 -1.0763e+00 +1.2558e+00
7401 0 +1.388135827e+04 +1.393065827e+04 +1.393065827e+04 -1.8599e+00 +4.6726e-02 +1.5002e+00 -1.9665e+00 +4.4425e+00 +1.8895e+00 +1.0371e+00 +9.2916e-01 -7.2768e-01 +1.1201e+00
7801 0 +1.196500990e+04 +1.201430990e+04 +1.201430990e+04 -1.5895e+00 +1.4992e-01 +1.3595e+00 -1.7294e+00 +3.5792e+00 +2.1672e+00 +7.6294e-01 +6.9420e-01 -5.7060e-01 +1.3482e+00
7902 0 +1.116459290e+04 +1.121389290e+04 +1.121389290e+04 -2.2636e+00 +4.1746e-01 +1.7091e+00 -2.2022e+00 +4.8631e+00 +3.1602e+00 +1.4429e+00 +1.0320e+00 -9.5466e-01 +7.5234e-01
8503 0 +1.047092542e+04 +1.052022542e+04 +1.052022542e+04 -1.6753e+00 +3.6949e-01 +1.4176e+00 -1.8235e+00 +3.2965e+00 +2.3453e+00 +6.9863e-01 +6.1022e-01 -4.5586e-01 +1.3744e+00
8603 0 +8.995512269e+03 +9.044812269e+03 +9.044812269e+03 -1.6614e+00 +3.5862e-01 +1.4061e+00 -1.8520e+00 +3.5797e+00 +2.2483e+00 +7.1403e-01 +6.3770e-01 -5.8198e-01 +1.4221e+00
% f evaluations | g evaluations | best noise-free fitness - Fopt (1.127300000000e+02) + sum g_i+ | measured fitness | best measured fitness or single-digit g-values | x1 | x2...
1 0 +1.936817563e+07 +1.936828836e+07 +1.936828836e+07 -2.3946e+00 +4.7287e-01 -3.6095e+00 +4.7966e-02 -3.0651e+00 -1.2194e+00 +1.5912e+00 -6.4054e-01 -1.7719e+00 -3.8878e+00
3 0 +1.143985074e+06 +1.144097804e+06 +1.144097804e+06 -3.2162e+00 -2.0701e+00 -9.8798e-01 -3.2324e+00 -1.7441e+00 -3.1837e+00 -3.2735e+00 -1.9290e+00 -3.1941e+00 -3.0393e-01
41 0 +9.422343051e+05 +9.423470351e+05 +9.423470351e+05 +3.4057e+00 -2.4357e-01 +2.3919e+00 -4.7005e+00 -2.4377e+00 +1.4378e+00 -3.2867e+00 -3.8671e+00 +2.9026e+00 +3.9231e-01
42 0 +6.530480027e+05 +6.531607327e+05 +6.531607327e+05 +4.4269e+00 +3.5306e-01 +6.4887e-01 +5.2022e-01 -2.4562e+00 +4.9172e+00 +2.4035e+00 -2.0591e+00 +2.3256e+00 +2.4153e+00
46 0 +6.354994479e+05 +6.356121779e+05 +6.356121779e+05 -1.8178e+00 -1.7939e+00 -8.6517e-01 -5.4342e-01 +3.1347e-01 +4.8146e+00 +8.8288e-02 +9.1551e-01 -1.5322e+00 +2.9325e+00
80 0 +2.270108015e+05 +2.271235315e+05 +2.271235315e+05 -1.4084e+00 +3.4682e+00 +4.6719e+00 +9.5300e-01 -1.5664e+00 +8.6141e-03 +4.8199e+00 -8.5874e-01 +3.3816e+00 +1.9310e+00
301 0 +1.384491916e+05 +1.385619216e+05 +1.385619216e+05 +3.5555e-01 +5.4153e-01 +4.7588e-01 -3.0708e-01 -2.9998e-01 +1.6736e-01 +5.0036e-01 -3.9187e-01 +2.1438e+00 +2.9106e+00
401 0 +1.168737527e+05 +1.169864827e+05 +1.169864827e+05 +4.1325e-01 +6.6450e-01 +5.6015e-01 -3.4173e-01 -4.0588e-01 +2.4262e-01 +5.8588e-01 -4.0013e-01 +2.5053e+00 +3.2191e+00
404 0 +7.833235419e+04 +7.844508419e+04 +7.844508419e+04 +3.0533e-03 +9.2659e-01 +5.0693e-01 -3.1000e-01 -7.5139e-01 -1.6315e-01 +6.6622e-01 -9.8798e-01 +2.3038e+00 +2.7940e+00
701 0 +6.690920018e+04 +6.702193018e+04 +6.702193018e+04 -4.2690e-01 +6.3958e-01 +2.7428e-01 -7.6519e-02 -6.4234e-01 +8.5164e-01 +5.7676e-01 -9.9686e-01 +1.0696e+00 +2.4415e+00
908 0 +6.579657668e+04 +6.590930668e+04 +6.590930668e+04 -3.6924e-02 +1.8370e-01 -3.2664e-02 -6.6610e-02 -5.0871e-01 +4.1375e-01 +5.4844e-01 -8.2720e-01 +1.5844e+00 +2.6404e+00
1102 0 +5.954531590e+04 +5.965804590e+04 +5.965804590e+04 -1.7453e-01 +3.5055e-01 +5.1926e-01 +1.4327e-01 +5.9133e-01 -3.5019e-01 -5.5259e-01 -8.3100e-01 +2.1436e+00 +3.0183e+00
1209 0 +5.782858890e+04 +5.794131890e+04 +5.794131890e+04 +5.3357e-03 -2.8560e-02 -2.5819e-02 +1.5925e-01 -6.0098e-01 +6.8286e-01 +7.2063e-01 -7.3429e-01 +1.2605e+00 +2.6528e+00
1211 0 +5.303199164e+04 +5.314472164e+04 +5.314472164e+04 -1.5496e-01 +4.0235e-01 +5.5536e-01 +5.1174e-01 -5.5319e-01 -7.6517e-02 -6.6666e-02 -5.7976e-01 +2.1045e+00 +2.3765e+00
1301 0 +4.961504505e+04 +4.972777505e+04 +4.972777505e+04 -1.6779e-01 +3.9444e-01 +6.7745e-01 +6.3746e-01 -4.8710e-01 -1.0265e-01 -8.0637e-02 -5.7103e-01 +2.1354e+00 +2.3132e+00
1401 0 +4.350388020e+04 +4.361661020e+04 +4.361661020e+04 -2.1075e-01 +4.6725e-01 +9.3263e-01 +9.3931e-01 -4.4605e-01 -3.7126e-02 -1.1568e-01 -5.1708e-01 +2.2221e+00 +2.2827e+00
1402 0 +3.538833179e+04 +3.550106179e+04 +3.550106179e+04 -6.9660e-01 +1.6284e-01 +1.9453e-01 -2.5548e-01 -7.1737e-01 +6.0771e-01 +8.0098e-01 -3.3969e-01 +1.2820e+00 +2.3794e+00
1501 0 +1.659035488e+04 +1.670308488e+04 +1.670308488e+04 -2.1300e+00 +1.9198e+00 +1.0014e+00 +2.2011e+00 +1.7346e+00 +7.2128e-01 -1.6762e+00 -7.8955e-01 +2.0184e+00 +2.9841e+00
1603 0 +1.211576138e+04 +1.222849138e+04 +1.222849138e+04 -6.9940e-01 +5.8737e-01 +5.4556e-01 +9.4499e-01 +3.4702e-01 +4.5013e-01 -7.1618e-01 -6.1321e-01 +1.8736e+00 +2.6162e+00
2702 0 +1.025942914e+04 +1.037215914e+04 +1.037215914e+04 -7.9060e-01 +5.1983e-01 +8.4926e-01 +5.5848e-01 -2.1544e-01 +6.7875e-01 -2.3950e-01 -7.2955e-01 +1.5874e+00 +2.0255e+00
2703 0 +8.808115555e+03 +8.920845555e+03 +8.920845555e+03 -5.3986e-01 +1.2216e-01 +2.3215e-01 +3.4852e-01 -4.7503e-01 +5.1856e-01 -2.8132e-01 -7.7473e-01 +1.8695e+00 +2.2757e+00
2803 0 +5.855446765e+03 +5.968176765e+03 +5.968176765e+03 -8.1937e-01 +2.5095e-01 +7.3752e-01 +1.2407e-01 +5.5058e-02 +2.9895e-01 -1.3170e-01 -6.7126e-01 +1.9638e+00 +2.2583e+00
3202 0 +3.621924251e+03 +3.734654251e+03 +3.734654251e+03 -7.5980e-01 +4.1138e-01 +6.9316e-01 +4.8408e-01 -2.2107e-01 +9.9044e-01 -1.6432e-01 -4.3501e-01 +1.6988e+00 +2.2518e+00
4055 0 +2.550716801e+03 +2.663446801e+03 +2.663446801e+03 -8.1650e-01 +4.2177e-01 +5.9644e-01 +2.6784e-01 -3.1940e-01 +5.0338e-01 -3.8090e-01 -6.2785e-01 +1.9125e+00 +2.1702e+00
4501 0 +2.077434591e+03 +2.190164591e+03 +2.190164591e+03 -7.5608e-01 +6.9256e-01 +9.7313e-01 +1.2587e-01 +4.1308e-01 +9.6755e-01 +1.5290e-01 -6.2230e-01 +1.9800e+00 +2.7248e+00
4614 0 +2.031478049e+03 +2.144208049e+03 +2.144208049e+03 -1.0004e+00 +1.0551e+00 +5.1818e-01 +4.5176e-01 -1.9473e-01 +1.3256e+00 -1.4938e-02 -6.2988e-01 +1.6374e+00 +2.5274e+00
4787 0 +1.946574343e+03 +2.059304343e+03 +2.059304343e+03 -9.3679e-01 +9.7355e-01 +7.6433e-01 +4.9145e-01 +1.4236e-02 +1.2160e+00 +8.7027e-02 -7.2913e-01 +1.7721e+00 +2.5500e+00
4808 0 +1.875034817e+03 +1.987764817e+03 +1.987764817e+03 -1.0770e+00 +1.1215e+00 +3.7813e-01 +4.5213e-01 -3.6354e-01 +1.4087e+00 -5.3253e-02 -6.1718e-01 +1.7979e+00 +2.5493e+00
5007 0 +1.243660187e+03 +1.356390187e+03 +1.356390187e+03 -1.3651e+00 +9.9384e-01 +2.6814e-01 +4.2948e-01 -3.5974e-01 +1.0241e+00 -1.0776e-02 -5.7160e-01 +1.6367e+00 +2.4824e+00
% f evaluations | g evaluations | best noise-free fitness - Fopt (1.700000000000e-01) + sum g_i+ | measured fitness | best measured fitness or single-digit g-values | x1 | x2...
1 0 +3.015303843e+06 +3.015304013e+06 +3.015304013e+06 +4.4254e+00 -6.9924e-01 -2.3641e+00 -3.1220e+00 +3.3012e+00 +1.4221e+00 -5.7698e-01 +1.6429e+00 -3.6118e+00 -1.4246e+00
9 0 +2.900584035e+06 +2.900584205e+06 +2.900584205e+06 +4.7320e+00 -4.8978e+00 -2.4605e-01 +1.7487e+00 +4.0849e+00 -4.8390e+00 -3.2070e+00 -3.1276e-01 +4.7349e+00 -2.4201e+00
10 0 +2.453261276e+06 +2.453261446e+06 +2.453261446e+06 +1.7982e+00 -4.0084e+00 -2.0380e+00 -2.0246e+00 +4.3591e+00 +4.3868e-01 -3.4996e+00 +2.6336e+00 +4.7414e+00 -1.1244e+00
39 0 +3.939739875e+05 +3.939741575e+05 +3.939741575e+05 +4.8764e+00 -2.8607e+00 -4.8138e+00 -6.7229e-01 -5.9796e-01 +1.1993e+00 +3.0266e+00 -3.9159e+00 -3.0561e+00 -9.7071e-01
101 0 +2.268075872e+05 +2.268077572e+05 +2.268077572e+05 +4.9401e+00 -2.0001e+00 -5.0000e+00 -3.6184e+00 -4.2425e+00 -1.4182e+00 +3.3078e+00 -5.0000e+00 -4.9404e+00 +1.0029e+00
701 0 +1.380052466e+05 +1.380054166e+05 +1.380054166e+05 +4.8349e+00 -2.9010e+00 -4.4284e+00 -2.9285e+00 -2.7120e+00 -1.9020e-01 +2.3969e+00 -3.9604e+00 -4.4315e+00 -3.6905e-02
802 0 +9.311175356e+04 +9.311192356e+04 +9.311192356e+04 +5.0000e+00 -2.9302e+00 -4.1878e+00 -3.3332e+00 -2.2629e+00 -1.5608e+00 +2.5791e+00 -5.0000e+00 -4.1963e+00 +3.6357e-01
1001 0 +8.389792359e+04 +8.389809359e+04 +8.389809359e+04 +3.7929e+00 -1.9842e+00 -2.3354e+00 -1.8572e+00 -1.5344e+00 -6.9570e-01 +1.6893e+00 -3.6107e+00 -2.5413e+00 +9.6442e-01
1101 0 +5.668161851e+04 +5.668178851e+04 +5.668178851e+04 +3.8253e+00 -1.9345e+00 -1.8158e+00 -1.6283e+00 -1.1376e+00 -6.1620e-01 +1.4859e+00 -3.6497e+00 -2.4458e+00 +1.0940e+00
1902 0 +4.850921693e+04 +4.850938693e+04 +4.850938693e+04 +3.7622e+00 -1.5963e+00 -2.1460e+00 -2.2780e+00 -1.1144e+00 -2.8609e-01 +2.4279e+00 -4.3801e+00 -2.7059e+00 +1.3087e+00
2101 0 +4.290760104e+04 +4.290777104e+04 +4.290777104e+04 +4.2125e+00 -1.8479e+00 -2.4224e+00 -2.3093e+00 -1.0554e+00 -5.1064e-01 +2.3411e+00 -4.3283e+00 -3.4035e+00 +8.7480e-01
2102 0 +3.072748354e+04 +3.072765354e+04 +3.072765354e+04 +3.4937e+00 -1.7321e+00 -9.0847e-01 -1.5185e+00 -9.5681e-01 -3.9472e-01 +1.7533e+00 -4.0792e+00 -2.2209e+00 +1.2838e+00
2201 0 +2.794306756e+04 +2.794323756e+04 +2.794323756e+04 +3.6372e+00 -1.7923e+00 -8.3794e-01 -1.4134e+00 -9.5988e-01 -4.0967e-01 +1.8323e+00 -4.4034e+00 -2.4630e+00 +1.3982e+00
2303 0 +1.923522069e+04 +1.923539069e+04 +1.923539069e+04 +3.2936e+00 -1.8819e+00 -3.2224e-01 -8.4303e-01 -7.2594e-01 -2.9612e-01 +1.2183e+00 -3.5027e+00 -1.3007e+00 +1.2754e+00
2401 0 +1.545239450e+04 +1.545256450e+04 +1.545256450e+04 +3.1904e+00 -1.9759e+00 +2.4330e-01 -3.3560e-01 -4.7878e-01 -2.0025e-01 +8.9848e-01 -3.3263e+00 -5.2163e-01 +1.6102e+00
2402 0 +9.649211794e+03 +9.649381794e+03 +9.649381794e+03 +3.7904e+00 -2.1593e+00 -1.2873e+00 -2.0010e+00 -1.1977e+00 -5.0682e-01 +1.7655e+00 -4.3700e+00 -2.6896e+00 +1.3687e+00
3311 0 +9.487169284e+03 +9.487339284e+03 +9.487339284e+03 +3.4695e+00 -1.7667e+00 -5.9287e-01 -1.0417e+00 -9.0486e-01 -1.9588e-01 +1.3974e+00 -3.9338e+00 -1.9844e+00 +1.5978e+00
3405 0 +7.670002182e+03 +7.670172182e+03 +7.670172182e+03 +3.4728e+00 -1.8691e+00 -6.4304e-01 -1.0088e+00 -1.0151e+00 -6.2833e-01 +1.5156e+00 -3.8905e+00 -1.9103e+00 +1.4438e+00
4201 0 +6.254273477e+03 +6.254443477e+03 +6.254443477e+03 +3.4396e+00 -1.9560e+00 -7.0836e-01 -7.1755e-01 -7.5959e-01 -6.5382e-01 +1.2333e+00 -4.0006e+00 -1.9732e+00 +1.6145e+00
6322 0 +6.038418015e+03 +6.038588015e+03 +6.038588015e+03 +3.3381e+00 -1.7538e+00 -4.3682e-01 -6.3333e-01 -8.6217e-01 -3.8691e-01 +1.4652e+00 -3.8062e+00 -1.5714e+00 +1.5391e+00
7208 0 +5.970291075e+03 +5.970461075e+03 +5.970461075e+03 +3.0882e+00 -1.8353e+00 -3.4026e-01 -6.0517e-01 -2.9399e-01 -1.7563e-01 +1.3012e+00 -3.8845e+00 -1.1365e+00 +1.7658e+00
7901 0 +5.548862281e+03 +5.549032281e+03 +5.549032281e+03 +3.4572e+00 -2.0321e+00 -5.4793e-01 -5.9433e-01 -6.1995e-01 -8.9407e-02 +1.2540e+00 -3.7560e+00 -1.4354e+00 +1.5026e+00
8801 0 +5.116021870e+03 +5.116191870e+03 +5.116191870e+03 +3.6376e+00 -1.9040e+00 +5.6668e-02 -1.5552e-01 -7.2880e-01 -1.5801e-01 +1.2470e+00 -3.6241e+00 -1.1736e+00 +1.4272e+00
8802 0 +3.800295497e+03 +3.800465497e+03 +3.800465497e+03 +3.4467e+00 -1.7694e+00 +2.0528e-02 -5.4636e-02 -6.1175e-01 -2.6403e-01 +1.4541e+00 -3.5521e+00 -9.0275e-01 +1.3670e+00
% f evaluations | g evaluations | best noise-free fitness - Fopt (4.330000000000e+01) + sum g_i+ | measured fitness | best measured fitness or single-digit g-values | x1 | x2...
1 0 +1.714042040e+07 +1.714046370e+07 +1.714046370e+07 +1.4608e+00 -2.7223e+00 -8.2972e-01 -3.1010e+00 -3.2774e+00 +2.4096e+00 +1.7768e-01 -2.5400e+00 -2.0213e-01 -2.8223e+00
2 0 +8.885179977e+06 +8.885223277e+06 +8.885223277e+06 +4.8684e+00 -2.0852e+00 +2.2688e+00 +4.8702e+00 +3.1114e+00 -2.1134e+00 +4.5278e+00 -2.2157e+00 -1.2018e+00 -4.2316e+00
4 0 +3.047296140e+06 +3.047339440e+06 +3.047339440e+06 +5.6387e-01 +2.7652e+00 +4.0082e+00 -9.6531e-01 +3.6055e+00 +4.2594e+00 -1.3058e+00 +2.5593e+00 -4.4867e-01 -2.8307e-01
9 0 +2.810507519e+06 +2.810550819e+06 +2.810550819e+06 +4.7222e+00 -2.3362e+00 +4.3668e+00 +8.1874e-01 +6.9368e-01 -1.8408e+00 +3.8842e+00 +2.4851e-01 +4.4145e+00 +1.9180e+00
10 0 +2.293898141e+06 +2.293941441e+06 +2.293941441e+06 -1.5363e+00 +2.4256e+00 +4.5029e+00 -4.3488e+00 -9.0671e-01 -3.4580e-01 +1.6709e+00 +4.9364e+00 +1.4030e+00 -3.6130e+00
28 0 +1.118576748e+06 +1.118620048e+06 +1.118620048e+06 +3.0597e+00 -1.5827e+00 -3.4752e+00 -4.2163e-01 +3.5233e+00 -4.9647e+00 -3.4027e-01 -3.6756e+00 -1.6020e-01 +3.1261e+00
103 0 +1.021073007e+06 +1.021116307e+06 +1.021116307e+06 -3.3421e+00 +5.5509e-01 +3.7667e+00 -1.2979e+00 +5.6695e-01 +3.9581e+00 +4.5814e+00 -4.9751e+00 +3.9221e+00 +1.9754e-01
105 0 +7.337124474e+05 +7.337557474e+05 +7.337557474e+05 -7.7570e-01 +8.8281e-01 -5.0000e+00 +4.2040e+00 +5.0000e+00 -4.2727e+00 -4.9696e-01 -1.1388e+00 +6.3014e-01 -3.8813e+00
503 0 +5.431683690e+05 +5.432116690e+05 +5.432116690e+05 -4.1521e-01 -1.5667e-03 -4.8663e+00 +3.9014e+00 +5.0000e+00 -4.7675e+00 -1.0274e+00 -2.5843e+00 +2.0874e+00 -2.0042e+00
602 0 +4.153526191e+05 +4.153959191e+05 +4.153959191e+05 +5.6826e-02 +9.3932e-01 -2.7399e+00 +1.9366e+00 +3.8695e+00 -3.4985e+00 +1.3579e+00 +3.4207e-01 +1.0273e+00 -1.9138e+00
702 0 +3.911578702e+05 +3.912011702e+05 +3.912011702e+05 -3.9976e-02 +5.0640e-01 -4.3823e+00 +3.0534e+00 +4.1944e+00 -3.8463e+00 +7.0931e-01 -1.4748e+00 +9.1457e-01 -2.0078e+00
801 0 +2.767773520e+05 +2.768206520e+05 +2.768206520e+05 -1.4022e-01 +5.9956e-01 -5.0000e+00 +3.6723e+00 +4.6827e+00 -4.1436e+00 +8.7715e-01 -1.6131e+00 +8.9979e-01 -2.4627e+00
1101 0 +2.239959461e+05 +2.240392461e+05 +2.240392461e+05 +4.6322e-01 -2.8095e-02 -2.9759e+00 +2.3344e+00 +3.6908e+00 -3.1923e+00 +2.8385e-01 -1.3126e+00 +1.6351e+00 -1.5085e+00
1202 0 +1.136911605e+05 +1.137344605e+05 +1.137344605e+05 +7.7979e-01 +9.1807e-01 -4.9798e+00 +2.5391e+00 +5.0000e+00 -5.0000e+00 +1.9887e-01 -1.5841e+00 +1.0418e+00 -1.7855e+00
1203 0 +1.112239684e+05 +1.112672684e+05 +1.112672684e+05 +7.0406e-01 +5.9369e-01 -4.4117e+00 +3.0903e+00 +4.4064e+00 -4.0542e+00 +4.5890e-01 -1.5359e+00 +8.4057e-01 -1.9978e+00
1301 0 +1.018750050e+05 +1.019183050e+05 +1.019183050e+05 +7.6612e-01 +6.1152e-01 -4.4748e+00 +3.1425e+00 +4.4427e+00 -4.1787e+00 +4.7575e-01 -1.5763e+00 +9.0165e-01 -2.0403e+00
1401 0 +9.326356655e+04 +9.330686655e+04 +9.330686655e+04 +9.3605e-01 +7.9491e-01 -5.0000e+00 +4.0530e+00 +5.0000e+00 -4.9875e+00 +3.6924e-01 -1.7954e+00 +7.2449e-01 -2.4457e+00
1403 0 +5.880814635e+04 +5.885144635e+04 +5.885144635e+04 +1.1208e+00 +1.6752e+00 -4.9998e+00 +3.4031e+00 +5.0000e+00 -4.8922e+00 -1.9399e-01 -2.0066e+00 +8.9498e-01 -2.1833e+00
1904 0 +5.463162157e+04 +5.467492157e+04 +5.467492157e+04 +9.2737e-01 +1.1926e+00 -4.2055e+00 +3.1410e+00 +4.6456e+00 -4.2766e+00 -1.1064e-01 -1.8433e+00 +8.7380e-01 -1.9478e+00
2020 0 +4.598655936e+04 +4.602985936e+04 +4.602985936e+04 +8.4856e-01 +1.0878e+00 -3.9631e+00 +3.2028e+00 +4.6981e+00 -4.0573e+00 +1.8141e-01 -1.6961e+00 +9.2886e-01 -1.8211e+00
2541 0 +4.285483001e+04 +4.289813001e+04 +4.289813001e+04 +8.5460e-01 +1.3655e+00 -3.5439e+00 +2.8890e+00 +4.3441e+00 -3.7903e+00 +7.8718e-02 -1.6093e+00 +1.0484e+00 -1.9419e+00
2601 0 +2.990925705e+04 +2.995255705e+04 +2.995255705e+04 +9.1892e-01 +1.2646e+00 -3.2563e+00 +2.7961e+00 +4.1721e+00 -3.5035e+00 +5.3363e-01 -1.2962e+00 +8.5570e-01 -1.9327e+00
2703 0 +2.732057535e+04 +2.736387535e+04 +2.736387535e+04 +1.6988e+00 +2.8781e-01 -3.3750e+00 +2.7197e+00 +3.5591e+00 -2.6005e+00 +2.5135e+00 +1.1992e-01 -1.5346e-01 -1.4933e+00
3306 0 +2.458456443e+04 +2.462786443e+04 +2.462786443e+04 +1.7187e+00 +1.8236e+00 -3.2923e+00 +2.8339e+00 +3.4909e+00 -2.6314e+00 +2.7365e-01 -6.6980e-01 +8.5272e-01 -1.3614e+00
3503 0 +1.943697856e+04 +1.948027856e+04 +1.948027856e+04 +2.0882e+00 +2.2159e+00 -3.3899e+00 +2.9619e+00 +3.3614e+00 -2.2430e+00 -2.2113e-03 -2.8346e-01 +9.8249e-01 -1.1347e+00
4703 0 +1.844599578e+04 +1.848929578e+04 +1.848929578e+04 +1.1218e+00 +7.5644e-01 -2.7585e+00 +2.4219e+00 +3.8838e+00 -3.0964e+00 +8.9989e-01 -1.2103e+00 +9.1782e-01 -1.3436e+00
4810 0 +1.649678253e+04 +1.654008253e+04 +1.654008253e+04 +1.3885e+00 +2.4898e+00 -1.9513e+00 +3.8779e+00 +3.3652e+00 -1.2474e+00 -5.8152e-01 -1.3862e-02 +1.9563e-01 -2.4027e+00
4966 0 +1.597914820e+04 +1.602244820e+04 +1.602244820e+04 +1.4877e+00 +1.4439e+00 -2.7799e+00 +3.1887e+00 +3.5899e+00 -2.5202e+00 +1.9359e-01 -6.9711e-01 +6.4343e-01 -1.7300e+00
5042 0 +1.413263445e+04 +1.417593445e+04 +1.417593445e+04 +1.3017e+00 +1.7392e+00 -2.4319e+00 +3.2862e+00 +3.5848e+00 -2.0334e+00 +1.1465e-01 -4.8222e-01 +4.9244e-01 -1.9210e+00
5203 0 +1.409316983e+04 +1.413646983e+04 +1.413646983e+04 +1.4176e+00 +2.0421e+00 -2.3725e+00 +3.0700e+00 +3.5023e+00 -1.9321e+00 +5.2106e-02 -4.4458e-01 +6.8122e-01 -1.6693e+00
5302 0 +1.331141393e+04 +1.335471393e+04 +1.335471393e+04 +1.4270e+00 +2.1472e+00 -1.7156e+00 +3.4443e+00 +3.2841e+00 -1.5065e+00 -2.4529e-01 -1.0212e-01 +2.4893e-01 -2.1647e+00
5514 0 +1.312615062e+04 +1.316945062e+04 +1.316945062e+04 +1.4322e+00 +2.0641e+00 -2.3991e+00 +3.0930e+00 +3.5628e+00 -1.9533e+00 +5.7687e-02 -4.4452e-01 +8.2585e-01 -1.6639e+00
5907 0 +1.153538774e+04 +1.157868774e+04 +1.157868774e+04 +1.2614e+00 +1.7419e+00 -1.5787e+00 +2.6687e+00 +3.3824e+00 -1.8815e+00 -1.8787e-01 -3.9615e-01 +5.5375e-01 -1.6948e+00
6401 0 +1.129088075e+04 +1.133418075e+04 +1.133418075e+04 +1.2343e+00 +1.2480e+00 -1.6952e+00 +2.8576e+00 +3.7675e+00 -1.9564e+00 -1.4469e-01 -4.3753e-01 +9.0477e-01 -1.2825e+00
6402 0 +9.760263128e+03 +9.803563128e+03 +9.803563128e+03 +1.3377e+00 +1.6079e+00 -1.4184e+00 +2.7635e+00 +3.4119e+00 -1.9721e+00 -1.2764e-01 -3.6641e-01 +5.9857e-01 -1.7656e+00
8301 0 +9.366941398e+03 +9.410241398e+03 +9.410241398e+03 +1.5724e+00 +1.3826e+00 -1.5235e+00 +2.7479e+00 +3.1554e+00 -2.0299e+00 +8.3964e-02 -4.0975e-01 +6.4229e-01 -1.6124e+00
9219 0 +8.941602941e+03 +8.984902941e+03 +8.984902941e+03 +1.3801e+00 +9.8385e-01 -1.3899e+00 +2.6726e+00 +3.3431e+00 -1.9562e+00 +1.3114e-01 -4.7205e-01 +7.5471e-01 -1.3791e+00
% f evaluations | g evaluations | best noise-free fitness - Fopt (-4.122000000000e+01) + sum g_i+ | measured fitness | best measured fitness or single-digit g-values | x1 | x2...
1 0 +2.659123765e+06 +2.659082545e+06 +2.659082545e+06 +3.5950e+00 +2.6693e+00 -1.0749e+00 +4.1209e+00 -3.8254e+00 +4.5034e-01 +4.1506e+00 -1.8443e+00 +4.6772e+00 -1.6404e+00
6 0 +2.386051137e+06 +2.386009917e+06 +2.386009917e+06 +2.8290e-01 +4.8958e+00 -3.3047e+00 -1.3765e+00 +2.5013e+00 +3.2885e+00 -3.0065e+00 +3.4523e+00 +1.0115e+00 -1.7410e-01
8 0 +8.513877635e+05 +8.513465435e+05 +8.513465435e+05 +1.0656e+00 -4.2984e+00 +1.8352e+00 +2.7129e+00 -2.7977e+00 -3.0247e-01 +1.1537e+00 -2.4204e+00 -3.3835e+00 +4.4753e+00
72 0 +7.366523351e+05 +7.366111151e+05 +7.366111151e+05 -6.3993e-01 +3.9204e+00 +4.7114e+00 -3.3959e-01 +1.5221e+00 +1.4908e+00 -4.7652e+00 +1.2427e+00 +1.5969e+00 +4.2311e+00
101 0 +4.703039176e+05 +4.702626976e+05 +4.702626976e+05 -3.1365e+00 +4.9169e+00 +4.8990e+00 +1.2694e+00 +1.4446e+00 +2.1544e+00 -4.9938e+00 +2.5181e+00 +2.2467e+00 +4.9361e+00
127 0 +4.593485580e+05 +4.593073380e+05 +4.593073380e+05 +6.2680e-01 +1.2321e+00 +5.8695e-01 +9.0286e-02 +6.1261e-02 -4.0328e-01 -8.7732e-01 +4.2590e-01 -4.6697e-02 +6.7274e-01
132 0 +4.320421935e+05 +4.320009735e+05 +4.320009735e+05 +7.7618e-01 +1.4372e+00 +8.1957e-01 -1.3734e-01 +1.1388e-01 -5.2230e-01 -1.1239e+00 +5.4563e-01 -5.9824e-02 +8.6185e-01
137 0 +4.247318545e+05 +4.246906345e+05 +4.246906345e+05 +9.1255e-01 +1.3345e+00 +8.6840e-01 +5.1079e-03 +7.3079e-02 -6.0192e-01 -1.1413e+00 +5.5405e-01 -1.7940e-01 +1.0002e+00
140 0 +4.146824827e+05 +4.146412627e+05 +4.146412627e+05 +9.3370e-01 +1.7611e+00 +9.0228e-01 -3.3833e-03 -1.2022e-02 -6.3355e-01 -1.4046e+00 +6.6185e-01 -7.2567e-02 +1.0111e+00
154 0 +3.877547297e+05 +3.877135097e+05 +3.877135097e+05 +9.1348e-01 +1.7720e+00 +6.9678e-01 -9.8295e-02 +9.3137e-02 -6.1983e-01 -1.5690e+00 +7.5120e-01 -1.7761e-01 +1.0822e+00
201 0 +3.710001357e+05 +3.709589157e+05 +3.709589157e+05 +8.2753e-01 +1.7339e+00 +5.3379e-01 -1.2266e-01 +1.3453e-01 -5.2222e-01 -1.7067e+00 +8.0465e-01 -2.1847e-01 +1.0411e+00
202 0 +3.557231236e+05 +3.556819036e+05 +3.556819036e+05 +7.2245e-01 +1.2124e+00 +2.9555e-01 +2.1771e-01 +9.6542e-02 -4.6347e-01 -9.7396e-01 +2.7087e-01 +1.3470e-02 +8.0038e-01
301 0 +2.922604345e+05 +2.922192145e+05 +2.922192145e+05 +8.4194e-01 +1.0895e+00 -2.4164e-02 +4.7571e-01 +2.0634e-01 -4.3931e-01 -8.3892e-01 +5.8529e-02 +4.9720e-02 +8.2456e-01
402 0 +2.529917421e+05 +2.529505221e+05 +2.529505221e+05 +1.1514e+00 +2.4098e+00 +3.9302e-01 -4.3694e-01 +3.2813e-01 -3.9395e-01 -2.9999e+00 +1.3205e+00 -4.8242e-01 +1.6326e+00
503 0 +2.433813112e+05 +2.433400912e+05 +2.433400912e+05 +1.1083e+00 +2.4663e+00 +1.0095e+00 -8.6510e-02 +1.1720e+00 -5.2592e-01 -1.9321e+00 +1.8148e+00 +6.3982e-01 +1.4712e+00
602 0 +2.325666107e+05 +2.325253907e+05 +2.325253907e+05 +1.2765e+00 +5.9944e-01 +4.0530e-01 +6.4732e-01 +2.1305e-01 -7.3780e-01 -8.8866e-01 -1.8579e-01 +8.5005e-01 +6.9843e-01
701 0 +2.100906226e+05 +2.100494026e+05 +2.100494026e+05 +1.6065e+00 +2.4293e-01 +3.5877e-01 +9.2105e-01 +2.1587e-01 -9.8106e-01 -7.7580e-01 -5.0295e-01 +1.2663e+00 +6.1115e-01
801 0 +1.907992756e+05 +1.907580556e+05 +1.907580556e+05 +1.8589e+00 -1.6734e-01 +3.1764e-01 +1.3610e+00 +1.9415e-01 -1.1823e+00 -7.1539e-01 -9.8146e-01 +1.6926e+00 +4.4615e-01
901 0 +1.749684207e+05 +1.749272007e+05 +1.749272007e+05 +1.8872e+00 -1.5211e-01 +2.0802e-01 +1.4059e+00 +1.9091e-01 -1.2021e+00 -7.0860e-01 -1.0170e+00 +1.7301e+00 +4.3244e-01
1207 0 +1.586146926e+05 +1.585734726e+05 +1.585734726e+05 +1.5325e+00 +6.5025e-01 +5.8433e-01 +1.6010e+00 +2.7266e-01 -8.8890e-01 -1.4435e+00 -2.4609e-01 +1.1857e+00 +9.2207e-01
1301 0 +1.553486099e+05 +1.553073899e+05 +1.553073899e+05 +1.8823e+00 +4.8246e-01 +9.3421e-01 +2.8218e+00 +7.7945e-02 -1.2592e+00 -2.0022e+00 -8.1706e-01 +1.7904e+00 +9.9763e-01
1507 0 +1.515056050e+05 +1.514643850e+05 +1.514643850e+05 +8.9468e-01 -5.5347e-01 +4.3418e-01 +2.3542e+00 -3.4391e-01 -1.2939e+00 -5.7946e-01 -1.5208e+00 +1.5345e+00 +4.5271e-01
1603 0 +1.460433739e+05 +1.460021539e+05 +1.460021539e+05 +7.7653e-01 +3.5138e-01 +1.7902e-01 +8.0644e-01 +3.7306e-01 -5.3853e-01 -6.2834e-01 +1.2730e-01 +1.0267e+00 +1.1972e+00
1604 0 +1.186966377e+05 +1.186554177e+05 +1.186554177e+05 +1.5825e+00 -6.5174e-01 +3.9481e-01 +1.6752e+00 -2.3780e-01 -1.4828e+00 -2.3460e-01 -1.0673e+00 +1.5374e+00 +4.7929e-01
1701 0 +1.171889661e+05 +1.171477461e+05 +1.171477461e+05 +1.9062e+00 -1.3842e+00 +4.9822e-01 +2.8482e+00 -5.6673e-01 -2.1612e+00 +1.2628e-01 -2.1489e+00 +2.3138e+00 -1.6473e-02
1703 0 +9.493268261e+04 +9.489146261e+04 +9.489146261e+04 +4.5469e-01 +2.7264e-01 +7.4473e-02 +1.7795e+00 +1.5973e-01 -5.7621e-01 -5.0465e-01 -2.6397e-01 +1.6143e+00 +1.1964e+00
1809 0 +8.426906135e+04 +8.422784135e+04 +8.422784135e+04 +1.5423e+00 +6.7618e-02 +3.3207e-01 +1.2568e+00 -1.1175e-01 -1.1070e+00 -8.2788e-01 -2.9119e-01 +1.4470e+00 +9.3816e-01
1903 0 +7.376847831e+04 +7.372725831e+04 +7.372725831e+04 -1.3888e-01 -1.0478e+00 -3.3011e-01 +4.0517e+00 -1.1841e+00 -1.8633e+00 +3.1382e-01 -3.9175e+00 +2.4646e+00 -9.1543e-01
2104 0 +7.207476600e+04 +7.203354600e+04 +7.203354600e+04 +1.1792e+00 +6.1645e-01 -3.0071e-02 +1.8226e+00 +3.6224e-02 -5.8171e-01 -1.1294e+00 -5.9373e-01 +1.7543e+00 +1.1284e+00
2205 0 +6.222237874e+04 +6.218115874e+04 +6.218115874e+04 +9.3525e-01 -5.2509e-01 +3.0137e-01 +2.2534e+00 -6.4550e-01 -1.2440e+00 -4.2692e-01 -1.3321e+00 +1.8235e+00 +7.0993e-01
2301 0 +6.040963088e+04 +6.036841088e+04 +6.036841088e+04 +9.6025e-01 -6.0527e-01 +2.9854e-01 +2.3919e+00 -7.6596e-01 -1.2982e+00 -4.2401e-01 -1.3004e+00 +1.8990e+00 +7.3895e-01
2401 0 +4.727746564e+04 +4.723624564e+04 +4.723624564e+04 +9.3482e-01 -9.1094e-01 +3.4645e-01 +2.4461e+00 -1.0504e+00 -1.4955e+00 -2.0408e-01 -1.3937e+00 +2.0878e+00 +7.9443e-01
2603 0 +4.327345525e+04 +4.323223525e+04 +4.323223525e+04 +8.9023e-01 -2.2491e-01 +3.7359e-01 +2.5352e+00 -5.5571e-01 -1.2529e+00 -7.0303e-01 -1.1018e+00 +2.0062e+00 +9.6242e-01
2702 0 +3.239330667e+04 +3.235208667e+04 +3.235208667e+04 +1.0933e+00 -2.7730e-01 -2.1357e-02 +2.6788e+00 -7.8111e-01 -1.5072e+00 -8.1158e-01 -1.6511e+00 +2.1326e+00 +5.3286e-01
2801 0 +3.160622872e+04 +3.156500872e+04 +3.156500872e+04 +1.1797e+00 -3.3025e-01 -1.3928e-01 +2.6712e+00 -7.9098e-01 -1.5143e+00 -8.5879e-01 -1.7650e+00 +2.2694e+00 +4.9861e-01
3307 0 +2.912154208e+04 +2.908032208e+04 +2.908032208e+04 +1.0794e+00 -9.5238e-01 +4.1597e-01 +3.4503e+00 -3.6682e-01 -1.9905e+00 -6.6232e-01 -1.7903e+00 +2.6856e+00 +6.0559e-01
3505 0 +1.673831618e+04 +1.669709618e+04 +1.669709618e+04 +1.2165e+00 -8.8654e-01 +6.8289e-01 +1.9601e+00 -1.3266e+00 -2.0988e+00 -9.4346e-01 -1.6909e+00 +2.4488e+00 +8.0252e-01
3702 0 +1.464179543e+04 +1.460057543e+04 +1.460057543e+04 +1.2231e+00 -1.0924e+00 +8.7127e-01 +1.9424e+00 -1.4666e+00 -2.5982e+00 -1.1254e+00 -2.0528e+00 +2.8143e+00 +6.8916e-01
3801 0 +1.246317512e+04 +1.242195512e+04 +1.242195512e+04 +1.1003e+00 -1.1133e+00 +9.2377e-01 +1.7804e+00 -1.5548e+00 -2.6709e+00 -1.1655e+00 -2.0689e+00 +2.7078e+00 +6.1474e-01
3901 0 +9.391713806e+03 +9.350493806e+03 +9.350493806e+03 +1.0992e+00 -1.1783e+00 +9.5533e-01 +1.7092e+00 -1.6340e+00 -2.7465e+00 -1.2151e+00 -2.1425e+00 +2.7803e+00 +5.8676e-01
4513 0 +6.925491234e+03 +6.884271234e+03 +6.884271234e+03 +1.2086e+00 -1.5548e+00 +9.8168e-01 +2.1870e+00 -1.4335e+00 -3.0045e+00 -1.0519e+00 -2.3339e+00 +3.0618e+00 +4.5393e-01
4701 0 +5.892842407e+03 +5.851622407e+03 +5.851622407e+03 +1.0178e+00 -1.3296e+00 +1.2717e+00 +1.1094e+00 -2.5957e+00 -3.2978e+00 -1.6631e+00 -2.6661e+00 +3.3479e+00 +3.0834e-01
6506 0 +5.372840652e+03 +5.331620652e+03 +5.331620652e+03 +1.4570e+00 -8.9043e-01 +1.1460e+00 +2.0677e+00 -1.3156e+00 -2.4159e+00 -6.5671e-01 -1.5618e+00 +3.5134e+00 +5.2793e-01
6705 0 +4.604884887e+03 +4.563664887e+03 +4.563664887e+03 +1.7427e+00 -1.3966e+00 +1.4627e+00 +2.2628e+00 -1.2697e+00 -3.4216e+00 -5.8140e-01 -2.0077e+00 +3.6425e+00 -1.0282e-01
8901 0 +2.467100182e+03 +2.425880182e+03 +2.425880182e+03 +2.0186e+00 -1.5564e+00 +1.9048e+00 +2.6580e+00 -1.4417e+00 -3.4333e+00 +2.8780e-02 -1.8314e+00 +4.2560e+00 -5.2391e-02
