% f evaluations | g evaluations | best noise-free fitness - Fopt (1.491500000000e+02) + sum g_i+ | measured fitness | best measured fitness or single-digit g-values | x1 | x2...
1 0 +8.225361449e+04 +8.240276449e+04 +8.240276449e+04 +2.1025e-01 +3.9935e+00 -4.0975e-01 +3.3360e+00 -3.8526e-01
2 0 +3.165876335e+04 +3.180791335e+04 +3.180791335e+04 +3.2136e+00 +9.8640e-01 -2.4453e+00 -6.7343e-01 -4.7124e-02
4 0 +5.914751324e+03 +6.063901324e+03 +6.063901324e+03 +1.6458e+00 -5.4136e-01 +1.2679e+00 +2.9860e+00 +3.3370e+00
59 0 +4.519222052e+03 +4.668372052e+03 +4.668372052e+03 +1.3444e+00 -1.9545e+00 +5.9537e-01 +1.6100e+00 -2.5066e+00
68 0 +2.375089646e+03 +2.524239646e+03 +2.524239646e+03 -2.3199e+00 +8.0207e-02 -2.3737e+00 -8.6937e-02 -4.6076e+00
92 0 +2.050476682e+03 +2.199626682e+03 +2.199626682e+03 -1.5146e+00 -2.6803e-01 -3.0681e+00 +2.4043e+00 -2.2280e+00
126 0 +1.375577445e+03 +1.524727445e+03 +1.524727445e+03 -2.2485e+00 -1.1143e+00 -2.2396e+00 +1.6497e+00 +5.1934e-02
128 0 +1.346687448e+03 +1.495837448e+03 +1.495837448e+03 -1.9108e+00 -1.0576e+00 -1.9032e+00 +1.4019e+00 +4.4133e-02
136 0 +1.250848787e+03 +1.399998787e+03 +1.399998787e+03 -3.4919e-01 -1.1042e-01 -2.2442e-01 +1.6348e-01 -1.6258e-01
149 0 +1.143450447e+03 +1.292600447e+03 +1.292600447e+03 -5.1850e-02 -2.5695e-02 -6.4545e-02 -2.8400e-02 -2.1903e-01
205 0 +7.889705199e+02 +9.381205199e+02 +9.381205199e+02 -2.1551e+00 -1.1825e+00 -2.3452e+00 +2.1007e+00 -7.3778e-02
501 0 +7.692354630e+02 +9.183854630e+02 +9.183854630e+02 -4.5829e-01 -2.0051e-01 -5.3508e-01 +1.5521e-01 -9.4110e-01
601 0 +4.754772147e+02 +6.246272147e+02 +6.246272147e+02 -6.8706e-01 -3.5896e-01 -6.9497e-01 +1.0982e-02 -1.4342e+00
701 0 +4.543200199e+02 +6.034700199e+02 +6.034700199e+02 -7.2610e-01 -3.6961e-01 -7.2399e-01 -4.8178e-03 -1.4890e+00
702 0 +4.227154993e+02 +5.718654993e+02 +5.718654993e+02 -3.5306e-01 -7.6869e-01 +3.3363e-01 +1.2353e+00 -2.3636e+00
902 0 +2.533276830e+02 +4.024776830e+02 +4.024776830e+02 -1.1343e+00 -4.9799e-01 -7.7675e-01 -2.1103e-01 -2.1690e+00
1001 0 +2.325655043e+02 +3.817155043e+02 +3.817155043e+02 -1.5152e+00 -4.8503e-01 -9.7124e-01 -2.4273e-01 -2.5596e+00
1302 0 +2.211484263e+02 +3.702984263e+02 +3.702984263e+02 -1.1200e+00 -6.7084e-01 -6.8686e-01 -2.6118e-02 -2.1255e+00
1401 0 +1.755355520e+02 +3.246855520e+02 +3.246855520e+02 -1.2319e+00 -8.5807e-01 -6.9456e-01 +3.2811e-02 -2.2555e+00
1501 0 +1.457889044e+02 +2.949389044e+02 +2.949389044e+02 -1.4562e+00 -1.2486e+00 -6.4523e-01 +6.0038e-02 -2.4225e+00
1801 0 +1.193793901e+02 +2.685293901e+02 +2.685293901e+02 -1.6509e+00 -1.4814e+00 -6.5642e-01 +1.1336e-01 -2.8801e+00
1902 0 +1.137838731e+02 +2.629338731e+02 +2.629338731e+02 -1.3625e+00 -1.2634e+00 -9.9164e-01 +7.7294e-02 -2.4509e+00
2023 0 +9.513071651e+01 +2.442807165e+02 +2.442807165e+02 -1.5707e+00 -1.3781e+00 -6.4989e-01 +1.8118e-01 -2.9792e+00
2203 0 +7.815218354e+01 +2.273021835e+02 +2.273021835e+02 -1.6026e+00 -1.4148e+00 -6.4849e-01 +3.0636e-01 -3.1895e+00
2401 0 +7.299639576e+01 +2.221463958e+02 +2.221463958e+02 -1.5880e+00 -1.6063e+00 -5.7185e-01 +5.1152e-01 -3.4835e+00
2601 0 +5.471387715e+01 +2.038638772e+02 +2.038638772e+02 -1.5537e+00 -1.0686e+00 -7.5774e-01 +2.2619e-01 -3.4601e+00
2602 0 +2.806065032e+01 +1.772106503e+02 +1.772106503e+02 -1.1867e-01 -5.1823e-01 -5.7354e-01 +8.6593e-01 -3.3592e+00
2701 0 +2.717944284e+01 +1.763294428e+02 +1.763294428e+02 -1.4376e-02 -4.5695e-01 -5.5901e-01 +8.3316e-01 -3.5930e+00
3101 0 +2.484535296e+01 +1.739953530e+02 +1.739953530e+02 -1.3513e+00 -1.4024e+00 -7.8178e-01 +5.4191e-01 -3.7920e+00
3202 0 +2.436020655e+01 +1.735102065e+02 +1.735102065e+02 -3.2700e-01 -7.7523e-01 -8.0671e-01 +8.0830e-01 -3.3083e+00
3401 0 +1.312871350e+01 +1.622787135e+02 +1.622787135e+02 -2.5155e-01 -7.0241e-01 -4.9442e-01 +7.9321e-01 -3.8989e+00
3808 0 +8.310787103e+00 +1.574607871e+02 +1.574607871e+02 -7.0001e-01 -1.3472e+00 -9.0029e-01 +7.1843e-01 -3.6087e+00
4102 0 +7.524432269e+00 +1.566744323e+02 +1.566744323e+02 -9.9958e-01 -1.3852e+00 -7.8533e-01 +8.5453e-01 -3.7431e+00
4201 0 +7.363166691e+00 +1.565131667e+02 +1.565131667e+02 -1.0805e+00 -1.3927e+00 -7.8958e-01 +9.0224e-01 -3.7288e+00
4202 0 +6.936879886e+00 +1.560868799e+02 +1.560868799e+02 -4.4928e-01 -8.4243e-01 -5.9091e-01 +1.0870e+00 -3.5769e+00
4205 0 +3.998761905e+00 +1.531487619e+02 +1.531487619e+02 -5.8571e-01 -1.1822e+00 -8.7337e-01 +9.3277e-01 -3.6744e+00
% f evaluations | g evaluations | best noise-free fitness - Fopt (-1.000000000000e+03) + sum g_i+ | measured fitness | best measured fitness or single-digit g-values | x1 | x2...
1 0 +1.028370705e+05 +1.018370705e+05 +1.018370705e+05 +1.0230e+00 -2.5878e+00 -4.6405e-01 +1.6839e+00 -6.2637e-01
3 0 +8.754666518e+03 +7.754666518e+03 +7.754666518e+03 -3.2838e+00 +3.2805e+00 +1.2553e+00 -2.4327e+00 -3.5762e+00
7 0 +1.022501013e+03 +2.250101265e+01 +2.250101265e+01 -2.0680e+00 +1.1324e+00 +3.9346e-01 -3.0667e+00 -8.0062e-01
601 0 +5.354386247e+02 -4.645613753e+02 -4.645613753e+02 -2.1565e+00 +1.5847e+00 +1.3443e+00 -8.3068e-01 +8.0080e-01
701 0 +4.228980578e+02 -5.771019422e+02 -5.771019422e+02 -2.1844e+00 +1.5997e+00 +1.4732e+00 -7.5643e-01 +8.4963e-01
801 0 +2.388446190e+02 -7.611553810e+02 -7.611553810e+02 -2.3102e+00 +1.6096e+00 +1.6250e+00 -5.7433e-01 +9.7544e-01
1301 0 +1.972610980e+02 -8.027389020e+02 -8.027389020e+02 -2.8345e+00 +1.4966e+00 +1.5528e+00 -4.7987e-01 +6.6650e-01
1302 0 +1.912656111e+02 -8.087343889e+02 -8.087343889e+02 -2.7524e+00 +1.1795e+00 +1.4324e+00 -4.2326e-01 +1.0954e+00
1502 0 +1.454611585e+02 -8.545388415e+02 -8.545388415e+02 -2.5436e+00 +1.1046e+00 +1.6340e+00 -5.3747e-01 +5.9978e-01
1602 0 +6.852456187e+01 -9.314754381e+02 -9.314754381e+02 -3.1860e+00 +1.1444e+00 +1.8803e+00 -2.9695e-01 +1.8438e+00
1702 0 +1.529675307e+01 -9.847032469e+02 -9.847032469e+02 -2.6332e+00 +1.5119e+00 +1.9875e+00 -4.9979e-01 +1.0764e+00
1703 0 +8.659723609e+00 -9.913402764e+02 -9.913402764e+02 -2.8920e+00 +1.3379e+00 +1.9190e+00 -5.3720e-01 +9.3284e-01
4914 0 +4.757743866e+00 -9.952422561e+02 -9.952422561e+02 -2.7101e+00 +1.3269e+00 +1.9511e+00 -4.8483e-01 +1.1924e+00
% f evaluations | g evaluations | best noise-free fitness - Fopt (9.862000000000e+01) + sum g_i+ | measured fitness | best measured fitness or single-digit g-values | x1 | x2...
1 0 +4.252583612e+05 +4.253569812e+05 +4.253569812e+05 +3.8336e+00 -4.5225e+00 -2.4622e+00 +3.9870e+00 -2.2802e+00
3 0 +3.281393656e+04 +3.291255656e+04 +3.291255656e+04 -2.8427e+00 -3.6402e+00 -8.9107e-01 +1.2596e+00 +2.6618e+00
11 0 +2.187314235e+04 +2.197176235e+04 +2.197176235e+04 -4.0323e+00 +1.5943e+00 +4.6111e+00 -2.0308e+00 -3.3042e+00
17 0 +8.530261103e+03 +8.628881103e+03 +8.628881103e+03 -4.8252e+00 +4.0362e-01 +3.1805e+00 -4.4014e+00 +2.5427e+00
54 0 +3.873120287e+03 +3.971740287e+03 +3.971740287e+03 -2.5643e+00 -3.0546e+00 +2.1293e+00 -4.4959e+00 -4.2260e+00
126 0 +1.099302966e+03 +1.197922966e+03 +1.197922966e+03 -2.6034e+00 -2.5635e+00 +7.3312e-02 -3.2411e+00 -2.0232e+00
127 0 +9.041639738e+02 +1.002783974e+03 +1.002783974e+03 -2.5892e+00 -2.4862e+00 +1.3203e-01 -3.1918e+00 -1.8468e+00
130 0 +7.279680028e+02 +8.265880028e+02 +8.265880028e+02 -2.5236e+00 -2.4350e+00 +2.1933e-01 -3.2126e+00 -1.6917e+00
133 0 +7.094169071e+02 +8.080369071e+02 +8.080369071e+02 -2.0230e+00 -1.9169e+00 +8.0327e-03 -2.5545e+00 -1.3177e+00
152 0 +6.084542742e+02 +7.070742742e+02 +7.070742742e+02 -2.1276e+00 -2.1085e+00 +1.2554e-01 -2.6482e+00 -1.4586e+00
201 0 +5.254926619e+02 +6.241126619e+02 +6.241126619e+02 -1.9903e+00 -1.9773e+00 +2.3303e-01 -2.4772e+00 -1.2958e+00
204 0 +4.535071760e+02 +5.521271760e+02 +5.521271760e+02 -2.4833e+00 -2.3174e+00 +4.4539e-01 -3.1754e+00 -1.5245e+00
363 0 +4.367056486e+02 +5.353256486e+02 +5.353256486e+02 -2.1346e+00 -1.9873e+00 +3.2495e-01 -2.6324e+00 -1.3338e+00
401 0 +3.765004146e+02 +4.751204146e+02 +4.751204146e+02 -2.2229e+00 -2.0363e+00 +4.1097e-01 -2.8424e+00 -1.3974e+00
601 0 +3.686027832e+02 +4.672227832e+02 +4.672227832e+02 -2.2956e+00 -1.9839e+00 +4.8041e-01 -2.9798e+00 -1.4930e+00
702 0 +3.549076760e+02 +4.535276760e+02 +4.535276760e+02 -2.3973e+00 -1.9641e+00 +5.2941e-01 -2.9982e+00 -1.5075e+00
703 0 +3.418176762e+02 +4.404376762e+02 +4.404376762e+02 -2.3755e+00 -1.9952e+00 +5.0724e-01 -2.9665e+00 -1.4347e+00
705 0 +3.085388201e+02 +4.071588201e+02 +4.071588201e+02 -1.9679e+00 -2.4558e+00 +3.7516e-01 -2.8397e+00 -9.1893e-01
835 0 +2.710968767e+02 +3.697168767e+02 +3.697168767e+02 -1.8604e+00 -2.1091e+00 +4.2852e-01 -2.6086e+00 -9.1016e-01
901 0 +2.181554239e+02 +3.167754239e+02 +3.167754239e+02 -1.7473e+00 -2.1115e+00 +5.1274e-01 -2.5805e+00 -7.7323e-01
1102 0 +1.822414630e+02 +2.808614630e+02 +2.808614630e+02 -1.6107e+00 -1.9506e+00 +7.3373e-01 -2.4929e+00 -6.2780e-01
1201 0 +1.715186065e+02 +2.701386065e+02 +2.701386065e+02 -1.6004e+00 -1.9499e+00 +6.7756e-01 -2.5727e+00 -6.6410e-01
1301 0 +1.270473447e+02 +2.256673447e+02 +2.256673447e+02 -1.7927e+00 -1.9985e+00 +7.2977e-01 -2.7330e+00 -6.5865e-01
1401 0 +7.815469475e+01 +1.767746948e+02 +1.767746948e+02 -1.9070e+00 -2.0787e+00 +8.9288e-01 -2.8511e+00 -5.9442e-01
1501 0 +6.629654783e+01 +1.649165478e+02 +1.649165478e+02 -2.0197e+00 -2.2722e+00 +1.0084e+00 -2.8399e+00 -5.2682e-01
2004 0 +5.983601905e+01 +1.584560190e+02 +1.584560190e+02 -1.3662e+00 -1.9076e+00 +9.0310e-01 -2.9145e+00 -4.3906e-01
2005 0 +3.716265301e+01 +1.357826530e+02 +1.357826530e+02 -1.9479e+00 -2.1226e+00 +9.1457e-01 -2.9139e+00 -1.8890e-01
2202 0 +3.051942787e+01 +1.291394279e+02 +1.291394279e+02 -1.8706e+00 -2.1659e+00 +9.7643e-01 -3.1578e+00 -1.7097e-01
2803 0 +7.683401318e+00 +1.063034013e+02 +1.063034013e+02 -1.9751e+00 -2.1682e+00 +1.3977e+00 -3.0461e+00 -1.7416e-02
3601 0 +4.998985651e+00 +1.036189857e+02 +1.036189857e+02 -1.6203e+00 -2.0197e+00 +1.4079e+00 -3.1535e+00 -5.5338e-02
% f evaluations | g evaluations | best noise-free fitness - Fopt (-4.715000000000e+01) + sum g_i+ | measured fitness | best measured fitness or single-digit g-values | x1 | x2...
1 0 +4.638510138e+04 +4.633795138e+04 +4.633795138e+04 +2.2315e+00 -2.5897e+00 -8.0208e-01 +4.7751e-01 -2.7365e+00
2 0 +4.478977875e+04 +4.474262875e+04 +4.474262875e+04 +6.2225e-01 +1.1217e+00 -3.7430e+00 +1.3258e+00 +2.6357e+00
3 0 +1.357875277e+04 +1.353160277e+04 +1.353160277e+04 -2.4940e+00 -3.1607e+00 -3.0091e-01 -2.2082e-02 -9.1640e-01
30 0 +6.452902963e+03 +6.405752963e+03 +6.405752963e+03 +1.5398e+00 +4.8064e-02 -3.5784e+00 -1.5931e+00 +3.1865e+00
35 0 +5.691852954e+03 +5.644702954e+03 +5.644702954e+03 -2.9904e+00 -2.7993e+00 -5.2058e-01 -2.1143e-01 +2.7077e+00
65 0 +5.319243196e+03 +5.272093196e+03 +5.272093196e+03 -2.0621e+00 +5.3186e-01 -3.7176e+00 -8.3201e-01 +4.6531e+00
279 0 +4.722963088e+03 +4.675813088e+03 +4.675813088e+03 -2.1832e+00 +3.7016e-01 -2.4177e+00 -8.5179e-01 +1.7920e+00
301 0 +3.611288403e+03 +3.564138403e+03 +3.564138403e+03 -2.5198e+00 +2.2567e-01 -2.5492e+00 -9.3856e-01 +1.9611e+00
401 0 +3.000372683e+03 +2.953222683e+03 +2.953222683e+03 -2.5445e+00 +1.1668e-01 -2.5593e+00 -1.0056e+00 +1.9745e+00
501 0 +2.442073699e+03 +2.394923699e+03 +2.394923699e+03 -3.0189e+00 +7.2048e-02 -2.8730e+00 -1.2070e+00 +2.2670e+00
901 0 +1.699366453e+03 +1.652216453e+03 +1.652216453e+03 -1.2733e+00 -4.8037e-01 -2.3372e+00 -1.3516e+00 +6.2985e-01
1001 0 +1.239864599e+03 +1.192714599e+03 +1.192714599e+03 -1.1889e+00 -6.2079e-01 -2.4924e+00 -1.5107e+00 +5.5607e-01
1101 0 +4.739126070e+02 +4.267626070e+02 +4.267626070e+02 -8.9533e-01 -9.1203e-01 -2.7243e+00 -2.0677e+00 -9.2576e-02
1201 0 +2.394731042e+02 +1.923231042e+02 +1.923231042e+02 -5.5588e-01 -1.1295e+00 -2.8511e+00 -2.4163e+00 -5.4290e-01
1501 0 +1.441700267e+02 +9.702002670e+01 +9.702002670e+01 -4.2163e-01 -5.8890e-01 -9.2280e-01 -1.5321e+00 +1.6678e+00
1601 0 +1.090020955e+02 +6.185209554e+01 +6.185209554e+01 -2.1195e-01 -5.6044e-01 -5.9035e-01 -1.7644e+00 +2.2536e+00
2203 0 +7.362738748e+01 +2.647738748e+01 +2.647738748e+01 -6.5660e-01 -1.0305e+00 -1.5926e+00 -2.1689e+00 +1.0515e+00
2302 0 +6.591987419e+01 +1.876987419e+01 +1.876987419e+01 -7.9709e-01 -1.0908e+00 -1.5105e+00 -2.2380e+00 +1.0311e+00
2502 0 +5.052839001e+01 +3.378390011e+00 +3.378390011e+00 -6.3365e-01 -7.5501e-01 -1.1078e+00 -2.1450e+00 +5.3438e-01
2507 0 +4.811437993e+01 +9.643799347e-01 +9.643799347e-01 -6.9181e-01 -1.1093e+00 -1.3251e+00 -2.1180e+00 +8.0398e-01
2610 0 +2.871024972e+01 -1.843975028e+01 -1.843975028e+01 -4.3385e-01 -9.4146e-01 -1.2090e+00 -2.0515e+00 +8.2572e-01
2701 0 +1.391132653e+01 -3.323867347e+01 -3.323867347e+01 -3.7184e-01 -8.8375e-01 -1.1828e+00 -2.0482e+00 +9.8151e-01
3009 0 +1.069824853e+01 -3.645175147e+01 -3.645175147e+01 -2.6051e-01 -8.5167e-01 -1.2032e+00 -2.1999e+00 +1.0520e+00
3078 0 +6.724930035e+00 -4.042506997e+01 -4.042506997e+01 -4.3418e-01 -8.3601e-01 -1.1917e+00 -2.1332e+00 +9.3905e-01
3259 0 +3.191010838e+00 -4.395898916e+01 -4.395898916e+01 -3.4816e-01 -8.2091e-01 -1.0912e+00 -2.0948e+00 +9.7618e-01
4107 0 +2.328739769e+00 -4.482126023e+01 -4.482126023e+01 -5.3550e-01 -1.1239e+00 -1.6718e+00 -3.0591e+00 -2.2554e-01
4213 0 +1.274001097e+00 -4.587599890e+01 -4.587599890e+01 -3.2239e-01 -7.4464e-01 -1.1297e+00 -2.2756e+00 +6.8396e-01
4452 0 +1.129950204e+00 -4.602004980e+01 -4.602004980e+01 -3.6163e-01 -7.7825e-01 -1.1948e+00 -2.2889e+00 +6.7285e-01
% f evaluations | g evaluations | best noise-free fitness - Fopt (3.752000000000e+01) + sum g_i+ | measured fitness | best measured fitness or single-digit g-values | x1 | x2...
1 0 +4.946500568e+05 +4.946875768e+05 +4.946875768e+05 -2.7899e+00 +4.6639e+00 -3.3015e+00 -3.3151e+00 -2.5182e+00
2 0 +2.927068343e+05 +2.927443543e+05 +2.927443543e+05 -4.0988e+00 -3.8944e+00 -4.3405e+00 +2.2986e+00 -1.2461e+00
3 0 +3.303088084e+04 +3.306840084e+04 +3.306840084e+04 +6.8361e-01 +7.7402e-01 +5.0152e-01 -4.2559e+00 -3.1414e+00
5 0 +7.511502675e+03 +7.549022675e+03 +7.549022675e+03 +2.9431e+00 -4.8580e+00 +1.4024e+00 -2.9416e+00 -4.2617e+00
29 0 +2.469020037e+03 +2.506540037e+03 +2.506540037e+03 -1.9854e-01 -1.3069e+00 +1.8464e+00 -2.9609e+00 -1.6385e+00
131 0 +2.185238775e+03 +2.222758775e+03 +2.222758775e+03 -6.7926e-01 -1.3830e+00 +2.1875e+00 -1.8088e+00 -1.5563e-01
138 0 +1.920852582e+03 +1.958372582e+03 +1.958372582e+03 -5.0197e-01 -1.4991e+00 +1.8086e+00 -1.6518e+00 -2.5366e-03
182 0 +1.900086292e+03 +1.937606292e+03 +1.937606292e+03 -6.0531e-01 -1.4862e+00 +2.1502e+00 -1.8643e+00 -1.5521e-01
301 0 +1.689970556e+03 +1.727490556e+03 +1.727490556e+03 -5.5256e-01 -2.0228e+00 +2.0851e+00 -1.8633e+00 +9.0820e-03
302 0 +1.609410811e+03 +1.646930811e+03 +1.646930811e+03 -6.0466e-01 -1.6302e+00 +2.5700e+00 -2.0812e+00 -1.8257e-01
505 0 +1.348385586e+03 +1.385905586e+03 +1.385905586e+03 -3.3017e-01 -1.3597e+00 +2.2698e+00 -2.0527e+00 -1.7122e-01
601 0 +9.216538197e+02 +9.591738197e+02 +9.591738197e+02 +3.0752e-02 -1.3347e+00 +2.5259e+00 -2.2723e+00 -1.2848e-01
1001 0 +8.797362466e+02 +9.172562466e+02 +9.172562466e+02 -4.0503e-02 -1.4072e+00 +2.4680e+00 -2.2381e+00 -9.5983e-02
1101 0 +7.164408098e+02 +7.539608098e+02 +7.539608098e+02 -3.7516e-02 -1.6058e+00 +2.6527e+00 -2.4793e+00 -1.4700e-01
1405 0 +6.792078004e+02 +7.167278004e+02 +7.167278004e+02 -2.1660e-02 -1.7909e+00 +2.7714e+00 -2.5661e+00 -1.1325e-01
1508 0 +5.707166996e+02 +6.082366996e+02 +6.082366996e+02 -8.6459e-02 -2.0531e+00 +2.4224e+00 -2.3710e+00 +2.6395e-01
1701 0 +5.155875118e+02 +5.531075118e+02 +5.531075118e+02 -6.7912e-02 -2.1229e+00 +2.4231e+00 -2.3723e+00 +4.2160e-01
1747 0 +5.018180432e+02 +5.393380432e+02 +5.393380432e+02 +1.4369e-01 -1.7142e+00 +2.6305e+00 -2.0911e+00 +1.6391e-01
1807 0 +4.473130277e+02 +4.848330277e+02 +4.848330277e+02 +8.9184e-03 -1.7269e+00 +2.4445e+00 -2.3133e+00 +4.4569e-01
1901 0 +4.466292419e+02 +4.841492419e+02 +4.841492419e+02 -2.0628e-02 -1.8642e+00 +2.6267e+00 -2.7683e+00 +6.4493e-01
1902 0 +3.486479168e+02 +3.861679168e+02 +3.861679168e+02 +6.3568e-03 -1.6988e+00 +2.5272e+00 -2.3249e+00 +7.8623e-01
2001 0 +2.801985100e+02 +3.177185100e+02 +3.177185100e+02 +5.0030e-04 -1.7020e+00 +2.5888e+00 -2.3330e+00 +1.0807e+00
2101 0 +2.560402385e+02 +2.935602385e+02 +2.935602385e+02 -2.5237e-02 -1.7466e+00 +2.7636e+00 -2.5059e+00 +1.4293e+00
2205 0 +2.118726496e+02 +2.493926496e+02 +2.493926496e+02 +5.4057e-01 -1.9108e+00 +2.8312e+00 -1.9857e+00 +8.6659e-01
2502 0 +1.762162785e+02 +2.137362785e+02 +2.137362785e+02 +3.1074e-01 -1.8907e+00 +2.4506e+00 -2.2230e+00 +9.4792e-01
2602 0 +1.193014532e+02 +1.568214532e+02 +1.568214532e+02 +3.5533e-01 -1.7711e+00 +2.6270e+00 -1.9726e+00 +1.4484e+00
2701 0 +7.462875213e+01 +1.121487521e+02 +1.121487521e+02 +4.6587e-01 -1.8611e+00 +2.7089e+00 -1.8689e+00 +1.6376e+00
2801 0 +1.992963545e+01 +5.744963545e+01 +5.744963545e+01 +6.0891e-01 -2.0570e+00 +2.5788e+00 -1.7506e+00 +2.2830e+00
3004 0 +1.101633533e+01 +4.853633533e+01 +4.853633533e+01 +6.5336e-01 -2.1144e+00 +2.6160e+00 -1.7460e+00 +2.4420e+00
4301 0 +6.836227165e+00 +4.435622716e+01 +4.435622716e+01 +7.7007e-01 -2.4006e+00 +2.2367e+00 -2.2991e+00 +1.8871e+00
% f evaluations | g evaluations | best noise-free fitness - Fopt (1.699800000000e+02) + sum g_i+ | measured fitness | best measured fitness or single-digit g-values | x1 | x2...
1 0 +4.788771292e+04 +4.805769292e+04 +4.805769292e+04 -4.1754e+00 -3.1201e+00 +3.4330e+00 +3.6604e+00 +2.5447e+00
3 0 +4.522296819e+04 +4.539294819e+04 +4.539294819e+04 -1.6559e+00 +2.9822e+00 +7.2812e-01 -1.6566e+00 -3.8096e+00
4 0 +2.133455111e+04 +2.150453111e+04 +2.150453111e+04 -4.6546e-01 -4.1604e+00 -3.8291e+00 +2.2484e+00 +4.2254e+00
29 0 +1.030959086e+04 +1.047957086e+04 +1.047957086e+04 -3.5666e+00 -8.1391e-01 +1.7015e+00 -1.3905e+00 -8.8049e-01
48 0 +6.049013011e+03 +6.218993011e+03 +6.218993011e+03 -2.7368e+00 -1.3471e+00 +1.7682e+00 +2.2251e+00 +3.0564e+00
64 0 +2.355926869e+02 +4.055726869e+02 +4.055726869e+02 -3.9085e+00 -1.1126e+00 -6.3268e-02 +1.7588e+00 +4.6165e+00
601 0 +1.768981257e+02 +3.468781257e+02 +3.468781257e+02 -1.8889e+00 -4.4924e-01 -4.2862e-01 +4.5226e-02 +7.3986e-01
701 0 +1.160491374e+02 +2.860291374e+02 +2.860291374e+02 -2.0722e+00 -5.7142e-01 -4.4059e-01 -4.8562e-02 +8.7757e-01
801 0 +1.020259058e+02 +2.720059058e+02 +2.720059058e+02 -2.4342e+00 -1.0665e+00 -1.9802e-01 -8.1243e-02 +1.4724e+00
1001 0 +7.594535050e+01 +2.459253505e+02 +2.459253505e+02 -2.4791e+00 -1.1013e+00 -2.8597e-01 -9.1691e-02 +1.5204e+00
1002 0 +7.060142778e+01 +2.405814278e+02 +2.405814278e+02 -2.2314e+00 -6.6540e-01 -5.7386e-01 +2.0703e-01 +1.2395e+00
1389 0 +5.983340631e+01 +2.298134063e+02 +2.298134063e+02 -1.9835e+00 -4.8847e-01 -3.8956e-01 +1.0917e-01 +1.3522e+00
1401 0 +5.276077149e+01 +2.227407715e+02 +2.227407715e+02 -2.1473e+00 -4.6974e-01 -3.8202e-01 +3.7161e-02 +1.5968e+00
1501 0 +4.423871306e+01 +2.142187131e+02 +2.142187131e+02 -2.1813e+00 -5.1232e-01 -4.1595e-01 +1.5508e-03 +1.6514e+00
1589 0 +4.292538730e+01 +2.129053873e+02 +2.129053873e+02 -2.1109e+00 -6.8013e-01 -4.1778e-01 +7.8766e-02 +1.2807e+00
1603 0 +2.235179745e+01 +1.923317975e+02 +1.923317975e+02 -2.2496e+00 -7.2575e-01 -4.3908e-01 +2.4496e-02 +1.5200e+00
2010 0 +1.226433307e+01 +1.822443331e+02 +1.822443331e+02 -2.1286e+00 -7.0406e-01 -5.2048e-01 +1.7523e-01 +1.6702e+00
2110 0 +4.838326522e+00 +1.748183265e+02 +1.748183265e+02 -2.1680e+00 -7.3811e-01 -4.6445e-01 +5.0503e-02 +1.8278e+00
2705 0 +3.445189116e+00 +1.734251891e+02 +1.734251891e+02 -2.2426e+00 -8.5848e-01 -4.9184e-01 +3.2327e-01 +2.0749e+00
2902 0 +3.002510602e+00 +1.729825106e+02 +1.729825106e+02 -2.2207e+00 -9.1950e-01 -6.9022e-01 +1.7314e-02 +1.9751e+00
2904 0 +2.151130219e+00 +1.721311302e+02 +1.721311302e+02 -2.1456e+00 -7.1015e-01 -4.2191e-01 +2.4631e-01 +2.0594e+00
3439 0 +1.854934513e+00 +1.718349345e+02 +1.718349345e+02 -2.1661e+00 -7.5005e-01 -3.9557e-01 +2.2055e-01 +1.9027e+00
% f evaluations | g evaluations | best noise-free fitness - Fopt (-2.347800000000e+02) + sum g_i+ | measured fitness | best measured fitness or single-digit g-values | x1 | x2...
1 0 +1.509098470e+05 +1.506750670e+05 +1.506750670e+05 +3.5814e+00 -2.1714e+00 -2.9024e+00 -4.8736e+00 -3.7587e+00
2 0 +8.083923109e+04 +8.060445109e+04 +8.060445109e+04 +2.2741e+00 +3.7585e+00 +1.9240e+00 -3.0958e+00 +2.7199e+00
6 0 +6.329981546e+04 +6.306503546e+04 +6.306503546e+04 +2.2794e+00 -4.2928e+00 -1.7013e+00 -1.2020e+00 +1.9142e-01
10 0 +2.737868548e+04 +2.714390548e+04 +2.714390548e+04 +1.0363e+00 -4.5364e+00 +1.8031e+00 +9.8004e-01 +2.5084e+00
18 0 +2.097503423e+04 +2.074025423e+04 +2.074025423e+04 +4.9707e-04 +2.0255e+00 -8.3754e-01 +1.8535e+00 +4.9890e+00
22 0 +1.203798624e+04 +1.180320624e+04 +1.180320624e+04 -3.9476e+00 +7.3131e-01 -1.0603e+00 +1.7209e+00 +2.1133e+00
37 0 +6.814134929e+03 +6.579354929e+03 +6.579354929e+03 -2.3516e+00 -4.2841e+00 +1.9191e+00 -1.5031e+00 -7.8702e-01
126 0 +1.368156164e+03 +1.133376164e+03 +1.133376164e+03 -2.5771e-01 -1.4630e-01 +4.0851e-02 -1.9377e-01 +2.5545e-01
127 0 +8.005984534e+02 +5.658184534e+02 +5.658184534e+02 -5.5703e-01 -2.3772e-01 +1.0651e-01 -1.9243e-01 +6.4052e-01
129 0 +2.538928262e+02 +1.911282619e+01 +1.911282619e+01 -1.0805e+00 -5.1710e-01 +1.2641e-01 -3.7328e-01 +1.0711e+00
130 0 +1.949360710e+02 -3.984392897e+01 -3.984392897e+01 -1.3523e+00 -6.8866e-01 +1.4569e-01 -4.1908e-01 +1.0289e+00
133 0 +1.442191990e+02 -9.056080100e+01 -9.056080100e+01 -1.3285e+00 -7.5418e-01 +3.0191e-01 -4.4955e-01 +1.3169e+00
201 0 +1.314384126e+02 -1.033415874e+02 -1.033415874e+02 -1.6810e+00 -7.4533e-01 +4.1787e-01 -5.4991e-01 +1.6237e+00
202 0 +1.146617838e+02 -1.201182162e+02 -1.201182162e+02 -1.4788e+00 -8.3846e-01 +2.0313e-01 -5.9708e-01 +1.2777e+00
210 0 +1.070993681e+02 -1.276806319e+02 -1.276806319e+02 -1.3095e+00 -6.6521e-01 +1.7396e-01 -7.3760e-01 +1.1608e+00
401 0 +8.566729264e+01 -1.491127074e+02 -1.491127074e+02 -1.9895e+00 -8.4554e-01 +8.4322e-01 -5.5215e-01 +1.4869e+00
502 0 +8.069954662e+01 -1.540804534e+02 -1.540804534e+02 -1.6866e+00 -7.4348e-01 +6.7319e-01 -5.8631e-01 +1.0192e+00
601 0 +7.201018369e+01 -1.627698163e+02 -1.627698163e+02 -2.1544e+00 -9.0976e-01 +1.0259e+00 -7.0118e-01 +8.9558e-01
603 0 +6.206805730e+01 -1.727119427e+02 -1.727119427e+02 -1.4114e+00 -5.8039e-01 +7.6144e-01 -5.0559e-01 +1.3771e+00
801 0 +4.356332546e+01 -1.912166745e+02 -1.912166745e+02 -1.4476e+00 -6.4353e-01 +1.0117e+00 -5.8552e-01 +1.5500e+00
1003 0 +3.563984656e+01 -1.991401534e+02 -1.991401534e+02 -1.3157e+00 -4.3798e-01 +9.2029e-01 -4.7794e-01 +1.3789e+00
1102 0 +1.826367702e+01 -2.165163230e+02 -2.165163230e+02 -1.0791e+00 -3.4886e-01 +1.1902e+00 -2.3179e-01 +1.8529e+00
1703 0 +1.742693743e+01 -2.173530626e+02 -2.173530626e+02 -1.4207e+00 -4.7542e-01 +1.1212e+00 -6.9439e-01 +8.9003e-01
1802 0 +1.326004886e+01 -2.215199511e+02 -2.215199511e+02 -1.2601e+00 -3.2116e-01 +1.1783e+00 -3.9221e-01 +1.3944e+00
1804 0 +5.135024819e+00 -2.296449752e+02 -2.296449752e+02 -1.1821e+00 -2.2717e-01 +1.2051e+00 -4.7676e-01 +1.4943e+00
2608 0 +3.990845860e+00 -2.307891541e+02 -2.307891541e+02 -1.0531e+00 -2.8982e-01 +1.1915e+00 -5.2262e-01 +1.2145e+00
3243 0 +1.026338935e+00 -2.337536611e+02 -2.337536611e+02 -1.1720e+00 -3.3353e-01 +1.2114e+00 -5.1706e-01 +1.3139e+00
3601 0 +8.632887402e-01 -2.339167113e+02 -2.339167113e+02 -1.1280e+00 -3.2801e-01 +1.1303e+00 -7.0291e-01 +8.7130e-01
% f evaluations | g evaluations | best noise-free fitness - Fopt (-9.473000000000e+01) + sum g_i+ | measured fitness | best measured fitness or single-digit g-values | x1 | x2...
1 0 +3.645553143e+05 +3.644605843e+05 +3.644605843e+05 +1.0101e+00 -2.7945e+00 +7.8039e-01 +3.7490e+00 -4.3489e+00
2 0 +1.625503231e+05 +1.624555931e+05 +1.624555931e+05 +3.9007e+00 +2.3393e+00 -3.3080e+00 +1.6658e+00 +1.1896e+00
3 0 +2.334829010e+04 +2.325356010e+04 +2.325356010e+04 -1.8911e+00 +2.5281e+00 +2.5546e+00 -2.2493e+00 +2.2561e+00
5 0 +1.650841595e+04 +1.641368595e+04 +1.641368595e+04 +1.1864e+00 +2.9010e+00 +3.1931e-01 -8.2215e-01 -2.9252e+00
6 0 +8.176828002e+03 +8.082098002e+03 +8.082098002e+03 -4.0141e+00 +1.1583e+00 -3.8028e+00 -4.3256e+00 +4.5095e+00
21 0 +1.117981207e+03 +1.023251207e+03 +1.023251207e+03 -8.6162e-01 +1.8175e+00 -1.5380e+00 -4.7302e+00 -7.1863e-01
201 0 +6.177904078e+02 +5.230604078e+02 +5.230604078e+02 -2.0154e+00 +6.1852e-01 -4.9504e-01 -2.7295e+00 -8.7815e-01
301 0 +5.452344941e+02 +4.505044941e+02 +4.505044941e+02 -2.3788e+00 +6.8865e-01 -7.7443e-01 -3.6511e+00 -1.1177e+00
504 0 +5.083422898e+02 +4.136122898e+02 +4.136122898e+02 -1.9228e+00 +5.1706e-01 -6.0889e-01 -2.7692e+00 -7.3780e-01
506 0 +4.779402320e+02 +3.832102320e+02 +3.832102320e+02 -2.0406e+00 +5.6751e-01 -5.8246e-01 -2.7837e+00 -6.5604e-01
601 0 +2.989267715e+02 +2.041967715e+02 +2.041967715e+02 -2.1389e+00 +6.5276e-01 -7.3690e-01 -2.9801e+00 -4.0214e-01
604 0 +2.638485635e+02 +1.691185635e+02 +1.691185635e+02 -2.0330e+00 +4.5627e-01 -7.6278e-01 -2.9458e+00 -2.3735e-01
701 0 +1.120519993e+02 +1.732199926e+01 +1.732199926e+01 -1.8924e+00 +5.9889e-01 -1.3172e+00 -3.5753e+00 +4.0823e-02
902 0 +1.004047868e+02 +5.674786819e+00 +5.674786819e+00 -1.1008e+00 +1.4317e+00 -1.7881e+00 -3.1254e+00 +9.0226e-02
1106 0 +7.994641270e+01 -1.478358730e+01 -1.478358730e+01 -1.0807e+00 +1.5167e+00 -1.9504e+00 -3.1662e+00 +2.7640e-01
1316 0 +7.786069653e+01 -1.686930347e+01 -1.686930347e+01 -1.1253e+00 +1.3232e+00 -1.4775e+00 -3.0169e+00 +3.5546e-01
1401 0 +3.703674672e+01 -5.769325328e+01 -5.769325328e+01 -8.9393e-01 +1.6506e+00 -1.7486e+00 -3.2021e+00 +7.4014e-01
1601 0 +2.577395382e+01 -6.895604618e+01 -6.895604618e+01 -1.4757e+00 +1.3433e+00 -1.1912e+00 -3.3848e+00 +4.4403e-01
1801 0 +2.317315493e+01 -7.155684507e+01 -7.155684507e+01 -1.4871e+00 +1.5230e+00 -1.2328e+00 -3.4894e+00 +4.9332e-01
1904 0 +2.033999814e+01 -7.439000186e+01 -7.439000186e+01 -1.2021e+00 +1.2774e+00 -1.6042e+00 -3.2261e+00 +6.4466e-01
2001 0 +1.262995725e+01 -8.210004275e+01 -8.210004275e+01 -1.1607e+00 +1.4078e+00 -1.6866e+00 -3.2919e+00 +8.8229e-01
2406 0 +5.940685585e+00 -8.878931441e+01 -8.878931441e+01 -1.2775e+00 +1.2928e+00 -1.3740e+00 -3.3656e+00 +8.4077e-01
2606 0 +3.546856817e+00 -9.118314318e+01 -9.118314318e+01 -1.1831e+00 +1.5495e+00 -1.3654e+00 -3.4610e+00 +7.4151e-01
4301 0 +3.301999392e+00 -9.142800061e+01 -9.142800061e+01 -1.1506e+00 +1.6111e+00 -1.2872e+00 -3.4282e+00 +7.8679e-01
% f evaluations | g evaluations | best noise-free fitness - Fopt (-7.158000000000e+02) + sum g_i+ | measured fitness | best measured fitness or single-digit g-values | x1 | x2...
1 0 +1.177149834e+05 +1.169991834e+05 +1.169991834e+05 +3.1491e+00 +3.2985e+00 -1.2860e+00 -2.2153e+00 +1.3156e+00
3 0 +9.230399324e+04 +9.158819324e+04 +9.158819324e+04 -2.2978e+00 +3.9503e+00 +3.7538e+00 -3.1592e+00 -4.0799e+00
5 0 +3.038625084e+04 +2.967045084e+04 +2.967045084e+04 +6.2146e-01 -4.3183e+00 +3.0830e+00 +1.2170e+00 -1.0565e-01
6 0 +6.847656238e+03 +6.131856238e+03 +6.131856238e+03 -2.8492e+00 -3.2578e+00 +2.7933e+00 -2.9543e-01 -3.6574e+00
34 0 +5.435624921e+03 +4.719824921e+03 +4.719824921e+03 -2.0225e+00 -9.8656e-01 +2.5043e+00 -6.6949e-01 +4.6869e+00
73 0 +2.912843450e+03 +2.197043450e+03 +2.197043450e+03 -6.2815e-01 -9.0415e-01 +4.7621e-01 +3.3794e+00 +1.9777e+00
83 0 +1.866398702e+03 +1.150598702e+03 +1.150598702e+03 -2.4740e+00 -2.4833e+00 -2.7071e-01 +3.9953e-01 -3.3316e+00
101 0 +4.471279006e+02 -2.686720994e+02 -2.686720994e+02 -2.8228e+00 -1.1767e+00 -5.3326e-01 +4.6586e-01 -2.7791e+00
126 0 +2.912764169e+02 -4.245235831e+02 -4.245235831e+02 -1.2008e+00 +1.4876e-01 +1.3650e+00 +8.9344e-01 -3.3384e-01
130 0 +1.376405972e+02 -5.781594028e+02 -5.781594028e+02 -1.5443e+00 +1.5585e-01 +1.6652e+00 +1.4261e+00 -4.2933e-01
150 0 +1.167214446e+02 -5.990785554e+02 -5.990785554e+02 -1.5850e+00 +1.2385e-01 +1.6538e+00 +1.3761e+00 -6.6275e-01
203 0 +1.062488616e+02 -6.095511384e+02 -6.095511384e+02 -1.4370e+00 +3.4819e-01 +1.5275e+00 +1.4287e+00 -4.5653e-01
204 0 +7.546744215e+01 -6.403325579e+02 -6.403325579e+02 -1.3332e+00 +1.5881e-01 +1.6329e+00 +1.5569e+00 -5.2111e-01
301 0 +4.954552154e+01 -6.662544785e+02 -6.662544785e+02 -1.2216e+00 +2.1324e-01 +1.7378e+00 +1.8886e+00 -6.7176e-01
403 0 +3.682009578e+01 -6.789799042e+02 -6.789799042e+02 -1.3750e+00 +3.2811e-01 +1.5148e+00 +1.4424e+00 -9.3737e-01
601 0 +1.814380066e+01 -6.976561993e+02 -6.976561993e+02 -1.3166e+00 +1.6148e-01 +1.4607e+00 +1.8637e+00 -3.8064e-01
805 0 +1.345020755e+01 -7.023497925e+02 -7.023497925e+02 -1.5391e+00 +1.7158e-01 +1.2167e+00 +1.3833e+00 -1.2343e+00
1001 0 +1.129763625e+01 -7.045023638e+02 -7.045023638e+02 -1.5776e+00 +2.2532e-01 +1.3979e+00 +1.5735e+00 -1.2012e+00
1106 0 +7.037217425e+00 -7.087627826e+02 -7.087627826e+02 -1.4374e+00 +1.0009e-01 +1.2213e+00 +1.3371e+00 -1.2926e+00
1107 0 +3.660286663e+00 -7.121397133e+02 -7.121397133e+02 -1.4742e+00 +2.0236e-01 +1.5440e+00 +1.9022e+00 -2.8504e-01
1304 0 +3.152865650e+00 -7.126471344e+02 -7.126471344e+02 -1.4691e+00 +1.6760e-01 +1.4910e+00 +1.9173e+00 -4.3429e-01
1523 0 +2.817616566e+00 -7.129823834e+02 -7.129823834e+02 -1.4991e+00 +6.8118e-02 +1.4036e+00 +1.6572e+00 -1.0539e+00
3901 0 +2.584755864e+00 -7.132152441e+02 -7.132152441e+02 -1.5219e+00 +2.3159e-02 +1.3406e+00 +1.3939e+00 -1.4202e+00
4319 0 +2.441579007e+00 -7.133584210e+02 -7.133584210e+02 -1.5871e+00 +3.3981e-02 +1.2223e+00 +1.3698e+00 -1.3357e+00
4916 0 +1.881400179e+00 -7.139185998e+02 -7.139185998e+02 -1.5534e+00 -1.3407e-02 +1.1703e+00 +1.2726e+00 -1.4338e+00
% f evaluations | g evaluations | best noise-free fitness - Fopt (2.545000000000e+01) + sum g_i+ | measured fitness | best measured fitness or single-digit g-values | x1 | x2...
1 0 +1.330850673e+05 +1.331105173e+05 +1.331105173e+05 -4.2811e+00 -1.1850e+00 +2.5869e+00 -1.5829e+00 -4.8455e+00
3 0 +1.138050110e+05 +1.138304610e+05 +1.138304610e+05 -3.7463e+00 +5.0341e-01 -3.8846e+00 -2.8311e+00 -2.3189e+00
4 0 +8.572853864e+04 +8.575398864e+04 +8.575398864e+04 -3.7367e+00 -4.2280e+00 -1.8292e+00 -2.7537e+00 +1.4072e+00
6 0 +7.808621506e+04 +7.811166506e+04 +7.811166506e+04 -1.0584e+00 +1.7089e+00 +1.2444e+00 +8.8337e-02 +1.0757e+00
7 0 +5.007187001e+01 +7.552187001e+01 +7.552187001e+01 +1.9397e+00 -4.1250e+00 -1.5368e+00 -5.4935e-01 -1.1620e+00
1402 0 +4.680065658e+01 +7.225065658e+01 +7.225065658e+01 +7.5411e-01 -2.8843e+00 -3.1731e-01 -5.3136e-02 -5.6741e-02
1801 0 +3.878969028e+01 +6.423969028e+01 +6.423969028e+01 +3.7138e-01 -2.6149e+00 -3.3410e-01 +1.0062e-01 -6.6686e-02
1806 0 +2.637754257e+01 +5.182754257e+01 +5.182754257e+01 +1.9717e+00 -3.3907e+00 -7.7594e-01 -4.6378e-01 -7.8319e-01
2004 0 +2.163438074e+01 +4.708438074e+01 +4.708438074e+01 +4.6363e-01 -2.6359e+00 -3.2544e-01 +1.0120e-01 -1.3974e-01
2603 0 +1.481321856e+01 +4.026321856e+01 +4.026321856e+01 +5.3232e-01 -2.8546e+00 -4.5817e-01 +1.0734e-01 -9.5780e-02
2724 0 +8.478838014e+00 +3.392883801e+01 +3.392883801e+01 +5.4819e-01 -2.7175e+00 -4.1983e-01 +2.0770e-01 -1.6055e-01
2901 0 +8.035560092e+00 +3.348556009e+01 +3.348556009e+01 +6.4667e-01 -2.7023e+00 -3.7700e-01 +2.2986e-01 -1.3576e-01
3801 0 +7.234073890e+00 +3.268407389e+01 +3.268407389e+01 +6.6876e-01 -3.0025e+00 -8.2193e-01 -4.0084e-01 -7.3390e-01
4207 0 +6.403285335e+00 +3.185328533e+01 +3.185328533e+01 +7.6142e-01 -3.0624e+00 -9.1894e-01 -6.0012e-01 -9.1078e-01
4961 0 +6.300021645e+00 +3.175002165e+01 +3.175002165e+01 +7.3048e-01 -2.9363e+00 -8.0113e-01 -3.5380e-01 -7.3829e-01
4968 0 +4.300195936e+00 +2.975019594e+01 +2.975019594e+01 +7.8221e-01 -3.0203e+00 -7.8502e-01 -3.6527e-01 -7.6224e-01
% f evaluations | g evaluations | best noise-free fitness - Fopt (1.592800000000e+02) + sum g_i+ | measured fitness | best measured fitness or single-digit g-values | x1 | x2...
1 0 +1.393630371e+05 +1.395223171e+05 +1.395223171e+05 -2.2484e+00 +2.0713e+00 +1.0044e-01 -3.9764e+00 +1.5016e+00
2 0 +1.289988487e+05 +1.291581287e+05 +1.291581287e+05 -7.2549e-02 -4.8898e+00 -4.4781e+00 -2.7078e+00 -2.6826e+00
4 0 +1.611238776e+04 +1.627166776e+04 +1.627166776e+04 +3.1591e-01 -1.4647e+00 +2.1254e+00 +2.0816e-01 +4.6741e+00
11 0 +1.206930877e+04 +1.222858877e+04 +1.222858877e+04 -1.3222e+00 +1.8116e+00 -3.2407e+00 +2.9929e+00 +6.9134e-01
17 0 +9.726959214e+03 +9.886239214e+03 +9.886239214e+03 +3.2904e+00 +2.0950e+00 +1.0290e+00 +2.9794e+00 -1.8427e+00
22 0 +3.746366423e+03 +3.905646423e+03 +3.905646423e+03 +3.0231e+00 +4.7540e-01 +7.4425e-01 +3.2261e+00 -1.2051e+00
59 0 +2.435959212e+03 +2.595239212e+03 +2.595239212e+03 -5.3604e-01 +9.4042e-01 +1.0150e-01 -7.7565e-02 +3.4233e+00
65 0 +1.358388437e+03 +1.517668437e+03 +1.517668437e+03 +1.2747e+00 +3.0470e-01 -1.4688e+00 +2.3222e+00 +4.9278e+00
127 0 +9.282851912e+02 +1.087565191e+03 +1.087565191e+03 +1.1225e+00 -1.1451e+00 -8.7028e-02 +8.5892e-01 +1.1022e+00
130 0 +7.325310738e+02 +8.918110738e+02 +8.918110738e+02 +1.3866e+00 -1.4145e+00 -5.4504e-02 +1.0070e+00 +1.3598e+00
134 0 +6.268491181e+02 +7.861291181e+02 +7.861291181e+02 +1.2549e+00 -1.1887e+00 -1.8005e-01 +9.7872e-01 +1.3682e+00
136 0 +5.650396157e+02 +7.243196157e+02 +7.243196157e+02 +1.5054e+00 -1.4294e+00 -1.3204e-01 +1.0512e+00 +1.6859e+00
139 0 +4.895155580e+02 +6.487955580e+02 +6.487955580e+02 +1.4456e+00 -1.3847e+00 -2.5965e-01 +1.0596e+00 +1.4798e+00
141 0 +4.259061452e+02 +5.851861452e+02 +5.851861452e+02 +1.7106e+00 -1.7039e+00 -2.4355e-01 +1.2788e+00 +1.8210e+00
283 0 +4.134355284e+02 +5.727155284e+02 +5.727155284e+02 +1.3375e+00 -1.4520e+00 -3.7417e-01 +1.0410e+00 +1.5079e+00
301 0 +3.723031599e+02 +5.315831599e+02 +5.315831599e+02 +1.1477e+00 -1.4941e+00 -4.0352e-01 +1.0591e+00 +1.5075e+00
302 0 +3.120492919e+02 +4.713292919e+02 +4.713292919e+02 +1.6681e+00 -1.3350e+00 -4.6236e-01 +1.2444e+00 +1.5043e+00
401 0 +1.753950799e+02 +3.346750799e+02 +3.346750799e+02 +1.7809e+00 -1.1219e+00 -9.4624e-01 +1.3848e+00 +1.4155e+00
702 0 +1.647287947e+02 +3.240087947e+02 +3.240087947e+02 +1.2914e+00 -1.4438e+00 -4.5144e-01 +1.4440e+00 +1.7066e+00
801 0 +1.297745891e+02 +2.890545891e+02 +2.890545891e+02 +1.1839e+00 -1.4100e+00 -4.0145e-01 +1.6241e+00 +1.7651e+00
803 0 +1.134225632e+02 +2.727025632e+02 +2.727025632e+02 +1.3620e+00 -9.1690e-01 -5.6934e-01 +1.4695e+00 +1.6342e+00
901 0 +6.758377699e+01 +2.268637770e+02 +2.268637770e+02 +1.5385e+00 -7.1093e-01 -4.9136e-01 +1.7988e+00 +2.1589e+00
1205 0 +5.422922045e+01 +2.135092204e+02 +2.135092204e+02 +1.0526e+00 -7.0320e-01 -8.8323e-01 +1.5167e+00 +1.5995e+00
1301 0 +4.559847056e+01 +2.048784706e+02 +2.048784706e+02 +8.5584e-01 -7.3294e-01 -1.3948e+00 +1.5643e+00 +1.7615e+00
1483 0 +4.350837177e+01 +2.027883718e+02 +2.027883718e+02 +1.1648e+00 -8.0938e-01 -1.1104e+00 +1.4291e+00 +1.7402e+00
1501 0 +4.263646639e+01 +2.019164664e+02 +2.019164664e+02 +1.1847e+00 -8.1066e-01 -9.2363e-01 +1.4369e+00 +1.8312e+00
1503 0 +3.921667181e+01 +1.984966718e+02 +1.984966718e+02 +1.5632e+00 -4.6152e-01 -4.5438e-01 +1.9067e+00 +1.9234e+00
1504 0 +3.624517111e+01 +1.955251711e+02 +1.955251711e+02 +1.5860e+00 -6.3408e-01 -4.7853e-01 +2.1699e+00 +1.7869e+00
1505 0 +3.502686876e+01 +1.943068688e+02 +1.943068688e+02 +1.1506e+00 -7.9260e-01 -8.7015e-01 +1.5454e+00 +1.7798e+00
1601 0 +2.510234784e+01 +1.843823478e+02 +1.843823478e+02 +1.0030e+00 -7.1874e-01 -9.3118e-01 +1.5971e+00 +1.8951e+00
1701 0 +1.694246714e+01 +1.762224671e+02 +1.762224671e+02 +1.0511e+00 -7.2518e-01 -1.0385e+00 +1.8485e+00 +2.1805e+00
2101 0 +1.526697838e+01 +1.745469784e+02 +1.745469784e+02 +1.4814e+00 -7.4930e-01 -9.1224e-01 +1.6832e+00 +1.8228e+00
2106 0 +6.786604189e+00 +1.660666042e+02 +1.660666042e+02 +1.1202e+00 -9.2278e-01 -1.0618e+00 +1.7864e+00 +1.8082e+00
2301 0 +5.569132119e+00 +1.648491321e+02 +1.648491321e+02 +1.1835e+00 -8.5183e-01 -1.1139e+00 +1.8172e+00 +1.8101e+00
2402 0 +5.427228386e+00 +1.647072284e+02 +1.647072284e+02 +1.3980e+00 -8.7232e-01 -1.0368e+00 +1.9710e+00 +1.9440e+00
2809 0 +5.188224450e+00 +1.644682244e+02 +1.644682244e+02 +1.3286e+00 -6.9307e-01 -9.4680e-01 +1.8823e+00 +1.9065e+00
2906 0 +4.705316164e+00 +1.639853162e+02 +1.639853162e+02 +1.2039e+00 -8.6441e-01 -1.1505e+00 +1.8168e+00 +1.8693e+00
3303 0 +4.499536015e+00 +1.637795360e+02 +1.637795360e+02 +1.2958e+00 -8.2391e-01 -1.0907e+00 +1.8775e+00 +1.7893e+00
4111 0 +4.201489612e+00 +1.634814896e+02 +1.634814896e+02 +1.0914e+00 -9.1271e-01 -1.0963e+00 +1.8605e+00 +1.8603e+00
4202 0 +3.443747165e+00 +1.627237472e+02 +1.627237472e+02 +1.3286e+00 -8.0484e-01 -1.0319e+00 +1.9683e+00 +1.9225e+00
% f evaluations | g evaluations | best noise-free fitness - Fopt (5.100000000000e-01) + sum g_i+ | measured fitness | best measured fitness or single-digit g-values | x1 | x2...
1 0 +1.615167548e+04 +1.615218548e+04 +1.615218548e+04 -2.8982e+00 -1.9688e+00 -3.8273e+00 +2.0858e-01 -3.2819e+00
7 0 +8.814149494e+03 +8.814659494e+03 +8.814659494e+03 +4.2431e-01 -4.3653e+00 -1.7158e+00 -2.5794e+00 +3.5909e+00
17 0 +8.708472704e+03 +8.708982704e+03 +8.708982704e+03 -2.4505e+00 -1.9794e+00 +1.9116e-01 +3.4434e+00 -4.0982e+00
20 0 +4.576481981e+03 +4.576991981e+03 +4.576991981e+03 -2.2624e+00 -2.2572e+00 -2.2283e+00 -1.1621e+00 +8.0958e-01
52 0 +9.997182826e+02 +1.000228283e+03 +1.000228283e+03 +1.3506e+00 -6.0630e-01 +3.4676e-01 +6.7397e-01 -2.6646e+00
126 0 +2.878241248e+02 +2.883341248e+02 +2.883341248e+02 +1.2516e+00 -1.2645e+00 -6.8026e-01 +6.6279e-02 -1.3866e+00
132 0 +2.131473507e+02 +2.136573507e+02 +2.136573507e+02 +1.3224e+00 -1.4800e+00 -6.4551e-01 +7.7578e-02 -1.3830e+00
164 0 +1.773320349e+02 +1.778420349e+02 +1.778420349e+02 +1.2423e+00 -1.5636e+00 -7.1426e-01 +7.0446e-02 -1.4738e+00
201 0 +1.627409321e+02 +1.632509321e+02 +1.632509321e+02 +1.1425e+00 -1.5772e+00 -7.0318e-01 +6.5885e-02 -1.4553e+00
301 0 +1.412209695e+02 +1.417309695e+02 +1.417309695e+02 +1.0685e+00 -1.6551e+00 -7.8291e-01 +9.6922e-02 -1.4772e+00
504 0 +1.260381091e+02 +1.265481091e+02 +1.265481091e+02 +1.1599e+00 -1.9246e+00 -9.4786e-01 +1.8236e-01 -1.8313e+00
602 0 +1.250369717e+02 +1.255469717e+02 +1.255469717e+02 +1.1137e+00 -1.7790e+00 -7.7235e-01 +1.2379e-01 -1.6259e+00
703 0 +1.182673544e+02 +1.187773544e+02 +1.187773544e+02 +9.4558e-01 -1.8269e+00 -7.9381e-01 +8.4896e-02 -1.5232e+00
901 0 +1.164191222e+02 +1.169291222e+02 +1.169291222e+02 +9.3853e-01 -1.8722e+00 -8.0365e-01 +6.7880e-02 -1.5929e+00
902 0 +1.137546881e+02 +1.142646881e+02 +1.142646881e+02 +9.4181e-01 -1.9645e+00 -6.2150e-01 +1.7608e-01 -1.7117e+00
1203 0 +1.030308320e+02 +1.035408320e+02 +1.035408320e+02 +8.1779e-01 -1.9814e+00 -8.4715e-01 +1.0668e-01 -1.6157e+00
1302 0 +8.415182015e+01 +8.466182015e+01 +8.466182015e+01 +1.1588e+00 -1.7397e+00 -5.0240e-01 +5.6705e-01 -2.0615e+00
1604 0 +8.114545005e+01 +8.165545005e+01 +8.165545005e+01 +1.1756e+00 -1.7428e+00 -7.3295e-01 +5.1184e-01 -2.0371e+00
1707 0 +5.609221925e+01 +5.660221925e+01 +5.660221925e+01 +1.0702e+00 -1.9246e+00 -7.8150e-01 +7.0171e-01 -2.0867e+00
1901 0 +4.135221387e+01 +4.186221387e+01 +4.186221387e+01 +1.1446e+00 -1.9267e+00 -7.2155e-01 +9.4194e-01 -2.4311e+00
2302 0 +3.742454261e+01 +3.793454261e+01 +3.793454261e+01 +8.5193e-01 -1.7119e+00 -8.3253e-01 +8.1174e-01 -2.5941e+00
2305 0 +3.192743912e+01 +3.243743912e+01 +3.243743912e+01 +9.0535e-01 -2.1823e+00 -8.5626e-01 +9.3263e-01 -2.2599e+00
2701 0 +2.114213213e+01 +2.165213213e+01 +2.165213213e+01 -7.8338e-01 -1.6306e+00 -3.5813e-01 +1.5555e+00 -2.0662e+00
2705 0 +1.548841419e+01 +1.599841419e+01 +1.599841419e+01 +7.3219e-01 -1.8067e+00 -2.6959e-01 +1.7186e+00 -2.1570e+00
3206 0 +1.460200993e+01 +1.511200993e+01 +1.511200993e+01 +6.5468e-01 -1.8849e+00 -4.6884e-01 +1.4894e+00 -2.3791e+00
3507 0 +1.248248918e+01 +1.299248918e+01 +1.299248918e+01 +5.0373e-01 -2.0096e+00 -6.7445e-01 +1.2007e+00 -2.6481e+00
3512 0 +9.192902337e+00 +9.702902337e+00 +9.702902337e+00 +8.9252e-01 -1.7416e+00 -3.6104e-01 +1.5265e+00 -2.7006e+00
3605 0 +4.172029358e+00 +4.682029358e+00 +4.682029358e+00 +9.8123e-01 -1.5753e+00 -2.3418e-01 +1.5888e+00 -2.4677e+00
4601 0 +2.560313780e+00 +3.070313780e+00 +3.070313780e+00 +8.5904e-01 -1.8093e+00 -4.9972e-01 +1.2295e+00 -2.6816e+00
% f evaluations | g evaluations | best noise-free fitness - Fopt (6.433000000000e+01) + sum g_i+ | measured fitness | best measured fitness or single-digit g-values | x1 | x2...
1 0 +4.534690723e+04 +4.541123723e+04 +4.541123723e+04 -1.5376e+00 +2.3027e+00 +1.6105e+00 -4.9171e-01 +9.9741e-01
3 0 +5.241279551e+03 +5.305609551e+03 +5.305609551e+03 -6.0582e-01 -5.4778e-01 -1.2248e+00 -1.6735e+00 -2.5057e+00
8 0 +1.595528483e+03 +1.659858483e+03 +1.659858483e+03 +1.2641e+00 -1.3188e+00 -1.6705e+00 -1.8146e+00 +4.4410e+00
131 0 +1.400574890e+03 +1.464904890e+03 +1.464904890e+03 +1.2941e+00 +2.2831e-01 -1.0545e+00 -1.0795e+00 +2.2329e-01
135 0 +1.306211299e+03 +1.370541299e+03 +1.370541299e+03 +1.5217e+00 +4.4945e-01 -1.1562e+00 -1.1818e+00 +2.8001e-01
140 0 +1.220739450e+03 +1.285069450e+03 +1.285069450e+03 +1.5761e+00 +4.8319e-01 -1.2429e+00 -1.2705e+00 +8.6157e-02
147 0 +1.166305580e+03 +1.230635580e+03 +1.230635580e+03 +1.5337e+00 +4.7021e-01 -1.2547e+00 -1.2363e+00 +8.3843e-02
169 0 +1.136494483e+03 +1.200824483e+03 +1.200824483e+03 +1.6926e+00 +3.8712e-01 -1.3349e+00 -1.4347e+00 +2.0075e-01
187 0 +1.031216582e+03 +1.095546582e+03 +1.095546582e+03 +1.5825e+00 +4.8055e-01 -1.3575e+00 -1.2635e+00 +1.3376e-02
201 0 +1.017433865e+03 +1.081763865e+03 +1.081763865e+03 +1.8453e+00 +5.2278e-01 -1.4409e+00 -1.3746e+00 +8.4160e-03
301 0 +7.585184150e+02 +8.228484150e+02 +8.228484150e+02 +1.8874e+00 +2.5194e-01 -1.5645e+00 -1.4625e+00 +4.3590e-01
401 0 +7.095892358e+02 +7.739192358e+02 +7.739192358e+02 +2.0315e+00 +2.5032e-01 -1.6594e+00 -1.5737e+00 +4.8579e-01
501 0 +7.059407505e+02 +7.702707505e+02 +7.702707505e+02 +2.5712e+00 +2.2844e-01 -2.1052e+00 -2.0001e+00 +6.6229e-01
503 0 +6.690547199e+02 +7.333847199e+02 +7.333847199e+02 +1.5170e+00 +3.1454e-01 -1.5001e+00 -1.0866e+00 -2.8858e-02
601 0 +5.063078435e+02 +5.706378435e+02 +5.706378435e+02 +1.1090e+00 +2.3498e-01 -1.3981e+00 -6.1275e-01 -7.5778e-02
701 0 +2.114575811e+02 +2.757875811e+02 +2.757875811e+02 +3.5046e-01 +2.5637e-01 -1.4566e+00 -1.7419e-02 -3.8230e-01
901 0 +6.557668227e+01 +1.299066823e+02 +1.299066823e+02 +8.2100e-01 -2.0092e-01 -2.0978e+00 -5.3298e-01 +9.1109e-02
1001 0 +5.914644543e+01 +1.234764454e+02 +1.234764454e+02 +8.1041e-01 -2.1064e-01 -2.1393e+00 -5.2702e-01 +9.4695e-02
1201 0 +4.870228867e+01 +1.130322887e+02 +1.130322887e+02 +8.5257e-01 -2.6663e-01 -2.2267e+00 -4.5278e-01 +1.2723e-01
1602 0 +4.755103599e+01 +1.118810360e+02 +1.118810360e+02 +7.3978e-01 -1.0544e-01 -2.4285e+00 -4.7055e-01 +1.0365e-01
1702 0 +4.409409156e+01 +1.084240916e+02 +1.084240916e+02 +7.2409e-01 -2.3925e-01 -2.1753e+00 -1.9391e-01 +1.5712e-01
1806 0 +4.122974573e+01 +1.055597457e+02 +1.055597457e+02 +9.4424e-01 -2.7480e-01 -2.3754e+00 -6.1627e-01 +8.1167e-02
1903 0 +2.632912127e+01 +9.065912127e+01 +9.065912127e+01 +7.1565e-01 -2.8185e-01 -2.3677e+00 -5.6975e-01 -2.7974e-01
2003 0 +1.424719766e+01 +7.857719766e+01 +7.857719766e+01 +8.2035e-01 -2.0279e-01 -2.2552e+00 +7.2896e-02 +1.5688e-02
2401 0 +6.017209698e+00 +7.034720970e+01 +7.034720970e+01 +7.9525e-01 -5.5452e-02 -1.9647e+00 +2.1978e-01 -1.7502e-01
4118 0 +5.152055966e+00 +6.948205597e+01 +6.948205597e+01 +8.0268e-01 -1.0568e-01 -2.0243e+00 +2.0336e-01 -6.0175e-02
4960 0 +4.622568509e+00 +6.895256851e+01 +6.895256851e+01 +7.3119e-01 +8.9479e-03 -1.9466e+00 +2.0297e-01 -7.8908e-02
% f evaluations | g evaluations | best noise-free fitness - Fopt (2.223100000000e+02) + sum g_i+ | measured fitness | best measured fitness or single-digit g-values | x1 | x2...
1 0 +2.341850996e+05 +2.344074096e+05 +2.344074096e+05 +4.3812e+00 -1.0089e+00 -2.4802e+00 +7.1785e-01 -3.2721e+00
2 0 +2.666599862e+04 +2.688830862e+04 +2.688830862e+04 -1.3432e+00 -3.0058e+00 +2.6982e+00 +9.7290e-01 -2.8296e-01
16 0 +2.190720337e+03 +2.413030337e+03 +2.413030337e+03 -2.4805e+00 -1.9060e+00 -1.1872e+00 +1.1836e+00 -2.2390e+00
128 0 +1.908012011e+03 +2.130322011e+03 +2.130322011e+03 -1.0353e+00 -1.3142e+00 -4.7708e-01 +4.3011e-01 +9.1132e-01
201 0 +1.520232330e+03 +1.742542330e+03 +1.742542330e+03 -1.2277e+00 -1.3816e+00 -5.0523e-01 +4.8309e-01 +9.6455e-01
301 0 +1.243729817e+03 +1.466039817e+03 +1.466039817e+03 -1.6264e+00 -1.6544e+00 -5.9276e-01 +4.4680e-01 +1.1419e+00
401 0 +6.810933007e+02 +9.034033007e+02 +9.034033007e+02 -1.8585e+00 -1.5061e+00 -5.7909e-01 +7.0667e-01 +1.1824e+00
501 0 +5.772055623e+02 +7.995155623e+02 +7.995155623e+02 -1.9332e+00 -1.4091e+00 -5.9412e-01 +7.2181e-01 +1.2853e+00
601 0 +4.672276221e+02 +6.895376221e+02 +6.895376221e+02 -2.0947e+00 -1.3404e+00 -5.1284e-01 +7.9426e-01 +1.3726e+00
701 0 +3.103364604e+02 +5.326464604e+02 +5.326464604e+02 -2.8540e+00 -1.6737e+00 -6.9067e-01 +1.0591e+00 +1.8961e+00
1002 0 +2.448164861e+02 +4.671264861e+02 +4.671264861e+02 -2.1820e+00 -1.2559e+00 -7.5239e-01 +9.3826e-01 +1.5586e+00
1101 0 +6.553506255e+01 +2.878450626e+02 +2.878450626e+02 -2.5585e+00 -1.0683e+00 -1.0218e+00 +1.3579e+00 +1.4604e+00
1201 0 +5.185988415e+01 +2.741698842e+02 +2.741698842e+02 -2.7607e+00 -1.0329e+00 -1.0699e+00 +1.4901e+00 +1.5235e+00
1702 0 +4.202002800e+01 +2.643300280e+02 +2.643300280e+02 -2.2299e+00 -7.6891e-01 -1.1997e+00 +1.4229e+00 +1.6924e+00
2202 0 +2.776472783e+01 +2.500747278e+02 +2.500747278e+02 -2.1387e+00 -6.9907e-01 -9.1704e-01 +1.6320e+00 +1.5108e+00
2215 0 +1.391463790e+01 +2.362246379e+02 +2.362246379e+02 -2.6787e+00 -6.3297e-01 -1.0515e+00 +1.7379e+00 +1.0997e+00
2503 0 +1.356239285e+01 +2.358723928e+02 +2.358723928e+02 -2.2621e+00 -7.0493e-01 -9.4430e-01 +2.0272e+00 +1.4857e+00
2801 0 +1.099717762e+01 +2.333071776e+02 +2.333071776e+02 -2.2926e+00 -6.8963e-01 -1.1332e+00 +1.7308e+00 +1.2161e+00
2814 0 +7.152094967e+00 +2.294620950e+02 +2.294620950e+02 -2.4769e+00 -6.3719e-01 -9.7146e-01 +1.8884e+00 +1.1992e+00
2838 0 +6.615572132e+00 +2.289255721e+02 +2.289255721e+02 -2.1472e+00 -5.6182e-01 -1.0882e+00 +1.7964e+00 +1.2378e+00
3302 0 +4.486312835e+00 +2.267963128e+02 +2.267963128e+02 -2.0823e+00 -5.0649e-01 -1.1307e+00 +1.9260e+00 +1.3438e+00
4418 0 +3.927110130e+00 +2.262371101e+02 +2.262371101e+02 -1.9540e+00 -2.6852e-01 -9.7762e-01 +1.9096e+00 +1.1599e+00
% f evaluations | g evaluations | best noise-free fitness - Fopt (9.175000000000e+01) + sum g_i+ | measured fitness | best measured fitness or single-digit g-values | x1 | x2...
1 0 +3.368201875e+03 +3.459951875e+03 +3.459951875e+03 -4.7644e+00 -9.1438e-02 +3.7632e-01 +1.4542e+00 -1.3578e+00
72 0 +2.642813272e+03 +2.734563272e+03 +2.734563272e+03 -3.9100e+00 +1.3079e+00 -2.5109e+00 +8.0426e-01 +1.8184e+00
126 0 +1.407391699e+03 +1.499141699e+03 +1.499141699e+03 -2.3223e+00 +2.1715e+00 -1.3476e+00 +1.1382e+00 +1.9033e+00
127 0 +1.267544522e+03 +1.359294522e+03 +1.359294522e+03 -2.2634e+00 +2.0349e+00 -1.3098e+00 +1.0469e+00 +1.8856e+00
129 0 +6.683847823e+02 +7.601347823e+02 +7.601347823e+02 -1.6847e+00 +1.4793e+00 -9.3911e-01 +6.1804e-01 +1.3807e+00
202 0 +5.680334992e+02 +6.597834992e+02 +6.597834992e+02 -2.0177e+00 +1.7447e+00 -1.0307e+00 +5.6599e-01 +1.4351e+00
302 0 +4.570776287e+02 +5.488276287e+02 +5.488276287e+02 -1.6246e+00 +1.6686e+00 -1.3024e+00 +5.4342e-01 +6.5270e-01
402 0 +4.183929363e+02 +5.101429363e+02 +5.101429363e+02 -1.8951e+00 +1.8013e+00 -1.3636e+00 +7.2014e-01 +5.1417e-01
507 0 +4.137600583e+02 +5.055100583e+02 +5.055100583e+02 -1.6466e+00 +1.6048e+00 -1.1773e+00 +5.2385e-01 +6.5444e-01
601 0 +3.674995420e+02 +4.592495420e+02 +4.592495420e+02 -1.6567e+00 +1.5828e+00 -1.1200e+00 +3.7892e-01 +6.5524e-01
603 0 +3.386210723e+02 +4.303710723e+02 +4.303710723e+02 -1.9697e+00 +1.3100e+00 -8.3234e-01 +3.9006e-01 +9.2539e-01
701 0 +2.902183398e+02 +3.819683398e+02 +3.819683398e+02 -2.3639e+00 +1.2534e+00 -5.2387e-01 +2.1083e-01 +8.5590e-01
901 0 +2.750783768e+02 +3.668283768e+02 +3.668283768e+02 -2.4828e+00 +1.4834e+00 -9.9567e-01 +2.2053e-01 +9.8450e-01
1101 0 +2.585787566e+02 +3.503287566e+02 +3.503287566e+02 -2.2423e+00 +1.0948e+00 -9.1201e-01 +3.6877e-01 +5.9995e-01
1601 0 +2.474172273e+02 +3.391672273e+02 +3.391672273e+02 -2.1159e+00 +1.4545e+00 -7.9318e-01 +1.9939e-01 +7.7668e-01
1604 0 +2.406963637e+02 +3.324463637e+02 +3.324463637e+02 -2.1462e+00 +1.2040e+00 -9.2738e-01 +3.2398e-01 +4.9427e-01
1804 0 +2.392079635e+02 +3.309579635e+02 +3.309579635e+02 -2.1251e+00 +1.2009e+00 -8.7392e-01 +2.6254e-01 +4.5019e-01
1825 0 +2.292293572e+02 +3.209793572e+02 +3.209793572e+02 -2.2883e+00 +1.2555e+00 -1.0377e+00 +3.1910e-01 +4.3858e-01
2001 0 +2.105187663e+02 +3.022687663e+02 +3.022687663e+02 -2.3452e+00 +1.5722e+00 -1.1381e+00 +4.5926e-01 +1.7432e-01
2202 0 +1.983723571e+02 +2.901223571e+02 +2.901223571e+02 -2.4374e+00 +1.4163e+00 -9.0712e-01 +3.9572e-01 +3.6777e-01
2302 0 +1.654160776e+02 +2.571660776e+02 +2.571660776e+02 -2.0751e+00 +1.4632e+00 -8.3016e-01 +5.6599e-01 -5.7366e-02
2401 0 +1.255657190e+02 +2.173157190e+02 +2.173157190e+02 -2.2760e+00 +1.6163e+00 -9.1679e-01 +6.5970e-01 -3.4779e-01
2501 0 +9.625920584e+01 +1.880092058e+02 +1.880092058e+02 -2.3772e+00 +1.6858e+00 -8.7956e-01 +7.7891e-01 -6.7758e-01
2601 0 +8.684356232e+01 +1.785935623e+02 +1.785935623e+02 -2.6512e+00 +1.8399e+00 -7.0709e-01 +9.5104e-01 -9.6719e-01
2701 0 +6.760629703e+01 +1.593562970e+02 +1.593562970e+02 -2.6783e+00 +1.9044e+00 -6.6398e-01 +1.1922e+00 -1.2273e+00
3104 0 +6.255425296e+01 +1.543042530e+02 +1.543042530e+02 -2.1900e+00 +1.6194e+00 -6.5704e-01 +1.0587e+00 -9.7957e-01
3302 0 +5.556967493e+01 +1.473196749e+02 +1.473196749e+02 -2.2563e+00 +1.6758e+00 -8.3032e-01 +1.0013e+00 -1.0406e+00
3401 0 +5.460174083e+01 +1.463517408e+02 +1.463517408e+02 -2.3346e+00 +1.7301e+00 -8.7543e-01 +1.0982e+00 -1.0843e+00
3602 0 +4.213272469e+01 +1.338827247e+02 +1.338827247e+02 -2.0389e+00 +1.8001e+00 -7.0220e-01 +1.1306e+00 -1.1787e+00
3801 0 +4.030157807e+01 +1.320515781e+02 +1.320515781e+02 -2.0803e+00 +2.0223e+00 -6.6903e-01 +1.2100e+00 -1.3368e+00
3905 0 +3.773095173e+01 +1.294809517e+02 +1.294809517e+02 -2.3225e+00 +1.4605e+00 -7.0584e-01 +1.1970e+00 -1.2363e+00
4001 0 +3.450892622e+01 +1.262589262e+02 +1.262589262e+02 -2.4257e+00 +1.4704e+00 -7.6027e-01 +1.1745e+00 -1.2580e+00
4002 0 +2.463410717e+01 +1.163841072e+02 +1.163841072e+02 -2.2961e+00 +1.6318e+00 -6.8074e-01 +1.2165e+00 -1.4870e+00
4101 0 +1.591075705e+01 +1.076607570e+02 +1.076607570e+02 -2.3571e+00 +1.6274e+00 -6.9676e-01 +1.3495e+00 -1.5348e+00
4303 0 +1.240285979e+01 +1.041528598e+02 +1.041528598e+02 -2.2212e+00 +1.6028e+00 -7.8677e-01 +1.3641e+00 -1.5587e+00
4402 0 +8.677944842e+00 +1.004279448e+02 +1.004279448e+02 -2.5023e+00 +1.5661e+00 -8.8370e-01 +1.4807e+00 -1.7104e+00
