% f evaluations | g evaluations | best noise-free fitness - Fopt (1.491500000000e+02) + sum g_i+ | measured fitness | best measured fitness or single-digit g-values | x1 | x2...
1 0 +2.156177487e+06 +2.156326637e+06 +2.156326637e+06
2 0 +2.137468172e+06 +2.137617322e+06 +2.137617322e+06
3 0 +1.407898397e+06 +1.408047547e+06 +1.408047547e+06
4 0 +1.024916592e+06 +1.025065742e+06 +1.025065742e+06
11 0 +9.576866655e+05 +9.578358155e+05 +9.578358155e+05
14 0 +5.764882786e+05 +5.766374286e+05 +5.766374286e+05
126 0 +1.080726048e+05 +1.082217548e+05 +1.082217548e+05
127 0 +9.608698998e+04 +9.623613998e+04 +9.623613998e+04
128 0 +9.487236376e+04 +9.502151376e+04 +9.502151376e+04
133 0 +9.272032233e+04 +9.286947233e+04 +9.286947233e+04
134 0 +9.051222210e+04 +9.066137210e+04 +9.066137210e+04
201 0 +8.821177359e+04 +8.836092359e+04 +8.836092359e+04
202 0 +8.667429801e+04 +8.682344801e+04 +8.682344801e+04
301 0 +8.264745187e+04 +8.279660187e+04 +8.279660187e+04
601 0 +7.833715783e+04 +7.848630783e+04 +7.848630783e+04
701 0 +7.322047228e+04 +7.336962228e+04 +7.336962228e+04
901 0 +7.232430953e+04 +7.247345953e+04 +7.247345953e+04
1071 0 +6.860904384e+04 +6.875819384e+04 +6.875819384e+04
1101 0 +6.357926195e+04 +6.372841195e+04 +6.372841195e+04
1201 0 +6.046011571e+04 +6.060926571e+04 +6.060926571e+04
1304 0 +5.855036114e+04 +5.869951114e+04 +5.869951114e+04
1401 0 +5.608372056e+04 +5.623287056e+04 +5.623287056e+04
1502 0 +5.258938681e+04 +5.273853681e+04 +5.273853681e+04
1601 0 +4.705274641e+04 +4.720189641e+04 +4.720189641e+04
1701 0 +4.606958117e+04 +4.621873117e+04 +4.621873117e+04
1801 0 +4.340274870e+04 +4.355189870e+04 +4.355189870e+04
2101 0 +4.069717715e+04 +4.084632715e+04 +4.084632715e+04
2104 0 +3.789495258e+04 +3.804410258e+04 +3.804410258e+04
2201 0 +3.577014990e+04 +3.591929990e+04 +3.591929990e+04
2301 0 +3.369440492e+04 +3.384355492e+04 +3.384355492e+04
2603 0 +3.228217611e+04 +3.243132611e+04 +3.243132611e+04
2803 0 +3.112091591e+04 +3.127006591e+04 +3.127006591e+04
2901 0 +3.068857325e+04 +3.083772325e+04 +3.083772325e+04
3001 0 +2.830138412e+04 +2.845053412e+04 +2.845053412e+04
3102 0 +2.803981014e+04 +2.818896014e+04 +2.818896014e+04
3401 0 +2.632833565e+04 +2.647748565e+04 +2.647748565e+04
3601 0 +2.550587358e+04 +2.565502358e+04 +2.565502358e+04
3603 0 +2.462805222e+04 +2.477720222e+04 +2.477720222e+04
3604 0 +2.405329330e+04 +2.420244330e+04 +2.420244330e+04
3801 0 +2.207842449e+04 +2.222757449e+04 +2.222757449e+04
4001 0 +2.124401496e+04 +2.139316496e+04 +2.139316496e+04
4101 0 +2.006494638e+04 +2.021409638e+04 +2.021409638e+04
4201 0 +1.964895009e+04 +1.979810009e+04 +1.979810009e+04
4501 0 +1.889720648e+04 +1.904635648e+04 +1.904635648e+04
4601 0 +1.789155967e+04 +1.804070967e+04 +1.804070967e+04
4701 0 +1.708474203e+04 +1.723389203e+04 +1.723389203e+04
4801 0 +1.619058095e+04 +1.633973095e+04 +1.633973095e+04
4902 0 +1.573478741e+04 +1.588393741e+04 +1.588393741e+04
5902 0 +1.520711017e+04 +1.535626017e+04 +1.535626017e+04
6211 0 +1.458592196e+04 +1.473507196e+04 +1.473507196e+04
6301 0 +1.439248547e+04 +1.454163547e+04 +1.454163547e+04
6503 0 +1.344860838e+04 +1.359775838e+04 +1.359775838e+04
6601 0 +1.296147041e+04 +1.311062041e+04 +1.311062041e+04
6704 0 +1.231757204e+04 +1.246672204e+04 +1.246672204e+04
6902 0 +1.199661820e+04 +1.214576820e+04 +1.214576820e+04
6903 0 +1.157239855e+04 +1.172154855e+04 +1.172154855e+04
7001 0 +1.095951422e+04 +1.110866422e+04 +1.110866422e+04
7617 0 +1.064245979e+04 +1.079160979e+04 +1.079160979e+04
7802 0 +9.743462464e+03 +9.892612464e+03 +9.892612464e+03
7806 0 +9.167609852e+03 +9.316759852e+03 +9.316759852e+03
7901 0 +8.439522426e+03 +8.588672426e+03 +8.588672426e+03
8306 0 +8.298512070e+03 +8.447662070e+03 +8.447662070e+03
8501 0 +7.801079540e+03 +7.950229540e+03 +7.950229540e+03
8802 0 +7.706645276e+03 +7.855795276e+03 +7.855795276e+03
9230 0 +6.765704799e+03 +6.914854799e+03 +6.914854799e+03
9233 0 +6.352347690e+03 +6.501497690e+03 +6.501497690e+03
9412 0 +6.042134461e+03 +6.191284461e+03 +6.191284461e+03
9501 0 +5.404084423e+03 +5.553234423e+03 +5.553234423e+03
9506 0 +5.288709997e+03 +5.437859997e+03 +5.437859997e+03
9602 0 +4.725723888e+03 +4.874873888e+03 +4.874873888e+03
10507 0 +4.451957309e+03 +4.601107309e+03 +4.601107309e+03
11101 0 +4.281030541e+03 +4.430180541e+03 +4.430180541e+03
11103 0 +4.205486929e+03 +4.354636929e+03 +4.354636929e+03
11106 0 +4.094901178e+03 +4.244051178e+03 +4.244051178e+03
11201 0 +3.953397905e+03 +4.102547905e+03 +4.102547905e+03
11301 0 +3.653777638e+03 +3.802927638e+03 +3.802927638e+03
11810 0 +3.349570144e+03 +3.498720144e+03 +3.498720144e+03
12001 0 +3.305634677e+03 +3.454784677e+03 +3.454784677e+03
12501 0 +3.093336191e+03 +3.242486191e+03 +3.242486191e+03
12667 0 +2.871938128e+03 +3.021088128e+03 +3.021088128e+03
12701 0 +2.755057853e+03 +2.904207853e+03 +2.904207853e+03
12902 0 +2.739888373e+03 +2.889038373e+03 +2.889038373e+03
13242 0 +2.501661882e+03 +2.650811882e+03 +2.650811882e+03
13442 0 +2.337332861e+03 +2.486482861e+03 +2.486482861e+03
13501 0 +2.039915691e+03 +2.189065691e+03 +2.189065691e+03
14209 0 +1.846938697e+03 +1.996088697e+03 +1.996088697e+03
16001 0 +1.807104539e+03 +1.956254539e+03 +1.956254539e+03
16102 0 +1.769646637e+03 +1.918796637e+03 +1.918796637e+03
16302 0 +1.412881433e+03 +1.562031433e+03 +1.562031433e+03
16602 0 +1.398584789e+03 +1.547734789e+03 +1.547734789e+03
16703 0 +1.339960713e+03 +1.489110713e+03 +1.489110713e+03
17004 0 +1.088549666e+03 +1.237699666e+03 +1.237699666e+03
18101 0 +1.052748942e+03 +1.201898942e+03 +1.201898942e+03
20300 0 +9.986935477e+02 +1.147843548e+03 +1.147843548e+03
20402 0 +8.412280062e+02 +9.903780062e+02 +9.903780062e+02
20403 0 +8.169611219e+02 +9.661111219e+02 +9.661111219e+02
24601 0 +7.789642809e+02 +9.281142809e+02 +9.281142809e+02
28212 0 +7.003309509e+02 +8.494809509e+02 +8.494809509e+02
33402 0 +6.734546339e+02 +8.226046339e+02 +8.226046339e+02
37801 0 +6.300415679e+02 +7.791915679e+02 +7.791915679e+02
38502 0 +6.082220858e+02 +7.573720858e+02 +7.573720858e+02
39204 0 +5.666422816e+02 +7.157922816e+02 +7.157922816e+02
% f evaluations | g evaluations | best noise-free fitness - Fopt (-1.000000000000e+03) + sum g_i+ | measured fitness | best measured fitness or single-digit g-values | x1 | x2...
1 0 +1.498757055e+06 +1.497757055e+06 +1.497757055e+06
3 0 +1.291365324e+06 +1.290365324e+06 +1.290365324e+06
4 0 +7.396521184e+05 +7.386521184e+05 +7.386521184e+05
22 0 +5.446985256e+05 +5.436985256e+05 +5.436985256e+05
46 0 +4.868427492e+05 +4.858427492e+05 +4.858427492e+05
126 0 +5.671758755e+04 +5.571758755e+04 +5.571758755e+04
149 0 +5.573931238e+04 +5.473931238e+04 +5.473931238e+04
204 0 +5.484393277e+04 +5.384393277e+04 +5.384393277e+04
211 0 +5.349852868e+04 +5.249852868e+04 +5.249852868e+04
475 0 +5.242575269e+04 +5.142575269e+04 +5.142575269e+04
701 0 +4.600056392e+04 +4.500056392e+04 +4.500056392e+04
801 0 +4.374336970e+04 +4.274336970e+04 +4.274336970e+04
1101 0 +4.002227745e+04 +3.902227745e+04 +3.902227745e+04
1201 0 +3.922403668e+04 +3.822403668e+04 +3.822403668e+04
1402 0 +3.848583165e+04 +3.748583165e+04 +3.748583165e+04
1502 0 +3.611993162e+04 +3.511993162e+04 +3.511993162e+04
1604 0 +3.501019777e+04 +3.401019777e+04 +3.401019777e+04
1802 0 +3.443944775e+04 +3.343944775e+04 +3.343944775e+04
2002 0 +3.248564443e+04 +3.148564443e+04 +3.148564443e+04
2203 0 +3.222306926e+04 +3.122306926e+04 +3.122306926e+04
2305 0 +3.099907113e+04 +2.999907113e+04 +2.999907113e+04
2401 0 +2.989599565e+04 +2.889599565e+04 +2.889599565e+04
2501 0 +2.905522877e+04 +2.805522877e+04 +2.805522877e+04
2601 0 +2.816431330e+04 +2.716431330e+04 +2.716431330e+04
2801 0 +2.745214052e+04 +2.645214052e+04 +2.645214052e+04
2901 0 +2.567921387e+04 +2.467921387e+04 +2.467921387e+04
3061 0 +2.385304192e+04 +2.285304192e+04 +2.285304192e+04
3101 0 +2.038892000e+04 +1.938892000e+04 +1.938892000e+04
3201 0 +1.784616335e+04 +1.684616335e+04 +1.684616335e+04
3701 0 +1.721112458e+04 +1.621112458e+04 +1.621112458e+04
4201 0 +1.585522287e+04 +1.485522287e+04 +1.485522287e+04
4205 0 +1.526378790e+04 +1.426378790e+04 +1.426378790e+04
4301 0 +1.311797904e+04 +1.211797904e+04 +1.211797904e+04
4601 0 +1.285072262e+04 +1.185072262e+04 +1.185072262e+04
4701 0 +1.157170633e+04 +1.057170633e+04 +1.057170633e+04
5003 0 +1.124490752e+04 +1.024490752e+04 +1.024490752e+04
5301 0 +1.081420560e+04 +9.814205604e+03 +9.814205604e+03
5501 0 +1.042975640e+04 +9.429756398e+03 +9.429756398e+03
5702 0 +9.721005208e+03 +8.721005208e+03 +8.721005208e+03
6109 0 +8.908817773e+03 +7.908817773e+03 +7.908817773e+03
6294 0 +8.649228905e+03 +7.649228905e+03 +7.649228905e+03
6301 0 +8.159686922e+03 +7.159686922e+03 +7.159686922e+03
6302 0 +7.775977904e+03 +6.775977904e+03 +6.775977904e+03
6503 0 +7.635474127e+03 +6.635474127e+03 +6.635474127e+03
6601 0 +7.287242344e+03 +6.287242344e+03 +6.287242344e+03
6803 0 +6.884027955e+03 +5.884027955e+03 +5.884027955e+03
7002 0 +6.375543103e+03 +5.375543103e+03 +5.375543103e+03
7103 0 +5.643712776e+03 +4.643712776e+03 +4.643712776e+03
7304 0 +5.425837350e+03 +4.425837350e+03 +4.425837350e+03
7503 0 +5.349612311e+03 +4.349612311e+03 +4.349612311e+03
7801 0 +4.881645634e+03 +3.881645634e+03 +3.881645634e+03
8001 0 +4.698902253e+03 +3.698902253e+03 +3.698902253e+03
8203 0 +4.624918885e+03 +3.624918885e+03 +3.624918885e+03
8537 0 +4.316350735e+03 +3.316350735e+03 +3.316350735e+03
8701 0 +3.900158214e+03 +2.900158214e+03 +2.900158214e+03
8703 0 +3.809198486e+03 +2.809198486e+03 +2.809198486e+03
8716 0 +3.576253473e+03 +2.576253473e+03 +2.576253473e+03
9103 0 +3.349605348e+03 +2.349605348e+03 +2.349605348e+03
9302 0 +3.168128912e+03 +2.168128912e+03 +2.168128912e+03
9305 0 +3.093797923e+03 +2.093797923e+03 +2.093797923e+03
9351 0 +3.046628512e+03 +2.046628512e+03 +2.046628512e+03
9401 0 +2.819770267e+03 +1.819770267e+03 +1.819770267e+03
9708 0 +2.730947068e+03 +1.730947068e+03 +1.730947068e+03
10202 0 +2.685032242e+03 +1.685032242e+03 +1.685032242e+03
10806 0 +2.628001169e+03 +1.628001169e+03 +1.628001169e+03
11002 0 +2.490209383e+03 +1.490209383e+03 +1.490209383e+03
11004 0 +2.446825058e+03 +1.446825058e+03 +1.446825058e+03
11101 0 +2.203518790e+03 +1.203518790e+03 +1.203518790e+03
12403 0 +1.961720571e+03 +9.617205711e+02 +9.617205711e+02
12703 0 +1.771388478e+03 +7.713884776e+02 +7.713884776e+02
13206 0 +1.654983662e+03 +6.549836619e+02 +6.549836619e+02
14403 0 +1.535211631e+03 +5.352116311e+02 +5.352116311e+02
15301 0 +1.475470665e+03 +4.754706645e+02 +4.754706645e+02
15601 0 +1.427193861e+03 +4.271938607e+02 +4.271938607e+02
15888 0 +1.376132778e+03 +3.761327778e+02 +3.761327778e+02
18842 0 +1.343228157e+03 +3.432281573e+02 +3.432281573e+02
19206 0 +1.208812486e+03 +2.088124858e+02 +2.088124858e+02
19302 0 +1.200070898e+03 +2.000708975e+02 +2.000708975e+02
20102 0 +1.075950322e+03 +7.595032192e+01 +7.595032192e+01
20401 0 +1.041619682e+03 +4.161968190e+01 +4.161968190e+01
20937 0 +9.756639633e+02 -2.433603666e+01 -2.433603666e+01
24701 0 +9.293587468e+02 -7.064125324e+01 -7.064125324e+01
24903 0 +8.558332097e+02 -1.441667903e+02 -1.441667903e+02
25803 0 +7.808313421e+02 -2.191686579e+02 -2.191686579e+02
26103 0 +7.245194721e+02 -2.754805279e+02 -2.754805279e+02
% f evaluations | g evaluations | best noise-free fitness - Fopt (9.862000000000e+01) + sum g_i+ | measured fitness | best measured fitness or single-digit g-values | x1 | x2...
1 0 +1.643479138e+06 +1.643577758e+06 +1.643577758e+06
2 0 +1.332968212e+06 +1.333066832e+06 +1.333066832e+06
14 0 +6.578673714e+05 +6.579659914e+05 +6.579659914e+05
74 0 +5.167647822e+05 +5.168634022e+05 +5.168634022e+05
126 0 +1.578444565e+05 +1.579430765e+05 +1.579430765e+05
127 0 +1.338612640e+05 +1.339598840e+05 +1.339598840e+05
128 0 +1.246246409e+05 +1.247232609e+05 +1.247232609e+05
160 0 +1.219078063e+05 +1.220064263e+05 +1.220064263e+05
202 0 +1.191968784e+05 +1.192954984e+05 +1.192954984e+05
248 0 +1.164810754e+05 +1.165796954e+05 +1.165796954e+05
302 0 +1.125906779e+05 +1.126892979e+05 +1.126892979e+05
305 0 +1.111427866e+05 +1.112414066e+05 +1.112414066e+05
501 0 +1.091285886e+05 +1.092272086e+05 +1.092272086e+05
507 0 +1.054027422e+05 +1.055013622e+05 +1.055013622e+05
601 0 +1.037258625e+05 +1.038244825e+05 +1.038244825e+05
701 0 +1.016860297e+05 +1.017846497e+05 +1.017846497e+05
801 0 +9.627428998e+04 +9.637290998e+04 +9.637290998e+04
1101 0 +9.451716374e+04 +9.461578374e+04 +9.461578374e+04
1106 0 +9.180639277e+04 +9.190501277e+04 +9.190501277e+04
1201 0 +8.530860833e+04 +8.540722833e+04 +8.540722833e+04
1301 0 +8.468389253e+04 +8.478251253e+04 +8.478251253e+04
1403 0 +8.269692580e+04 +8.279554580e+04 +8.279554580e+04
1501 0 +7.614941410e+04 +7.624803410e+04 +7.624803410e+04
1602 0 +7.176254208e+04 +7.186116208e+04 +7.186116208e+04
1801 0 +6.719359967e+04 +6.729221967e+04 +6.729221967e+04
2104 0 +6.431267735e+04 +6.441129735e+04 +6.441129735e+04
2201 0 +6.275817376e+04 +6.285679376e+04 +6.285679376e+04
2401 0 +5.641676912e+04 +5.651538912e+04 +5.651538912e+04
2501 0 +5.043198850e+04 +5.053060850e+04 +5.053060850e+04
2601 0 +4.679755957e+04 +4.689617957e+04 +4.689617957e+04
2801 0 +3.912582439e+04 +3.922444439e+04 +3.922444439e+04
2901 0 +3.082538038e+04 +3.092400038e+04 +3.092400038e+04
3201 0 +2.801651669e+04 +2.811513669e+04 +2.811513669e+04
3403 0 +2.663632654e+04 +2.673494654e+04 +2.673494654e+04
3501 0 +2.131263317e+04 +2.141125317e+04 +2.141125317e+04
3601 0 +2.013275016e+04 +2.023137016e+04 +2.023137016e+04
3901 0 +1.602880042e+04 +1.612742042e+04 +1.612742042e+04
4501 0 +1.581185062e+04 +1.591047062e+04 +1.591047062e+04
4601 0 +1.532831146e+04 +1.542693146e+04 +1.542693146e+04
5304 0 +1.479454576e+04 +1.489316576e+04 +1.489316576e+04
5403 0 +1.436006630e+04 +1.445868630e+04 +1.445868630e+04
5601 0 +1.313157771e+04 +1.323019771e+04 +1.323019771e+04
6202 0 +1.204039841e+04 +1.213901841e+04 +1.213901841e+04
6401 0 +1.162084309e+04 +1.171946309e+04 +1.171946309e+04
6702 0 +1.148008246e+04 +1.157870246e+04 +1.157870246e+04
7001 0 +1.102250445e+04 +1.112112445e+04 +1.112112445e+04
7202 0 +1.043042335e+04 +1.052904335e+04 +1.052904335e+04
7303 0 +9.866613867e+03 +9.965233867e+03 +9.965233867e+03
7401 0 +9.014186525e+03 +9.112806525e+03 +9.112806525e+03
7503 0 +8.749657230e+03 +8.848277230e+03 +8.848277230e+03
7601 0 +7.693106757e+03 +7.791726757e+03 +7.791726757e+03
8201 0 +6.677015123e+03 +6.775635123e+03 +6.775635123e+03
8501 0 +5.865029450e+03 +5.963649450e+03 +5.963649450e+03
9002 0 +5.243734244e+03 +5.342354244e+03 +5.342354244e+03
9502 0 +5.105896015e+03 +5.204516015e+03 +5.204516015e+03
9801 0 +4.963432136e+03 +5.062052136e+03 +5.062052136e+03
10002 0 +4.178008104e+03 +4.276628104e+03 +4.276628104e+03
10101 0 +4.090829275e+03 +4.189449275e+03 +4.189449275e+03
10201 0 +3.810986370e+03 +3.909606370e+03 +3.909606370e+03
10401 0 +3.729786388e+03 +3.828406388e+03 +3.828406388e+03
10902 0 +3.572783959e+03 +3.671403959e+03 +3.671403959e+03
12401 0 +3.465046412e+03 +3.563666412e+03 +3.563666412e+03
13101 0 +3.301858136e+03 +3.400478136e+03 +3.400478136e+03
13301 0 +2.898608057e+03 +2.997228057e+03 +2.997228057e+03
13501 0 +2.728223837e+03 +2.826843837e+03 +2.826843837e+03
13705 0 +2.423050827e+03 +2.521670827e+03 +2.521670827e+03
15603 0 +2.346845191e+03 +2.445465191e+03 +2.445465191e+03
15609 0 +2.301463833e+03 +2.400083833e+03 +2.400083833e+03
15611 0 +2.232837673e+03 +2.331457673e+03 +2.331457673e+03
15701 0 +2.077385536e+03 +2.176005536e+03 +2.176005536e+03
16602 0 +1.523876808e+03 +1.622496808e+03 +1.622496808e+03
19002 0 +1.508657222e+03 +1.607277222e+03 +1.607277222e+03
19276 0 +1.407717035e+03 +1.506337035e+03 +1.506337035e+03
22901 0 +1.336650062e+03 +1.435270062e+03 +1.435270062e+03
24301 0 +1.301649051e+03 +1.400269051e+03 +1.400269051e+03
24604 0 +1.276589370e+03 +1.375209370e+03 +1.375209370e+03
24926 0 +1.218225361e+03 +1.316845361e+03 +1.316845361e+03
24978 0 +1.157099982e+03 +1.255719982e+03 +1.255719982e+03
26501 0 +1.077582106e+03 +1.176202106e+03 +1.176202106e+03
28003 0 +1.059813490e+03 +1.158433490e+03 +1.158433490e+03
29107 0 +1.026695988e+03 +1.125315988e+03 +1.125315988e+03
29204 0 +9.364185329e+02 +1.035038533e+03 +1.035038533e+03
29404 0 +8.160687804e+02 +9.146887804e+02 +9.146887804e+02
32403 0 +7.966364796e+02 +8.952564796e+02 +8.952564796e+02
32501 0 +7.670691962e+02 +8.656891962e+02 +8.656891962e+02
34702 0 +7.516611257e+02 +8.502811257e+02 +8.502811257e+02
36657 0 +7.144004910e+02 +8.130204910e+02 +8.130204910e+02
39102 0 +7.024248784e+02 +8.010448784e+02 +8.010448784e+02
40010 0 +6.178150402e+02 +7.164350402e+02 +7.164350402e+02
% f evaluations | g evaluations | best noise-free fitness - Fopt (-4.715000000000e+01) + sum g_i+ | measured fitness | best measured fitness or single-digit g-values | x1 | x2...
1 0 +1.828910224e+06 +1.828863074e+06 +1.828863074e+06
2 0 +1.349104096e+06 +1.349056946e+06 +1.349056946e+06
7 0 +8.790809522e+05 +8.790338022e+05 +8.790338022e+05
11 0 +8.491301777e+05 +8.490830277e+05 +8.490830277e+05
27 0 +7.999313000e+05 +7.998841500e+05 +7.998841500e+05
36 0 +6.432529952e+05 +6.432058452e+05 +6.432058452e+05
53 0 +5.130920910e+05 +5.130449410e+05 +5.130449410e+05
64 0 +4.341097891e+05 +4.340626391e+05 +4.340626391e+05
126 0 +1.494858446e+05 +1.494386946e+05 +1.494386946e+05
127 0 +1.133973538e+05 +1.133502038e+05 +1.133502038e+05
128 0 +1.106693267e+05 +1.106221767e+05 +1.106221767e+05
147 0 +1.078093092e+05 +1.077621592e+05 +1.077621592e+05
168 0 +1.051711818e+05 +1.051240318e+05 +1.051240318e+05
226 0 +1.039779981e+05 +1.039308481e+05 +1.039308481e+05
301 0 +9.962074782e+04 +9.957359782e+04 +9.957359782e+04
401 0 +9.465979782e+04 +9.461264782e+04 +9.461264782e+04
601 0 +9.007896294e+04 +9.003181294e+04 +9.003181294e+04
701 0 +8.808915573e+04 +8.804200573e+04 +8.804200573e+04
906 0 +8.684959505e+04 +8.680244505e+04 +8.680244505e+04
1002 0 +8.475622424e+04 +8.470907424e+04 +8.470907424e+04
1102 0 +8.182511345e+04 +8.177796345e+04 +8.177796345e+04
1201 0 +8.058559834e+04 +8.053844834e+04 +8.053844834e+04
1202 0 +7.825827701e+04 +7.821112701e+04 +7.821112701e+04
1402 0 +7.441708078e+04 +7.436993078e+04 +7.436993078e+04
1501 0 +7.148033084e+04 +7.143318084e+04 +7.143318084e+04
1702 0 +6.840858276e+04 +6.836143276e+04 +6.836143276e+04
1902 0 +6.496344220e+04 +6.491629220e+04 +6.491629220e+04
2101 0 +6.404319372e+04 +6.399604372e+04 +6.399604372e+04
2302 0 +6.258877635e+04 +6.254162635e+04 +6.254162635e+04
2304 0 +6.158266333e+04 +6.153551333e+04 +6.153551333e+04
2401 0 +6.001885414e+04 +5.997170414e+04 +5.997170414e+04
2501 0 +5.679027479e+04 +5.674312479e+04 +5.674312479e+04
2601 0 +5.551950098e+04 +5.547235098e+04 +5.547235098e+04
2701 0 +5.194447322e+04 +5.189732322e+04 +5.189732322e+04
3002 0 +4.917950810e+04 +4.913235810e+04 +4.913235810e+04
3207 0 +4.870064760e+04 +4.865349760e+04 +4.865349760e+04
3301 0 +4.627695338e+04 +4.622980338e+04 +4.622980338e+04
3401 0 +4.270857654e+04 +4.266142654e+04 +4.266142654e+04
3602 0 +4.028554699e+04 +4.023839699e+04 +4.023839699e+04
3901 0 +3.966599027e+04 +3.961884027e+04 +3.961884027e+04
4003 0 +3.773096613e+04 +3.768381613e+04 +3.768381613e+04
4202 0 +3.507764570e+04 +3.503049570e+04 +3.503049570e+04
4502 0 +3.293076371e+04 +3.288361371e+04 +3.288361371e+04
4601 0 +3.184390700e+04 +3.179675700e+04 +3.179675700e+04
4801 0 +2.940098196e+04 +2.935383196e+04 +2.935383196e+04
4901 0 +2.621136124e+04 +2.616421124e+04 +2.616421124e+04
5202 0 +2.543250097e+04 +2.538535097e+04 +2.538535097e+04
5203 0 +2.395398767e+04 +2.390683767e+04 +2.390683767e+04
5204 0 +2.333688927e+04 +2.328973927e+04 +2.328973927e+04
5301 0 +2.150068425e+04 +2.145353425e+04 +2.145353425e+04
5520 0 +2.081418031e+04 +2.076703031e+04 +2.076703031e+04
5902 0 +2.008232563e+04 +2.003517563e+04 +2.003517563e+04
6110 0 +1.864975415e+04 +1.860260415e+04 +1.860260415e+04
6402 0 +1.761529064e+04 +1.756814064e+04 +1.756814064e+04
7001 0 +1.630478516e+04 +1.625763516e+04 +1.625763516e+04
7201 0 +1.428928963e+04 +1.424213963e+04 +1.424213963e+04
7501 0 +1.401064651e+04 +1.396349651e+04 +1.396349651e+04
7601 0 +1.262956365e+04 +1.258241365e+04 +1.258241365e+04
7701 0 +1.180583169e+04 +1.175868169e+04 +1.175868169e+04
7801 0 +1.091620211e+04 +1.086905211e+04 +1.086905211e+04
8001 0 +9.947571601e+03 +9.900421601e+03 +9.900421601e+03
8401 0 +8.506601474e+03 +8.459451474e+03 +8.459451474e+03
8601 0 +8.122180474e+03 +8.075030474e+03 +8.075030474e+03
8701 0 +7.536138113e+03 +7.488988113e+03 +7.488988113e+03
9202 0 +6.772992825e+03 +6.725842825e+03 +6.725842825e+03
9602 0 +6.114774093e+03 +6.067624093e+03 +6.067624093e+03
9903 0 +5.913641435e+03 +5.866491435e+03 +5.866491435e+03
10101 0 +5.540590735e+03 +5.493440735e+03 +5.493440735e+03
10301 0 +5.303995921e+03 +5.256845921e+03 +5.256845921e+03
10409 0 +5.173354267e+03 +5.126204267e+03 +5.126204267e+03
10505 0 +4.984979222e+03 +4.937829222e+03 +4.937829222e+03
10704 0 +4.824020825e+03 +4.776870825e+03 +4.776870825e+03
10718 0 +4.554142747e+03 +4.506992747e+03 +4.506992747e+03
11401 0 +4.349282930e+03 +4.302132930e+03 +4.302132930e+03
11601 0 +4.050719915e+03 +4.003569915e+03 +4.003569915e+03
11801 0 +3.936227399e+03 +3.889077399e+03 +3.889077399e+03
12001 0 +3.287235350e+03 +3.240085350e+03 +3.240085350e+03
12101 0 +2.812275700e+03 +2.765125700e+03 +2.765125700e+03
12301 0 +2.741698624e+03 +2.694548624e+03 +2.694548624e+03
12401 0 +2.688452907e+03 +2.641302907e+03 +2.641302907e+03
12702 0 +2.566868867e+03 +2.519718867e+03 +2.519718867e+03
12715 0 +2.461706444e+03 +2.414556444e+03 +2.414556444e+03
13005 0 +2.449184002e+03 +2.402034002e+03 +2.402034002e+03
13401 0 +2.335902790e+03 +2.288752790e+03 +2.288752790e+03
14103 0 +2.177064848e+03 +2.129914848e+03 +2.129914848e+03
14120 0 +2.097712878e+03 +2.050562878e+03 +2.050562878e+03
14501 0 +2.069185021e+03 +2.022035021e+03 +2.022035021e+03
14601 0 +1.722121584e+03 +1.674971584e+03 +1.674971584e+03
15101 0 +1.370987246e+03 +1.323837246e+03 +1.323837246e+03
15306 0 +1.256742382e+03 +1.209592382e+03 +1.209592382e+03
19601 0 +1.140180109e+03 +1.093030109e+03 +1.093030109e+03
19801 0 +1.114966831e+03 +1.067816831e+03 +1.067816831e+03
22102 0 +1.061632642e+03 +1.014482642e+03 +1.014482642e+03
22114 0 +9.579881728e+02 +9.108381728e+02 +9.108381728e+02
22201 0 +8.986955825e+02 +8.515455825e+02 +8.515455825e+02
27801 0 +8.654052240e+02 +8.182552240e+02 +8.182552240e+02
28401 0 +7.842920645e+02 +7.371420645e+02 +7.371420645e+02
28501 0 +7.516218300e+02 +7.044718300e+02 +7.044718300e+02
28701 0 +7.332980000e+02 +6.861480000e+02 +6.861480000e+02
29505 0 +5.828655703e+02 +5.357155703e+02 +5.357155703e+02
30701 0 +5.608459359e+02 +5.136959359e+02 +5.136959359e+02
35001 0 +5.078162352e+02 +4.606662352e+02 +4.606662352e+02
36501 0 +4.724969434e+02 +4.253469434e+02 +4.253469434e+02
% f evaluations | g evaluations | best noise-free fitness - Fopt (3.752000000000e+01) + sum g_i+ | measured fitness | best measured fitness or single-digit g-values | x1 | x2...
1 0 +1.479085893e+06 +1.479123413e+06 +1.479123413e+06
2 0 +9.773928107e+05 +9.774303307e+05 +9.774303307e+05
6 0 +8.923472592e+05 +8.923847792e+05 +8.923847792e+05
8 0 +6.759964850e+05 +6.760340050e+05 +6.760340050e+05
27 0 +6.391573061e+05 +6.391948261e+05 +6.391948261e+05
33 0 +6.240337964e+05 +6.240713164e+05 +6.240713164e+05
53 0 +5.233311677e+05 +5.233686877e+05 +5.233686877e+05
69 0 +4.630317161e+05 +4.630692361e+05 +4.630692361e+05
126 0 +6.578290307e+04 +6.582042307e+04 +6.582042307e+04
127 0 +6.088561869e+04 +6.092313869e+04 +6.092313869e+04
128 0 +5.663791414e+04 +5.667543414e+04 +5.667543414e+04
202 0 +5.127519512e+04 +5.131271512e+04 +5.131271512e+04
512 0 +4.974384096e+04 +4.978136096e+04 +4.978136096e+04
513 0 +4.873278010e+04 +4.877030010e+04 +4.877030010e+04
801 0 +4.413588723e+04 +4.417340723e+04 +4.417340723e+04
901 0 +4.203886009e+04 +4.207638009e+04 +4.207638009e+04
1001 0 +4.118319296e+04 +4.122071296e+04 +4.122071296e+04
1101 0 +3.986681468e+04 +3.990433468e+04 +3.990433468e+04
1103 0 +3.943868555e+04 +3.947620555e+04 +3.947620555e+04
1201 0 +3.886427692e+04 +3.890179692e+04 +3.890179692e+04
1701 0 +3.636412477e+04 +3.640164477e+04 +3.640164477e+04
1801 0 +3.415625384e+04 +3.419377384e+04 +3.419377384e+04
2001 0 +3.355111065e+04 +3.358863065e+04 +3.358863065e+04
2202 0 +3.197076357e+04 +3.200828357e+04 +3.200828357e+04
2501 0 +3.141140733e+04 +3.144892733e+04 +3.144892733e+04
2702 0 +3.010846299e+04 +3.014598299e+04 +3.014598299e+04
2801 0 +2.784979232e+04 +2.788731232e+04 +2.788731232e+04
3001 0 +2.625273087e+04 +2.629025087e+04 +2.629025087e+04
3004 0 +2.566892431e+04 +2.570644431e+04 +2.570644431e+04
3205 0 +2.409717710e+04 +2.413469710e+04 +2.413469710e+04
3301 0 +2.181251809e+04 +2.185003809e+04 +2.185003809e+04
3501 0 +1.905489087e+04 +1.909241087e+04 +1.909241087e+04
3601 0 +1.725506464e+04 +1.729258464e+04 +1.729258464e+04
4005 0 +1.515125458e+04 +1.518877458e+04 +1.518877458e+04
4101 0 +1.495167238e+04 +1.498919238e+04 +1.498919238e+04
4403 0 +1.449176002e+04 +1.452928002e+04 +1.452928002e+04
4411 0 +1.444326936e+04 +1.448078936e+04 +1.448078936e+04
4503 0 +1.354790069e+04 +1.358542069e+04 +1.358542069e+04
4701 0 +1.308116914e+04 +1.311868914e+04 +1.311868914e+04
4801 0 +1.232224261e+04 +1.235976261e+04 +1.235976261e+04
5001 0 +1.197182847e+04 +1.200934847e+04 +1.200934847e+04
5401 0 +1.080716339e+04 +1.084468339e+04 +1.084468339e+04
5502 0 +9.901439969e+03 +9.938959969e+03 +9.938959969e+03
5903 0 +9.604243951e+03 +9.641763951e+03 +9.641763951e+03
6001 0 +9.540361145e+03 +9.577881145e+03 +9.577881145e+03
6032 0 +9.098212942e+03 +9.135732942e+03 +9.135732942e+03
6201 0 +8.252920679e+03 +8.290440679e+03 +8.290440679e+03
6301 0 +7.270420135e+03 +7.307940135e+03 +7.307940135e+03
6801 0 +6.370881097e+03 +6.408401097e+03 +6.408401097e+03
7101 0 +6.307063068e+03 +6.344583068e+03 +6.344583068e+03
7503 0 +6.052126731e+03 +6.089646731e+03 +6.089646731e+03
8004 0 +5.958183662e+03 +5.995703662e+03 +5.995703662e+03
8401 0 +5.877497831e+03 +5.915017831e+03 +5.915017831e+03
8701 0 +5.480113423e+03 +5.517633423e+03 +5.517633423e+03
8901 0 +5.088576312e+03 +5.126096312e+03 +5.126096312e+03
8915 0 +4.588505395e+03 +4.626025395e+03 +4.626025395e+03
9301 0 +4.541217947e+03 +4.578737947e+03 +4.578737947e+03
9302 0 +3.929399990e+03 +3.966919990e+03 +3.966919990e+03
10601 0 +3.709842519e+03 +3.747362519e+03 +3.747362519e+03
10701 0 +3.429167582e+03 +3.466687582e+03 +3.466687582e+03
11110 0 +3.361562873e+03 +3.399082873e+03 +3.399082873e+03
12001 0 +3.298887231e+03 +3.336407231e+03 +3.336407231e+03
12006 0 +3.040552451e+03 +3.078072451e+03 +3.078072451e+03
12009 0 +2.713150056e+03 +2.750670056e+03 +2.750670056e+03
12101 0 +2.607822219e+03 +2.645342219e+03 +2.645342219e+03
12201 0 +2.365855759e+03 +2.403375759e+03 +2.403375759e+03
13211 0 +2.319442114e+03 +2.356962114e+03 +2.356962114e+03
13702 0 +2.279402385e+03 +2.316922385e+03 +2.316922385e+03
13801 0 +2.176533734e+03 +2.214053734e+03 +2.214053734e+03
14106 0 +2.018592964e+03 +2.056112964e+03 +2.056112964e+03
14403 0 +1.956919498e+03 +1.994439498e+03 +1.994439498e+03
14606 0 +1.899545941e+03 +1.937065941e+03 +1.937065941e+03
14701 0 +1.851482267e+03 +1.889002267e+03 +1.889002267e+03
14905 0 +1.807951561e+03 +1.845471561e+03 +1.845471561e+03
15003 0 +1.771944180e+03 +1.809464180e+03 +1.809464180e+03
15203 0 +1.736156351e+03 +1.773676351e+03 +1.773676351e+03
15505 0 +1.674364540e+03 +1.711884540e+03 +1.711884540e+03
15601 0 +1.613363003e+03 +1.650883003e+03 +1.650883003e+03
16102 0 +1.491942488e+03 +1.529462488e+03 +1.529462488e+03
16305 0 +1.468586860e+03 +1.506106860e+03 +1.506106860e+03
16501 0 +1.392229157e+03 +1.429749157e+03 +1.429749157e+03
17809 0 +1.282594543e+03 +1.320114543e+03 +1.320114543e+03
18003 0 +1.236127102e+03 +1.273647102e+03 +1.273647102e+03
18202 0 +1.199955581e+03 +1.237475581e+03 +1.237475581e+03
18903 0 +9.746874468e+02 +1.012207447e+03 +1.012207447e+03
19301 0 +8.239095531e+02 +8.614295531e+02 +8.614295531e+02
21201 0 +7.466023178e+02 +7.841223178e+02 +7.841223178e+02
21801 0 +6.188432276e+02 +6.563632276e+02 +6.563632276e+02
22008 0 +5.953382198e+02 +6.328582198e+02 +6.328582198e+02
23097 0 +5.687180521e+02 +6.062380521e+02 +6.062380521e+02
24518 0 +5.189961907e+02 +5.565161907e+02 +5.565161907e+02
24702 0 +4.912205947e+02 +5.287405947e+02 +5.287405947e+02
25101 0 +4.777660442e+02 +5.152860442e+02 +5.152860442e+02
27004 0 +4.639478337e+02 +5.014678337e+02 +5.014678337e+02
27716 0 +4.405265387e+02 +4.780465387e+02 +4.780465387e+02
27801 0 +4.138011906e+02 +4.513211906e+02 +4.513211906e+02
29401 0 +3.952462829e+02 +4.327662829e+02 +4.327662829e+02
30803 0 +3.750333220e+02 +4.125533220e+02 +4.125533220e+02
31206 0 +3.677036951e+02 +4.052236951e+02 +4.052236951e+02
31503 0 +3.594827011e+02 +3.970027011e+02 +3.970027011e+02
34901 0 +3.336100927e+02 +3.711300927e+02 +3.711300927e+02
% f evaluations | g evaluations | best noise-free fitness - Fopt (1.699800000000e+02) + sum g_i+ | measured fitness | best measured fitness or single-digit g-values | x1 | x2...
1 0 +1.674775698e+06 +1.674945678e+06 +1.674945678e+06
2 0 +1.193916116e+06 +1.194086096e+06 +1.194086096e+06
3 0 +7.799162684e+05 +7.800862484e+05 +7.800862484e+05
18 0 +6.251998060e+05 +6.253697860e+05 +6.253697860e+05
42 0 +6.064405756e+05 +6.066105556e+05 +6.066105556e+05
126 0 +1.629660010e+05 +1.631359810e+05 +1.631359810e+05
127 0 +9.205210315e+04 +9.222208315e+04 +9.222208315e+04
129 0 +8.819976770e+04 +8.836974770e+04 +8.836974770e+04
130 0 +8.567303153e+04 +8.584301153e+04 +8.584301153e+04
132 0 +8.510859622e+04 +8.527857622e+04 +8.527857622e+04
133 0 +8.244338269e+04 +8.261336269e+04 +8.261336269e+04
201 0 +8.053679452e+04 +8.070677452e+04 +8.070677452e+04
301 0 +7.722192705e+04 +7.739190705e+04 +7.739190705e+04
401 0 +7.361860237e+04 +7.378858237e+04 +7.378858237e+04
501 0 +7.089931501e+04 +7.106929501e+04 +7.106929501e+04
503 0 +7.019016468e+04 +7.036014468e+04 +7.036014468e+04
601 0 +6.766559425e+04 +6.783557425e+04 +6.783557425e+04
801 0 +6.540361271e+04 +6.557359271e+04 +6.557359271e+04
1002 0 +6.418906789e+04 +6.435904789e+04 +6.435904789e+04
1102 0 +6.253803578e+04 +6.270801578e+04 +6.270801578e+04
1315 0 +6.115024924e+04 +6.132022924e+04 +6.132022924e+04
1412 0 +6.002279561e+04 +6.019277561e+04 +6.019277561e+04
1501 0 +5.544627647e+04 +5.561625647e+04 +5.561625647e+04
1601 0 +4.879437149e+04 +4.896435149e+04 +4.896435149e+04
1701 0 +4.670984762e+04 +4.687982762e+04 +4.687982762e+04
1901 0 +4.456743873e+04 +4.473741873e+04 +4.473741873e+04
2001 0 +3.977112096e+04 +3.994110096e+04 +3.994110096e+04
2101 0 +3.698995590e+04 +3.715993590e+04 +3.715993590e+04
2402 0 +3.496099974e+04 +3.513097974e+04 +3.513097974e+04
2501 0 +3.362142837e+04 +3.379140837e+04 +3.379140837e+04
2601 0 +3.155759684e+04 +3.172757684e+04 +3.172757684e+04
3101 0 +3.079926444e+04 +3.096924444e+04 +3.096924444e+04
3195 0 +2.897093109e+04 +2.914091109e+04 +2.914091109e+04
3201 0 +2.801961136e+04 +2.818959136e+04 +2.818959136e+04
3203 0 +2.722030658e+04 +2.739028658e+04 +2.739028658e+04
3301 0 +2.514474225e+04 +2.531472225e+04 +2.531472225e+04
3401 0 +2.473220764e+04 +2.490218764e+04 +2.490218764e+04
3702 0 +2.322558115e+04 +2.339556115e+04 +2.339556115e+04
4101 0 +2.184792919e+04 +2.201790919e+04 +2.201790919e+04
4103 0 +2.112225973e+04 +2.129223973e+04 +2.129223973e+04
4201 0 +2.024482466e+04 +2.041480466e+04 +2.041480466e+04
4501 0 +1.989639401e+04 +2.006637401e+04 +2.006637401e+04
4802 0 +1.915534560e+04 +1.932532560e+04 +1.932532560e+04
4803 0 +1.890667339e+04 +1.907665339e+04 +1.907665339e+04
5002 0 +1.814777797e+04 +1.831775797e+04 +1.831775797e+04
5101 0 +1.529897008e+04 +1.546895008e+04 +1.546895008e+04
5311 0 +1.486138392e+04 +1.503136392e+04 +1.503136392e+04
5602 0 +1.478986642e+04 +1.495984642e+04 +1.495984642e+04
5704 0 +1.428057040e+04 +1.445055040e+04 +1.445055040e+04
5802 0 +1.398172378e+04 +1.415170378e+04 +1.415170378e+04
6101 0 +1.292316553e+04 +1.309314553e+04 +1.309314553e+04
6301 0 +1.277742188e+04 +1.294740188e+04 +1.294740188e+04
6404 0 +1.247763527e+04 +1.264761527e+04 +1.264761527e+04
6506 0 +1.192219875e+04 +1.209217875e+04 +1.209217875e+04
6604 0 +1.122307293e+04 +1.139305293e+04 +1.139305293e+04
6701 0 +1.100112362e+04 +1.117110362e+04 +1.117110362e+04
6801 0 +1.080316615e+04 +1.097314615e+04 +1.097314615e+04
7101 0 +1.030102685e+04 +1.047100685e+04 +1.047100685e+04
7202 0 +1.014524257e+04 +1.031522257e+04 +1.031522257e+04
7302 0 +9.684364459e+03 +9.854344459e+03 +9.854344459e+03
7701 0 +8.996166855e+03 +9.166146855e+03 +9.166146855e+03
7801 0 +8.784502877e+03 +8.954482877e+03 +8.954482877e+03
8001 0 +7.663843467e+03 +7.833823467e+03 +7.833823467e+03
8317 0 +7.205138865e+03 +7.375118865e+03 +7.375118865e+03
8701 0 +6.319375022e+03 +6.489355022e+03 +6.489355022e+03
8901 0 +6.166804823e+03 +6.336784823e+03 +6.336784823e+03
9205 0 +5.899723138e+03 +6.069703138e+03 +6.069703138e+03
9504 0 +5.458652469e+03 +5.628632469e+03 +5.628632469e+03
9737 0 +5.252067350e+03 +5.422047350e+03 +5.422047350e+03
9740 0 +4.756608843e+03 +4.926588843e+03 +4.926588843e+03
9901 0 +4.437849371e+03 +4.607829371e+03 +4.607829371e+03
10110 0 +4.230118155e+03 +4.400098155e+03 +4.400098155e+03
10302 0 +3.888795319e+03 +4.058775319e+03 +4.058775319e+03
11901 0 +3.379721234e+03 +3.549701234e+03 +3.549701234e+03
12201 0 +3.021807569e+03 +3.191787569e+03 +3.191787569e+03
12404 0 +2.786814485e+03 +2.956794485e+03 +2.956794485e+03
13001 0 +2.517578261e+03 +2.687558261e+03 +2.687558261e+03
13539 0 +2.325458294e+03 +2.495438294e+03 +2.495438294e+03
13594 0 +2.287350248e+03 +2.457330248e+03 +2.457330248e+03
13803 0 +1.951071024e+03 +2.121051024e+03 +2.121051024e+03
14655 0 +1.712569907e+03 +1.882549907e+03 +1.882549907e+03
14701 0 +1.468478517e+03 +1.638458517e+03 +1.638458517e+03
16101 0 +1.414882538e+03 +1.584862538e+03 +1.584862538e+03
16368 0 +1.403171209e+03 +1.573151209e+03 +1.573151209e+03
17475 0 +1.345227374e+03 +1.515207374e+03 +1.515207374e+03
18401 0 +1.055302867e+03 +1.225282867e+03 +1.225282867e+03
18601 0 +9.945011324e+02 +1.164481132e+03 +1.164481132e+03
21534 0 +9.359554473e+02 +1.105935447e+03 +1.105935447e+03
21601 0 +8.920099951e+02 +1.061989995e+03 +1.061989995e+03
21801 0 +8.648381125e+02 +1.034818113e+03 +1.034818113e+03
23802 0 +6.788563007e+02 +8.488363007e+02 +8.488363007e+02
28705 0 +6.616322261e+02 +8.316122261e+02 +8.316122261e+02
28903 0 +6.421913768e+02 +8.121713768e+02 +8.121713768e+02
29508 0 +6.297825086e+02 +7.997625086e+02 +7.997625086e+02
29679 0 +5.855396791e+02 +7.555196791e+02 +7.555196791e+02
29801 0 +5.674900594e+02 +7.374700594e+02 +7.374700594e+02
29816 0 +4.963554790e+02 +6.663354790e+02 +6.663354790e+02
29901 0 +4.655353477e+02 +6.355153477e+02 +6.355153477e+02
30324 0 +4.544485803e+02 +6.244285803e+02 +6.244285803e+02
% f evaluations | g evaluations | best noise-free fitness - Fopt (-2.347800000000e+02) + sum g_i+ | measured fitness | best measured fitness or single-digit g-values | x1 | x2...
1 0 +9.026086971e+05 +9.023739171e+05 +9.023739171e+05
11 0 +7.976849223e+05 +7.974501423e+05 +7.974501423e+05
13 0 +5.801678889e+05 +5.799331089e+05 +5.799331089e+05
33 0 +4.967539982e+05 +4.965192182e+05 +4.965192182e+05
126 0 +9.373364589e+04 +9.349886589e+04 +9.349886589e+04
127 0 +7.012122160e+04 +6.988644160e+04 +6.988644160e+04
128 0 +6.851844243e+04 +6.828366243e+04 +6.828366243e+04
130 0 +6.608406720e+04 +6.584928720e+04 +6.584928720e+04
140 0 +6.505815102e+04 +6.482337102e+04 +6.482337102e+04
142 0 +6.411747274e+04 +6.388269274e+04 +6.388269274e+04
149 0 +6.198442948e+04 +6.174964948e+04 +6.174964948e+04
201 0 +6.077541962e+04 +6.054063962e+04 +6.054063962e+04
329 0 +5.974044115e+04 +5.950566115e+04 +5.950566115e+04
374 0 +5.824845151e+04 +5.801367151e+04 +5.801367151e+04
489 0 +5.752470289e+04 +5.728992289e+04 +5.728992289e+04
501 0 +5.524903438e+04 +5.501425438e+04 +5.501425438e+04
601 0 +5.384242041e+04 +5.360764041e+04 +5.360764041e+04
602 0 +5.274658586e+04 +5.251180586e+04 +5.251180586e+04
701 0 +5.219903906e+04 +5.196425906e+04 +5.196425906e+04
892 0 +5.095234998e+04 +5.071756998e+04 +5.071756998e+04
901 0 +4.790151804e+04 +4.766673804e+04 +4.766673804e+04
1001 0 +4.748988140e+04 +4.725510140e+04 +4.725510140e+04
1303 0 +4.408622849e+04 +4.385144849e+04 +4.385144849e+04
1401 0 +4.358374192e+04 +4.334896192e+04 +4.334896192e+04
1602 0 +4.200601965e+04 +4.177123965e+04 +4.177123965e+04
1701 0 +4.058364871e+04 +4.034886871e+04 +4.034886871e+04
1860 0 +3.917917718e+04 +3.894439718e+04 +3.894439718e+04
1938 0 +3.856681503e+04 +3.833203503e+04 +3.833203503e+04
2201 0 +3.589516106e+04 +3.566038106e+04 +3.566038106e+04
2301 0 +3.261821991e+04 +3.238343991e+04 +3.238343991e+04
2602 0 +2.932695659e+04 +2.909217659e+04 +2.909217659e+04
2701 0 +2.569383532e+04 +2.545905532e+04 +2.545905532e+04
2801 0 +2.499086445e+04 +2.475608445e+04 +2.475608445e+04
3101 0 +2.059218447e+04 +2.035740447e+04 +2.035740447e+04
3201 0 +1.755510864e+04 +1.732032864e+04 +1.732032864e+04
4001 0 +1.736763570e+04 +1.713285570e+04 +1.713285570e+04
4202 0 +1.651588425e+04 +1.628110425e+04 +1.628110425e+04
4240 0 +1.596851038e+04 +1.573373038e+04 +1.573373038e+04
4253 0 +1.532297324e+04 +1.508819324e+04 +1.508819324e+04
4401 0 +1.396488219e+04 +1.373010219e+04 +1.373010219e+04
4801 0 +1.377782562e+04 +1.354304562e+04 +1.354304562e+04
4902 0 +1.336760083e+04 +1.313282083e+04 +1.313282083e+04
5201 0 +1.054733263e+04 +1.031255263e+04 +1.031255263e+04
5301 0 +1.007041987e+04 +9.835639866e+03 +9.835639866e+03
5501 0 +8.909442404e+03 +8.674662404e+03 +8.674662404e+03
5601 0 +8.221110058e+03 +7.986330058e+03 +7.986330058e+03
5701 0 +7.139768839e+03 +6.904988839e+03 +6.904988839e+03
5801 0 +6.813347586e+03 +6.578567586e+03 +6.578567586e+03
6903 0 +6.677101798e+03 +6.442321798e+03 +6.442321798e+03
7001 0 +6.198496903e+03 +5.963716903e+03 +5.963716903e+03
7410 0 +5.912184203e+03 +5.677404203e+03 +5.677404203e+03
7501 0 +5.178608725e+03 +4.943828725e+03 +4.943828725e+03
8001 0 +4.681575929e+03 +4.446795929e+03 +4.446795929e+03
8103 0 +4.361181442e+03 +4.126401442e+03 +4.126401442e+03
8501 0 +4.258407618e+03 +4.023627618e+03 +4.023627618e+03
8503 0 +4.143933631e+03 +3.909153631e+03 +3.909153631e+03
8601 0 +3.947476168e+03 +3.712696168e+03 +3.712696168e+03
9005 0 +3.888486812e+03 +3.653706812e+03 +3.653706812e+03
9247 0 +3.771556600e+03 +3.536776600e+03 +3.536776600e+03
9401 0 +3.539889824e+03 +3.305109824e+03 +3.305109824e+03
9405 0 +3.188539534e+03 +2.953759534e+03 +2.953759534e+03
10201 0 +3.018013470e+03 +2.783233470e+03 +2.783233470e+03
10510 0 +2.870195940e+03 +2.635415940e+03 +2.635415940e+03
10702 0 +2.465940319e+03 +2.231160319e+03 +2.231160319e+03
10801 0 +2.449301677e+03 +2.214521677e+03 +2.214521677e+03
10901 0 +2.333468608e+03 +2.098688608e+03 +2.098688608e+03
10902 0 +2.284764634e+03 +2.049984634e+03 +2.049984634e+03
11103 0 +2.141466677e+03 +1.906686677e+03 +1.906686677e+03
11109 0 +1.991979429e+03 +1.757199429e+03 +1.757199429e+03
11872 0 +1.917359950e+03 +1.682579950e+03 +1.682579950e+03
12009 0 +1.825458415e+03 +1.590678415e+03 +1.590678415e+03
12206 0 +1.700511404e+03 +1.465731404e+03 +1.465731404e+03
12401 0 +1.656288680e+03 +1.421508680e+03 +1.421508680e+03
13203 0 +1.556956452e+03 +1.322176452e+03 +1.322176452e+03
13302 0 +1.337812371e+03 +1.103032371e+03 +1.103032371e+03
13603 0 +1.254771481e+03 +1.019991481e+03 +1.019991481e+03
13863 0 +1.181019676e+03 +9.462396764e+02 +9.462396764e+02
13901 0 +1.028471306e+03 +7.936913055e+02 +7.936913055e+02
16102 0 +1.013181805e+03 +7.784018046e+02 +7.784018046e+02
16302 0 +9.446685373e+02 +7.098885373e+02 +7.098885373e+02
16401 0 +8.790188191e+02 +6.442388191e+02 +6.442388191e+02
16543 0 +8.676731893e+02 +6.328931893e+02 +6.328931893e+02
16601 0 +7.392593344e+02 +5.044793344e+02 +5.044793344e+02
18548 0 +7.220782271e+02 +4.872982271e+02 +4.872982271e+02
18578 0 +6.964816927e+02 +4.617016927e+02 +4.617016927e+02
18602 0 +6.580866843e+02 +4.233066843e+02 +4.233066843e+02
22008 0 +5.914636667e+02 +3.566836667e+02 +3.566836667e+02
22015 0 +5.593329670e+02 +3.245529670e+02 +3.245529670e+02
24805 0 +5.168802496e+02 +2.821002496e+02 +2.821002496e+02
31506 0 +4.819550487e+02 +2.471750487e+02 +2.471750487e+02
32301 0 +4.648372753e+02 +2.300572753e+02 +2.300572753e+02
32704 0 +3.258475691e+02 +9.106756906e+01 +9.106756906e+01
% f evaluations | g evaluations | best noise-free fitness - Fopt (-9.473000000000e+01) + sum g_i+ | measured fitness | best measured fitness or single-digit g-values | x1 | x2...
1 0 +2.436788040e+06 +2.436693310e+06 +2.436693310e+06
2 0 +7.848743063e+05 +7.847795763e+05 +7.847795763e+05
15 0 +6.283060520e+05 +6.282113220e+05 +6.282113220e+05
39 0 +5.186725292e+05 +5.185777992e+05 +5.185777992e+05
126 0 +6.976886375e+04 +6.967413375e+04 +6.967413375e+04
127 0 +6.438331103e+04 +6.428858103e+04 +6.428858103e+04
175 0 +6.235390113e+04 +6.225917113e+04 +6.225917113e+04
202 0 +5.910227850e+04 +5.900754850e+04 +5.900754850e+04
301 0 +5.653476497e+04 +5.644003497e+04 +5.644003497e+04
401 0 +5.434306724e+04 +5.424833724e+04 +5.424833724e+04
501 0 +5.168720502e+04 +5.159247502e+04 +5.159247502e+04
702 0 +5.108299634e+04 +5.098826634e+04 +5.098826634e+04
708 0 +4.770551769e+04 +4.761078769e+04 +4.761078769e+04
801 0 +4.431139162e+04 +4.421666162e+04 +4.421666162e+04
1001 0 +4.259623552e+04 +4.250150552e+04 +4.250150552e+04
1102 0 +4.162264158e+04 +4.152791158e+04 +4.152791158e+04
1302 0 +3.880498021e+04 +3.871025021e+04 +3.871025021e+04
1401 0 +3.634066092e+04 +3.624593092e+04 +3.624593092e+04
1501 0 +3.239258727e+04 +3.229785727e+04 +3.229785727e+04
1601 0 +3.213861980e+04 +3.204388980e+04 +3.204388980e+04
1801 0 +3.111094023e+04 +3.101621023e+04 +3.101621023e+04
2001 0 +3.084790353e+04 +3.075317353e+04 +3.075317353e+04
2002 0 +2.902542050e+04 +2.893069050e+04 +2.893069050e+04
2101 0 +2.781617799e+04 +2.772144799e+04 +2.772144799e+04
2102 0 +2.556158112e+04 +2.546685112e+04 +2.546685112e+04
2504 0 +2.476343029e+04 +2.466870029e+04 +2.466870029e+04
2601 0 +2.300366555e+04 +2.290893555e+04 +2.290893555e+04
2701 0 +2.213383480e+04 +2.203910480e+04 +2.203910480e+04
2801 0 +2.147055778e+04 +2.137582778e+04 +2.137582778e+04
3001 0 +2.044960651e+04 +2.035487651e+04 +2.035487651e+04
3101 0 +1.910725216e+04 +1.901252216e+04 +1.901252216e+04
3404 0 +1.818662652e+04 +1.809189652e+04 +1.809189652e+04
3501 0 +1.703881198e+04 +1.694408198e+04 +1.694408198e+04
3809 0 +1.662982708e+04 +1.653509708e+04 +1.653509708e+04
3902 0 +1.571688877e+04 +1.562215877e+04 +1.562215877e+04
4202 0 +1.514584375e+04 +1.505111375e+04 +1.505111375e+04
4301 0 +1.422829377e+04 +1.413356377e+04 +1.413356377e+04
4403 0 +1.398473361e+04 +1.389000361e+04 +1.389000361e+04
4702 0 +1.367301969e+04 +1.357828969e+04 +1.357828969e+04
4802 0 +1.337163126e+04 +1.327690126e+04 +1.327690126e+04
4902 0 +1.309664102e+04 +1.300191102e+04 +1.300191102e+04
5003 0 +1.239731665e+04 +1.230258665e+04 +1.230258665e+04
5102 0 +1.168922171e+04 +1.159449171e+04 +1.159449171e+04
5665 0 +1.128451554e+04 +1.118978554e+04 +1.118978554e+04
5701 0 +1.005590176e+04 +9.961171758e+03 +9.961171758e+03
5801 0 +9.527096555e+03 +9.432366555e+03 +9.432366555e+03
5901 0 +8.469478140e+03 +8.374748140e+03 +8.374748140e+03
6301 0 +8.060850847e+03 +7.966120847e+03 +7.966120847e+03
6582 0 +7.609785553e+03 +7.515055553e+03 +7.515055553e+03
6601 0 +7.316106373e+03 +7.221376373e+03 +7.221376373e+03
6701 0 +7.067956919e+03 +6.973226919e+03 +6.973226919e+03
7304 0 +6.400992448e+03 +6.306262448e+03 +6.306262448e+03
8001 0 +5.177243140e+03 +5.082513140e+03 +5.082513140e+03
8802 0 +5.065787310e+03 +4.971057310e+03 +4.971057310e+03
9304 0 +4.878663088e+03 +4.783933088e+03 +4.783933088e+03
9804 0 +4.691776666e+03 +4.597046666e+03 +4.597046666e+03
9901 0 +4.669630088e+03 +4.574900088e+03 +4.574900088e+03
10202 0 +4.500256851e+03 +4.405526851e+03 +4.405526851e+03
10340 0 +4.370418068e+03 +4.275688068e+03 +4.275688068e+03
10401 0 +4.229833067e+03 +4.135103067e+03 +4.135103067e+03
10603 0 +3.893703263e+03 +3.798973263e+03 +3.798973263e+03
10701 0 +3.807095884e+03 +3.712365884e+03 +3.712365884e+03
11004 0 +3.762749331e+03 +3.668019331e+03 +3.668019331e+03
11101 0 +3.572760543e+03 +3.478030543e+03 +3.478030543e+03
11421 0 +3.447638375e+03 +3.352908375e+03 +3.352908375e+03
12007 0 +3.206063901e+03 +3.111333901e+03 +3.111333901e+03
12532 0 +2.936799038e+03 +2.842069038e+03 +2.842069038e+03
12601 0 +2.787640052e+03 +2.692910052e+03 +2.692910052e+03
13101 0 +2.737410134e+03 +2.642680134e+03 +2.642680134e+03
15001 0 +2.550434636e+03 +2.455704636e+03 +2.455704636e+03
15602 0 +2.400784329e+03 +2.306054329e+03 +2.306054329e+03
15701 0 +2.180154506e+03 +2.085424506e+03 +2.085424506e+03
15903 0 +2.069109823e+03 +1.974379823e+03 +1.974379823e+03
16510 0 +2.038991678e+03 +1.944261678e+03 +1.944261678e+03
18101 0 +1.984864493e+03 +1.890134493e+03 +1.890134493e+03
18303 0 +1.935764923e+03 +1.841034923e+03 +1.841034923e+03
18401 0 +1.715330943e+03 +1.620600943e+03 +1.620600943e+03
18601 0 +1.694787683e+03 +1.600057683e+03 +1.600057683e+03
19202 0 +1.592628921e+03 +1.497898921e+03 +1.497898921e+03
19264 0 +1.443839829e+03 +1.349109829e+03 +1.349109829e+03
19501 0 +1.284603304e+03 +1.189873304e+03 +1.189873304e+03
19701 0 +1.191186234e+03 +1.096456234e+03 +1.096456234e+03
20208 0 +1.131610056e+03 +1.036880056e+03 +1.036880056e+03
20801 0 +1.056176677e+03 +9.614466770e+02 +9.614466770e+02
21002 0 +1.006288026e+03 +9.115580263e+02 +9.115580263e+02
23801 0 +9.602139715e+02 +8.654839715e+02 +8.654839715e+02
23901 0 +9.261109658e+02 +8.313809658e+02 +8.313809658e+02
24501 0 +8.275754225e+02 +7.328454225e+02 +7.328454225e+02
25004 0 +7.930270408e+02 +6.982970408e+02 +6.982970408e+02
25029 0 +7.449828705e+02 +6.502528705e+02 +6.502528705e+02
25031 0 +6.395469815e+02 +5.448169815e+02 +5.448169815e+02
25301 0 +5.686519267e+02 +4.739219267e+02 +4.739219267e+02
25601 0 +5.361171363e+02 +4.413871363e+02 +4.413871363e+02
27405 0 +5.082467574e+02 +4.135167574e+02 +4.135167574e+02
30606 0 +4.281354006e+02 +3.334054006e+02 +3.334054006e+02
% f evaluations | g evaluations | best noise-free fitness - Fopt (-7.158000000000e+02) + sum g_i+ | measured fitness | best measured fitness or single-digit g-values | x1 | x2...
1 0 +1.695694225e+06 +1.694978425e+06 +1.694978425e+06
2 0 +8.700397347e+05 +8.693239347e+05 +8.693239347e+05
5 0 +6.224204242e+05 +6.217046242e+05 +6.217046242e+05
20 0 +5.076308221e+05 +5.069150221e+05 +5.069150221e+05
126 0 +1.035359529e+05 +1.028201529e+05 +1.028201529e+05
137 0 +1.019011056e+05 +1.011853056e+05 +1.011853056e+05
172 0 +9.783127441e+04 +9.711547441e+04 +9.711547441e+04
203 0 +9.649694927e+04 +9.578114927e+04 +9.578114927e+04
208 0 +9.151225940e+04 +9.079645940e+04 +9.079645940e+04
341 0 +8.977403311e+04 +8.905823311e+04 +8.905823311e+04
401 0 +8.642008226e+04 +8.570428226e+04 +8.570428226e+04
501 0 +7.783548778e+04 +7.711968778e+04 +7.711968778e+04
701 0 +7.464519407e+04 +7.392939407e+04 +7.392939407e+04
901 0 +6.918942348e+04 +6.847362348e+04 +6.847362348e+04
1002 0 +6.880503613e+04 +6.808923613e+04 +6.808923613e+04
1101 0 +6.564200071e+04 +6.492620071e+04 +6.492620071e+04
1201 0 +6.086625765e+04 +6.015045765e+04 +6.015045765e+04
1302 0 +5.957062360e+04 +5.885482360e+04 +5.885482360e+04
1501 0 +5.108283530e+04 +5.036703530e+04 +5.036703530e+04
1601 0 +4.661639021e+04 +4.590059021e+04 +4.590059021e+04
1701 0 +4.336574120e+04 +4.264994120e+04 +4.264994120e+04
1801 0 +3.773790942e+04 +3.702210942e+04 +3.702210942e+04
1901 0 +3.713220763e+04 +3.641640763e+04 +3.641640763e+04
2202 0 +3.523157208e+04 +3.451577208e+04 +3.451577208e+04
2501 0 +3.443082767e+04 +3.371502767e+04 +3.371502767e+04
2755 0 +3.375651777e+04 +3.304071777e+04 +3.304071777e+04
2806 0 +3.283324128e+04 +3.211744128e+04 +3.211744128e+04
2901 0 +3.192852169e+04 +3.121272169e+04 +3.121272169e+04
3001 0 +2.895266637e+04 +2.823686637e+04 +2.823686637e+04
3101 0 +2.755892344e+04 +2.684312344e+04 +2.684312344e+04
3401 0 +2.719759011e+04 +2.648179011e+04 +2.648179011e+04
3404 0 +2.522417252e+04 +2.450837252e+04 +2.450837252e+04
3601 0 +2.289404486e+04 +2.217824486e+04 +2.217824486e+04
4012 0 +2.224784930e+04 +2.153204930e+04 +2.153204930e+04
4101 0 +2.184611350e+04 +2.113031350e+04 +2.113031350e+04
4203 0 +2.103814990e+04 +2.032234990e+04 +2.032234990e+04
4301 0 +2.014987471e+04 +1.943407471e+04 +1.943407471e+04
4402 0 +1.957499456e+04 +1.885919456e+04 +1.885919456e+04
4701 0 +1.773732411e+04 +1.702152411e+04 +1.702152411e+04
4902 0 +1.665948246e+04 +1.594368246e+04 +1.594368246e+04
4903 0 +1.635575012e+04 +1.563995012e+04 +1.563995012e+04
5005 0 +1.586380445e+04 +1.514800445e+04 +1.514800445e+04
5206 0 +1.581844828e+04 +1.510264828e+04 +1.510264828e+04
5404 0 +1.405807875e+04 +1.334227875e+04 +1.334227875e+04
5701 0 +1.338580519e+04 +1.267000519e+04 +1.267000519e+04
6201 0 +1.314974398e+04 +1.243394398e+04 +1.243394398e+04
6301 0 +1.215001260e+04 +1.143421260e+04 +1.143421260e+04
6601 0 +1.142754264e+04 +1.071174264e+04 +1.071174264e+04
7002 0 +1.083482980e+04 +1.011902980e+04 +1.011902980e+04
7102 0 +1.071488404e+04 +9.999084040e+03 +9.999084040e+03
7202 0 +9.640021737e+03 +8.924221737e+03 +8.924221737e+03
7301 0 +8.335849373e+03 +7.620049373e+03 +7.620049373e+03
8303 0 +8.288318368e+03 +7.572518368e+03 +7.572518368e+03
8579 0 +7.663844125e+03 +6.948044125e+03 +6.948044125e+03
8601 0 +7.442786283e+03 +6.726986283e+03 +6.726986283e+03
9204 0 +7.403905195e+03 +6.688105195e+03 +6.688105195e+03
9402 0 +6.384602818e+03 +5.668802818e+03 +5.668802818e+03
9422 0 +5.562221462e+03 +4.846421462e+03 +4.846421462e+03
10313 0 +5.199750766e+03 +4.483950766e+03 +4.483950766e+03
10601 0 +4.977101336e+03 +4.261301336e+03 +4.261301336e+03
10903 0 +4.742957566e+03 +4.027157566e+03 +4.027157566e+03
11001 0 +4.660044355e+03 +3.944244355e+03 +3.944244355e+03
11002 0 +4.505938779e+03 +3.790138779e+03 +3.790138779e+03
11202 0 +4.298171538e+03 +3.582371538e+03 +3.582371538e+03
11301 0 +4.145586624e+03 +3.429786624e+03 +3.429786624e+03
13408 0 +3.908157987e+03 +3.192357987e+03 +3.192357987e+03
13410 0 +3.606247925e+03 +2.890447925e+03 +2.890447925e+03
13501 0 +3.529888430e+03 +2.814088430e+03 +2.814088430e+03
13701 0 +3.236692339e+03 +2.520892339e+03 +2.520892339e+03
13711 0 +3.005511984e+03 +2.289711984e+03 +2.289711984e+03
14203 0 +2.914307969e+03 +2.198507969e+03 +2.198507969e+03
14301 0 +2.848210764e+03 +2.132410764e+03 +2.132410764e+03
14401 0 +2.632871689e+03 +1.917071689e+03 +1.917071689e+03
14701 0 +2.374190818e+03 +1.658390818e+03 +1.658390818e+03
14901 0 +2.211715677e+03 +1.495915677e+03 +1.495915677e+03
15101 0 +2.179887644e+03 +1.464087644e+03 +1.464087644e+03
15901 0 +2.039303087e+03 +1.323503087e+03 +1.323503087e+03
17601 0 +1.907255156e+03 +1.191455156e+03 +1.191455156e+03
17603 0 +1.693481335e+03 +9.776813351e+02 +9.776813351e+02
17905 0 +1.597180132e+03 +8.813801322e+02 +8.813801322e+02
18901 0 +1.500494181e+03 +7.846941808e+02 +7.846941808e+02
19001 0 +1.145510820e+03 +4.297108199e+02 +4.297108199e+02
19205 0 +1.111685681e+03 +3.958856809e+02 +3.958856809e+02
19803 0 +1.047563491e+03 +3.317634915e+02 +3.317634915e+02
19901 0 +1.043405479e+03 +3.276054790e+02 +3.276054790e+02
20050 0 +1.007168568e+03 +2.913685683e+02 +2.913685683e+02
20101 0 +9.382014978e+02 +2.224014978e+02 +2.224014978e+02
20104 0 +9.269068059e+02 +2.111068059e+02 +2.111068059e+02
20706 0 +8.546165312e+02 +1.388165312e+02 +1.388165312e+02
21101 0 +7.144771387e+02 -1.322861314e+00 -1.322861314e+00
23901 0 +6.540054020e+02 -6.179459797e+01 -6.179459797e+01
24509 0 +6.003109399e+02 -1.154890601e+02 -1.154890601e+02
24602 0 +5.790919866e+02 -1.367080134e+02 -1.367080134e+02
24802 0 +5.644279688e+02 -1.513720312e+02 -1.513720312e+02
25102 0 +5.434473101e+02 -1.723526899e+02 -1.723526899e+02
25342 0 +5.226992473e+02 -1.931007527e+02 -1.931007527e+02
25366 0 +5.095493916e+02 -2.062506084e+02 -2.062506084e+02
25379 0 +4.954374098e+02 -2.203625902e+02 -2.203625902e+02
25401 0 +4.761277551e+02 -2.396722449e+02 -2.396722449e+02
28303 0 +4.429795156e+02 -2.728204844e+02 -2.728204844e+02
29101 0 +4.337908422e+02 -2.820091578e+02 -2.820091578e+02
29401 0 +3.583335838e+02 -3.574664162e+02 -3.574664162e+02
% f evaluations | g evaluations | best noise-free fitness - Fopt (2.545000000000e+01) + sum g_i+ | measured fitness | best measured fitness or single-digit g-values | x1 | x2...
1 0 +1.569678753e+06 +1.569704203e+06 +1.569704203e+06
2 0 +9.690353658e+05 +9.690608158e+05 +9.690608158e+05
3 0 +9.340507542e+05 +9.340762042e+05 +9.340762042e+05
9 0 +7.824216195e+05 +7.824470695e+05 +7.824470695e+05
18 0 +4.907934512e+05 +4.908189012e+05 +4.908189012e+05
126 0 +1.018649389e+05 +1.018903889e+05 +1.018903889e+05
127 0 +8.961602595e+04 +8.964147595e+04 +8.964147595e+04
128 0 +8.888679798e+04 +8.891224798e+04 +8.891224798e+04
165 0 +8.354634754e+04 +8.357179754e+04 +8.357179754e+04
402 0 +8.312472111e+04 +8.315017111e+04 +8.315017111e+04
507 0 +8.026605312e+04 +8.029150312e+04 +8.029150312e+04
601 0 +7.833772436e+04 +7.836317436e+04 +7.836317436e+04
602 0 +7.447399457e+04 +7.449944457e+04 +7.449944457e+04
701 0 +7.192922990e+04 +7.195467990e+04 +7.195467990e+04
902 0 +6.685283279e+04 +6.687828279e+04 +6.687828279e+04
1001 0 +5.891138144e+04 +5.893683144e+04 +5.893683144e+04
1101 0 +5.622554763e+04 +5.625099763e+04 +5.625099763e+04
1304 0 +5.445388284e+04 +5.447933284e+04 +5.447933284e+04
1401 0 +5.352361960e+04 +5.354906960e+04 +5.354906960e+04
1601 0 +5.124149061e+04 +5.126694061e+04 +5.126694061e+04
1801 0 +4.969000249e+04 +4.971545249e+04 +4.971545249e+04
2001 0 +4.779162645e+04 +4.781707645e+04 +4.781707645e+04
2202 0 +4.565077531e+04 +4.567622531e+04 +4.567622531e+04
2301 0 +4.247384155e+04 +4.249929155e+04 +4.249929155e+04
2602 0 +4.003021402e+04 +4.005566402e+04 +4.005566402e+04
2702 0 +3.947625600e+04 +3.950170600e+04 +3.950170600e+04
2901 0 +3.664957573e+04 +3.667502573e+04 +3.667502573e+04
3002 0 +3.578724697e+04 +3.581269697e+04 +3.581269697e+04
3401 0 +3.518989891e+04 +3.521534891e+04 +3.521534891e+04
3801 0 +3.327156289e+04 +3.329701289e+04 +3.329701289e+04
4101 0 +3.115863173e+04 +3.118408173e+04 +3.118408173e+04
4401 0 +3.072440172e+04 +3.074985172e+04 +3.074985172e+04
4403 0 +2.494710001e+04 +2.497255001e+04 +2.497255001e+04
4501 0 +2.376619934e+04 +2.379164934e+04 +2.379164934e+04
4601 0 +2.305149561e+04 +2.307694561e+04 +2.307694561e+04
4804 0 +2.279176076e+04 +2.281721076e+04 +2.281721076e+04
4901 0 +2.211728987e+04 +2.214273987e+04 +2.214273987e+04
5001 0 +2.097851549e+04 +2.100396549e+04 +2.100396549e+04
5301 0 +2.048473709e+04 +2.051018709e+04 +2.051018709e+04
5401 0 +1.947110716e+04 +1.949655716e+04 +1.949655716e+04
5501 0 +1.824662194e+04 +1.827207194e+04 +1.827207194e+04
5701 0 +1.770672813e+04 +1.773217813e+04 +1.773217813e+04
6001 0 +1.645744193e+04 +1.648289193e+04 +1.648289193e+04
6201 0 +1.548054535e+04 +1.550599535e+04 +1.550599535e+04
6301 0 +1.510702609e+04 +1.513247609e+04 +1.513247609e+04
6603 0 +1.468372255e+04 +1.470917255e+04 +1.470917255e+04
6604 0 +1.371975648e+04 +1.374520648e+04 +1.374520648e+04
6701 0 +1.310456897e+04 +1.313001897e+04 +1.313001897e+04
6702 0 +1.243123376e+04 +1.245668376e+04 +1.245668376e+04
6901 0 +1.214439477e+04 +1.216984477e+04 +1.216984477e+04
7351 0 +1.158606614e+04 +1.161151614e+04 +1.161151614e+04
7402 0 +1.076344092e+04 +1.078889092e+04 +1.078889092e+04
7501 0 +1.068623992e+04 +1.071168992e+04 +1.071168992e+04
7504 0 +9.786809572e+03 +9.812259572e+03 +9.812259572e+03
7601 0 +8.889264526e+03 +8.914714526e+03 +8.914714526e+03
7903 0 +8.697643182e+03 +8.723093182e+03 +8.723093182e+03
8001 0 +8.390174309e+03 +8.415624309e+03 +8.415624309e+03
8328 0 +8.240928025e+03 +8.266378025e+03 +8.266378025e+03
8401 0 +7.956310967e+03 +7.981760967e+03 +7.981760967e+03
8501 0 +6.975786304e+03 +7.001236304e+03 +7.001236304e+03
8701 0 +6.188789113e+03 +6.214239113e+03 +6.214239113e+03
8902 0 +6.084747733e+03 +6.110197733e+03 +6.110197733e+03
9106 0 +5.774109338e+03 +5.799559338e+03 +5.799559338e+03
9503 0 +5.716879003e+03 +5.742329003e+03 +5.742329003e+03
9601 0 +5.502137007e+03 +5.527587007e+03 +5.527587007e+03
9804 0 +5.321795735e+03 +5.347245735e+03 +5.347245735e+03
9901 0 +5.140537288e+03 +5.165987288e+03 +5.165987288e+03
10403 0 +5.112375096e+03 +5.137825096e+03 +5.137825096e+03
10501 0 +4.650755567e+03 +4.676205567e+03 +4.676205567e+03
10502 0 +4.532172654e+03 +4.557622654e+03 +4.557622654e+03
11064 0 +4.190200296e+03 +4.215650296e+03 +4.215650296e+03
11101 0 +4.120834905e+03 +4.146284905e+03 +4.146284905e+03
11401 0 +4.022189071e+03 +4.047639071e+03 +4.047639071e+03
11403 0 +3.728620240e+03 +3.754070240e+03 +3.754070240e+03
11901 0 +3.680618664e+03 +3.706068664e+03 +3.706068664e+03
12004 0 +3.620652288e+03 +3.646102288e+03 +3.646102288e+03
12506 0 +3.518239154e+03 +3.543689154e+03 +3.543689154e+03
12601 0 +3.093798211e+03 +3.119248211e+03 +3.119248211e+03
12701 0 +2.872552546e+03 +2.898002546e+03 +2.898002546e+03
13003 0 +2.599417672e+03 +2.624867672e+03 +2.624867672e+03
13201 0 +2.503870928e+03 +2.529320928e+03 +2.529320928e+03
13402 0 +2.124513686e+03 +2.149963686e+03 +2.149963686e+03
13845 0 +2.050332242e+03 +2.075782242e+03 +2.075782242e+03
13901 0 +1.967280246e+03 +1.992730246e+03 +1.992730246e+03
14101 0 +1.855263888e+03 +1.880713888e+03 +1.880713888e+03
14105 0 +1.818832392e+03 +1.844282392e+03 +1.844282392e+03
14800 0 +1.759200235e+03 +1.784650235e+03 +1.784650235e+03
14801 0 +1.577519253e+03 +1.602969253e+03 +1.602969253e+03
15001 0 +1.506057653e+03 +1.531507653e+03 +1.531507653e+03
15203 0 +1.472519364e+03 +1.497969364e+03 +1.497969364e+03
15602 0 +1.441125117e+03 +1.466575117e+03 +1.466575117e+03
15603 0 +1.384951476e+03 +1.410401476e+03 +1.410401476e+03
16204 0 +1.376665411e+03 +1.402115411e+03 +1.402115411e+03
17809 0 +1.348892840e+03 +1.374342840e+03 +1.374342840e+03
18101 0 +1.216824484e+03 +1.242274484e+03 +1.242274484e+03
18505 0 +1.141222512e+03 +1.166672512e+03 +1.166672512e+03
18512 0 +1.036245233e+03 +1.061695233e+03 +1.061695233e+03
18869 0 +9.492162702e+02 +9.746662702e+02 +9.746662702e+02
18901 0 +9.271682829e+02 +9.526182829e+02 +9.526182829e+02
19401 0 +8.957232802e+02 +9.211732802e+02 +9.211732802e+02
20100 0 +8.851087525e+02 +9.105587525e+02 +9.105587525e+02
20207 0 +8.690748081e+02 +8.945248081e+02 +8.945248081e+02
20308 0 +8.053607705e+02 +8.308107705e+02 +8.308107705e+02
20601 0 +6.937999645e+02 +7.192499645e+02 +7.192499645e+02
24304 0 +6.281034808e+02 +6.535534808e+02 +6.535534808e+02
25110 0 +6.096577265e+02 +6.351077265e+02 +6.351077265e+02
25201 0 +5.977800353e+02 +6.232300353e+02 +6.232300353e+02
25338 0 +5.875251353e+02 +6.129751353e+02 +6.129751353e+02
% f evaluations | g evaluations | best noise-free fitness - Fopt (1.592800000000e+02) + sum g_i+ | measured fitness | best measured fitness or single-digit g-values | x1 | x2...
1 0 +1.916835004e+06 +1.916994284e+06 +1.916994284e+06
3 0 +1.769996773e+06 +1.770156053e+06 +1.770156053e+06
4 0 +1.437483763e+06 +1.437643043e+06 +1.437643043e+06
6 0 +1.394148185e+06 +1.394307465e+06 +1.394307465e+06
8 0 +1.090548367e+06 +1.090707647e+06 +1.090707647e+06
9 0 +6.673530057e+05 +6.675122857e+05 +6.675122857e+05
20 0 +6.554727320e+05 +6.556320120e+05 +6.556320120e+05
22 0 +6.447398572e+05 +6.448991372e+05 +6.448991372e+05
126 0 +1.239634221e+05 +1.241227021e+05 +1.241227021e+05
135 0 +1.220127016e+05 +1.221719816e+05 +1.221719816e+05
179 0 +1.200658380e+05 +1.202251180e+05 +1.202251180e+05
182 0 +1.173132086e+05 +1.174724886e+05 +1.174724886e+05
301 0 +1.132374195e+05 +1.133966995e+05 +1.133966995e+05
401 0 +1.083921264e+05 +1.085514064e+05 +1.085514064e+05
403 0 +1.052144241e+05 +1.053737041e+05 +1.053737041e+05
601 0 +1.011242178e+05 +1.012834978e+05 +1.012834978e+05
701 0 +9.868192244e+04 +9.884120244e+04 +9.884120244e+04
902 0 +9.574263301e+04 +9.590191301e+04 +9.590191301e+04
1102 0 +9.374907456e+04 +9.390835456e+04 +9.390835456e+04
1103 0 +9.199359059e+04 +9.215287059e+04 +9.215287059e+04
1207 0 +9.071055369e+04 +9.086983369e+04 +9.086983369e+04
1455 0 +8.755761331e+04 +8.771689331e+04 +8.771689331e+04
1464 0 +8.652004269e+04 +8.667932269e+04 +8.667932269e+04
1501 0 +8.079144748e+04 +8.095072748e+04 +8.095072748e+04
1703 0 +7.816082522e+04 +7.832010522e+04 +7.832010522e+04
1801 0 +7.670131095e+04 +7.686059095e+04 +7.686059095e+04
1901 0 +7.542266970e+04 +7.558194970e+04 +7.558194970e+04
2002 0 +7.121582923e+04 +7.137510923e+04 +7.137510923e+04
2201 0 +6.712335609e+04 +6.728263609e+04 +6.728263609e+04
2401 0 +6.369394798e+04 +6.385322798e+04 +6.385322798e+04
2601 0 +6.251641133e+04 +6.267569133e+04 +6.267569133e+04
2702 0 +6.096209660e+04 +6.112137660e+04 +6.112137660e+04
2704 0 +5.979786172e+04 +5.995714172e+04 +5.995714172e+04
2999 0 +5.871858880e+04 +5.887786880e+04 +5.887786880e+04
3001 0 +5.299122662e+04 +5.315050662e+04 +5.315050662e+04
3201 0 +4.966523690e+04 +4.982451690e+04 +4.982451690e+04
3301 0 +4.519234418e+04 +4.535162418e+04 +4.535162418e+04
3401 0 +4.067510912e+04 +4.083438912e+04 +4.083438912e+04
3801 0 +3.725586292e+04 +3.741514292e+04 +3.741514292e+04
3901 0 +3.587858619e+04 +3.603786619e+04 +3.603786619e+04
4301 0 +3.522692484e+04 +3.538620484e+04 +3.538620484e+04
4401 0 +3.217351987e+04 +3.233279987e+04 +3.233279987e+04
4501 0 +3.114873063e+04 +3.130801063e+04 +3.130801063e+04
4702 0 +3.022423540e+04 +3.038351540e+04 +3.038351540e+04
4704 0 +2.985502854e+04 +3.001430854e+04 +3.001430854e+04
4902 0 +2.936583501e+04 +2.952511501e+04 +2.952511501e+04
5003 0 +2.653805005e+04 +2.669733005e+04 +2.669733005e+04
5102 0 +2.625599684e+04 +2.641527684e+04 +2.641527684e+04
5103 0 +2.497377875e+04 +2.513305875e+04 +2.513305875e+04
5202 0 +2.392934088e+04 +2.408862088e+04 +2.408862088e+04
5404 0 +2.299017655e+04 +2.314945655e+04 +2.314945655e+04
5701 0 +2.231394126e+04 +2.247322126e+04 +2.247322126e+04
5801 0 +2.156892877e+04 +2.172820877e+04 +2.172820877e+04
6501 0 +2.089273418e+04 +2.105201418e+04 +2.105201418e+04
6601 0 +1.918640894e+04 +1.934568894e+04 +1.934568894e+04
6923 0 +1.887502712e+04 +1.903430712e+04 +1.903430712e+04
7301 0 +1.623868501e+04 +1.639796501e+04 +1.639796501e+04
7501 0 +1.561193394e+04 +1.577121394e+04 +1.577121394e+04
8402 0 +1.546034343e+04 +1.561962343e+04 +1.561962343e+04
8430 0 +1.473850426e+04 +1.489778426e+04 +1.489778426e+04
8711 0 +1.374100889e+04 +1.390028889e+04 +1.390028889e+04
8801 0 +1.327360771e+04 +1.343288771e+04 +1.343288771e+04
9001 0 +1.269112966e+04 +1.285040966e+04 +1.285040966e+04
9202 0 +1.233107272e+04 +1.249035272e+04 +1.249035272e+04
9401 0 +1.220098362e+04 +1.236026362e+04 +1.236026362e+04
9502 0 +1.134876972e+04 +1.150804972e+04 +1.150804972e+04
9704 0 +1.046714849e+04 +1.062642849e+04 +1.062642849e+04
10001 0 +9.305953563e+03 +9.465233563e+03 +9.465233563e+03
10401 0 +8.426110366e+03 +8.585390366e+03 +8.585390366e+03
10402 0 +7.467205745e+03 +7.626485745e+03 +7.626485745e+03
11202 0 +7.380797317e+03 +7.540077317e+03 +7.540077317e+03
11701 0 +7.102413062e+03 +7.261693062e+03 +7.261693062e+03
11802 0 +6.724891802e+03 +6.884171802e+03 +6.884171802e+03
12001 0 +5.741449655e+03 +5.900729655e+03 +5.900729655e+03
12501 0 +4.944751514e+03 +5.104031514e+03 +5.104031514e+03
12502 0 +4.475560558e+03 +4.634840558e+03 +4.634840558e+03
13303 0 +4.134590012e+03 +4.293870012e+03 +4.293870012e+03
13401 0 +3.780794864e+03 +3.940074864e+03 +3.940074864e+03
13601 0 +3.715234686e+03 +3.874514686e+03 +3.874514686e+03
13701 0 +3.554248884e+03 +3.713528884e+03 +3.713528884e+03
14101 0 +3.413153734e+03 +3.572433734e+03 +3.572433734e+03
14505 0 +2.942232401e+03 +3.101512401e+03 +3.101512401e+03
14701 0 +2.823998587e+03 +2.983278587e+03 +2.983278587e+03
14912 0 +2.611907516e+03 +2.771187516e+03 +2.771187516e+03
16701 0 +2.535492431e+03 +2.694772431e+03 +2.694772431e+03
17001 0 +2.318844671e+03 +2.478124671e+03 +2.478124671e+03
18901 0 +2.189970060e+03 +2.349250060e+03 +2.349250060e+03
19701 0 +2.125626496e+03 +2.284906496e+03 +2.284906496e+03
19801 0 +2.042292717e+03 +2.201572717e+03 +2.201572717e+03
19901 0 +2.010825566e+03 +2.170105566e+03 +2.170105566e+03
20701 0 +1.933155633e+03 +2.092435633e+03 +2.092435633e+03
21204 0 +1.271181217e+03 +1.430461217e+03 +1.430461217e+03
26360 0 +1.174723953e+03 +1.334003953e+03 +1.334003953e+03
26710 0 +1.081185600e+03 +1.240465600e+03 +1.240465600e+03
27001 0 +9.479424125e+02 +1.107222413e+03 +1.107222413e+03
29503 0 +9.257951941e+02 +1.085075194e+03 +1.085075194e+03
29524 0 +8.209318164e+02 +9.802118164e+02 +9.802118164e+02
34001 0 +8.052330704e+02 +9.645130704e+02 +9.645130704e+02
34801 0 +7.471336205e+02 +9.064136205e+02 +9.064136205e+02
35401 0 +7.210267725e+02 +8.803067725e+02 +8.803067725e+02
37203 0 +6.780766747e+02 +8.373566747e+02 +8.373566747e+02
37801 0 +6.492902434e+02 +8.085702434e+02 +8.085702434e+02
% f evaluations | g evaluations | best noise-free fitness - Fopt (5.100000000000e-01) + sum g_i+ | measured fitness | best measured fitness or single-digit g-values | x1 | x2...
1 0 +1.440411501e+06 +1.440412011e+06 +1.440412011e+06
4 0 +9.262400791e+05 +9.262405891e+05 +9.262405891e+05
11 0 +6.515355691e+05 +6.515360791e+05 +6.515360791e+05
39 0 +6.266663111e+05 +6.266668211e+05 +6.266668211e+05
97 0 +5.788114490e+05 +5.788119590e+05 +5.788119590e+05
126 0 +1.492573779e+05 +1.492578879e+05 +1.492578879e+05
127 0 +1.421871710e+05 +1.421876810e+05 +1.421876810e+05
128 0 +1.246343156e+05 +1.246348256e+05 +1.246348256e+05
130 0 +1.195176632e+05 +1.195181732e+05 +1.195181732e+05
188 0 +1.157913151e+05 +1.157918251e+05 +1.157918251e+05
231 0 +1.146008151e+05 +1.146013251e+05 +1.146013251e+05
301 0 +1.107495283e+05 +1.107500383e+05 +1.107500383e+05
402 0 +1.091363839e+05 +1.091368939e+05 +1.091368939e+05
404 0 +1.056086179e+05 +1.056091279e+05 +1.056091279e+05
502 0 +1.016540110e+05 +1.016545210e+05 +1.016545210e+05
601 0 +9.741803835e+04 +9.741854835e+04 +9.741854835e+04
702 0 +9.495203399e+04 +9.495254399e+04 +9.495254399e+04
802 0 +9.093945821e+04 +9.093996821e+04 +9.093996821e+04
1001 0 +8.847275955e+04 +8.847326955e+04 +8.847326955e+04
1101 0 +8.667879698e+04 +8.667930698e+04 +8.667930698e+04
1301 0 +8.382482418e+04 +8.382533418e+04 +8.382533418e+04
1401 0 +7.948788020e+04 +7.948839020e+04 +7.948839020e+04
1601 0 +7.876774898e+04 +7.876825898e+04 +7.876825898e+04
1603 0 +7.280055584e+04 +7.280106584e+04 +7.280106584e+04
1803 0 +7.220593793e+04 +7.220644793e+04 +7.220644793e+04
1901 0 +6.929787238e+04 +6.929838238e+04 +6.929838238e+04
2001 0 +6.811895994e+04 +6.811946994e+04 +6.811946994e+04
2101 0 +6.712205457e+04 +6.712256457e+04 +6.712256457e+04
2301 0 +6.596143328e+04 +6.596194328e+04 +6.596194328e+04
2602 0 +6.294262491e+04 +6.294313491e+04 +6.294313491e+04
2701 0 +6.123277465e+04 +6.123328465e+04 +6.123328465e+04
2801 0 +6.022979163e+04 +6.023030163e+04 +6.023030163e+04
2902 0 +5.593936001e+04 +5.593987001e+04 +5.593987001e+04
3001 0 +5.187161706e+04 +5.187212706e+04 +5.187212706e+04
3202 0 +5.022169967e+04 +5.022220967e+04 +5.022220967e+04
3301 0 +4.878181762e+04 +4.878232762e+04 +4.878232762e+04
3405 0 +4.743052600e+04 +4.743103600e+04 +4.743103600e+04
3612 0 +4.378173669e+04 +4.378224669e+04 +4.378224669e+04
3704 0 +4.304014059e+04 +4.304065059e+04 +4.304065059e+04
3801 0 +4.254669026e+04 +4.254720026e+04 +4.254720026e+04
4005 0 +4.130694234e+04 +4.130745234e+04 +4.130745234e+04
4301 0 +3.940327953e+04 +3.940378953e+04 +3.940378953e+04
4303 0 +3.813978208e+04 +3.814029208e+04 +3.814029208e+04
4401 0 +3.755729538e+04 +3.755780538e+04 +3.755780538e+04
4501 0 +3.537344440e+04 +3.537395440e+04 +3.537395440e+04
4502 0 +3.364049951e+04 +3.364100951e+04 +3.364100951e+04
4904 0 +3.244228677e+04 +3.244279677e+04 +3.244279677e+04
4905 0 +3.217004788e+04 +3.217055788e+04 +3.217055788e+04
5003 0 +3.128315355e+04 +3.128366355e+04 +3.128366355e+04
5101 0 +3.039139563e+04 +3.039190563e+04 +3.039190563e+04
5102 0 +2.815662591e+04 +2.815713591e+04 +2.815713591e+04
5401 0 +2.456261509e+04 +2.456312509e+04 +2.456312509e+04
5701 0 +2.354781081e+04 +2.354832081e+04 +2.354832081e+04
5802 0 +2.189764888e+04 +2.189815888e+04 +2.189815888e+04
5901 0 +2.180509049e+04 +2.180560049e+04 +2.180560049e+04
6001 0 +2.092982676e+04 +2.093033676e+04 +2.093033676e+04
6601 0 +2.036243831e+04 +2.036294831e+04 +2.036294831e+04
6616 0 +1.932824425e+04 +1.932875425e+04 +1.932875425e+04
6801 0 +1.863201251e+04 +1.863252251e+04 +1.863252251e+04
6803 0 +1.848100309e+04 +1.848151309e+04 +1.848151309e+04
7301 0 +1.809681003e+04 +1.809732003e+04 +1.809732003e+04
7304 0 +1.725987587e+04 +1.726038587e+04 +1.726038587e+04
7601 0 +1.567885124e+04 +1.567936124e+04 +1.567936124e+04
7701 0 +1.533352097e+04 +1.533403097e+04 +1.533403097e+04
8201 0 +1.425060792e+04 +1.425111792e+04 +1.425111792e+04
8602 0 +1.348708193e+04 +1.348759193e+04 +1.348759193e+04
8677 0 +1.315401726e+04 +1.315452726e+04 +1.315452726e+04
8701 0 +1.178856156e+04 +1.178907156e+04 +1.178907156e+04
8801 0 +1.165729599e+04 +1.165780599e+04 +1.165780599e+04
8901 0 +1.116153593e+04 +1.116204593e+04 +1.116204593e+04
8902 0 +1.073520525e+04 +1.073571525e+04 +1.073571525e+04
9002 0 +1.050907256e+04 +1.050958256e+04 +1.050958256e+04
9302 0 +1.023527586e+04 +1.023578586e+04 +1.023578586e+04
9303 0 +9.286525547e+03 +9.287035547e+03 +9.287035547e+03
9706 0 +8.924292313e+03 +8.924802313e+03 +8.924802313e+03
9802 0 +8.721441588e+03 +8.721951588e+03 +8.721951588e+03
10001 0 +8.277217693e+03 +8.277727693e+03 +8.277727693e+03
10201 0 +7.401053282e+03 +7.401563282e+03 +7.401563282e+03
10802 0 +7.097267133e+03 +7.097777133e+03 +7.097777133e+03
11004 0 +6.654974550e+03 +6.655484550e+03 +6.655484550e+03
11217 0 +6.599912359e+03 +6.600422359e+03 +6.600422359e+03
11503 0 +6.299267453e+03 +6.299777453e+03 +6.299777453e+03
11701 0 +5.540359156e+03 +5.540869156e+03 +5.540869156e+03
11812 0 +5.309389381e+03 +5.309899381e+03 +5.309899381e+03
11901 0 +5.218965824e+03 +5.219475824e+03 +5.219475824e+03
11909 0 +5.071506019e+03 +5.072016019e+03 +5.072016019e+03
12001 0 +4.648237986e+03 +4.648747986e+03 +4.648747986e+03
12201 0 +4.410933974e+03 +4.411443974e+03 +4.411443974e+03
12303 0 +4.191410576e+03 +4.191920576e+03 +4.191920576e+03
12401 0 +3.864158498e+03 +3.864668498e+03 +3.864668498e+03
12601 0 +3.772272108e+03 +3.772782108e+03 +3.772782108e+03
12701 0 +3.689239766e+03 +3.689749766e+03 +3.689749766e+03
13201 0 +3.097372420e+03 +3.097882420e+03 +3.097882420e+03
13301 0 +2.797686391e+03 +2.798196391e+03 +2.798196391e+03
13401 0 +2.659049270e+03 +2.659559270e+03 +2.659559270e+03
13501 0 +2.191739869e+03 +2.192249869e+03 +2.192249869e+03
14305 0 +2.118857396e+03 +2.119367396e+03 +2.119367396e+03
14402 0 +2.015850540e+03 +2.016360540e+03 +2.016360540e+03
14501 0 +1.772920194e+03 +1.773430194e+03 +1.773430194e+03
15204 0 +1.530025467e+03 +1.530535467e+03 +1.530535467e+03
15411 0 +1.427987238e+03 +1.428497238e+03 +1.428497238e+03
16502 0 +1.399452724e+03 +1.399962724e+03 +1.399962724e+03
16823 0 +1.347269830e+03 +1.347779830e+03 +1.347779830e+03
17301 0 +1.162075093e+03 +1.162585093e+03 +1.162585093e+03
17601 0 +1.132461294e+03 +1.132971294e+03 +1.132971294e+03
18233 0 +1.112683084e+03 +1.113193084e+03 +1.113193084e+03
18405 0 +1.000556731e+03 +1.001066731e+03 +1.001066731e+03
19604 0 +9.930536999e+02 +9.935636999e+02 +9.935636999e+02
19701 0 +9.642668396e+02 +9.647768396e+02 +9.647768396e+02
19903 0 +9.205950547e+02 +9.211050547e+02 +9.211050547e+02
19912 0 +9.047268382e+02 +9.052368382e+02 +9.052368382e+02
21084 0 +8.319046587e+02 +8.324146587e+02 +8.324146587e+02
21602 0 +8.040044176e+02 +8.045144176e+02 +8.045144176e+02
22801 0 +6.405882276e+02 +6.410982276e+02 +6.410982276e+02
23201 0 +5.552457693e+02 +5.557557693e+02 +5.557557693e+02
24922 0 +5.381637834e+02 +5.386737834e+02 +5.386737834e+02
39909 0 +5.290476669e+02 +5.295576669e+02 +5.295576669e+02
% f evaluations | g evaluations | best noise-free fitness - Fopt (6.433000000000e+01) + sum g_i+ | measured fitness | best measured fitness or single-digit g-values | x1 | x2...
1 0 +1.450213686e+06 +1.450278016e+06 +1.450278016e+06
2 0 +1.064922890e+06 +1.064987220e+06 +1.064987220e+06
3 0 +8.361329407e+05 +8.361972707e+05 +8.361972707e+05
11 0 +6.126365507e+05 +6.127008807e+05 +6.127008807e+05
26 0 +4.947675023e+05 +4.948318323e+05 +4.948318323e+05
126 0 +1.016231080e+05 +1.016874380e+05 +1.016874380e+05
129 0 +9.981067809e+04 +9.987500809e+04 +9.987500809e+04
147 0 +9.712356127e+04 +9.718789127e+04 +9.718789127e+04
202 0 +9.489198796e+04 +9.495631796e+04 +9.495631796e+04
306 0 +9.332372154e+04 +9.338805154e+04 +9.338805154e+04
342 0 +9.054162510e+04 +9.060595510e+04 +9.060595510e+04
401 0 +8.574243911e+04 +8.580676911e+04 +8.580676911e+04
601 0 +8.433948045e+04 +8.440381045e+04 +8.440381045e+04
701 0 +8.112400482e+04 +8.118833482e+04 +8.118833482e+04
1002 0 +7.501840504e+04 +7.508273504e+04 +7.508273504e+04
1101 0 +7.055408999e+04 +7.061841999e+04 +7.061841999e+04
1201 0 +6.824872000e+04 +6.831305000e+04 +6.831305000e+04
1301 0 +6.734387819e+04 +6.740820819e+04 +6.740820819e+04
1501 0 +6.298560035e+04 +6.304993035e+04 +6.304993035e+04
1601 0 +6.110309015e+04 +6.116742015e+04 +6.116742015e+04
1802 0 +6.010165872e+04 +6.016598872e+04 +6.016598872e+04
1901 0 +5.887433565e+04 +5.893866565e+04 +5.893866565e+04
1902 0 +5.506503259e+04 +5.512936259e+04 +5.512936259e+04
2101 0 +5.346686243e+04 +5.353119243e+04 +5.353119243e+04
2301 0 +5.065083075e+04 +5.071516075e+04 +5.071516075e+04
2501 0 +4.976546394e+04 +4.982979394e+04 +4.982979394e+04
2502 0 +4.862547441e+04 +4.868980441e+04 +4.868980441e+04
2602 0 +4.615600842e+04 +4.622033842e+04 +4.622033842e+04
3002 0 +4.427852920e+04 +4.434285920e+04 +4.434285920e+04
3004 0 +4.326486611e+04 +4.332919611e+04 +4.332919611e+04
3101 0 +3.697737332e+04 +3.704170332e+04 +3.704170332e+04
3558 0 +3.614492442e+04 +3.620925442e+04 +3.620925442e+04
3601 0 +3.334043108e+04 +3.340476108e+04 +3.340476108e+04
3701 0 +3.304278844e+04 +3.310711844e+04 +3.310711844e+04
3802 0 +3.065681447e+04 +3.072114447e+04 +3.072114447e+04
4066 0 +2.963081877e+04 +2.969514877e+04 +2.969514877e+04
4301 0 +2.847384584e+04 +2.853817584e+04 +2.853817584e+04
4302 0 +2.699670639e+04 +2.706103639e+04 +2.706103639e+04
4303 0 +2.549801570e+04 +2.556234570e+04 +2.556234570e+04
5004 0 +2.375007263e+04 +2.381440263e+04 +2.381440263e+04
5510 0 +2.341928793e+04 +2.348361793e+04 +2.348361793e+04
5601 0 +2.209258790e+04 +2.215691790e+04 +2.215691790e+04
5701 0 +2.130297749e+04 +2.136730749e+04 +2.136730749e+04
5702 0 +2.079126443e+04 +2.085559443e+04 +2.085559443e+04
6201 0 +1.996984090e+04 +2.003417090e+04 +2.003417090e+04
6264 0 +1.956596696e+04 +1.963029696e+04 +1.963029696e+04
6301 0 +1.639784490e+04 +1.646217490e+04 +1.646217490e+04
6401 0 +1.587037089e+04 +1.593470089e+04 +1.593470089e+04
6613 0 +1.562429034e+04 +1.568862034e+04 +1.568862034e+04
6901 0 +1.342362859e+04 +1.348795859e+04 +1.348795859e+04
7001 0 +1.275509185e+04 +1.281942185e+04 +1.281942185e+04
7708 0 +1.257120226e+04 +1.263553226e+04 +1.263553226e+04
7902 0 +1.207234992e+04 +1.213667992e+04 +1.213667992e+04
7904 0 +1.197982383e+04 +1.204415383e+04 +1.204415383e+04
8001 0 +1.162610847e+04 +1.169043847e+04 +1.169043847e+04
8002 0 +1.123454871e+04 +1.129887871e+04 +1.129887871e+04
8105 0 +1.110018142e+04 +1.116451142e+04 +1.116451142e+04
8401 0 +1.056581961e+04 +1.063014961e+04 +1.063014961e+04
8701 0 +1.018410678e+04 +1.024843678e+04 +1.024843678e+04
8702 0 +9.624024776e+03 +9.688354776e+03 +9.688354776e+03
9101 0 +9.535473799e+03 +9.599803799e+03 +9.599803799e+03
9208 0 +9.320952450e+03 +9.385282450e+03 +9.385282450e+03
9506 0 +9.113334777e+03 +9.177664777e+03 +9.177664777e+03
9601 0 +8.439400145e+03 +8.503730145e+03 +8.503730145e+03
9801 0 +8.250695984e+03 +8.315025984e+03 +8.315025984e+03
9901 0 +7.923534813e+03 +7.987864813e+03 +7.987864813e+03
10001 0 +7.609716091e+03 +7.674046091e+03 +7.674046091e+03
10101 0 +7.549111942e+03 +7.613441942e+03 +7.613441942e+03
10602 0 +7.356577211e+03 +7.420907211e+03 +7.420907211e+03
10703 0 +7.161713139e+03 +7.226043139e+03 +7.226043139e+03
10963 0 +6.851400567e+03 +6.915730567e+03 +6.915730567e+03
11001 0 +5.968975745e+03 +6.033305745e+03 +6.033305745e+03
11303 0 +5.650810181e+03 +5.715140181e+03 +5.715140181e+03
11401 0 +4.837552020e+03 +4.901882020e+03 +4.901882020e+03
12102 0 +4.703456846e+03 +4.767786846e+03 +4.767786846e+03
12141 0 +4.575346538e+03 +4.639676538e+03 +4.639676538e+03
12302 0 +4.246984541e+03 +4.311314541e+03 +4.311314541e+03
12310 0 +4.154215269e+03 +4.218545269e+03 +4.218545269e+03
12531 0 +3.645980465e+03 +3.710310465e+03 +3.710310465e+03
12706 0 +3.502453507e+03 +3.566783507e+03 +3.566783507e+03
12806 0 +3.413371514e+03 +3.477701514e+03 +3.477701514e+03
12904 0 +3.233511167e+03 +3.297841167e+03 +3.297841167e+03
13611 0 +3.015141616e+03 +3.079471616e+03 +3.079471616e+03
13802 0 +2.935273165e+03 +2.999603165e+03 +2.999603165e+03
14502 0 +2.399154392e+03 +2.463484392e+03 +2.463484392e+03
14905 0 +2.371880548e+03 +2.436210548e+03 +2.436210548e+03
15205 0 +2.317583138e+03 +2.381913138e+03 +2.381913138e+03
15601 0 +1.908546484e+03 +1.972876484e+03 +1.972876484e+03
15803 0 +1.832464025e+03 +1.896794025e+03 +1.896794025e+03
16302 0 +1.818344189e+03 +1.882674189e+03 +1.882674189e+03
16601 0 +1.768348141e+03 +1.832678141e+03 +1.832678141e+03
17002 0 +1.377012747e+03 +1.441342747e+03 +1.441342747e+03
18001 0 +1.324662844e+03 +1.388992844e+03 +1.388992844e+03
18701 0 +1.130122300e+03 +1.194452300e+03 +1.194452300e+03
18901 0 +1.013498510e+03 +1.077828510e+03 +1.077828510e+03
22001 0 +9.684348559e+02 +1.032764856e+03 +1.032764856e+03
22902 0 +9.250603291e+02 +9.893903291e+02 +9.893903291e+02
24204 0 +8.833628263e+02 +9.476928263e+02 +9.476928263e+02
25001 0 +8.685056939e+02 +9.328356939e+02 +9.328356939e+02
25102 0 +7.887186922e+02 +8.530486922e+02 +8.530486922e+02
25301 0 +7.657804555e+02 +8.301104555e+02 +8.301104555e+02
26201 0 +6.980488827e+02 +7.623788827e+02 +7.623788827e+02
27854 0 +6.645318746e+02 +7.288618746e+02 +7.288618746e+02
28453 0 +6.365094309e+02 +7.008394309e+02 +7.008394309e+02
28601 0 +5.902754010e+02 +6.546054010e+02 +6.546054010e+02
30345 0 +5.854586141e+02 +6.497886141e+02 +6.497886141e+02
30502 0 +5.752482828e+02 +6.395782828e+02 +6.395782828e+02
32902 0 +5.590820428e+02 +6.234120428e+02 +6.234120428e+02
33802 0 +5.313268936e+02 +5.956568936e+02 +5.956568936e+02
35298 0 +4.951424045e+02 +5.594724045e+02 +5.594724045e+02
35610 0 +4.698904497e+02 +5.342204497e+02 +5.342204497e+02
36801 0 +4.508708875e+02 +5.152008875e+02 +5.152008875e+02
37258 0 +4.370106865e+02 +5.013406865e+02 +5.013406865e+02
% f evaluations | g evaluations | best noise-free fitness - Fopt (2.223100000000e+02) + sum g_i+ | measured fitness | best measured fitness or single-digit g-values | x1 | x2...
1 0 +1.809050784e+06 +1.809273094e+06 +1.809273094e+06
2 0 +6.947809152e+05 +6.950032252e+05 +6.950032252e+05
17 0 +5.944334828e+05 +5.946557928e+05 +5.946557928e+05
84 0 +3.593643515e+05 +3.595866615e+05 +3.595866615e+05
126 0 +6.942888464e+04 +6.965119464e+04 +6.965119464e+04
129 0 +6.744281254e+04 +6.766512254e+04 +6.766512254e+04
133 0 +6.410898048e+04 +6.433129048e+04 +6.433129048e+04
201 0 +6.122846831e+04 +6.145077831e+04 +6.145077831e+04
301 0 +6.011943252e+04 +6.034174252e+04 +6.034174252e+04
502 0 +5.508646812e+04 +5.530877812e+04 +5.530877812e+04
653 0 +5.473657686e+04 +5.495888686e+04 +5.495888686e+04
701 0 +5.156173444e+04 +5.178404444e+04 +5.178404444e+04
801 0 +4.873195485e+04 +4.895426485e+04 +4.895426485e+04
1002 0 +4.535373459e+04 +4.557604459e+04 +4.557604459e+04
1201 0 +4.355470356e+04 +4.377701356e+04 +4.377701356e+04
1501 0 +4.126662079e+04 +4.148893079e+04 +4.148893079e+04
1511 0 +4.056762798e+04 +4.078993798e+04 +4.078993798e+04
1803 0 +3.954486571e+04 +3.976717571e+04 +3.976717571e+04
1902 0 +3.840508479e+04 +3.862739479e+04 +3.862739479e+04
1920 0 +3.683645963e+04 +3.705876963e+04 +3.705876963e+04
2001 0 +3.431347546e+04 +3.453578546e+04 +3.453578546e+04
2201 0 +3.377974492e+04 +3.400205492e+04 +3.400205492e+04
2603 0 +3.262206679e+04 +3.284437679e+04 +3.284437679e+04
2604 0 +3.234322978e+04 +3.256553978e+04 +3.256553978e+04
2804 0 +3.129928799e+04 +3.152159799e+04 +3.152159799e+04
2821 0 +2.997652881e+04 +3.019883881e+04 +3.019883881e+04
3001 0 +2.874798866e+04 +2.897029866e+04 +2.897029866e+04
3208 0 +2.508974270e+04 +2.531205270e+04 +2.531205270e+04
3501 0 +2.324937994e+04 +2.347168994e+04 +2.347168994e+04
3701 0 +2.172259063e+04 +2.194490063e+04 +2.194490063e+04
4102 0 +1.874420167e+04 +1.896651167e+04 +1.896651167e+04
4201 0 +1.772946279e+04 +1.795177279e+04 +1.795177279e+04
4301 0 +1.679048894e+04 +1.701279894e+04 +1.701279894e+04
4601 0 +1.577513795e+04 +1.599744795e+04 +1.599744795e+04
5001 0 +1.548278603e+04 +1.570509603e+04 +1.570509603e+04
5254 0 +1.427515580e+04 +1.449746580e+04 +1.449746580e+04
5401 0 +1.361503371e+04 +1.383734371e+04 +1.383734371e+04
5703 0 +1.260643244e+04 +1.282874244e+04 +1.282874244e+04
5801 0 +1.210353019e+04 +1.232584019e+04 +1.232584019e+04
6102 0 +1.081846342e+04 +1.104077342e+04 +1.104077342e+04
6302 0 +1.044251074e+04 +1.066482074e+04 +1.066482074e+04
6902 0 +1.019072073e+04 +1.041303073e+04 +1.041303073e+04
6903 0 +9.801344607e+03 +1.002365461e+04 +1.002365461e+04
7001 0 +9.674320299e+03 +9.896630299e+03 +9.896630299e+03
7202 0 +9.477447175e+03 +9.699757175e+03 +9.699757175e+03
7308 0 +9.150962323e+03 +9.373272323e+03 +9.373272323e+03
7402 0 +8.806011590e+03 +9.028321590e+03 +9.028321590e+03
7905 0 +8.582010931e+03 +8.804320931e+03 +8.804320931e+03
8002 0 +8.338309265e+03 +8.560619265e+03 +8.560619265e+03
8401 0 +8.064760330e+03 +8.287070330e+03 +8.287070330e+03
8802 0 +7.575406430e+03 +7.797716430e+03 +7.797716430e+03
9447 0 +7.144428414e+03 +7.366738414e+03 +7.366738414e+03
9601 0 +6.901561341e+03 +7.123871341e+03 +7.123871341e+03
9602 0 +6.456817842e+03 +6.679127842e+03 +6.679127842e+03
9703 0 +5.984584760e+03 +6.206894760e+03 +6.206894760e+03
9901 0 +5.677163107e+03 +5.899473107e+03 +5.899473107e+03
10001 0 +5.496382841e+03 +5.718692841e+03 +5.718692841e+03
10101 0 +5.228898102e+03 +5.451208102e+03 +5.451208102e+03
10601 0 +5.116942622e+03 +5.339252622e+03 +5.339252622e+03
10901 0 +4.424715174e+03 +4.647025174e+03 +4.647025174e+03
10916 0 +4.206651615e+03 +4.428961615e+03 +4.428961615e+03
11001 0 +4.127325716e+03 +4.349635716e+03 +4.349635716e+03
11255 0 +3.914970283e+03 +4.137280283e+03 +4.137280283e+03
11301 0 +3.724723002e+03 +3.947033002e+03 +3.947033002e+03
11401 0 +3.333631219e+03 +3.555941219e+03 +3.555941219e+03
11501 0 +3.178719842e+03 +3.401029842e+03 +3.401029842e+03
12201 0 +3.103850618e+03 +3.326160618e+03 +3.326160618e+03
12401 0 +2.961526633e+03 +3.183836633e+03 +3.183836633e+03
12602 0 +2.853700954e+03 +3.076010954e+03 +3.076010954e+03
12803 0 +2.706909084e+03 +2.929219084e+03 +2.929219084e+03
13181 0 +2.617930091e+03 +2.840240091e+03 +2.840240091e+03
13201 0 +2.451073746e+03 +2.673383746e+03 +2.673383746e+03
13417 0 +2.368230575e+03 +2.590540575e+03 +2.590540575e+03
13501 0 +2.246160949e+03 +2.468470949e+03 +2.468470949e+03
15205 0 +2.087122829e+03 +2.309432829e+03 +2.309432829e+03
15401 0 +2.033888254e+03 +2.256198254e+03 +2.256198254e+03
15583 0 +1.901001586e+03 +2.123311586e+03 +2.123311586e+03
15701 0 +1.757650224e+03 +1.979960224e+03 +1.979960224e+03
16801 0 +1.690340611e+03 +1.912650611e+03 +1.912650611e+03
17006 0 +1.552598570e+03 +1.774908570e+03 +1.774908570e+03
17802 0 +1.546215652e+03 +1.768525652e+03 +1.768525652e+03
17833 0 +1.444126965e+03 +1.666436965e+03 +1.666436965e+03
18001 0 +1.290315409e+03 +1.512625409e+03 +1.512625409e+03
18101 0 +1.251004148e+03 +1.473314148e+03 +1.473314148e+03
18605 0 +1.193553529e+03 +1.415863529e+03 +1.415863529e+03
18902 0 +1.122225098e+03 +1.344535098e+03 +1.344535098e+03
19001 0 +1.053608786e+03 +1.275918786e+03 +1.275918786e+03
19606 0 +9.979981534e+02 +1.220308153e+03 +1.220308153e+03
21601 0 +9.287115343e+02 +1.151021534e+03 +1.151021534e+03
22001 0 +8.640131678e+02 +1.086323168e+03 +1.086323168e+03
22201 0 +8.448638312e+02 +1.067173831e+03 +1.067173831e+03
22601 0 +7.558100915e+02 +9.781200915e+02 +9.781200915e+02
22701 0 +6.897945592e+02 +9.121045592e+02 +9.121045592e+02
23601 0 +6.692404302e+02 +8.915504302e+02 +8.915504302e+02
23802 0 +6.371610625e+02 +8.594710625e+02 +8.594710625e+02
25001 0 +6.152865473e+02 +8.375965473e+02 +8.375965473e+02
25273 0 +5.920466108e+02 +8.143566108e+02 +8.143566108e+02
25603 0 +5.805015023e+02 +8.028115023e+02 +8.028115023e+02
28901 0 +5.519177449e+02 +7.742277449e+02 +7.742277449e+02
32724 0 +5.464759024e+02 +7.687859024e+02 +7.687859024e+02
32901 0 +4.264601432e+02 +6.487701432e+02 +6.487701432e+02
34501 0 +4.120896282e+02 +6.343996282e+02 +6.343996282e+02
% f evaluations | g evaluations | best noise-free fitness - Fopt (9.175000000000e+01) + sum g_i+ | measured fitness | best measured fitness or single-digit g-values | x1 | x2...
1 0 +1.354355441e+06 +1.354447191e+06 +1.354447191e+06
2 0 +1.251589096e+06 +1.251680846e+06 +1.251680846e+06
4 0 +4.911144949e+05 +4.912062449e+05 +4.912062449e+05
126 0 +1.146111747e+05 +1.147029247e+05 +1.147029247e+05
127 0 +7.953116707e+04 +7.962291707e+04 +7.962291707e+04
130 0 +7.766455497e+04 +7.775630497e+04 +7.775630497e+04
132 0 +7.638332895e+04 +7.647507895e+04 +7.647507895e+04
137 0 +7.145725400e+04 +7.154900400e+04 +7.154900400e+04
148 0 +7.078181355e+04 +7.087356355e+04 +7.087356355e+04
161 0 +6.799244259e+04 +6.808419259e+04 +6.808419259e+04
305 0 +6.671799509e+04 +6.680974509e+04 +6.680974509e+04
401 0 +6.451806207e+04 +6.460981207e+04 +6.460981207e+04
602 0 +6.113598240e+04 +6.122773240e+04 +6.122773240e+04
701 0 +5.990106624e+04 +5.999281624e+04 +5.999281624e+04
1001 0 +5.859200911e+04 +5.868375911e+04 +5.868375911e+04
1101 0 +5.601033816e+04 +5.610208816e+04 +5.610208816e+04
1202 0 +5.243257550e+04 +5.252432550e+04 +5.252432550e+04
1305 0 +5.097144609e+04 +5.106319609e+04 +5.106319609e+04
1401 0 +4.967587858e+04 +4.976762858e+04 +4.976762858e+04
1502 0 +4.855959438e+04 +4.865134438e+04 +4.865134438e+04
1601 0 +4.638508190e+04 +4.647683190e+04 +4.647683190e+04
1702 0 +4.437036232e+04 +4.446211232e+04 +4.446211232e+04
1802 0 +4.179913477e+04 +4.189088477e+04 +4.189088477e+04
1902 0 +4.074204201e+04 +4.083379201e+04 +4.083379201e+04
2201 0 +4.058965615e+04 +4.068140615e+04 +4.068140615e+04
2205 0 +3.849940309e+04 +3.859115309e+04 +3.859115309e+04
2302 0 +3.652948196e+04 +3.662123196e+04 +3.662123196e+04
2401 0 +3.345139298e+04 +3.354314298e+04 +3.354314298e+04
2501 0 +3.184036996e+04 +3.193211996e+04 +3.193211996e+04
2802 0 +3.089233013e+04 +3.098408013e+04 +3.098408013e+04
2803 0 +2.910772340e+04 +2.919947340e+04 +2.919947340e+04
3201 0 +2.782677030e+04 +2.791852030e+04 +2.791852030e+04
3202 0 +2.738145358e+04 +2.747320358e+04 +2.747320358e+04
3301 0 +2.479400540e+04 +2.488575540e+04 +2.488575540e+04
3303 0 +2.377544669e+04 +2.386719669e+04 +2.386719669e+04
3401 0 +2.266132553e+04 +2.275307553e+04 +2.275307553e+04
3501 0 +2.152609317e+04 +2.161784317e+04 +2.161784317e+04
3601 0 +2.118479129e+04 +2.127654129e+04 +2.127654129e+04
3901 0 +2.073152984e+04 +2.082327984e+04 +2.082327984e+04
4601 0 +2.031654549e+04 +2.040829549e+04 +2.040829549e+04
4603 0 +1.740425424e+04 +1.749600424e+04 +1.749600424e+04
4701 0 +1.662645611e+04 +1.671820611e+04 +1.671820611e+04
4801 0 +1.634751259e+04 +1.643926259e+04 +1.643926259e+04
4901 0 +1.560031919e+04 +1.569206919e+04 +1.569206919e+04
5101 0 +1.482787577e+04 +1.491962577e+04 +1.491962577e+04
5103 0 +1.444132467e+04 +1.453307467e+04 +1.453307467e+04
5201 0 +1.341234662e+04 +1.350409662e+04 +1.350409662e+04
5301 0 +1.301579055e+04 +1.310754055e+04 +1.310754055e+04
5501 0 +1.257833919e+04 +1.267008919e+04 +1.267008919e+04
5701 0 +1.135838368e+04 +1.145013368e+04 +1.145013368e+04
6102 0 +1.071970258e+04 +1.081145258e+04 +1.081145258e+04
6701 0 +1.058950403e+04 +1.068125403e+04 +1.068125403e+04
6703 0 +9.603934433e+03 +9.695684433e+03 +9.695684433e+03
6801 0 +9.451445529e+03 +9.543195529e+03 +9.543195529e+03
6901 0 +9.071562496e+03 +9.163312496e+03 +9.163312496e+03
7003 0 +8.189786894e+03 +8.281536894e+03 +8.281536894e+03
7101 0 +7.567021704e+03 +7.658771704e+03 +7.658771704e+03
7601 0 +6.477375731e+03 +6.569125731e+03 +6.569125731e+03
8011 0 +6.414820013e+03 +6.506570013e+03 +6.506570013e+03
8202 0 +6.309511131e+03 +6.401261131e+03 +6.401261131e+03
8501 0 +6.088636530e+03 +6.180386530e+03 +6.180386530e+03
8795 0 +5.643861487e+03 +5.735611487e+03 +5.735611487e+03
8801 0 +4.752503327e+03 +4.844253327e+03 +4.844253327e+03
8901 0 +4.611781602e+03 +4.703531602e+03 +4.703531602e+03
9204 0 +4.452552523e+03 +4.544302523e+03 +4.544302523e+03
10302 0 +4.134396193e+03 +4.226146193e+03 +4.226146193e+03
10601 0 +3.854925255e+03 +3.946675255e+03 +3.946675255e+03
10801 0 +3.603377463e+03 +3.695127463e+03 +3.695127463e+03
10901 0 +3.175171927e+03 +3.266921927e+03 +3.266921927e+03
11701 0 +3.012117231e+03 +3.103867231e+03 +3.103867231e+03
12304 0 +2.884523501e+03 +2.976273501e+03 +2.976273501e+03
12401 0 +2.865276195e+03 +2.957026195e+03 +2.957026195e+03
13001 0 +2.804369439e+03 +2.896119439e+03 +2.896119439e+03
13013 0 +2.666871328e+03 +2.758621328e+03 +2.758621328e+03
13301 0 +2.579380824e+03 +2.671130824e+03 +2.671130824e+03
14215 0 +2.339488502e+03 +2.431238502e+03 +2.431238502e+03
14301 0 +2.270904496e+03 +2.362654496e+03 +2.362654496e+03
14502 0 +2.062675687e+03 +2.154425687e+03 +2.154425687e+03
14923 0 +2.014370237e+03 +2.106120237e+03 +2.106120237e+03
15102 0 +1.946167871e+03 +2.037917871e+03 +2.037917871e+03
15201 0 +1.719271256e+03 +1.811021256e+03 +1.811021256e+03
15203 0 +1.662471710e+03 +1.754221710e+03 +1.754221710e+03
15402 0 +1.614294360e+03 +1.706044360e+03 +1.706044360e+03
15806 0 +1.571665476e+03 +1.663415476e+03 +1.663415476e+03
17001 0 +1.535799079e+03 +1.627549079e+03 +1.627549079e+03
17303 0 +1.370699942e+03 +1.462449942e+03 +1.462449942e+03
17802 0 +1.271396911e+03 +1.363146911e+03 +1.363146911e+03
18101 0 +1.253218254e+03 +1.344968254e+03 +1.344968254e+03
18504 0 +1.197336393e+03 +1.289086393e+03 +1.289086393e+03
19706 0 +1.065907836e+03 +1.157657836e+03 +1.157657836e+03
19901 0 +9.672504886e+02 +1.059000489e+03 +1.059000489e+03
20401 0 +8.998207854e+02 +9.915707854e+02 +9.915707854e+02
20502 0 +8.856774354e+02 +9.774274354e+02 +9.774274354e+02
21002 0 +6.821054198e+02 +7.738554198e+02 +7.738554198e+02
21802 0 +5.717025602e+02 +6.634525602e+02 +6.634525602e+02
29703 0 +5.500803931e+02 +6.418303931e+02 +6.418303931e+02
30603 0 +5.274715319e+02 +6.192215319e+02 +6.192215319e+02
32005 0 +5.149745068e+02 +6.067245068e+02 +6.067245068e+02
32706 0 +4.811738461e+02 +5.729238461e+02 +5.729238461e+02
34501 0 +4.590640883e+02 +5.508140883e+02 +5.508140883e+02
36945 0 +4.272607581e+02 +5.190107581e+02 +5.190107581e+02
37001 0 +3.704717302e+02 +4.622217302e+02 +4.622217302e+02
38012 0 +3.630046556e+02 +4.547546556e+02 +4.547546556e+02
