% f evaluations | g evaluations | best noise-free fitness - Fopt (7.627000000000e+01) + sum g_i+ | measured fitness | best measured fitness or single-digit g-values | x1 | x2...
1 0 +3.701582237e+06 +3.701658507e+06 +3.701658507e+06 -3.4881e+00 -2.5044e+00 +4.1021e+00 +2.8407e+00 -4.7512e+00 -1.4997e+00 -4.1666e+00 +4.9125e+00 +3.1879e+00 -1.5001e-01 -2.4174e+00 -9.8625e-02 +1.5925e+00 +1.2247e+00 -3.5240e+00 +1.3640e+00 +3.9893e+00 +1.7059e+00 -2.6260e+00 +3.7701e+00
4 0 +2.152872209e+05 +2.153634909e+05 +2.153634909e+05 +3.1032e+00 -2.6217e+00 -2.8070e+00 +1.2194e+00 -5.0399e-01 +4.0975e-01 -4.2149e+00 +1.7775e+00 +3.9420e+00 -2.7022e+00 +4.8118e+00 +9.2193e-01 -3.7284e+00 -1.4312e+00 +4.9663e+00 +3.9738e+00 -5.9505e-01 +1.0114e+00 -4.6740e+00 -4.1495e+00
15 0 +1.785592720e+05 +1.786355420e+05 +1.786355420e+05 -3.0532e+00 -1.3956e+00 +3.7955e+00 +7.1434e-01 -9.8255e-01 -4.7036e-02 -3.6501e-01 +4.3933e+00 +4.7092e+00 -4.9134e+00 +6.7380e-01 +2.6240e+00 -2.4346e+00 +2.7380e+00 +1.3569e+00 -3.6572e+00 -8.8545e-01 -3.5044e+00 +4.8156e+00 -5.2648e-01
21 0 +6.385218396e+04 +6.392845396e+04 +6.392845396e+04 +2.1876e+00 +1.6239e+00 -3.2189e+00 -2.9548e+00 +8.5595e-01 -2.1880e+00 +4.4986e+00 -1.6747e+00 -1.2401e+00 -1.5643e-01 -3.1968e+00 -1.7945e+00 +1.9314e+00 -3.3732e-01 -1.3581e+00 +1.2941e+00 +1.3755e+00 -3.5178e+00 +1.3431e+00 -2.9098e+00
24 0 +8.160377079e+03 +8.236647079e+03 +8.236647079e+03 +2.3769e+00 -7.5653e-01 -3.6275e+00 -2.3719e+00 -5.3860e-01 -4.2124e+00 -2.5523e+00 -3.0089e+00 +1.7984e+00 -4.9463e+00 -6.8773e-01 -1.4583e+00 +1.9593e+00 -4.3710e+00 +5.5911e-01 -1.2745e+00 +4.4686e+00 +2.7680e-01 -3.5862e+00 -1.5166e+00
31 0 +2.829494749e+02 +3.592194749e+02 +3.592194749e+02 -4.8485e+00 +2.6761e+00 -2.6581e+00 -2.4053e+00 -4.9428e-02 -3.7261e+00 +3.3890e+00 -2.0295e+00 +2.7906e+00 -4.7350e+00 -1.2513e+00 -1.0439e+00 -2.2089e-01 +6.1310e-01 -4.0972e-01 +9.5876e-01 -8.6003e-02 +4.5596e+00 +4.8663e+00 -1.9808e+00
142 0 +2.749578452e+02 +3.512278452e+02 +3.512278452e+02 -1.4620e-01 -1.4712e-01 -1.5537e+00 -7.3229e-01 +1.9736e-01 -1.2649e+00 +2.2651e+00 +2.7563e-01 +1.2482e+00 -2.4142e+00 +8.1982e-02 -7.8261e-02 +2.5567e-03 -3.4911e-01 +7.8628e-01 +1.6449e+00 +2.6869e-01 +1.2210e+00 +7.6059e-01 -7.3093e-01
202 0 +1.714325422e+02 +2.477025422e+02 +2.477025422e+02 -1.3660e-01 -1.4038e-01 -1.3250e+00 -7.7052e-01 +1.8917e-01 -1.1772e+00 +2.0777e+00 +7.9556e-02 +1.2537e+00 -1.9451e+00 +1.1585e-01 -3.8398e-02 +1.0825e-01 -1.4723e-01 +7.2725e-01 +1.4632e+00 +3.0568e-01 +1.3300e+00 +6.1484e-01 -6.7999e-01
310 0 +1.178980351e+02 +1.941680351e+02 +1.941680351e+02 -4.6445e-02 -9.8362e-02 -8.2722e-01 -9.0208e-01 -2.3154e-01 -1.0926e+00 +2.4183e+00 +1.7621e-01 +7.8844e-01 -1.5988e+00 +1.4042e-01 +1.6324e-01 +4.6776e-01 -1.1072e-01 +8.0177e-01 +8.1728e-01 +1.8836e-01 +7.9255e-01 +6.8325e-01 -2.3789e-01
453 0 +1.172640858e+02 +1.935340858e+02 +1.935340858e+02 +3.1449e-01 +6.5745e-01 -2.2125e-01 -1.3106e+00 -7.2064e-01 -3.4486e-01 +1.0930e+00 +1.5911e-01 +5.8965e-01 -8.2950e-01 +7.1991e-01 -1.7048e-02 +6.8961e-01 +5.7234e-01 -2.1030e-01 +1.3967e+00 +3.1378e-01 +1.5402e+00 +8.0830e-01 +5.9647e-02
685 0 +1.136076278e+02 +1.898776278e+02 +1.898776278e+02 +1.4430e-01 +1.4163e-01 -1.1691e+00 -7.4374e-01 -3.4038e-02 -8.6005e-01 +1.4872e+00 +1.1176e-01 +8.4439e-01 -1.7453e+00 +4.1136e-01 -3.8008e-02 +6.9817e-02 -8.7577e-02 +1.4786e-01 +1.3463e+00 +3.6402e-01 +1.2149e+00 +6.4019e-01 -4.7446e-01
1106 0 +8.811904618e+01 +1.643890462e+02 +1.643890462e+02 -3.8101e-02 +4.8143e-01 -2.3425e-01 -1.1720e+00 -1.5322e-01 -1.1196e+00 +8.2033e-01 +3.8383e-01 +4.1880e-01 -2.9680e-01 +1.3145e-01 +2.9876e-01 -6.2867e-02 +1.0050e+00 -3.9408e-01 +4.6182e-01 +4.0782e-01 +6.4435e-01 +1.0281e+00 -2.3687e-01
7107 0 +7.941403369e+01 +1.556840337e+02 +1.556840337e+02 +9.0673e-02 -5.7624e-01 -4.8663e-01 -6.4800e-02 +2.4673e-01 -9.6055e-02 +3.2083e-01 -1.1625e-02 -3.3971e-01 +1.3978e-01 +7.7842e-01 -9.5117e-02 +1.9713e-01 +8.4105e-01 -4.7474e-01 +2.4311e-01 -9.8951e-02 +4.9487e-01 +3.8576e-01 -3.6352e-01
9719 0 +7.724267262e+01 +1.535126726e+02 +1.535126726e+02 -2.8787e-01 +1.2544e-01 -2.9546e-01 -4.2900e-01 -1.0011e-01 -4.1349e-01 +4.4712e-02 +1.5153e-01 +3.3254e-01 +4.3393e-01 +7.2493e-01 +9.6015e-02 +4.8540e-01 +7.3362e-01 -2.9259e-01 +1.6874e-01 +1.1707e-01 -1.1913e-02 -1.4858e-01 +2.3909e-01
% f evaluations | g evaluations | best noise-free fitness - Fopt (-2.255000000000e+01) + sum g_i+ | measured fitness | best measured fitness or single-digit g-values | x1 | x2...
1 0 +2.050359930e+07 +2.050357675e+07 +2.050357675e+07 -3.9510e+00 -2.6370e+00 +1.0621e+00 +3.5901e+00 +1.4191e+00 +1.5808e+00 -1.1408e+00 +1.9483e+00 -2.3529e+00 +2.9192e+00 -2.3631e+00 +3.0975e+00 -4.8910e+00 -2.9226e+00 -3.4366e+00 -3.9577e+00 +2.4068e+00 -6.6265e-01 -4.4790e+00 +1.1116e+00
2 0 +9.298718084e+06 +9.298695534e+06 +9.298695534e+06 -3.0295e+00 +1.5927e+00 +4.0522e+00 -4.3403e+00 -7.9466e-01 +1.7153e+00 -4.8871e+00 -4.9949e+00 -3.3219e-04 -4.5046e+00 -2.1745e+00 +1.3643e+00 +1.3728e+00 +2.9602e+00 -1.3074e-01 -3.7998e+00 -4.3781e+00 +3.7170e+00 -2.1356e+00 -4.1382e+00
3 0 +3.785941045e+06 +3.785918495e+06 +3.785918495e+06 -3.7669e+00 -3.7542e+00 +3.9100e+00 -1.6773e+00 +1.9258e+00 +3.8084e+00 +4.0172e+00 +1.4000e+00 +1.1716e+00 -1.3014e+00 +5.7871e-01 -3.0264e+00 +4.2130e+00 -4.1175e+00 +1.8282e+00 -3.5400e+00 +4.2619e+00 +3.4970e+00 +8.4394e-01 +9.1127e-02
5 0 +1.898265606e+06 +1.898243056e+06 +1.898243056e+06 -2.7755e-01 -3.3816e+00 -4.8774e+00 +5.5992e-02 -1.9914e+00 -2.0746e+00 +4.1491e+00 +1.9150e+00 -1.0290e+00 +2.0124e+00 -1.6979e+00 -1.1330e+00 -4.2717e+00 +4.9438e+00 -1.3074e+00 +3.6917e-01 +1.1422e+00 -2.3135e+00 -2.9788e-01 +2.4416e+00
8 0 +5.983730765e+05 +5.983505265e+05 +5.983505265e+05 -3.8832e+00 -2.6283e+00 -3.1638e+00 +4.1200e+00 -4.2845e+00 +1.4299e+00 -2.3889e+00 -2.1706e+00 +3.4959e+00 -2.1946e+00 +2.9615e+00 -4.8715e+00 +2.7930e-01 -3.7911e+00 +1.7730e+00 +3.9991e+00 -4.7252e+00 +9.9812e-01 -4.1272e+00 +2.6894e+00
11 0 +2.916107717e+05 +2.915882217e+05 +2.915882217e+05 -2.9125e-01 -1.2805e+00 +1.0363e-02 +4.1700e-01 +1.9027e+00 -4.2816e+00 +1.8541e+00 -4.4027e+00 +2.1054e+00 -1.4531e+00 -3.9250e+00 -2.0456e+00 -3.2993e+00 -4.5221e+00 +4.0676e-01 -3.0728e+00 +2.6154e+00 +3.7156e+00 +4.5495e+00 -4.8575e-01
18 0 +2.915255487e+03 +2.892705487e+03 +2.892705487e+03 +3.9678e+00 -4.0153e+00 -2.2421e+00 -1.7272e+00 +1.3142e+00 +3.1252e+00 +1.6056e+00 +1.3367e+00 -4.9157e+00 +1.2592e+00 -3.0938e+00 -1.4824e-01 +3.6139e-01 -2.3735e+00 -4.0739e+00 +4.3502e+00 +4.8421e+00 -3.8176e+00 -9.5427e-01 -8.1001e-02
82 0 +6.912477433e+02 +6.686977433e+02 +6.686977433e+02 -3.1517e+00 +3.2923e+00 -1.3048e+00 +2.8476e+00 +4.1812e+00 +3.5045e+00 -1.1483e+00 -4.9019e+00 +1.7093e+00 -1.6936e+00 -3.0748e+00 +4.4475e+00 +4.9692e+00 -4.9641e+00 +1.0495e+00 -2.4278e+00 +3.0819e+00 +4.8411e+00 +7.6963e-01 +1.6631e+00
301 0 +3.821675462e+02 +3.596175462e+02 +3.596175462e+02 +1.3031e+00 -8.3320e-01 +1.1593e+00 -2.2993e+00 +6.6962e-01 +3.5531e-01 +2.5871e+00 +2.7955e-01 -1.2638e+00 +1.6687e+00 +8.1112e-01 +2.0294e+00 +2.3645e+00 -7.4122e-01 +2.2978e+00 +2.4506e+00 -1.2192e+00 +2.8415e+00 +2.1674e+00 -1.0589e+00
303 0 +1.877234295e+02 +1.651734295e+02 +1.651734295e+02 +1.9107e+00 -1.2971e+00 +1.5742e+00 -3.3033e+00 +8.6039e-01 +2.2509e-01 +3.4137e+00 +6.0729e-01 -1.5716e+00 +2.3697e+00 +1.2249e+00 +2.7624e+00 +3.2947e+00 -1.1600e+00 +3.0161e+00 +3.6297e+00 -1.7452e+00 +3.9360e+00 +2.9574e+00 -1.3481e+00
446 0 +1.360166694e+02 +1.134666694e+02 +1.134666694e+02 +1.0232e+00 -9.8904e-01 +8.7343e-01 -1.9244e+00 +4.9446e-01 +1.6471e-01 +1.9906e+00 +2.4176e-01 -1.0018e+00 +1.3782e+00 +6.2344e-01 +1.5960e+00 +1.9643e+00 -4.1789e-01 +1.7782e+00 +2.2126e+00 -1.1741e+00 +2.3439e+00 +1.7381e+00 -7.9191e-01
717 0 +1.166293158e+02 +9.407931578e+01 +9.407931578e+01 +5.2955e-01 -5.7582e-01 +4.3241e-01 -1.1512e+00 +6.1297e-01 +5.9494e-02 +1.0953e+00 -8.8560e-02 -4.0959e-01 +7.1237e-01 +2.9439e-01 +1.0475e+00 +8.2602e-01 -1.8936e-01 +8.0104e-01 +1.5967e+00 -5.2958e-01 +1.3908e+00 +1.1069e+00 -3.6684e-01
814 0 +9.146900851e+01 +6.891900851e+01 +6.891900851e+01 +1.9743e-01 -3.5904e-01 +1.7445e-01 -2.0768e-02 -2.0191e-01 +1.7291e-01 -8.5909e-02 -1.4169e-01 -1.1355e-01 -9.0233e-02 +6.1427e-01 +2.6553e-01 +1.6435e-01 +3.7570e-01 +4.4348e-03 +1.4365e-01 -3.7992e-01 -2.6047e-01 +9.1413e-02 +2.8964e-01
2012 0 +8.748915905e+01 +6.493915905e+01 +6.493915905e+01 +9.9395e-01 -9.1683e-01 +1.3289e+00 -1.0163e+00 +1.0896e+00 +8.0931e-02 +1.5057e+00 -6.3635e-01 -2.5999e-01 +1.2400e+00 +6.1560e-01 +6.1499e-02 +1.2913e+00 -7.8639e-01 -2.7375e-01 -8.5598e-01 -1.0611e+00 +8.7484e-02 +8.7200e-01 +2.1721e-01
3017 0 +8.625168352e+01 +6.370168352e+01 +6.370168352e+01 +4.9544e-01 -2.6584e-01 +1.4637e-01 -3.0142e-01 +2.7550e-01 +7.2122e-04 +9.8313e-02 -4.2468e-01 +1.6143e-02 +4.1868e-01 +2.9057e-01 -2.1036e-02 +3.6642e-01 +7.5376e-02 +2.2327e-01 -1.5993e-01 -3.1828e-01 +8.0228e-02 +2.8027e-01 -2.1342e-01
11602 0 +8.308682041e+01 +6.053682041e+01 +6.053682041e+01 +1.1825e-02 +4.9353e-01 +3.1596e-01 +4.0252e-01 +2.8978e-01 +2.9095e-01 +7.4049e-01 -1.4048e-01 -1.0701e-01 -2.3901e-02 -1.0708e-03 -2.2351e-01 +3.6926e-01 +1.7929e-01 -2.3817e-01 +3.6364e-01 +2.8882e-01 -6.4384e-01 +6.4277e-02 +2.5938e-01
18106 0 +8.109555470e+01 +5.854555470e+01 +5.854555470e+01 +3.9334e-01 +2.5988e-01 +8.0677e-01 +1.2043e-01 -3.6398e-01 +3.9521e-01 +3.4049e-01 -7.1816e-01 +1.2487e-01 +2.9604e-01 -2.0307e-02 -1.2728e-01 +6.9104e-01 +2.8081e-01 +4.9287e-01 +1.0745e+00 -1.5166e-01 -1.6566e-01 -1.4796e-01 +8.0239e-01
% f evaluations | g evaluations | best noise-free fitness - Fopt (1.366000000000e+01) + sum g_i+ | measured fitness | best measured fitness or single-digit g-values | x1 | x2...
1 0 +3.362967552e+06 +3.362981212e+06 +3.362981212e+06 -4.0837e+00 +6.1482e-01 -2.9978e+00 -2.0623e+00 -2.6871e+00 -2.7094e+00 -6.8644e-01 +1.6040e+00 -4.8720e+00 +2.6836e+00 +1.8211e+00 +1.3050e+00 -3.9078e-01 -2.8026e+00 -4.5004e+00 +3.8015e-01 -7.6269e-01 +2.5337e+00 -3.1433e+00 +7.7431e-01
3 0 +1.411586172e+04 +1.412952172e+04 +1.412952172e+04 +4.6482e+00 -3.8718e+00 +4.1082e+00 +4.4583e+00 -4.5690e+00 +3.2909e+00 -8.3931e-01 -2.2732e+00 -8.9939e-01 +1.0480e+00 +2.7284e+00 +9.8743e-02 -1.8620e+00 -4.3941e+00 +1.9264e+00 -4.6340e+00 +4.4287e+00 +4.8770e+00 +5.1312e-01 -3.0227e+00
47 0 +4.372304310e+03 +4.385964310e+03 +4.385964310e+03 +4.9985e+00 +1.0920e+00 -1.9560e+00 +1.6064e+00 -4.8491e+00 -4.1321e-01 -2.3964e+00 -8.1147e-01 +4.4609e+00 +3.1776e+00 +1.0830e+00 +2.4081e+00 +4.9540e+00 -2.0392e+00 -1.2267e+00 +2.2548e-01 +4.6784e+00 +3.2827e-01 -3.2809e+00 -3.7975e+00
104 0 +6.258543998e+02 +6.395143998e+02 +6.395143998e+02 -3.0123e+00 -2.2664e+00 +2.1593e+00 -3.2691e+00 -8.6088e-01 -3.4309e+00 -2.4003e+00 -3.1805e-01 -3.4282e+00 +6.9495e-01 -2.1418e-01 +3.1151e+00 +8.5201e-01 +2.2472e+00 +2.3373e+00 +5.0000e+00 +5.0000e+00 +4.7827e+00 -1.5159e+00 -9.1197e-01
113 0 +3.749362277e+02 +3.885962277e+02 +3.885962277e+02 -4.8695e+00 +1.0496e+00 +4.9793e+00 +4.0559e+00 -8.0638e-01 -4.9989e+00 -1.0305e+00 -1.9308e+00 -2.4770e+00 -2.8787e+00 +1.9882e+00 +5.0000e+00 -1.9341e+00 -4.0574e+00 +3.3428e+00 +6.8651e-01 +5.0000e+00 +4.7006e+00 -2.8981e+00 +4.8369e+00
401 0 +1.363316204e+02 +1.499916204e+02 +1.499916204e+02 -1.0430e+00 +4.3639e-01 +1.1493e+00 +1.2762e+00 -1.8465e-02 -1.7155e+00 -6.7486e-01 -8.2847e-01 -9.8738e-02 -2.3659e-01 +2.1488e-01 +1.4586e+00 -4.5287e-01 -1.2862e+00 +5.1563e-01 +6.9730e-02 +1.6527e+00 +1.0864e+00 -9.0925e-01 +5.4375e-01
886 0 +1.304074410e+02 +1.440674410e+02 +1.440674410e+02 -1.0997e+00 +7.9701e-01 +1.2706e+00 +1.1985e+00 -6.9583e-02 -2.0248e+00 -7.2880e-01 -7.5747e-01 -3.5801e-01 -6.7163e-02 +1.3469e-01 +1.6672e+00 -3.5316e-01 -1.3447e+00 +5.4715e-01 +3.4643e-01 +2.1078e+00 +1.0518e+00 -6.7331e-01 +4.7049e-01
1022 0 +1.280544449e+02 +1.417144449e+02 +1.417144449e+02 -8.4041e-01 +7.2461e-01 +7.0879e-01 +1.0438e+00 -1.4348e-02 -1.8733e+00 -5.9056e-01 -4.3240e-01 -2.3966e-01 -1.6248e-01 +1.7862e-01 +1.1357e+00 -5.2820e-01 -9.3139e-01 +5.0389e-01 +3.1773e-01 +1.5547e+00 +7.1590e-01 -8.6618e-02 +4.7722e-01
1225 0 +1.212126483e+02 +1.348726483e+02 +1.348726483e+02 -3.7461e-01 -2.8482e-02 +3.1652e-01 +6.5710e-01 -8.9319e-02 -9.8565e-01 -2.9371e-01 -2.0845e-01 -9.1810e-02 +1.7573e-01 -1.0279e-01 +2.8516e-01 -2.4361e-01 -5.5529e-01 +4.2724e-01 -3.1893e-02 +7.9151e-01 +3.2054e-01 -1.4626e-01 -2.1488e-01
2995 0 +1.162462637e+02 +1.299062637e+02 +1.299062637e+02 -1.8994e-01 +8.7311e-02 -1.8704e-01 +4.7981e-02 +1.6322e-01 -4.5468e-01 -1.4174e-02 -2.9760e-01 -6.9878e-02 +7.9719e-02 -1.4245e-01 +1.5022e-02 -7.9201e-02 -4.4587e-02 +2.0688e-01 +5.0020e-02 +3.0065e-01 -1.2834e-01 -1.4045e-01 -3.0268e-01
3437 0 +1.135620565e+02 +1.272220565e+02 +1.272220565e+02 -4.5151e-02 +2.0164e-01 -4.2998e-01 +9.8803e-02 +1.7725e-02 -4.2042e-01 -2.4305e-02 -3.0962e-01 +3.7099e-01 +1.9900e-01 -1.1408e-01 -1.1805e-01 -4.0226e-01 -1.5834e-01 -8.3348e-02 +1.3440e-01 +2.1506e-01 -1.3195e-01 -1.8659e-01 -7.9083e-02
4714 0 +1.030403712e+02 +1.167003712e+02 +1.167003712e+02 -8.6915e-01 -3.4712e-02 -2.9982e-01 +6.7063e-01 -6.8507e-01 -2.0954e-01 -6.6321e-02 -8.7710e-01 +4.4367e-01 -4.2264e-01 +1.8363e-01 +1.4222e-01 -7.3423e-01 +6.9395e-02 +9.5251e-02 -2.0225e-01 +3.4652e-01 -1.0445e+00 +1.6433e-01 -2.6891e-01
6601 0 +9.734094947e+01 +1.110009495e+02 +1.110009495e+02 -3.5032e-01 +1.2928e+00 -1.0140e-01 +5.8701e-01 -1.9947e-01 -7.0362e-01 +2.8359e-01 -3.5978e-01 +3.1524e-01 -1.0967e+00 -3.2096e-01 -2.6639e-01 -1.1984e+00 +1.2324e-01 -4.9974e-02 +3.7581e-01 +4.4881e-01 -7.2324e-01 -6.5777e-02 +4.9496e-01
% f evaluations | g evaluations | best noise-free fitness - Fopt (9.378400000000e+02) + sum g_i+ | measured fitness | best measured fitness or single-digit g-values | x1 | x2...
1 0 +3.398153951e+06 +3.399091791e+06 +3.399091791e+06 +2.8620e+00 +4.0140e-01 +2.0295e+00 -4.1400e+00 +2.7388e+00 -1.8035e-01 -3.8669e+00 +1.9054e+00 -3.0779e+00 +1.2139e+00 -3.0260e+00 -4.0691e+00 +4.1587e+00 -1.3359e+00 -3.0089e+00 +2.1760e+00 +4.5591e+00 -4.0996e+00 +4.8132e+00 -3.6243e+00
2 0 +2.769853732e+06 +2.770791572e+06 +2.770791572e+06 -2.9440e+00 -2.2697e+00 +3.3017e+00 -3.0543e-01 +2.2922e+00 -4.2419e+00 -4.6241e+00 +1.5782e+00 +1.1797e+00 +2.9807e+00 -1.7857e+00 +1.8586e+00 -7.4490e-01 -4.0701e+00 -2.4624e+00 -2.3737e-01 +8.3774e-01 +1.7075e+00 -4.9583e+00 -3.1652e+00
3 0 +1.297289458e+05 +1.306667858e+05 +1.306667858e+05 -1.8855e-01 +1.9680e+00 -2.3042e+00 -2.3206e+00 -1.3125e+00 +2.8962e+00 -3.0147e+00 -9.8022e-02 -1.6314e-01 -2.9959e+00 +4.4122e+00 +1.5556e+00 -2.2862e-01 +9.6461e-01 +2.5393e+00 +4.2375e+00 -4.7067e+00 -3.9132e+00 -2.1470e+00 -6.0290e-01
18 0 +9.710317549e+04 +9.804101549e+04 +9.804101549e+04 +3.4208e-01 +3.3662e+00 +3.8319e+00 +4.0101e+00 +8.8714e-02 -4.1745e+00 -4.9630e+00 +3.9967e-01 -4.9142e+00 -5.5323e-01 -5.1609e-01 -5.3834e-01 -3.8246e+00 +3.3958e+00 -3.3146e+00 +4.8511e-01 +5.1301e-01 +3.7955e+00 -4.7036e+00 +9.5830e-01
42 0 +1.018493662e+03 +1.956333662e+03 +1.956333662e+03 -2.3563e+00 -1.7191e+00 +2.0989e+00 -3.1182e+00 +7.2405e-01 +2.5864e+00 +1.4614e+00 -3.7504e-01 +4.4145e+00 -2.5182e-01 -1.1439e+00 +1.3793e+00 +7.3576e-01 -3.8189e+00 +6.8308e-01 -2.8740e+00 -3.6671e+00 +4.9346e-03 +3.8644e+00 +2.0220e+00
82 0 +4.865243245e+02 +1.424364325e+03 +1.424364325e+03 -4.5777e+00 +1.0559e+00 -1.1732e+00 -2.0559e+00 -2.8393e+00 +1.3072e+00 -7.5356e-01 +1.9392e+00 +4.8053e+00 +1.7667e+00 -1.8413e+00 -2.1935e-01 +3.6720e+00 -1.9003e+00 +1.1014e+00 -3.4193e+00 -4.9009e+00 -3.3973e-01 -2.9270e+00 +3.7268e+00
120 0 +4.335194060e+02 +1.371359406e+03 +1.371359406e+03 -5.0000e+00 +3.8303e-02 -3.5545e+00 -1.6490e+00 -4.8314e+00 +2.5052e+00 +1.5668e-01 +4.9757e+00 -2.5685e+00 +4.9427e+00 -5.0000e+00 +5.0000e+00 -3.7477e+00 +4.9677e+00 +2.2032e+00 -5.0000e+00 -3.4049e+00 +4.5374e+00 -4.3643e+00 -4.9640e+00
315 0 +3.035693876e+02 +1.241409388e+03 +1.241409388e+03 -2.5560e+00 -2.3966e+00 +2.8045e+00 -3.4752e+00 +9.0435e-01 +2.9866e+00 +1.6297e+00 -4.9982e-01 +4.9104e+00 -1.8957e-01 -1.0877e+00 +1.7307e+00 +7.0677e-01 -4.2610e+00 +8.0936e-01 -3.0898e+00 -3.7852e+00 +9.8459e-02 +4.7242e+00 +2.3281e+00
316 0 +2.892814302e+02 +1.227121430e+03 +1.227121430e+03 -4.9765e+00 +9.1329e-01 -1.0521e+00 -2.2481e+00 -3.3366e+00 +1.6311e+00 -9.4479e-01 +2.2001e+00 +4.8762e+00 +2.1655e+00 -2.0493e+00 -6.6844e-02 +4.2511e+00 -2.0205e+00 +1.4967e+00 -3.9476e+00 -4.8730e+00 -3.0036e-01 -3.2566e+00 +4.3252e+00
412 0 +2.178204233e+02 +1.155660423e+03 +1.155660423e+03 -3.3127e+00 +3.4731e+00 -1.7363e+00 +2.6809e+00 -3.4572e+00 -2.0758e+00 -3.3260e+00 +3.6490e+00 +3.5668e-01 -9.0383e-01 +2.3489e+00 +3.8093e+00 -3.4124e+00 +1.3399e+00 -9.1260e-01 -3.6994e+00 -2.6565e+00 -2.8417e+00 -3.7088e+00 +3.0978e+00
508 0 +1.931224420e+02 +1.130962442e+03 +1.130962442e+03 -2.2170e+00 +1.4990e+00 -2.3716e+00 -1.2224e+00 -1.2840e+00 +9.3757e-01 +2.6122e-01 +1.6936e+00 -1.0732e+00 +1.1188e+00 -2.5847e+00 +1.3943e+00 -1.7371e+00 +1.5246e+00 +2.2997e-01 -2.4612e+00 -2.6250e+00 +1.2095e+00 -2.1030e+00 -2.3944e+00
808 0 +1.817656013e+02 +1.119605601e+03 +1.119605601e+03 -3.5128e+00 +1.9340e+00 -2.5801e+00 +4.8150e-01 -3.3824e+00 +9.6797e-02 -1.4653e+00 +3.6677e+00 -8.0395e-01 +1.0217e+00 -7.3857e-01 +3.4520e+00 -3.2825e+00 +2.2167e+00 +7.2811e-01 -3.8199e+00 -2.8768e+00 +3.6667e-01 -3.4668e+00 -2.3364e-01
819 0 +1.168531510e+02 +1.054693151e+03 +1.054693151e+03 -1.7864e+00 +1.7014e+00 -1.2345e+00 -3.7797e-01 -7.4945e-01 -1.3716e-01 -1.7964e-01 +6.9700e-01 -1.9101e-02 -3.2098e-01 -6.9040e-01 +6.9938e-01 -8.6095e-01 +3.5805e-01 -2.9947e-01 -1.5566e+00 -2.4032e+00 -4.4332e-01 -1.4164e+00 +8.0391e-02
1017 0 +1.067588985e+02 +1.044598899e+03 +1.044598899e+03 -1.6163e+00 +2.2722e+00 -9.4926e-01 +7.5331e-01 -6.4793e-01 -6.0093e-01 -7.2741e-01 +1.0406e+00 +3.3417e-01 -1.0597e+00 -1.1422e-01 +7.3772e-01 -1.3519e+00 +1.0951e-01 -8.5838e-01 -1.9046e+00 -2.0508e+00 -8.5907e-01 -1.5433e+00 +1.1970e+00
3355 0 +1.036510020e+02 +1.041491002e+03 +1.041491002e+03 -1.4953e+00 +2.3364e+00 -1.7106e+00 -6.4733e-01 -4.4818e-01 +1.9595e-02 -6.8089e-01 +4.2580e-01 -4.6734e-02 +4.3195e-02 -1.1975e+00 +3.1352e-01 -9.6716e-01 -2.3862e-01 -6.7838e-01 -1.5442e+00 -2.9370e+00 -1.1142e+00 -1.8295e+00 +3.0433e-03
5417 0 +1.017393448e+02 +1.039579345e+03 +1.039579345e+03 -1.6645e+00 +1.9738e+00 -9.9672e-01 -2.9671e-01 -4.5298e-01 +4.3668e-02 -4.0947e-01 +9.7465e-01 -2.6362e-01 +2.8370e-01 -8.9306e-01 +2.6077e-01 -3.8683e-01 -6.4260e-02 -3.0106e-01 -7.0824e-01 -2.4427e+00 -7.2241e-01 -1.7571e+00 -8.3095e-01
6221 0 +9.347408823e+01 +1.031314088e+03 +1.031314088e+03 -1.0230e+00 +1.9753e+00 -1.0608e-01 +3.7846e-01 +3.3926e-01 -6.5210e-01 -8.9443e-01 +7.8533e-01 +5.5203e-01 -9.0507e-01 -1.3689e+00 -1.2445e+00 -8.6614e-02 -4.1110e-01 -1.2812e+00 -7.6689e-01 -2.3167e+00 -2.4865e+00 -1.9565e+00 -4.8287e-01
15313 0 +8.455017419e+01 +1.022390174e+03 +1.022390174e+03 -5.0374e-01 +2.6429e+00 -5.6512e-01 +7.8359e-02 +1.5826e+00 +1.1884e+00 -3.7605e-01 +1.3532e+00 -1.5307e+00 -6.2723e-02 -1.9332e+00 -1.3899e+00 -7.8252e-01 -8.4522e-01 -2.0105e+00 -7.6326e-01 -1.1369e+00 -1.2684e+00 -1.5042e+00 +4.3916e-01
15513 0 +7.984245035e+01 +1.017682450e+03 +1.017682450e+03 +6.9293e-02 +2.3706e+00 -2.2552e-01 -8.0664e-01 +9.3309e-01 +4.7202e-01 -5.1922e-02 +1.2455e+00 -4.2771e-01 -7.5089e-01 -2.2381e+00 -1.2507e+00 -1.0428e+00 -6.2520e-01 -1.6537e+00 +7.9086e-02 -6.5343e-01 -9.3055e-01 -1.4477e+00 -4.1509e-02
% f evaluations | g evaluations | best noise-free fitness - Fopt (-7.872000000000e+01) + sum g_i+ | measured fitness | best measured fitness or single-digit g-values | x1 | x2...
1 0 +5.386131745e+04 +5.378259745e+04 +5.378259745e+04 +3.2077e+00 +4.4251e+00 -6.6762e-01 +5.6703e-01 -2.3762e+00 -7.5256e-01 +4.6027e+00 -1.4036e+00 +3.3377e+00 +4.0514e+00 +6.1601e-01 +2.8849e+00 +4.3838e+00 +8.2060e-01 -4.0703e+00 -7.7905e-01 +8.8979e-02 -1.9775e+00 +1.7504e-01 +2.1217e+00
7 0 +1.477853902e+04 +1.469981902e+04 +1.469981902e+04 -1.2957e+00 +9.1885e-01 +3.9525e+00 -2.7068e+00 -2.0200e-02 -1.4475e+00 +9.9378e-01 +5.1039e-01 -4.2499e+00 +4.0530e+00 +4.5338e-01 -4.2763e-01 +2.5098e+00 +4.4434e+00 -4.5832e+00 -4.9601e+00 -2.6368e+00 +2.4018e+00 -1.4644e+00 +2.9788e+00
35 0 +5.052003979e+03 +4.973283979e+03 +4.973283979e+03 -2.8683e+00 +1.1841e+00 -3.4256e+00 -1.8840e+00 +6.1346e-01 +4.1660e+00 +2.4645e+00 -2.5224e+00 +4.5974e+00 -3.6883e-02 -4.0215e+00 -4.7556e+00 +2.8755e+00 -2.3837e+00 +3.2819e+00 +3.4097e-02 -2.9961e-01 +2.7465e+00 -4.3667e+00 +2.8729e+00
53 0 +4.114669478e+02 +3.327469478e+02 +3.327469478e+02 +3.0558e-01 +1.5674e+00 -2.4618e+00 +4.2873e+00 -2.7236e+00 +1.0793e+00 -2.9895e+00 +5.3319e-01 -1.5133e+00 -2.8623e-01 +1.2801e+00 +9.3860e-04 +8.4094e-01 -4.9183e+00 -3.3849e+00 -1.3293e-01 +2.5675e+00 -3.0708e+00 -9.7853e-01 +2.3854e+00
706 0 +2.694909418e+02 +1.907709418e+02 +1.907709418e+02 +5.7271e-01 +3.2408e+00 -1.5997e+00 +3.3216e+00 -2.5921e+00 +1.9032e-01 -2.4437e+00 -1.6991e+00 +2.1989e+00 +1.7334e+00 -2.7875e+00 -1.6174e+00 -2.4010e+00 -1.8408e+00 +8.0554e-01 +8.1184e-01 +1.0512e+00 -2.9381e+00 +2.2173e+00 +3.4180e+00
801 0 +2.623447808e+02 +1.836247808e+02 +1.836247808e+02 +5.6614e-01 +3.2545e+00 -1.6191e+00 +3.3413e+00 -2.4935e+00 +1.4946e-01 -2.4553e+00 -1.7254e+00 +2.2259e+00 +1.7550e+00 -2.6843e+00 -1.6454e+00 -2.4248e+00 -1.8938e+00 +8.7426e-01 +8.3682e-01 +1.0607e+00 -2.8332e+00 +2.2498e+00 +3.4369e+00
817 0 +2.513904227e+02 +1.726704227e+02 +1.726704227e+02 +9.2722e-01 +2.9920e+00 -9.1822e-01 +2.7720e+00 -1.3785e+00 -3.8457e-01 -1.6562e+00 -5.3026e-01 +7.7718e-01 +6.0127e-01 -1.1081e+00 -7.1342e-01 -1.0058e+00 -2.4520e+00 -2.4921e-01 -4.3388e-01 +9.5214e-01 -2.5024e+00 +7.1440e-01 +2.9001e+00
1006 0 +2.351396590e+02 +1.564196590e+02 +1.564196590e+02 +6.3982e-01 +3.3228e+00 -1.4118e+00 +2.8898e+00 -2.6848e+00 +3.8054e-01 -2.6985e+00 -1.5668e+00 +2.0104e+00 +2.0640e+00 -3.1255e+00 -1.4823e+00 -2.4110e+00 -1.3546e+00 +9.3604e-01 +1.0332e+00 +6.2321e-01 -3.1823e+00 +2.4563e+00 +3.1330e+00
1111 0 +1.770972323e+02 +9.837723227e+01 +9.837723227e+01 +1.2385e+00 +3.0946e+00 -8.7305e-01 +2.7469e+00 -1.6876e+00 -1.4334e-01 -2.2454e+00 -1.2514e+00 +1.2924e+00 +1.0793e+00 -1.6169e+00 -1.1941e+00 -1.2400e+00 -2.3352e+00 -1.2387e-01 +3.4909e-01 +9.7702e-01 -2.2398e+00 +1.0855e+00 +3.2422e+00
1517 0 +1.711669760e+02 +9.244697595e+01 +9.244697595e+01 +1.1404e+00 +2.8499e+00 -1.2473e+00 +3.2219e+00 -1.8778e+00 -2.6240e-01 -2.8080e+00 -6.4914e-01 +9.5369e-01 +1.0112e+00 -1.1821e+00 -7.6708e-01 -1.0337e+00 -2.5424e+00 -3.2161e-01 -2.5416e-01 +1.1463e+00 -2.5503e+00 +8.4383e-01 +3.2001e+00
2501 0 +1.638890758e+02 +8.516907585e+01 +8.516907585e+01 +6.7234e-01 +2.2850e+00 -1.4012e+00 +2.9790e+00 -1.3421e+00 -2.0343e-01 -1.4430e+00 -7.8352e-01 +6.2071e-01 +1.3417e+00 -1.3180e+00 -8.1212e-01 -9.1646e-01 -2.0602e+00 -8.4782e-01 -3.4435e-01 +1.5764e+00 -2.0787e+00 +4.0149e-01 +3.2059e+00
3201 0 +1.609034145e+02 +8.218341454e+01 +8.218341454e+01 +1.1294e-01 +2.7440e+00 -1.0575e+00 +1.9668e+00 -1.6642e+00 -5.2028e-01 -1.7454e+00 -1.2979e+00 +1.0885e+00 +8.7690e-01 -2.1728e+00 -1.4734e+00 -1.3495e+00 -1.3028e+00 +2.2308e-01 +5.2065e-01 +3.7732e-01 -1.1976e+00 +8.7722e-01 +1.9018e+00
3610 0 +1.483265082e+02 +6.960650821e+01 +6.960650821e+01 +1.0391e-01 +2.6040e+00 -1.7461e+00 +1.3279e+00 -1.1998e+00 -7.9120e-01 -2.1943e+00 -9.2692e-01 +1.6984e+00 +1.1366e+00 -2.2929e+00 -1.7074e+00 -7.8823e-01 -1.4111e+00 -3.8325e-02 +6.0230e-01 +3.3164e-01 -6.9858e-01 +8.6829e-01 +2.1616e+00
3615 0 +1.418584600e+02 +6.313846001e+01 +6.313846001e+01 -4.1989e-01 +1.9678e+00 -1.1621e+00 +1.0368e+00 -1.0008e+00 -1.1833e+00 -1.4769e+00 -8.9366e-01 +9.6578e-01 +1.1339e+00 -1.9471e+00 -1.7063e+00 -5.1525e-01 -1.2220e+00 -2.5613e-01 +5.9467e-01 +2.8835e-03 -5.3604e-01 +5.5067e-02 +2.0276e+00
4506 0 +1.229580852e+02 +4.423808525e+01 +4.423808525e+01 +6.5924e-01 +2.3482e+00 -1.0879e+00 +1.5373e+00 -8.9421e-01 -8.8018e-01 -1.2996e+00 -6.0162e-01 +1.0745e+00 +5.5957e-01 -1.8725e+00 -1.5987e+00 -1.0860e+00 -1.3480e+00 +3.8669e-01 +2.5980e-01 +2.0470e-01 -6.2794e-01 +1.3833e+00 +1.4217e+00
8515 0 +1.016140500e+02 +2.289405000e+01 +2.289405000e+01 -4.2200e-01 +1.7730e+00 -2.7479e+00 -2.1839e-01 -1.7848e+00 -4.9221e-02 -1.4257e+00 +6.2825e-01 +1.0124e+00 +4.7683e-01 -7.6926e-01 +2.1612e+00 +2.2027e+00 -1.5486e+00 -6.8455e-01 -6.4294e-01 +5.3387e-02 +5.8780e-01 +1.7715e+00 -1.4146e+00
10605 0 +8.771456143e+01 +8.994561429e+00 +8.994561429e+00 +4.4918e-01 +9.0412e-01 -1.4902e+00 +1.4265e+00 -8.5031e-01 -5.7584e-01 +2.6803e-03 +1.1320e-01 +1.2996e-01 +3.3569e-01 -1.1389e+00 +2.4512e-01 +2.9548e-01 -7.4973e-01 -1.1595e+00 -8.3127e-01 +1.2256e-01 +2.6990e-01 +2.0472e-01 -1.0868e+00
% f evaluations | g evaluations | best noise-free fitness - Fopt (1.735400000000e+02) + sum g_i+ | measured fitness | best measured fitness or single-digit g-values | x1 | x2...
1 0 +1.457804881e+07 +1.457822235e+07 +1.457822235e+07 -8.1401e-01 +3.4673e+00 -2.6027e+00 +2.1186e+00 -2.0035e+00 -2.3315e+00 +3.0031e+00 +1.8460e+00 +4.8966e+00 +1.3635e+00 -4.2695e+00 -2.3791e+00 -1.5409e+00 +1.0730e+00 +3.7489e+00 -4.1064e+00 -1.4922e+00 -1.9503e+00 -4.9172e+00 +3.1603e+00
6 0 +4.063159570e+05 +4.064894970e+05 +4.064894970e+05 +1.5881e+00 -4.7297e+00 -1.6427e+00 +3.1080e+00 +3.3749e+00 -3.9536e+00 +2.0989e+00 -2.1437e+00 +3.6967e+00 +2.7799e+00 +1.8057e+00 -1.3202e+00 +2.5360e+00 -3.0341e+00 +2.8894e+00 +4.8412e+00 +4.5678e+00 -3.9168e+00 +3.1296e+00 +7.0981e-01
15 0 +1.673372056e+05 +1.675107456e+05 +1.675107456e+05 -2.0238e+00 -3.2818e+00 -4.5397e+00 +2.6847e+00 +1.8513e+00 -3.4096e+00 -3.2403e+00 +4.0571e+00 -1.3138e+00 +1.2111e+00 +2.1601e+00 -2.2794e+00 +2.1150e+00 +3.5295e-01 -1.1163e+00 +2.4080e+00 -2.4413e+00 +1.5187e+00 -3.9038e+00 -1.5099e+00
24 0 +8.739802316e+04 +8.757156316e+04 +8.757156316e+04 +4.8811e+00 -2.9024e+00 -2.3230e-01 +1.4158e+00 -4.8282e-01 -2.4571e+00 +1.5256e+00 +1.6941e+00 -1.2535e+00 +4.1149e+00 -2.4131e+00 -3.5582e-01 -6.0409e-01 +2.5804e+00 -4.2833e-01 +1.6842e+00 -1.2432e-01 +1.6472e-01 -3.5794e+00 -2.7931e+00
27 0 +2.376272092e+04 +2.393626092e+04 +2.393626092e+04 +4.1999e+00 +9.4780e-01 +3.1224e+00 -8.1399e-01 -4.0632e+00 +2.1570e+00 -1.5867e+00 +2.3341e+00 +2.0385e+00 -2.1506e+00 -3.7061e+00 +1.5875e+00 +1.9235e-01 +4.3482e+00 -2.0737e+00 +3.7649e+00 +4.9577e+00 -7.7606e-01 -3.6545e+00 -4.0345e+00
58 0 +5.538258319e+03 +5.711798319e+03 +5.711798319e+03 -3.2849e+00 -2.6571e+00 +2.0549e+00 -1.1356e+00 +3.9349e+00 +2.8470e+00 +3.5548e+00 -8.8850e-01 +6.1617e-01 +4.2186e+00 +4.9407e-01 -4.2736e+00 +2.0606e+00 +6.9779e-01 +1.5286e+00 -2.3059e+00 +1.4677e+00 -3.4275e-01 -1.9691e+00 +1.5433e+00
201 0 +5.563274945e+02 +7.298674945e+02 +7.298674945e+02 -3.5924e+00 -2.2513e+00 +2.7451e+00 -8.7339e-01 +3.8890e+00 +2.7804e+00 +4.5942e+00 -1.6132e+00 +2.5276e-01 +4.9444e+00 +6.9528e-01 -4.9784e+00 +2.1730e+00 +6.7136e-01 +1.5557e+00 -2.1296e+00 +1.3699e+00 +1.7840e-01 -2.2180e+00 +1.6422e+00
605 0 +4.414236155e+02 +6.149636155e+02 +6.149636155e+02 -1.8718e-01 -2.1143e+00 -6.2562e-01 -1.5645e+00 +1.6237e+00 -1.4484e-01 +8.7579e-01 +3.6511e-01 +1.0176e+00 +2.2232e+00 -9.6766e-01 -2.6873e+00 +5.1381e-01 +9.8433e-01 +5.0005e-01 -4.5443e-01 +3.4863e-01 +1.4914e-01 -1.9682e+00 +1.7313e+00
809 0 +4.015104242e+02 +5.750504242e+02 +5.750504242e+02 -2.5057e+00 -1.2469e+00 +1.4410e+00 -3.8420e-01 +3.4438e+00 +1.7405e+00 -1.2103e+00 -1.1497e+00 +1.5921e+00 +4.0245e+00 +2.2721e+00 -3.1932e+00 +1.6522e+00 +1.0442e+00 -1.4501e+00 -1.9956e+00 -1.6091e+00 -1.9907e+00 +1.9781e+00 -9.5068e-01
914 0 +3.447741135e+02 +5.183141135e+02 +5.183141135e+02 -1.7510e+00 -3.3678e+00 -2.0212e-02 +4.9475e-01 +4.3447e+00 +3.1505e+00 +4.9645e+00 -3.7729e-02 +4.6470e-01 +3.5305e+00 -1.3931e+00 -3.6278e+00 +1.0970e+00 +2.5654e+00 +2.5857e+00 -9.7752e-01 +2.0328e+00 -5.7448e-01 -2.7516e+00 +1.7369e+00
1410 0 +2.457725292e+02 +4.193125292e+02 +4.193125292e+02 -1.0002e+00 -3.6946e+00 -1.7290e+00 +3.3237e-01 +4.3952e+00 +3.0313e+00 +4.8340e+00 +1.8506e-01 +1.1547e+00 +2.8445e+00 -1.5084e+00 -3.2265e+00 +5.3021e-01 +3.0753e+00 +3.9820e+00 -8.8146e-01 +1.5129e+00 -2.2280e-01 -3.4571e+00 +2.2878e+00
1921 0 +1.863874222e+02 +3.599274222e+02 +3.599274222e+02 -3.6472e+00 -2.4776e+00 -5.3029e-02 +1.7984e+00 +1.5549e+00 +2.7460e+00 +2.6731e+00 +2.2195e+00 +2.0990e+00 +4.2435e+00 -2.1520e+00 -4.9446e+00 -1.4552e-01 +2.7224e+00 +2.1889e+00 -2.5539e+00 +2.7512e+00 +6.9748e-02 -3.0049e+00 +2.7967e+00
2820 0 +1.579018211e+02 +3.314418211e+02 +3.314418211e+02 -2.5244e+00 -2.9293e+00 -4.9025e-01 +1.3289e+00 +2.4748e+00 +3.2939e+00 +3.2251e+00 +2.2851e+00 +2.3496e+00 +3.4373e+00 -2.1655e+00 -3.8340e+00 -7.7364e-01 +2.9499e+00 +2.7078e+00 -1.5674e+00 +2.9257e+00 -4.1941e-03 -2.8497e+00 +3.2803e+00
3541 0 +1.434784089e+02 +3.170184089e+02 +3.170184089e+02 -2.1897e+00 -2.5251e+00 -1.7651e-02 +5.5635e-01 +2.0616e+00 +2.9275e+00 +2.5872e+00 +1.2885e+00 +1.4005e+00 +3.2059e+00 -1.3170e+00 -3.5578e+00 +1.0908e-02 +2.5534e+00 +2.2034e+00 -9.5951e-01 +2.2936e+00 +9.7690e-03 -2.6887e+00 +2.1616e+00
% f evaluations | g evaluations | best noise-free fitness - Fopt (-8.502000000000e+01) + sum g_i+ | measured fitness | best measured fitness or single-digit g-values | x1 | x2...
1 0 +1.929195214e+06 +1.929110194e+06 +1.929110194e+06 +3.2370e+00 -2.7199e+00 -2.1417e-01 +4.5495e+00 +1.5420e+00 +2.1150e+00 +2.4482e+00 +3.2741e+00 +3.4160e+00 +1.7357e+00 -2.4860e+00 -4.6234e+00 -1.2020e+00 +1.8581e-02 +2.8934e+00 +3.3327e+00 +2.9012e+00 -4.9225e+00 +1.0276e+00 -2.1999e+00
3 0 +2.948856515e+03 +2.863836515e+03 +2.863836515e+03 -1.8886e+00 +3.7099e+00 +5.0722e-01 +2.1962e+00 -3.4786e+00 +3.0915e+00 -3.3023e+00 -4.7725e+00 -4.3417e+00 -8.9679e-02 +4.6978e+00 +1.4896e+00 -3.6574e+00 +2.1868e+00 +9.2243e-01 -6.9731e-01 -2.3544e+00 -4.9093e+00 +3.2731e+00 -4.8485e+00
5 0 +2.790713476e+03 +2.705693476e+03 +2.705693476e+03 -3.3556e+00 +3.3264e+00 +4.5386e+00 +3.9076e+00 -9.4110e-01 +1.3335e+00 +2.6416e+00 -1.9176e+00 -1.3778e-01 -2.8623e+00 +3.9853e+00 -3.9810e+00 -3.4217e+00 -2.8604e+00 -2.4195e+00 +2.4935e+00 -2.4823e+00 -3.8730e+00 -3.9475e+00 -3.4498e+00
101 0 +6.071273256e+02 +5.221073256e+02 +5.221073256e+02 -3.3341e+00 +3.5203e+00 +4.7567e+00 +4.4666e+00 -6.4746e-01 +1.3314e+00 +2.6275e+00 -1.7802e+00 -1.6795e-01 -2.8214e+00 +4.1630e+00 -4.2759e+00 -3.6651e+00 -3.3932e+00 -2.5857e+00 +2.8144e+00 -2.8119e+00 -4.2984e+00 -4.1886e+00 -3.4314e+00
105 0 +3.598188232e+02 +2.747988232e+02 +2.747988232e+02 +1.4635e+00 +4.1400e+00 +3.8452e+00 +2.2494e+00 -2.9603e+00 -4.0754e-01 +2.0840e+00 -2.8583e+00 +2.0369e+00 +4.3546e+00 -5.0000e+00 -2.4273e+00 +4.0914e+00 -4.9071e+00 +6.3419e-01 +5.0000e+00 +1.0956e+00 +1.4766e+00 +4.2761e+00 -2.8290e+00
511 0 +3.340210703e+02 +2.490010703e+02 +2.490010703e+02 +4.8730e-02 +1.3407e+00 +2.4690e+00 +1.4284e+00 -1.4734e+00 -3.0715e-01 +9.7142e-01 -1.4179e+00 -2.8484e-01 +5.8375e-01 -7.4781e-01 -2.0817e+00 +5.6137e-01 -2.2241e+00 -7.9444e-01 +2.4919e+00 +8.7231e-01 -3.2869e-01 +9.1384e-01 -9.8750e-02
810 0 +1.796199616e+02 +9.459996157e+01 +9.459996157e+01 +2.3405e-01 +1.4512e+00 +2.1557e+00 +1.2996e+00 -1.7110e+00 -1.9459e-01 +9.6819e-01 -1.4668e+00 -4.7616e-02 +7.9527e-01 -5.3095e-01 -1.5086e+00 +9.3441e-01 -2.0186e+00 -5.2833e-01 +1.7905e+00 +5.8985e-01 -1.6203e-01 +6.5157e-01 -6.0237e-01
910 0 +1.141458407e+02 +2.912584066e+01 +2.912584066e+01 -1.5726e-01 +1.4008e-01 +8.9193e-01 +2.6251e-01 -4.2699e-01 -4.9339e-01 +6.2337e-03 -5.0872e-01 -1.1257e+00 +1.0561e-01 +4.4019e-01 -8.5579e-01 -5.2873e-02 -7.5560e-01 -1.2478e+00 +1.1851e+00 +3.7577e-01 -6.4706e-01 -2.5176e-01 +5.2660e-01
4488 0 +1.049194266e+02 +1.989942656e+01 +1.989942656e+01 +1.3006e-01 +9.3144e-01 +3.9252e-01 +5.8619e-01 -7.0622e-01 +6.2929e-01 +4.0763e-01 -5.7956e-01 -2.5773e-02 +5.0780e-01 -4.3061e-01 -1.1687e+00 -5.3383e-02 -6.3958e-01 -1.3968e-01 +4.2402e-01 +3.1158e-01 -1.0084e+00 -3.9330e-01 -3.1335e-01
4501 0 +9.815706576e+01 +1.313706576e+01 +1.313706576e+01 +9.6008e-02 +8.1496e-01 +1.5293e-01 +5.3941e-01 -4.3029e-01 +6.1894e-01 +3.8995e-01 -5.9238e-01 -6.8744e-02 +3.7651e-01 -4.6357e-01 -1.1339e+00 -2.2649e-01 -4.7090e-01 -2.6134e-01 +2.6001e-01 +3.4214e-01 -1.1382e+00 -6.7182e-01 -3.5553e-01
6915 0 +9.250667052e+01 +7.486670522e+00 +7.486670522e+00 +7.5275e-02 +1.3066e-01 +8.8806e-02 -1.9458e-01 -8.2804e-01 +7.2731e-01 +6.7015e-01 -4.3596e-01 -1.4671e-01 +5.6902e-01 +1.6649e-01 -4.4266e-01 -6.5565e-02 +2.9934e-02 -1.4729e-02 +4.8013e-01 +1.6702e-01 -4.9876e-01 +6.3032e-01 +7.6201e-02
11332 0 +9.023124554e+01 +5.211245543e+00 +5.211245543e+00 -2.0433e-01 +7.8363e-02 -2.2546e-01 -4.9831e-01 -7.2755e-01 -8.1609e-02 -1.0242e-01 +3.5965e-02 -1.7564e-01 +5.3195e-01 -4.4557e-01 -5.5361e-01 +1.4821e-01 -1.5935e-02 -8.7942e-01 +2.2930e-01 +2.0590e-01 -9.1350e-01 +1.8376e-01 +4.2425e-02
12121 0 +7.794709526e+01 -7.072904741e+00 -7.072904741e+00 -2.4588e-01 +7.1797e-01 -6.1714e-01 -7.6798e-01 -5.8401e-01 +2.6566e-01 -5.0142e-02 +1.9014e-01 +3.6870e-01 +8.9315e-01 -1.2450e+00 -1.5911e-01 +7.2582e-01 +7.8283e-01 -1.2173e+00 +3.1376e-01 -8.4104e-02 -1.0826e+00 +6.6072e-01 +1.3774e-02
18192 0 +7.614863501e+01 -8.871364985e+00 -8.871364985e+00 -3.2747e-01 +1.5554e-01 -5.1961e-01 -7.9869e-02 +9.6615e-01 +1.0884e+00 +6.7151e-01 +4.3380e-02 -2.0904e-01 +6.3121e-01 -5.8848e-02 -7.6958e-01 -2.0958e-01 +6.0756e-01 -4.1507e-01 +4.0119e-02 -7.3976e-02 -8.6161e-01 -1.0135e-01 +7.1347e-01
19012 0 +7.455622712e+01 -1.046377288e+01 -1.046377288e+01 -3.0147e-01 +3.2034e-01 -3.5845e-01 -3.2562e-01 +7.4921e-01 +8.5504e-01 +4.9695e-01 -4.5874e-02 +1.2551e-01 +5.7881e-01 -2.6021e-01 -8.8913e-01 -1.0203e-01 +4.4966e-01 -3.7366e-01 -1.0553e-01 -2.4949e-02 -7.3198e-01 -4.7277e-01 +6.2835e-01
% f evaluations | g evaluations | best noise-free fitness - Fopt (1.388500000000e+02) + sum g_i+ | measured fitness | best measured fitness or single-digit g-values | x1 | x2...
1 0 +4.740861681e+04 +4.754746681e+04 +4.754746681e+04 -4.9220e+00 -4.1502e+00 -3.0048e+00 +4.9902e-02 +3.2155e+00 +4.5014e+00 -4.6238e+00 +4.7010e+00 -2.0184e+00 +1.6283e-01 +3.4346e+00 +8.2247e-01 +1.9395e+00 +7.1599e-01 -2.2069e+00 +2.4231e+00 +4.0897e+00 -2.1214e+00 -4.6542e+00 +4.4660e+00
18 0 +4.598471753e+02 +5.986971753e+02 +5.986971753e+02 +1.6428e-01 -3.9018e-01 +2.4876e+00 -3.2745e+00 -2.8787e-01 -3.7959e+00 -2.2572e+00 -3.7714e+00 +2.8792e+00 +4.9468e-01 +3.4153e+00 -4.2251e-01 +3.1478e+00 +1.2011e+00 -2.6296e+00 +7.9052e-01 +3.5269e+00 -3.7193e+00 +6.6116e-01 +3.8978e+00
362 0 +2.574653307e+02 +3.963153307e+02 +3.963153307e+02 +9.5377e-01 +2.0530e+00 +1.0849e+00 -9.8062e-02 +2.5691e+00 -8.6484e-01 -1.6445e-01 -1.9005e+00 -3.5619e-01 -2.2619e+00 -4.8825e-01 +5.1617e-01 +9.3862e-01 +1.0488e+00 -9.4435e-01 -2.4755e+00 +1.0442e+00 -5.7109e-01 +2.1946e+00 +7.7859e-01
610 0 +2.493808394e+02 +3.882308394e+02 +3.882308394e+02 +9.6999e-01 +1.9858e+00 +9.2006e-01 +4.2059e-01 +2.2984e+00 -3.9736e-01 +4.5618e-01 -1.4587e+00 -6.8562e-01 -2.0193e+00 -5.7272e-01 +1.0488e+00 +5.4462e-01 +7.8568e-01 -8.0774e-01 -2.1268e+00 +1.4235e+00 -4.5210e-01 +2.0722e+00 +6.4153e-01
717 0 +2.266588106e+02 +3.655088106e+02 +3.655088106e+02 +5.2114e-01 +1.6300e+00 +7.0346e-01 +2.5370e-01 +1.7982e+00 -1.6508e-01 +3.1166e-01 -1.3389e+00 -5.1846e-01 -1.4416e+00 -5.7114e-01 +1.3937e+00 +2.9121e-01 +2.5004e-01 -6.0038e-01 -1.6495e+00 +5.6616e-01 -6.7973e-01 +2.1248e+00 +9.5428e-01
1419 0 +2.194005213e+02 +3.582505213e+02 +3.582505213e+02 +1.6331e+00 +1.4512e+00 +9.0689e-01 +9.6540e-01 +1.8474e+00 -1.6699e-01 +1.6121e+00 -7.9548e-01 -9.5308e-01 -1.1238e+00 -6.8467e-01 +9.6671e-01 -2.5786e-01 -3.5721e-01 -1.1095e+00 -1.7246e+00 +5.8697e-01 -7.5308e-01 +1.9033e+00 -5.6214e-01
1605 0 +2.156699800e+02 +3.545199800e+02 +3.545199800e+02 +1.4699e+00 +1.5231e+00 +1.0175e+00 +1.0509e+00 +2.1201e+00 -1.2502e-01 +1.3379e+00 -7.9946e-01 -6.1556e-01 -1.5451e+00 -4.8286e-01 +1.0481e+00 -6.0101e-02 -6.6300e-02 -1.1180e+00 -1.6543e+00 +7.2195e-01 -8.2114e-01 +1.9518e+00 -5.2955e-01
2530 0 +2.091673224e+02 +3.480173224e+02 +3.480173224e+02 +3.0261e-01 +1.5974e+00 +1.3053e+00 +5.2154e-01 +1.7515e+00 -7.1987e-02 +5.4395e-01 -1.1008e+00 -1.8828e-01 -1.2504e+00 -2.8708e-01 +1.1975e+00 +6.6823e-01 +8.8128e-01 -1.1028e+00 -1.7368e+00 +1.1930e+00 -4.8587e-01 +1.9159e+00 -7.9467e-02
2627 0 +2.032761703e+02 +3.421261703e+02 +3.421261703e+02 +6.3140e-01 +1.4024e+00 +1.2328e+00 +9.1135e-01 +1.8124e+00 -4.3168e-01 +9.9766e-01 -8.9860e-01 -1.2896e-01 -1.3014e+00 -1.0004e-01 +1.3196e+00 +5.8529e-01 +7.2674e-01 -1.3292e+00 -1.4337e+00 +8.6739e-01 -6.8311e-01 +1.9578e+00 -3.8963e-01
2910 0 +1.970106638e+02 +3.358606638e+02 +3.358606638e+02 +4.5583e-01 +1.5164e+00 +9.9881e-01 +8.2952e-01 +1.5347e+00 -3.1250e-01 +8.3059e-01 -8.3849e-01 -3.7009e-01 -1.0761e+00 -2.9487e-01 +1.2153e+00 +3.7821e-01 +3.6228e-01 -1.0985e+00 -1.3433e+00 +8.1779e-01 -6.6241e-01 +1.6793e+00 -3.4815e-01
3001 0 +1.926396440e+02 +3.314896440e+02 +3.314896440e+02 +6.3482e-01 +1.5587e+00 +5.2051e-01 +8.4897e-01 +1.4699e+00 -5.3788e-01 +1.0316e+00 -6.2661e-01 -5.1286e-01 -8.8922e-01 -1.6192e-01 +1.2605e+00 -2.4859e-02 -1.3654e-01 -1.3227e+00 -1.1382e+00 +4.2621e-01 -6.9357e-01 +1.4710e+00 -6.4938e-01
3707 0 +1.679139522e+02 +3.067639522e+02 +3.067639522e+02 +6.6172e-01 +1.2217e+00 +5.9337e-01 +6.3566e-01 +1.2766e+00 +1.5833e-03 +1.3148e+00 -6.4603e-01 -6.3310e-01 -5.2808e-01 +1.5839e-01 +9.9943e-01 -2.6921e-02 -5.0035e-01 -1.0948e+00 -5.7254e-01 -2.0338e-01 -6.1420e-01 +1.1095e+00 -5.5681e-01
4018 0 +1.467087961e+02 +2.855587961e+02 +2.855587961e+02 -8.4842e-01 +1.7596e+00 +3.8577e-02 +9.8649e-01 +7.6764e-01 -1.7859e-01 +1.5116e-01 -5.6814e-01 -3.0866e-01 -3.1774e-01 -1.3056e-01 -7.3111e-01 +1.6739e-01 +7.7913e-01 +2.0178e-02 -8.2312e-01 -6.3159e-01 +1.1276e-01 +1.7381e+00 +2.9250e-01
6213 0 +1.385630150e+02 +2.774130150e+02 +2.774130150e+02 -1.7428e-01 +7.5519e-01 +1.1176e-01 +6.5819e-01 +6.2787e-01 +7.6744e-02 +6.7408e-01 -4.7775e-01 -1.8574e-01 -4.7661e-01 +3.4068e-01 +2.9895e-01 +1.5658e-01 -1.1241e-01 +7.2317e-02 -6.2143e-01 +1.7688e-01 -6.5733e-01 +6.0765e-01 +7.3726e-02
7607 0 +1.332483610e+02 +2.720983610e+02 +2.720983610e+02 -6.9765e-01 +4.6070e-03 -5.8611e-01 +1.3211e+00 +4.1137e-01 -7.7783e-01 +7.0252e-01 -1.5453e-01 -3.2703e-01 -1.6258e-01 +9.1452e-01 -5.1822e-02 +4.5841e-01 -5.5482e-01 +5.6603e-01 +4.1117e-01 -3.8640e-01 +2.9410e-01 -4.0112e-01 +6.9347e-01
9114 0 +1.203801901e+02 +2.592301901e+02 +2.592301901e+02 -6.8301e-01 +4.1582e-01 -1.2508e-01 +3.1449e-01 +3.6169e-01 -2.4159e-02 +1.1253e+00 -1.8616e-01 -8.0706e-03 -2.6410e-01 +1.6126e-01 -5.1098e-01 +5.5175e-01 +4.8309e-02 -8.3373e-02 -3.4719e-01 +9.9599e-02 +1.8664e-02 +2.5115e-01 +2.0196e-01
11546 0 +1.199560257e+02 +2.588060257e+02 +2.588060257e+02 -1.0428e+00 +1.1422e+00 -1.7197e-01 +1.4219e+00 +3.6258e-01 +3.2912e-02 +6.5070e-01 -5.4330e-01 +3.3858e-02 -3.1006e-01 +1.2067e+00 -1.2213e-01 -1.1408e-01 +2.8563e-01 +1.8034e-01 +4.4883e-01 +6.1524e-01 +2.8592e-01 -5.7771e-01 -1.7625e-01
12218 0 +1.165836511e+02 +2.554336511e+02 +2.554336511e+02 -1.1224e+00 +4.7471e-01 +5.2382e-01 +2.1039e+00 +5.2322e-01 +5.5706e-01 +5.2171e-01 -4.6528e-01 -1.1624e+00 -5.7304e-01 +1.1028e+00 -4.7064e-01 -9.6179e-02 +1.2977e-01 +4.1956e-01 +3.7562e-01 +2.7143e-01 -3.8039e-01 -6.4690e-01 -2.8709e-01
14614 0 +1.001394529e+02 +2.389894529e+02 +2.389894529e+02 -1.7835e+00 +6.9247e-01 -3.5277e-01 +1.2257e+00 -8.6162e-01 +8.1755e-01 +5.7536e-01 -6.1432e-01 +3.0754e-01 +1.3650e-01 +4.0608e-01 -8.8011e-02 +3.1459e-01 +1.1709e-01 +4.3098e-01 +6.6306e-02 +5.0414e-01 +4.9687e-01 -5.9974e-01 -1.8651e-01
16413 0 +9.646411963e+01 +2.353141196e+02 +2.353141196e+02 -6.0553e-01 +5.4085e-01 +5.4551e-02 -4.7243e-01 -1.3073e+00 +1.7131e+00 +1.5372e+00 -5.7972e-01 +3.6073e-01 +3.5971e-01 -9.6316e-01 -5.4710e-01 +9.2536e-01 -6.9178e-01 +2.9769e-01 -5.1296e-01 +1.6483e-01 +4.5083e-01 -1.1552e+00 +3.3915e-01
17007 0 +8.842230294e+01 +2.272723029e+02 +2.272723029e+02 -1.3825e+00 +7.4258e-01 -3.4370e-01 +1.6476e-01 -1.7370e+00 +9.0286e-01 +9.0404e-01 -7.4163e-01 +3.8807e-01 +3.0627e-01 +5.6205e-01 +1.5190e-01 +1.0970e+00 -3.5018e-01 +5.8874e-01 +5.1736e-01 -9.8964e-01 +5.1989e-01 -1.2580e+00 +9.6792e-01
17103 0 +8.355433860e+01 +2.224043386e+02 +2.224043386e+02 -1.5770e+00 +1.0887e+00 +2.7236e-01 -1.0116e+00 -2.8465e+00 +2.0265e+00 +1.2708e+00 -9.2630e-01 +7.5160e-01 +4.9902e-01 -6.3942e-02 -6.7784e-01 +1.1765e+00 -5.4704e-01 +7.3966e-01 +6.8336e-03 -6.9938e-01 +7.6893e-01 -1.0666e+00 +1.3770e+00
18101 0 +8.296867654e+01 +2.218186765e+02 +2.218186765e+02 -1.2683e+00 -2.7856e-01 -1.3993e-01 +4.9908e-01 -1.9554e+00 +1.1544e+00 +9.7659e-01 -7.7789e-01 +7.5104e-01 +2.8305e-02 +1.3800e-01 -2.3021e-01 +7.9659e-01 -4.4481e-01 +8.4367e-01 -1.3398e-01 -8.0813e-01 -5.5148e-01 -1.4672e+00 +3.1543e-01
% f evaluations | g evaluations | best noise-free fitness - Fopt (1.672000000000e+01) + sum g_i+ | measured fitness | best measured fitness or single-digit g-values | x1 | x2...
1 0 +1.004195019e+07 +1.004196691e+07 +1.004196691e+07 -3.5750e+00 -4.8871e+00 -4.7803e+00 +4.3343e-01 +3.5624e+00 -4.4517e+00 +8.8866e-01 +2.1758e+00 +4.2916e+00 -1.0405e+00 -3.4289e+00 +2.4815e+00 -2.4248e-01 +2.7320e+00 +3.7322e+00 -1.7384e+00 -3.1253e+00 +2.4903e+00 -2.6283e+00 -2.8440e+00
2 0 +3.131543274e+06 +3.131559994e+06 +3.131559994e+06 -4.5344e-02 -4.1461e+00 +3.7230e+00 -2.1671e-01 -2.5263e+00 +3.3850e+00 -4.9785e+00 -2.8221e+00 -4.6110e-01 -1.0971e+00 +5.2890e-01 -4.8022e-01 -2.3009e+00 +1.6456e-01 +2.2349e-01 -2.7928e+00 -2.2920e-01 -2.3087e+00 -4.4422e+00 +2.4699e+00
4 0 +2.224699603e+05 +2.224866803e+05 +2.224866803e+05 -4.9070e+00 -3.0180e+00 +1.6138e+00 -1.5462e+00 -7.7287e-01 -4.8153e+00 +3.9076e+00 -1.0720e+00 -5.9789e-01 +1.9296e+00 +6.1374e-01 -1.2137e+00 +3.8301e+00 +3.3631e+00 -4.9382e+00 -6.7013e-01 -1.9843e+00 +1.1476e+00 -4.6088e-02 +1.1415e+00
9 0 +6.211394837e+03 +6.228114837e+03 +6.228114837e+03 -4.0101e-01 -1.5096e+00 +1.8764e+00 +1.0944e+00 +7.0480e-01 -2.6159e+00 -8.5672e-01 -4.3359e+00 +1.3294e+00 +3.4505e+00 +2.5179e+00 -1.8835e+00 +4.9601e+00 +4.4287e+00 +1.0478e+00 +4.6932e+00 +3.6661e+00 -3.6745e+00 -2.2652e+00 -2.6439e+00
301 0 +4.352325723e+03 +4.369045723e+03 +4.369045723e+03 -1.4432e+00 -2.9217e+00 +2.7757e+00 +2.5502e+00 +1.9053e+00 -3.8621e+00 -1.1347e+00 -4.8416e+00 +2.2978e+00 +5.0000e+00 +4.9615e+00 -2.4314e+00 +4.9132e+00 +4.9819e+00 +2.4745e+00 +4.8347e+00 +4.8677e+00 -5.0000e+00 -3.6871e+00 -3.9312e+00
304 0 +2.377787160e+03 +2.394507160e+03 +2.394507160e+03 +2.7437e+00 +9.3481e-01 +2.4547e+00 -1.4166e+00 +2.1669e+00 -1.3343e+00 +3.2825e+00 +6.6023e-01 -1.9323e+00 +4.6828e+00 +2.8778e+00 -1.5531e+00 +1.4853e+00 +4.9220e+00 +1.5624e+00 -9.3688e-02 +1.6369e+00 +8.1892e-01 -7.7080e-02 -1.1168e+00
404 0 +2.325514063e+03 +2.342234063e+03 +2.342234063e+03 +9.6058e-01 +3.6251e-02 +1.6219e+00 -9.1669e-01 -4.5682e-01 -2.2431e+00 -1.2164e+00 -1.8488e+00 +7.3377e-01 +2.3942e+00 +4.0373e-01 -1.6653e+00 +2.1810e+00 +2.3472e+00 -3.2486e-02 +2.6465e+00 +1.5792e+00 -1.0268e+00 -1.0004e+00 -1.8979e+00
458 0 +1.477203628e+02 +1.644403628e+02 +1.644403628e+02 +1.7227e+00 +5.4345e-01 +1.8200e+00 -1.0709e+00 +7.7293e-01 -1.4536e+00 +1.3102e+00 -6.1037e-01 -6.0123e-01 +2.8556e+00 +1.1360e+00 -1.4932e+00 +1.6015e+00 +2.9866e+00 +5.0623e-01 +9.5699e-01 +1.2164e+00 +7.8481e-02 -4.2384e-01 -1.3966e+00
809 0 +1.159821855e+02 +1.327021855e+02 +1.327021855e+02 +1.3700e+00 +5.6135e-01 +1.5907e+00 -1.3501e+00 +3.5257e-01 -1.3288e+00 +6.3901e-01 -3.9202e-01 -4.9127e-01 +2.1579e+00 -9.3449e-03 -1.4014e+00 +1.1261e+00 +1.7449e+00 +9.5644e-02 +9.8692e-01 +9.6925e-01 +1.3934e-01 -2.9459e-01 -1.2478e+00
1103 0 +1.071885366e+02 +1.239085366e+02 +1.239085366e+02 +8.1562e-01 +3.0285e-01 +9.5528e-01 -1.0083e+00 +5.0242e-02 -9.4429e-01 +6.3554e-01 -5.8300e-01 -3.3787e-01 +1.3754e+00 +2.1046e-01 -1.1510e+00 +1.6023e-01 +1.6394e+00 +5.1884e-01 +4.4548e-01 +9.2241e-01 -8.4989e-02 -4.2542e-01 -1.0952e+00
2325 0 +1.038765328e+02 +1.205965328e+02 +1.205965328e+02 +1.0563e+00 +1.0606e-01 +8.3862e-01 -8.2699e-01 +3.1521e-01 -9.1880e-01 +7.2986e-01 -7.5069e-01 -5.3149e-01 +1.2363e+00 +3.1132e-01 -1.0305e+00 +7.5326e-01 +1.3359e+00 +1.4627e-01 +5.0814e-01 +8.8596e-01 +9.0461e-02 -2.2420e-01 -8.2868e-01
9314 0 +9.831953390e+01 +1.150395339e+02 +1.150395339e+02 +2.7516e-01 -7.2160e-01 +9.7066e-02 -4.2298e-01 +1.4985e-01 -2.3971e-01 +4.8541e-01 -1.1694e+00 +1.9139e-01 +5.7378e-01 -2.3445e-01 +2.6651e-01 +2.0573e-01 +5.1919e-02 +3.4750e-01 +6.5516e-01 +2.5656e-01 -2.7062e-01 +1.3802e-02 -6.9907e-01
10580 0 +9.692093304e+01 +1.136409330e+02 +1.136409330e+02 +6.3162e-01 -1.0860e+00 +6.5700e-01 +1.5773e-01 +2.7066e-01 +2.8635e-01 +9.2225e-01 -1.0419e+00 +5.0230e-01 +7.3027e-01 -2.8335e-01 +7.0938e-02 +4.3556e-01 +7.4212e-01 +2.7006e-01 +2.7646e-01 +7.3637e-01 -3.2307e-02 +4.0361e-02 -1.0749e-01
14014 0 +9.475167202e+01 +1.114716720e+02 +1.114716720e+02 -1.1727e-01 -2.3766e-01 +1.9134e-01 -6.8823e-01 +1.8154e-01 -5.6435e-02 +1.7432e-01 -4.7220e-02 +1.1973e-01 -4.8550e-01 +3.4851e-01 -2.7100e-01 -1.4411e+00 +2.7229e-01 +3.4778e-01 -1.1009e+00 +9.6847e-01 -3.2961e-01 -5.9419e-01 -4.1704e-01
16109 0 +7.709660142e+01 +9.381660142e+01 +9.381660142e+01 +4.9544e-01 -1.3139e+00 +7.5282e-01 -2.4909e+00 +4.9192e-01 +8.6896e-01 +4.9175e-01 -7.8750e-02 -4.6872e-01 -1.0367e+00 +9.0148e-02 -7.5664e-01 +4.5460e-01 -2.0987e-01 +5.6010e-01 -1.1328e+00 +1.6756e+00 -2.5901e+00 -4.8201e-01 +5.4674e-01
% f evaluations | g evaluations | best noise-free fitness - Fopt (-6.570000000000e+00) + sum g_i+ | measured fitness | best measured fitness or single-digit g-values | x1 | x2...
1 0 +1.012991213e+07 +1.012990556e+07 +1.012990556e+07 -1.8651e+00 +3.5742e+00 -4.1862e+00 -1.4138e+00 -1.6998e+00 +2.5317e+00 -1.1193e+00 -2.7628e+00 +4.1573e+00 -3.4056e+00 +1.9562e+00 +8.6379e-01 -4.8024e+00 -2.7138e+00 +4.5740e-01 +2.4392e-01 +3.6169e+00 +2.8900e+00 -1.2297e+00 -2.8145e-01
2 0 +3.550571659e+06 +3.550565089e+06 +3.550565089e+06 -5.9242e-01 -1.2336e+00 -2.4920e+00 +2.7075e+00 +2.9910e+00 -4.7237e+00 +3.0418e+00 +1.1388e-01 -2.1285e+00 +9.0732e-01 +3.7714e+00 +4.7436e+00 +3.0391e-01 -2.2906e+00 -1.5752e+00 -2.3709e+00 +3.7857e+00 +2.4207e+00 -2.5721e+00 -1.9281e+00
3 0 +2.559112270e+06 +2.559105700e+06 +2.559105700e+06 +1.5834e+00 +1.7634e-01 -2.5545e+00 +3.1859e+00 +2.0676e+00 -8.5233e-01 -4.6796e+00 -1.7260e+00 +1.0851e+00 -4.1593e+00 +3.7295e+00 -2.0770e+00 +1.7539e+00 -2.3889e+00 -1.7804e+00 -3.2578e+00 +3.5708e+00 +1.4927e+00 +9.7737e-01 -3.7709e+00
6 0 +2.551276673e+03 +2.544706673e+03 +2.544706673e+03 +1.8701e+00 -1.3423e+00 +4.5683e+00 +4.6416e+00 +4.5848e+00 +3.5354e-01 +3.2260e+00 -4.5058e+00 -1.8162e+00 +2.2171e+00 +3.7262e+00 +3.2277e+00 -3.4247e+00 +2.4125e-01 -2.2489e-03 +4.9842e-01 -3.6334e+00 -1.8207e-01 -3.3160e+00 -3.7171e+00
68 0 +1.979615492e+03 +1.973045492e+03 +1.973045492e+03 -3.7970e-01 -3.4598e+00 +6.8766e-01 -3.7497e-03 +3.4858e+00 -2.9289e+00 +2.5602e+00 -3.2792e-01 +2.1445e+00 +9.7405e-02 +4.9138e-03 -3.2530e+00 -1.1017e+00 +3.3476e-01 -3.2983e+00 -9.6550e-01 -4.7481e+00 +1.0896e+00 +2.0555e+00 +3.2576e+00
402 0 +1.299983865e+03 +1.293413865e+03 +1.293413865e+03 +1.6166e+00 +1.6372e+00 -2.6618e+00 +8.3742e-01 +2.0299e-01 +2.9295e+00 +1.5889e+00 -2.5001e+00 -1.0008e+00 -6.8848e-01 +4.6993e-01 +9.5836e-01 +1.0478e+00 -2.7668e+00 -3.5693e+00 +2.0968e+00 +2.8901e+00 +3.7191e-01 -3.1351e+00 -7.3610e-01
410 0 +3.313762108e+02 +3.248062108e+02 +3.248062108e+02 +1.5304e+00 +1.5669e+00 +1.3882e+00 -1.9223e+00 -1.7257e-01 +2.7277e+00 +1.6522e+00 +2.3402e+00 -2.2496e+00 -2.3859e+00 +3.1567e+00 +2.2322e+00 -2.3600e+00 +1.2568e+00 -5.1912e-01 +3.0327e+00 +2.1229e+00 +3.4749e+00 +2.9350e+00 -2.7255e+00
612 0 +1.661685165e+02 +1.595985165e+02 +1.595985165e+02 +9.8472e-01 +1.6253e+00 +3.9952e-01 -8.1371e-01 -4.3739e-02 +2.4645e+00 +1.3068e+00 +2.6358e-01 -1.6311e+00 -2.0652e+00 +2.5137e+00 +1.8501e+00 -1.1973e+00 +3.9010e-01 -1.3335e+00 +2.9115e+00 +2.3599e+00 +2.0986e+00 +1.8834e+00 -2.3873e+00
812 0 +1.634092782e+02 +1.568392782e+02 +1.568392782e+02 +3.5785e-01 +1.2950e+00 +3.5248e-01 -4.7039e-01 +3.4124e-01 +1.6183e+00 +1.2398e+00 -5.1496e-01 -1.1677e+00 -1.5453e+00 +2.4752e+00 +1.9031e+00 -5.7414e-01 -1.9283e-01 -1.3182e+00 +2.5531e+00 +1.9803e+00 +1.6521e+00 +1.5383e+00 -2.0308e+00
2601 0 +1.603489520e+02 +1.537789520e+02 +1.537789520e+02 -1.2126e+00 +6.3353e-01 -2.4053e-01 -2.5348e-01 -1.9083e+00 +2.5602e+00 -1.0376e+00 -2.0458e+00 -1.8616e+00 -2.4382e+00 +3.2286e+00 +2.6388e+00 +8.9781e-01 -1.8461e+00 -2.0674e+00 +2.2383e+00 +1.5528e+00 +6.2547e-01 -5.0692e-01 -2.5967e+00
3510 0 +1.534682433e+02 +1.468982433e+02 +1.468982433e+02 +4.6724e-01 +8.1441e-01 +1.3470e-01 +1.0018e-01 -1.0122e+00 +2.7210e+00 +2.3883e-02 -1.0332e+00 -1.8692e+00 -2.0204e+00 +2.7778e+00 +1.4515e+00 -2.1448e-01 -1.0159e+00 -1.6663e+00 +1.9317e+00 +1.9825e+00 +1.6177e+00 +5.5742e-01 -2.3022e+00
4320 0 +1.489596860e+02 +1.423896860e+02 +1.423896860e+02 +1.7116e-02 +9.2863e-01 -4.7807e-01 -2.4275e-01 -8.9130e-01 +1.8787e+00 -8.1738e-01 -1.5246e+00 -1.1346e+00 -2.2940e+00 +2.8780e+00 +1.6271e+00 -1.3978e-01 -7.4090e-01 -1.1614e+00 +1.1047e+00 +2.0514e+00 +6.2088e-01 +8.2097e-01 -2.3953e+00
4489 0 +1.343279197e+02 +1.277579197e+02 +1.277579197e+02 +3.9447e-01 +1.2493e+00 -5.8671e-01 -3.1681e-01 -3.3822e-01 +1.7294e+00 -5.7397e-02 -8.3766e-01 -1.2135e+00 -1.9484e+00 +2.6884e+00 +1.7031e+00 -3.2677e-01 -6.8797e-01 -1.2650e+00 +1.4022e+00 +1.9825e+00 +9.9646e-01 +9.2316e-01 -2.1971e+00
7204 0 +1.219852822e+02 +1.154152822e+02 +1.154152822e+02 +7.5725e-01 +7.8114e-01 -5.2164e-04 -8.3123e-02 -1.1032e+00 +1.6052e+00 -5.6602e-01 -3.9072e-01 -1.5359e+00 -1.4061e+00 +1.7312e+00 +1.6102e+00 -1.1185e+00 -1.5437e-01 -2.1667e+00 +1.3571e+00 +2.3355e+00 +1.2622e+00 +1.4295e+00 -2.2936e+00
7624 0 +1.064632944e+02 +9.989329441e+01 +9.989329441e+01 -9.8277e-02 +4.3979e-01 -8.2091e-01 -2.8439e-01 -5.5710e-02 +1.0966e+00 -8.8925e-03 -1.2029e+00 -8.6801e-01 -1.5449e+00 +1.7321e+00 +8.1594e-01 -1.2361e+00 +4.2314e-02 -1.6722e+00 +7.6579e-01 +1.3164e+00 -2.3553e-01 +1.2430e+00 -2.1826e+00
14105 0 +1.023581979e+02 +9.578819786e+01 +9.578819786e+01 -6.4174e-01 +1.0311e+00 +3.6185e-01 +7.8424e-02 +6.5379e-02 +8.3860e-01 -5.7581e-01 -3.2029e-01 -1.1011e+00 -8.5650e-01 +1.8512e+00 +1.2006e+00 -1.0499e-01 -1.6996e-02 -1.6714e+00 -7.9675e-02 +1.3330e+00 +8.9621e-01 +1.9574e-01 -8.0107e-01
14315 0 +1.012388499e+02 +9.466884992e+01 +9.466884992e+01 -9.6536e-01 +7.5549e-01 +7.0121e-01 +1.9334e-01 +9.2014e-02 +5.6220e-01 -9.8884e-01 -6.5248e-01 -9.9157e-01 -1.3196e+00 +1.7773e+00 +1.0375e+00 +3.6474e-02 -5.7594e-02 -1.7631e+00 +7.6549e-02 +1.4575e+00 +8.3255e-01 +1.5578e-02 -6.2409e-01
18002 0 +9.929555642e+01 +9.272555642e+01 +9.272555642e+01 -1.7042e+00 +2.2549e+00 +1.9991e+00 -8.4189e-02 -1.4273e+00 +7.8729e-01 -1.8498e+00 -6.1189e-01 -1.9364e+00 -1.2780e+00 +1.5200e+00 +1.2107e+00 -5.4757e-01 -1.2748e+00 -1.1419e+00 -6.2424e-02 +1.4096e+00 +6.1415e-01 +4.5265e-01 -5.3581e-01
% f evaluations | g evaluations | best noise-free fitness - Fopt (6.080000000000e+01) + sum g_i+ | measured fitness | best measured fitness or single-digit g-values | x1 | x2...
1 0 +1.710371616e+07 +1.710377696e+07 +1.710377696e+07 -1.4611e+00 +3.2376e+00 -4.4035e+00 +1.5606e+00 -1.9377e+00 -3.8916e+00 +1.5404e-02 +7.0939e-02 -7.3530e-01 +1.3147e+00 +2.8314e+00 +1.9567e+00 +3.2055e+00 +3.5479e-01 +2.2882e+00 -1.5382e+00 -1.4703e+00 +4.0206e+00 +3.3389e+00 -3.1334e+00
6 0 +3.888522457e+06 +3.888583257e+06 +3.888583257e+06 -4.3884e+00 +4.4776e+00 +3.7291e+00 +1.2889e+00 -1.2659e+00 -1.2610e-01 +4.9712e+00 +2.5574e-01 +3.9848e+00 +1.0340e+00 +3.7328e+00 +1.3097e+00 +4.0959e+00 -8.0384e-01 -4.4722e+00 +3.5813e+00 -3.1724e+00 +8.4628e-01 +2.6283e+00 +2.0121e+00
11 0 +3.498545183e+05 +3.499153183e+05 +3.499153183e+05 +4.9756e+00 -3.9885e+00 +8.9664e-01 -5.7065e-01 -4.0312e+00 -1.7342e+00 +3.8704e+00 +4.3213e+00 +1.7267e+00 +2.1679e+00 -4.0521e+00 -3.8229e+00 +1.2322e+00 -4.0710e+00 +1.1412e+00 +2.4820e+00 +1.2525e+00 +4.5644e+00 +1.4229e+00 -2.0800e+00
35 0 +3.252991616e+05 +3.253599616e+05 +3.253599616e+05 +4.9906e+00 -2.6002e+00 -4.2975e-01 -3.8309e+00 -4.5299e+00 -1.0291e+00 -6.1339e-01 -1.8267e+00 -3.6638e+00 -3.6874e+00 -1.3169e-01 -3.0225e+00 -3.3340e+00 +1.4813e+00 -2.0271e+00 +1.9149e+00 -1.4909e+00 -3.5945e+00 -3.8377e+00 +4.1738e+00
51 0 +1.299502366e+05 +1.300110366e+05 +1.300110366e+05 +3.1029e+00 +3.6778e+00 +4.8177e+00 -2.0722e+00 -3.3215e+00 -2.8617e-01 +1.0971e+00 +9.1465e-01 -2.9931e+00 -1.4165e+00 +3.6675e+00 -4.5621e+00 -4.4595e-01 +4.5167e+00 -5.1160e-02 +4.5453e+00 -9.6291e-01 +1.4150e+00 -3.0814e+00 +4.3375e+00
71 0 +7.924979905e+04 +7.931059905e+04 +7.931059905e+04 -3.0806e+00 -1.9697e+00 -2.6660e+00 +4.6157e+00 -1.9757e+00 -3.4910e+00 +2.2069e+00 -2.5884e+00 -2.1820e+00 -4.5070e+00 +3.9618e+00 -3.8658e+00 +6.6370e-01 +4.9899e+00 +7.0491e-01 -2.1131e+00 +1.3129e+00 +2.6394e+00 +6.8526e-01 -4.4799e+00
90 0 +1.119535431e+04 +1.125615431e+04 +1.125615431e+04 +4.5259e+00 +3.0345e+00 +1.5625e+00 +2.3539e+00 -4.1060e+00 -2.7791e+00 +2.9123e+00 -2.0363e+00 -3.5981e+00 -4.7879e+00 +2.3380e+00 -3.0656e+00 +3.8508e+00 +4.9271e+00 +1.5595e+00 -1.1063e+00 -4.3170e+00 -4.8476e+00 -9.5597e-01 -4.3322e+00
201 0 +2.296227150e+03 +2.357027150e+03 +2.357027150e+03 +4.9335e+00 -4.9263e+00 +2.0881e+00 -5.0000e+00 +5.0000e+00 -5.0000e+00 +3.0002e+00 +2.6930e+00 +4.7938e+00 +5.0000e+00 +2.5371e+00 -4.9398e-02 -5.0000e+00 -7.5517e-01 -5.0000e+00 +5.0000e+00 +3.4768e+00 +3.1547e+00 -1.6819e-01 -4.9740e+00
504 0 +1.027493100e+03 +1.088293100e+03 +1.088293100e+03 +3.5358e+00 -1.2126e+00 +2.4134e+00 -1.0195e+00 +2.2548e+00 -4.2618e+00 +2.1782e+00 +6.1729e-01 +9.4112e-01 +1.7577e+00 +1.1003e+00 -8.1290e-01 -2.0458e+00 +2.3080e+00 -2.4739e+00 +1.3279e+00 +1.2972e+00 +8.1769e-01 -1.4749e+00 -4.8766e+00
803 0 +2.136951814e+02 +2.744951814e+02 +2.744951814e+02 +1.2655e+00 -2.4924e+00 +2.1529e+00 -9.7355e-01 +7.8212e-01 -2.7433e+00 +2.0396e+00 +2.5675e+00 +1.6723e+00 +2.1855e-01 +2.4014e+00 -4.0711e-01 +3.3724e-01 +3.1202e+00 -2.6460e+00 -5.4818e-01 +1.1722e+00 +3.1668e+00 -3.0422e+00 -3.8926e+00
4401 0 +1.665791331e+02 +2.273791331e+02 +2.273791331e+02 +2.7130e+00 -2.4266e+00 -3.1434e-02 -8.2908e-01 +1.0268e+00 -2.2066e+00 +2.9095e+00 +6.5676e-01 +1.4420e+00 +4.1308e+00 +1.7307e+00 -3.4675e-01 -2.1599e+00 -1.9195e-01 -2.9870e+00 +4.9072e+00 +2.6320e+00 +2.4841e+00 -8.9644e-01 -2.2618e+00
11005 0 +1.373161475e+02 +1.981161475e+02 +1.981161475e+02 +9.7708e-01 -2.4747e-01 +6.3415e-01 -2.4210e+00 +6.5684e-01 -4.5808e+00 +2.4512e+00 +2.5877e+00 +8.2371e-01 +8.0875e-01 +2.9447e+00 -6.3955e-02 -3.0172e-01 +1.8823e-01 -3.2778e+00 +3.5832e+00 +1.3596e-01 +8.1649e-01 -2.1611e+00 -2.8159e+00
11702 0 +1.330843367e+02 +1.938843367e+02 +1.938843367e+02 -1.9981e-01 +4.8194e-01 +4.7039e-01 -1.3212e+00 -2.6376e+00 -6.5740e-01 +2.0216e+00 -9.3843e-01 -1.7247e+00 +4.9130e+00 -8.7066e-01 -5.1819e-01 -1.2690e+00 -3.5629e+00 -4.9763e+00 +3.1530e+00 -8.8790e-02 +2.5451e+00 +8.9204e-01 -1.9119e+00
14910 0 +1.141977139e+02 +1.749977139e+02 +1.749977139e+02 +1.7422e+00 -3.1203e+00 +5.2523e-01 -2.3334e+00 +1.4174e-01 -2.8063e+00 +3.4079e+00 +1.7371e+00 -3.7974e-01 +9.8406e-01 +1.9599e+00 -1.7200e-01 -3.6153e-01 -3.9910e-01 -2.2089e+00 +2.2783e+00 +3.7001e-02 +9.0729e-01 -7.3710e-01 -1.8750e+00
% f evaluations | g evaluations | best noise-free fitness - Fopt (-1.258000000000e+01) + sum g_i+ | measured fitness | best measured fitness or single-digit g-values | x1 | x2...
1 0 +3.295944533e+06 +3.295931953e+06 +3.295931953e+06 +8.1610e-01 -3.6240e+00 +2.1405e+00 -1.8618e+00 +2.4039e+00 -4.2754e+00 -3.7067e+00 +1.0261e+00 -2.9848e+00 -1.2567e+00 +2.1203e+00 -4.9164e+00 +9.4724e-01 +1.4018e+00 -2.1820e-01 -1.7289e+00 -2.2195e+00 +2.3697e+00 -3.5181e+00 -4.5658e+00
4 0 +2.345187303e+06 +2.345174723e+06 +2.345174723e+06 +1.4197e+00 +1.2076e-02 +1.4724e-01 +3.6331e+00 -2.6859e-02 -4.3715e+00 +3.6733e+00 -3.1196e+00 -2.2420e+00 -3.1434e+00 +9.0671e-01 +2.0556e+00 -2.7965e+00 -2.4159e+00 -2.2349e+00 +5.9342e-01 +1.8054e+00 +2.0755e+00 +1.6436e+00 +1.3573e+00
5 0 +6.437180854e+04 +6.435922854e+04 +6.435922854e+04 -7.1081e-02 +4.3438e+00 +4.5397e+00 -5.6483e-01 +4.5275e+00 -2.9141e+00 -4.4032e+00 +4.0846e+00 +2.1003e+00 -2.2810e+00 +1.6276e+00 +2.9731e+00 -1.7405e-01 +3.0311e+00 -2.8583e+00 +2.2186e+00 +3.4395e+00 -2.3222e+00 +4.2297e+00 -4.1388e+00
32 0 +6.097023159e+04 +6.095765159e+04 +6.095765159e+04 -7.5263e-01 +2.8186e-01 +3.8767e+00 +2.6644e+00 +2.4138e+00 +4.7621e+00 +4.0112e+00 -2.8548e+00 -2.6421e+00 +4.6494e+00 +4.8201e+00 +2.7320e+00 +2.4097e+00 -2.3658e+00 -2.3360e+00 -1.9583e+00 -2.2014e+00 -4.4122e+00 -4.0764e+00 +1.5489e+00
54 0 +4.934380314e+04 +4.933122314e+04 +4.933122314e+04 -2.7654e+00 +2.3759e-01 +4.1623e+00 +2.7006e+00 -6.8272e-01 +1.1031e+00 -4.7303e+00 -4.1368e+00 +3.5679e+00 -3.1033e+00 +2.7919e+00 -4.0886e+00 +9.3671e-01 -3.8451e+00 -4.2659e+00 +3.0360e+00 -4.2703e-01 +4.6049e+00 -2.4606e+00 -4.5948e+00
72 0 +1.612465562e+03 +1.599885562e+03 +1.599885562e+03 +4.4352e+00 +3.5182e-01 -9.4828e-01 -4.3518e-01 +3.1002e+00 -3.4561e+00 +4.9426e+00 +1.2916e+00 +3.9849e+00 -4.7813e+00 +4.9672e+00 +3.8252e+00 +2.6619e+00 +4.2341e+00 -2.0636e+00 -6.4883e-01 -3.9932e+00 -3.1844e+00 +2.3947e+00 +9.6257e-01
154 0 +3.952525273e+02 +3.826725273e+02 +3.826725273e+02 +1.4820e+00 -1.6472e-01 -4.5629e-01 +6.7191e-01 +4.4517e-01 -1.4460e+00 +5.7140e-01 -6.8588e-01 +8.0656e-01 -1.0420e+00 +1.3493e+00 +1.0351e+00 -5.7341e-02 +1.6702e+00 -1.3159e+00 +1.0314e+00 -1.4472e+00 +2.2303e-01 +1.2001e+00 +1.0424e+00
180 0 +1.330963914e+02 +1.205163914e+02 +1.205163914e+02 +7.7527e-01 -5.6966e-02 -3.6843e-01 +3.9704e-01 +2.6306e-01 -8.3491e-01 +3.1335e-01 -3.2524e-01 +4.8304e-01 -4.9166e-01 +6.8142e-01 +6.0102e-01 +2.8634e-02 +1.0144e+00 -8.2820e-01 +5.3721e-01 -8.9398e-01 +2.1239e-01 +5.5930e-01 +4.6160e-01
306 0 +1.226718800e+02 +1.100918800e+02 +1.100918800e+02 +8.2032e-01 -6.5476e-02 -5.5045e-01 +3.9036e-01 +1.1506e-01 -8.5638e-01 +3.6776e-01 -2.3832e-01 +3.4349e-01 -4.7010e-01 +6.6960e-01 +5.8088e-01 +9.4941e-02 +1.1221e+00 -8.5397e-01 +7.8205e-01 -9.6077e-01 +2.3935e-01 +7.4931e-01 +6.4560e-01
315 0 +8.930128009e+01 +7.672128009e+01 +7.672128009e+01 +8.6869e-01 -7.8304e-02 -1.4400e-01 +3.3863e-01 +3.3277e-01 -8.9108e-01 +1.5683e-01 -2.2381e-01 +3.6487e-01 -2.3281e-01 +1.0908e+00 +5.7113e-01 +7.6693e-02 +8.9238e-01 -7.4667e-01 +6.1352e-01 -8.7279e-01 +2.1984e-01 +5.8827e-01 +6.8198e-01
2610 0 +8.902885866e+01 +7.644885866e+01 +7.644885866e+01 +2.1086e-01 -8.8100e-02 +9.6360e-02 +2.4666e-02 -3.2234e-01 -9.2989e-02 -2.1686e-01 +1.6277e-02 +2.5693e-01 +2.1610e-01 +3.8216e-01 +2.9286e-02 +1.0658e-02 +2.2317e-01 -5.5308e-01 +2.7123e-01 +6.8235e-02 +8.7616e-03 +1.8646e-01 -5.0874e-02
5715 0 +7.706305319e+01 +6.448305319e+01 +6.448305319e+01 +5.1660e-02 -8.8518e-01 -4.3451e-01 -1.0397e+00 +4.4519e-01 +7.7583e-01 -2.5524e-01 -2.1958e-01 +5.9611e-01 +8.8783e-01 -3.1307e-01 +3.2603e-01 +2.5179e-01 +4.2942e-01 -7.5104e-01 +2.1930e+00 -6.1194e-01 +7.5498e-01 +5.6551e-01 +5.1498e-01
% f evaluations | g evaluations | best noise-free fitness - Fopt (-3.333400000000e+02) + sum g_i+ | measured fitness | best measured fitness or single-digit g-values | x1 | x2...
1 0 +9.246220193e+06 +9.245886853e+06 +9.245886853e+06 +4.6206e+00 +3.7660e+00 +1.9310e+00 +4.3814e-01 +3.2141e+00 +4.5933e+00 +2.1763e+00 -4.9354e+00 -2.4718e+00 -9.7761e-01 -3.7250e+00 -4.5811e+00 +2.9215e+00 -4.4812e-01 +1.7440e+00 +2.9480e+00 +2.8228e+00 -3.2577e+00 -1.3997e+00 +4.6261e+00
2 0 +4.928269884e+04 +4.894935884e+04 +4.894935884e+04 -3.2515e+00 -1.4723e+00 -2.8080e+00 +2.8774e+00 -1.0811e+00 +3.6356e+00 +1.7348e-01 -1.5427e-01 -8.6689e-01 -4.1341e+00 -2.3153e+00 -4.4284e+00 +4.7364e+00 -3.6181e+00 -3.5977e+00 -2.1045e+00 +3.8840e+00 -3.7517e+00 -3.8779e+00 -3.7570e+00
9 0 +9.826763159e+02 +6.493363159e+02 +6.493363159e+02 +2.7917e+00 -2.1418e+00 -2.3358e+00 -2.6721e+00 +4.6779e-01 -1.3782e+00 +4.0042e+00 -3.6494e+00 -1.5911e+00 -4.9558e+00 +9.8545e-01 -2.8725e+00 +2.5133e+00 -6.4792e-01 -4.1595e+00 -4.8015e+00 -3.9068e+00 -1.4166e+00 -3.2215e+00 -8.1096e-02
87 0 +5.284842521e+02 +1.951442521e+02 +1.951442521e+02 +1.6729e-01 +4.2108e+00 +4.6952e+00 +1.7023e+00 +2.3599e+00 -4.6370e-01 -2.4770e+00 +3.1262e+00 -3.5957e+00 +3.0176e+00 +4.3400e+00 -4.3951e+00 +5.5651e-01 -1.1172e+00 -1.4256e+00 -3.2224e+00 +3.0875e+00 +4.1499e+00 -9.1560e-01 +8.4693e-01
209 0 +2.129141750e+02 -1.204258250e+02 -1.204258250e+02 -6.1732e-01 +6.7165e-01 +1.7672e+00 +1.0609e+00 +2.1653e+00 -1.6998e-01 -2.5866e+00 +1.2511e+00 -2.0602e+00 -9.2873e-01 +3.2164e+00 -3.0768e-01 -1.5070e+00 +2.6887e-04 -2.1686e+00 -2.1311e+00 -7.7744e-01 +2.9352e+00 -2.0526e-01 -1.0307e+00
517 0 +1.633148980e+02 -1.700251020e+02 -1.700251020e+02 -2.3197e+00 -1.9257e+00 +2.1426e+00 -2.3669e-01 -1.3743e+00 -1.5196e+00 -2.8740e+00 -1.5575e+00 -2.0436e-01 -2.4107e+00 +2.6141e+00 -1.1374e+00 -3.1848e+00 -2.1007e+00 +1.6921e+00 -2.9170e+00 +1.5740e+00 +9.7615e-01 +2.1498e+00 +6.4723e-01
2206 0 +1.535295354e+02 -1.798104646e+02 -1.798104646e+02 -9.0723e-02 -2.4638e-01 +1.8194e+00 +1.0989e+00 +6.7560e-01 -1.1654e+00 -6.1230e-01 +5.8897e-02 -1.2184e+00 -1.2699e+00 +2.0108e+00 +1.5250e-01 -3.1233e+00 -5.5277e-01 -1.0184e+00 -1.6120e+00 -1.5336e+00 +1.6177e+00 -1.0766e+00 -7.3698e-01
2816 0 +1.481967244e+02 -1.851432756e+02 -1.851432756e+02 +3.2174e-02 +5.8880e-02 +1.8252e+00 +1.0539e+00 +4.9187e-01 -1.2042e+00 -4.7401e-01 -5.8736e-02 -1.0698e+00 -1.4025e+00 +1.5629e+00 -3.5235e-01 -2.6587e+00 -7.4247e-01 -5.5996e-01 -1.8892e+00 -1.0907e+00 +1.7635e+00 -6.5857e-01 -3.0975e-01
4908 0 +1.379411899e+02 -1.953988101e+02 -1.953988101e+02 +1.1591e-01 +2.7319e-01 +1.4613e+00 +2.6416e-01 -4.1687e-01 -4.7924e-01 -6.3934e-01 +2.1816e-01 -1.5978e+00 -1.0822e+00 -2.4636e-01 +4.1627e-01 -2.0680e+00 -3.1294e-01 +1.3201e-01 -4.6199e-01 -1.7335e-01 +2.0094e+00 -3.4410e-01 -4.3807e-01
7403 0 +1.340326149e+02 -1.993073851e+02 -1.993073851e+02 +2.8977e-01 -2.1884e-01 +6.9401e-01 +1.5812e-01 -7.3888e-01 -4.1202e-01 -3.5731e-02 +9.4467e-02 -7.6914e-01 -3.6463e-01 -2.9919e-01 -6.8942e-01 -1.9930e+00 -3.6895e-01 +1.4720e-01 -1.2476e+00 -9.2444e-01 +9.8571e-01 -3.1669e-01 -4.8002e-01
9807 0 +1.262990667e+02 -2.070409333e+02 -2.070409333e+02 +2.3013e+00 +1.0275e+00 +1.6694e+00 -3.3709e-01 -1.6645e+00 -1.2751e+00 +2.3828e+00 +1.4964e+00 -6.1930e-01 +1.0956e-01 -3.8284e-01 +7.0900e-01 -9.8186e-01 +4.6798e-01 +7.4637e-01 -1.5897e+00 -6.4215e-01 -4.5555e-01 -1.0654e+00 +1.3141e+00
11424 0 +1.126393410e+02 -2.207006590e+02 -2.207006590e+02 +1.9135e+00 +6.7033e-03 +2.3859e+00 +6.0062e-01 -1.3993e-01 -5.7601e-01 -4.6246e-01 -2.7190e-01 -5.4213e-01 +1.2919e+00 +6.6324e-01 -7.8188e-01 -3.0601e+00 -3.7693e-01 +1.7288e-01 -1.7808e+00 -3.7556e-01 +9.0069e-01 -5.6332e-01 +9.0189e-01
% f evaluations | g evaluations | best noise-free fitness - Fopt (-2.791300000000e+02) + sum g_i+ | measured fitness | best measured fitness or single-digit g-values | x1 | x2...
1 0 +4.232465391e+07 +4.232437478e+07 +4.232437478e+07 -3.0104e+00 -9.4793e-01 -2.9696e+00 +2.9498e+00 +2.9562e+00 +4.3242e+00 +2.4229e+00 -3.6321e+00 -1.2822e+00 +2.3032e-01 -4.2163e+00 +8.6477e-01 -9.6251e-01 -1.8271e-01 +2.6995e+00 -1.9789e+00 -3.4375e+00 -1.3435e+00 -2.1979e+00 -8.1034e-01
2 0 +6.376559590e+06 +6.376280460e+06 +6.376280460e+06 -4.2429e+00 +2.6266e+00 +4.0039e+00 +4.9135e+00 +4.8835e+00 +2.0851e+00 -3.4791e-02 +1.3873e+00 +4.5816e+00 +5.4062e-01 -2.4621e+00 +1.6329e-01 -3.9476e-01 -4.9081e+00 -3.9242e+00 -2.8317e+00 -2.7986e+00 +4.3798e+00 +4.5240e+00 -4.6523e+00
3 0 +3.865580564e+06 +3.865301434e+06 +3.865301434e+06 -9.4115e-01 -2.6010e+00 -4.8981e+00 +2.1809e+00 +3.2333e+00 +4.2870e+00 +2.7791e+00 -3.0777e+00 -4.4617e-01 +1.2737e+00 -1.6871e+00 -2.1120e+00 +2.7459e+00 -2.0169e+00 -1.1899e+00 +3.7592e+00 -4.2527e-01 +4.7468e+00 +3.1948e+00 -4.1950e+00
5 0 +2.203052709e+05 +2.200261409e+05 +2.200261409e+05 +4.9088e+00 -1.3136e+00 +4.6771e+00 -4.3743e+00 +9.3779e-01 +3.0005e+00 +7.1380e-01 +4.4775e+00 +2.5126e+00 +1.9977e+00 -1.6120e+00 -1.4202e+00 -1.1695e+00 -3.0993e+00 +4.7551e+00 -4.8173e+00 +2.0714e+00 +3.3329e+00 +1.7501e+00 +2.6711e+00
13 0 +1.014870756e+05 +1.012079456e+05 +1.012079456e+05 -1.2119e+00 -1.8581e+00 +1.0484e-01 +3.1352e+00 +3.6270e+00 -1.5126e+00 -4.6096e+00 +1.0914e+00 -1.2003e+00 +4.6121e-01 -3.1468e+00 +3.2057e+00 -4.1632e+00 +3.5507e+00 +2.8145e-01 -3.8398e+00 +2.3867e+00 +9.7923e-01 +2.4167e+00 -2.3091e-01
27 0 +7.950113109e+04 +7.922200109e+04 +7.922200109e+04 -3.5173e+00 -1.0732e+00 +4.1675e+00 +1.2778e-02 -2.5277e-01 -4.7247e-01 -4.8954e+00 -9.1439e-01 +4.4276e-01 -2.7808e-01 -1.5594e+00 -2.9281e+00 +2.9945e+00 +1.4258e+00 +4.5157e+00 +4.0658e+00 +1.0807e+00 +3.5470e-01 +1.7832e-01 -2.9043e+00
99 0 +4.446006890e+03 +4.166876890e+03 +4.166876890e+03 -4.9159e+00 +1.2317e+00 +4.1272e+00 +4.7776e+00 +4.5633e+00 -1.8452e+00 +4.4383e+00 -1.5804e+00 -3.4128e+00 -1.4558e-02 -2.9527e+00 -3.8719e+00 +4.1039e+00 +2.1884e+00 -3.4499e+00 -1.8678e+00 -2.9115e+00 +1.1985e+00 +2.1009e+00 -4.7037e+00
104 0 +3.716829849e+03 +3.437699849e+03 +3.437699849e+03 -1.2712e+00 -2.1266e+00 -4.3109e-01 +3.8024e+00 +4.3048e+00 -1.7164e+00 -4.7432e+00 +1.1077e+00 -1.6634e+00 +3.8279e-01 -3.4572e+00 +3.2857e+00 -5.0000e+00 +4.0021e+00 +4.2489e-01 -4.7333e+00 +2.2051e+00 +9.4404e-01 +2.2199e+00 -6.3212e-01
201 0 +2.995976587e+02 +2.046765865e+01 +2.046765865e+01 -8.7831e-01 -2.8639e+00 -7.8719e-01 +4.1482e+00 +4.9212e+00 -2.0197e+00 -4.9065e+00 +1.7012e+00 -1.3758e+00 +3.4987e-01 -4.9738e+00 +4.8761e+00 -4.8861e+00 +5.0000e+00 +1.5343e+00 -5.0000e+00 +3.3908e+00 +2.9888e-01 +2.2424e+00 -6.5712e-01
914 0 +1.142406791e+02 -1.648893209e+02 -1.648893209e+02 -1.5853e+00 -2.3842e+00 +7.9143e-01 +1.8229e+00 +2.1515e+00 -2.0638e+00 -2.0048e+00 +1.0435e+00 -9.8187e-01 +2.1345e-01 -3.1880e+00 +9.5707e-01 -2.5499e+00 +2.1228e+00 +2.0869e+00 -2.6245e+00 +9.1321e-01 +6.3840e-01 +1.4767e+00 -1.3158e+00
2024 0 +1.052679430e+02 -1.738620570e+02 -1.738620570e+02 -7.6889e-01 -1.8531e+00 +1.6916e-01 +3.1102e+00 +1.5166e+00 -4.5100e+00 -1.1239e+00 +1.7016e+00 -7.0009e-01 -7.9374e-01 -1.7638e+00 +2.9482e-01 -4.7489e+00 +8.9620e-01 +2.1919e+00 -4.2503e+00 +2.2406e+00 +9.4640e-01 -8.1730e-01 -1.6290e+00
2305 0 +9.934777101e+01 -1.797822290e+02 -1.797822290e+02 -5.3834e-03 -2.3890e-02 -1.0661e+00 +3.5821e+00 -2.0903e-01 -5.0000e+00 -5.9631e-01 +1.7018e+00 -1.1460e+00 -1.9159e+00 -8.6900e-01 -1.3691e+00 -5.0000e+00 -2.3907e-01 +2.2975e+00 -4.9434e+00 +1.1645e+00 +1.8770e+00 -7.9153e-01 -1.3027e+00
2707 0 +8.458346317e+01 -1.945465368e+02 -1.945465368e+02 -8.2811e-01 -6.5777e-01 -4.2965e-01 +3.4591e+00 +1.0408e+00 -4.1502e+00 -1.3749e+00 +8.4006e-01 -4.1730e-01 -1.4778e+00 -8.8211e-01 -3.0460e-02 -3.9415e+00 +3.2746e-01 +2.8642e+00 -4.2864e+00 +1.3385e+00 +1.3449e+00 +3.6474e-01 -1.2062e+00
4919 0 +7.517562030e+01 -2.039543797e+02 -2.039543797e+02 -1.7513e+00 +1.7577e-01 -6.0260e-01 +2.5681e+00 +1.3026e+00 -3.0332e+00 -2.3662e+00 +8.1480e-01 +7.9466e-01 -1.0347e+00 -1.5381e-01 -2.6457e-01 -3.2215e+00 -2.3426e-01 +2.3874e+00 -3.0011e+00 +1.2352e-01 +2.0320e+00 +1.6946e+00 -7.7731e-03
8024 0 +7.277809502e+01 -2.063519050e+02 -2.063519050e+02 -1.8664e+00 -2.5043e-01 -3.3771e-01 +3.7410e+00 +2.1225e+00 -3.4177e+00 -1.8523e+00 +1.2645e+00 +2.0793e+00 -1.4270e+00 -7.9436e-01 +7.3685e-01 -2.4311e+00 +4.9465e-01 +1.4924e+00 -2.7742e+00 +1.0527e+00 +1.7387e+00 +1.5518e+00 -1.4083e+00
9802 0 +7.138097336e+01 -2.077490266e+02 -2.077490266e+02 -1.4335e+00 -2.7133e-01 -7.5111e-01 +2.6353e+00 +1.5027e+00 -3.3939e+00 -2.1350e+00 +1.1636e+00 +9.3680e-01 -1.2134e+00 -6.1320e-01 +9.4318e-01 -2.2217e+00 +8.3625e-01 +1.7023e+00 -3.0478e+00 +6.9417e-01 +1.9301e+00 +1.7295e+00 -1.6314e+00
13315 0 +6.942830885e+01 -2.097016911e+02 -2.097016911e+02 -9.5150e-02 +3.9911e-01 -1.2518e+00 +4.7109e+00 +1.5067e+00 -4.6687e+00 -1.2931e+00 +1.1983e+00 +1.3637e+00 -1.2054e+00 -9.6636e-01 +2.2142e+00 -2.2245e+00 -4.1784e-01 +2.3160e+00 -3.4409e+00 +1.6523e+00 +1.8402e+00 +1.3090e+00 -2.3484e+00
15303 0 +6.647963197e+01 -2.126503680e+02 -2.126503680e+02 +7.1549e-02 -1.2558e-01 -5.6784e-01 +3.2685e+00 +4.4318e-01 -4.5212e+00 -1.2664e+00 +1.2801e+00 +9.6529e-01 -5.0305e-01 -1.2775e+00 +1.7656e+00 -1.5289e+00 +7.4665e-02 +1.7238e+00 -2.8207e+00 +1.5576e+00 +1.3770e+00 +1.3082e+00 -3.2995e+00
15504 0 +6.381925326e+01 -2.153107467e+02 -2.153107467e+02 +4.6085e-01 -6.9806e-01 -3.6391e-01 +3.0500e+00 +1.5941e-01 -4.6746e+00 -9.9331e-01 +1.4054e+00 +1.5826e+00 -1.6428e-01 -8.3195e-01 +1.4790e+00 -1.7400e+00 +3.1583e-01 +1.2521e+00 -2.6352e+00 +1.1802e+00 +1.4323e+00 +1.4104e+00 -3.8230e+00
% f evaluations | g evaluations | best noise-free fitness - Fopt (-2.293200000000e+02) + sum g_i+ | measured fitness | best measured fitness or single-digit g-values | x1 | x2...
1 0 +1.703665714e+07 +1.703642782e+07 +1.703642782e+07 -1.6030e+00 -1.5974e+00 -5.8068e-01 -1.3245e+00 +2.9723e+00 -4.8398e+00 +5.9890e-01 -3.5341e+00 +2.9411e+00 +3.8449e+00 +9.8013e-01 -4.0651e+00 -1.4366e+00 +4.5377e+00 +1.6679e+00 +5.1710e-01 +2.8244e+00 +2.6082e-01 +4.4156e+00 -3.7903e+00
2 0 +1.254377581e+07 +1.254354649e+07 +1.254354649e+07 -2.1806e+00 +7.3860e-01 -3.4859e+00 -1.5439e+00 +6.9924e-01 -1.9551e-01 +4.8994e+00 +4.0057e+00 +1.5500e+00 +1.5403e+00 +4.0694e+00 -1.4355e+00 +1.8517e+00 +1.2193e+00 +2.2451e+00 -4.7563e+00 +4.3370e+00 -4.1018e+00 +1.6390e+00 +4.0501e+00
3 0 +1.773312689e+04 +1.750380689e+04 +1.750380689e+04 +3.0099e+00 -1.7474e+00 -8.0524e-01 +3.7572e+00 -3.3774e+00 +1.5339e+00 +3.5770e+00 -9.7761e-01 +3.5547e+00 -2.1965e+00 +4.2253e+00 -1.4136e+00 -3.2704e+00 -2.9192e+00 +1.2053e+00 +5.5495e-01 -4.0525e+00 -3.0696e+00 -4.5926e+00 -3.8462e+00
63 0 +3.046427852e+03 +2.817107852e+03 +2.817107852e+03 +2.9615e-01 -2.0865e+00 +3.4656e+00 +3.3715e+00 +1.4455e+00 +1.0997e+00 +1.3642e-01 -1.5930e+00 -3.1763e+00 -3.1377e-01 -1.7741e+00 -1.3229e+00 -1.7772e+00 -1.0773e+00 +4.7979e+00 +1.6749e+00 +4.1938e-01 -2.8990e+00 +1.6535e+00 +3.1862e+00
105 0 +5.724866759e+02 +3.431666759e+02 +3.431666759e+02 +4.9446e+00 +5.0000e+00 +4.2980e+00 +2.6622e+00 +1.1930e+00 +5.0000e+00 +3.7086e+00 +2.1184e+00 -4.5307e+00 -3.5984e+00 +5.0000e+00 -1.3651e+00 -3.3423e+00 -8.5492e-01 +1.9478e+00 +4.9620e+00 +8.1807e-01 -4.5621e+00 +2.7184e+00 -5.0000e+00
145 0 +3.709637120e+02 +1.416437120e+02 +1.416437120e+02 +1.7967e+00 -8.7743e-01 +4.6049e-01 +1.0310e+00 +7.8888e-01 +6.4353e-03 +1.5370e+00 -1.4811e+00 -6.4602e-01 -1.0641e+00 +1.8708e-01 -1.4771e+00 -3.3467e-01 +3.9022e-01 +1.9338e+00 +1.0422e+00 -1.6640e+00 -1.2390e+00 +2.8959e-01 +3.9921e-01
204 0 +2.328024875e+02 +3.482487477e+00 +3.482487477e+00 +1.4653e+00 -4.9069e+00 -3.1812e-03 -1.6762e+00 -1.1962e+00 +1.2762e+00 +5.0000e+00 -4.0220e+00 -4.8479e-01 -1.0508e+00 +4.3216e+00 -5.0000e+00 +3.2145e+00 +4.3261e+00 -1.9430e-01 -1.8479e+00 +8.2221e-01 -4.8552e+00 +3.4907e+00 +4.5254e+00
307 0 +2.118489422e+02 -1.747105783e+01 -1.747105783e+01 -2.7800e-01 +1.3699e+00 +2.1853e+00 +1.6617e+00 -1.1757e+00 +1.2781e+00 -7.1689e-01 -2.8428e+00 +1.4760e+00 +1.3933e+00 -6.8301e-02 +1.0647e+00 +1.0462e+00 +2.0024e+00 +2.0800e+00 -4.3742e-01 -3.0146e+00 +8.1917e-01 +1.9085e+00 -5.4002e-01
422 0 +1.754896881e+02 -5.383031189e+01 -5.383031189e+01 +1.9182e+00 -9.1463e-01 +3.8064e-01 +1.1309e+00 +8.4350e-01 -3.0514e-01 +1.5007e+00 -1.1461e+00 -8.7162e-01 -9.7012e-01 -1.6407e-01 -1.4904e+00 -7.6595e-01 -1.6735e-01 +2.1634e+00 +1.5125e+00 -1.9202e+00 -1.0584e+00 -3.0044e-02 +8.8865e-02
506 0 +1.528386076e+02 -7.648139235e+01 -7.648139235e+01 +1.0368e+00 -7.3445e-02 +1.2930e+00 +1.2643e+00 -1.4419e-01 +7.2319e-01 +7.0978e-01 -2.2171e+00 +2.7918e-01 -9.7872e-02 +2.2468e-01 -5.4501e-01 +4.2411e-01 +1.4446e+00 +1.8102e+00 +2.4894e-01 -1.5181e+00 -5.0691e-01 +1.1547e+00 +1.1097e-01
615 0 +1.248446004e+02 -1.044753996e+02 -1.044753996e+02 +1.1358e+00 -2.3772e-01 +7.7581e-01 +9.7655e-01 +1.7046e-01 +3.6665e-01 +1.0950e+00 -1.6463e+00 -8.0655e-02 -3.4035e-01 +1.4994e-01 -1.0290e+00 +2.6950e-02 +5.8430e-01 +1.8478e+00 +6.0215e-01 -1.8237e+00 -4.4666e-01 +6.8523e-01 +1.7367e-01
13713 0 +1.118220656e+02 -1.174979344e+02 -1.174979344e+02 -4.2414e-01 +9.9920e-01 +3.0760e+00 -8.0666e-01 +3.9645e-01 +2.7009e-01 +2.3268e+00 -7.8430e-01 +9.5173e-01 -5.3357e-01 -1.2151e-01 -1.4881e-01 -7.0752e-01 -9.5456e-01 +8.9457e-01 +8.6804e-01 +2.7409e-01 -3.2774e-01 -2.1438e-01 +1.2922e+00
