% f evaluations | g evaluations | best noise-free fitness - Fopt (7.627000000000e+01) + sum g_i+ | measured fitness | best measured fitness or single-digit g-values | x1 | x2...
1 0 +1.951947236e+06 +1.952023506e+06 +1.952023506e+06 -3.0836e+00 +3.4364e+00 -2.8303e+00 +4.1676e+00 +2.7414e+00 +1.6155e+00 -3.9936e+00 -2.6429e+00 -4.9403e+00 +2.2033e+00
5 0 +6.225344659e+04 +6.232971659e+04 +6.232971659e+04 -2.7776e+00 -3.9267e+00 -3.7636e+00 +2.3895e+00 +2.1700e+00 -1.6066e+00 +7.8942e-02 +4.3281e-01 +2.7481e+00 -1.6157e+00
10 0 +2.668039196e+04 +2.675666196e+04 +2.675666196e+04 +1.1576e+00 -3.2118e+00 -3.7645e+00 -5.7470e-01 -2.1152e-01 +1.6357e-01 -4.4519e+00 +4.2722e+00 +2.1399e+00 -1.6720e+00
75 0 +2.737479104e+03 +2.813749104e+03 +2.813749104e+03 +2.1849e+00 -4.9628e+00 -4.5110e+00 -3.6865e+00 +4.4038e+00 -2.0594e+00 +3.6374e+00 +1.1459e+00 +1.5321e+00 -2.6713e+00
115 0 +5.027092622e+02 +5.789792622e+02 +5.789792622e+02 -3.6593e+00 -2.8096e+00 +3.7096e+00 +1.6672e+00 -1.3496e+00 -4.8825e+00 -9.3002e-02 +2.9870e-01 -4.8333e+00 -5.0000e+00
124 0 +1.908240414e+02 +2.670940414e+02 +2.670940414e+02 +3.5234e+00 +4.3331e+00 +5.0000e+00 +2.0454e+00 -5.0000e+00 -4.9577e+00 -3.0587e+00 +5.0000e+00 -3.1116e+00 -2.4954e+00
303 0 +6.192602808e+01 +1.381960281e+02 +1.381960281e+02 +1.5191e+00 +8.9129e-01 +1.5704e+00 +3.7337e-02 -1.8926e+00 -2.6386e+00 -6.1215e-01 +1.9720e+00 -6.7343e-01 -7.7088e-01
415 0 +5.669921086e+01 +1.329692109e+02 +1.329692109e+02 +6.6724e-01 +1.7074e+00 +1.7546e+00 +6.6219e-01 -1.9091e+00 -1.8455e+00 -1.3533e+00 +1.0456e+00 -9.8155e-01 -6.6021e-01
601 0 +5.127693465e+01 +1.275469346e+02 +1.275469346e+02 +7.0868e-01 +1.8833e+00 +1.8582e+00 +4.9115e-01 -1.9720e+00 -1.8221e+00 -1.4700e+00 +1.0323e+00 -1.0135e+00 -6.1772e-01
900 0 +4.144167250e+01 +1.177116725e+02 +1.177116725e+02 +6.5475e-01 +1.1246e+00 +1.0114e+00 +3.7624e-01 -1.3029e+00 -1.5367e+00 -1.0480e+00 +4.1681e-01 -4.9072e-01 -2.2571e-01
1079 0 +3.572802843e+01 +1.119980284e+02 +1.119980284e+02 +4.6691e-01 +9.6851e-01 +7.5143e-01 +3.9838e-01 -1.1575e+00 -1.0689e+00 -7.4233e-01 +3.8692e-01 -3.5260e-01 -1.5347e-01
1604 0 +2.951460054e+01 +1.057846005e+02 +1.057846005e+02 -4.8456e-01 +3.8933e-01 -4.5570e-02 +1.0053e+00 -7.7964e-01 -1.1466e-01 -4.4950e-01 +2.3106e-02 -2.2226e-01 +2.0124e-01
2310 0 +2.905207544e+01 +1.053220754e+02 +1.053220754e+02 +3.5718e-02 +1.8352e-01 -6.3477e-02 +1.6033e-01 -5.3774e-01 -3.6715e-01 -9.4566e-02 +1.7375e-01 -8.2755e-02 -6.9427e-02
3301 0 +2.701594175e+01 +1.032859418e+02 +1.032859418e+02 +9.3555e-03 -1.2555e-01 -1.3597e-01 +2.7083e-01 -4.5212e-01 -7.3994e-01 -1.3089e-01 -3.1857e-02 -1.7099e-01 -1.7797e-03
% f evaluations | g evaluations | best noise-free fitness - Fopt (-2.255000000000e+01) + sum g_i+ | measured fitness | best measured fitness or single-digit g-values | x1 | x2...
1 0 +5.207577531e+05 +5.207352031e+05 +5.207352031e+05 +2.2670e+00 +9.9939e-01 +5.1305e-02 +4.1026e+00 -1.0710e+00 +1.7361e+00 -1.9763e+00 -1.4319e+00 +4.9784e+00 -3.8331e+00
2 0 +2.500684428e+04 +2.498429428e+04 +2.498429428e+04 +6.2002e-02 +2.3093e+00 +2.1566e+00 -3.6887e+00 +9.4078e-01 -6.8632e-01 -7.8962e-01 +1.0790e+00 -2.3660e+00 +6.5864e-01
11 0 +1.645471622e+04 +1.643216622e+04 +1.643216622e+04 -3.0385e+00 -3.8936e+00 -1.2118e+00 -4.5309e+00 -1.1410e+00 +1.2728e+00 +3.6423e+00 -4.8628e+00 +6.4047e-01 +3.7798e+00
39 0 +5.381279820e+03 +5.358729820e+03 +5.358729820e+03 +3.1982e+00 -1.2080e+00 +1.0278e+00 +3.4695e+00 +2.8801e+00 +2.8493e+00 +4.3896e+00 -3.5406e+00 +2.1271e+00 +1.7870e+00
62 0 +9.191872386e+02 +8.966372386e+02 +8.966372386e+02 +1.7453e+00 +2.5476e+00 -3.0806e+00 -4.6081e+00 +3.2512e+00 -3.3711e+00 -1.3814e+00 -1.2518e+00 -4.9417e+00 -4.1576e+00
80 0 +2.939319582e+02 +2.713819582e+02 +2.713819582e+02 -2.6227e+00 -4.5765e-01 -1.0944e+00 -3.7819e+00 +2.1145e+00 -5.8974e-01 +8.1260e-01 -1.4435e+00 +2.6098e+00 +3.9614e+00
148 0 +2.355381348e+02 +2.129881348e+02 +2.129881348e+02 -8.3681e-01 -1.5556e-01 -9.6311e-01 -6.7247e-01 -1.3837e-01 +5.1437e-01 +4.4105e-01 +2.3947e-01 +1.1353e+00 +1.0562e+00
166 0 +1.402077128e+02 +1.176577128e+02 +1.176577128e+02 -2.7459e-01 +2.8936e-02 -2.4045e-01 -2.2067e-01 +1.4205e-02 +1.3271e-01 +2.0238e-01 +7.8579e-02 +3.1587e-01 +2.5677e-01
167 0 +6.474907496e+01 +4.219907496e+01 +4.219907496e+01 -6.9265e-01 +2.4418e-03 -5.3458e-01 -6.1216e-01 +5.6040e-02 +4.9481e-01 +3.1601e-01 +2.5943e-01 +7.9677e-01 +7.5696e-01
236 0 +5.588708474e+01 +3.333708474e+01 +3.333708474e+01 -5.0813e-01 +2.8706e-02 -3.4786e-01 -4.3075e-01 -4.8276e-02 +1.9926e-01 +2.5377e-01 +1.6437e-01 +6.3388e-01 +6.7548e-01
243 0 +5.298425995e+01 +3.043425995e+01 +3.043425995e+01 -2.4426e-01 +9.5298e-02 -2.0716e-01 -1.7378e-01 -2.3207e-02 +1.5907e-01 +1.8774e-01 +7.9016e-02 +5.3097e-01 +2.8272e-01
811 0 +4.925017789e+01 +2.670017789e+01 +2.670017789e+01 +9.4777e-02 -4.9074e-02 +4.4617e-01 +1.0129e-01 -5.3404e-02 -5.5777e-01 -5.5647e-02 -1.3476e-01 -1.1788e-01 -4.9278e-01
3510 0 +4.789636640e+01 +2.534636640e+01 +2.534636640e+01 +1.1964e-01 +8.2627e-02 +2.1064e-01 -6.9923e-02 +5.1328e-02 +9.9125e-03 +3.2642e-01 -5.7068e-01 +4.4421e-02 +8.4027e-02
10009 0 +4.587476645e+01 +2.332476645e+01 +2.332476645e+01 +2.8823e-01 +4.7816e-01 -5.8567e-02 -8.7605e-02 +8.9085e-02 -7.1772e-02 +1.2634e-01 -8.2254e-02 +2.5568e-01 +4.6545e-02
% f evaluations | g evaluations | best noise-free fitness - Fopt (1.366000000000e+01) + sum g_i+ | measured fitness | best measured fitness or single-digit g-values | x1 | x2...
1 0 +1.328149325e+07 +1.328150691e+07 +1.328150691e+07 +1.8174e+00 -1.3930e+00 -1.3869e+00 -9.3772e-01 -2.0843e-01 +2.4321e+00 +1.6896e-01 -3.3209e+00 +6.5525e-01 -3.4774e+00
2 0 +6.832740502e+04 +6.834106502e+04 +6.834106502e+04 +1.5165e+00 +2.9300e+00 +1.5940e+00 +1.9717e+00 -5.6599e-01 +9.9102e-01 +3.1962e+00 +1.3711e+00 +3.8037e+00 +1.0045e+00
18 0 +3.700897744e+03 +3.714557744e+03 +3.714557744e+03 -4.3003e+00 +4.0552e+00 -2.7411e+00 +2.9436e+00 +4.8508e+00 +1.0234e+00 -2.1731e+00 -3.2505e-01 +2.4575e+00 -1.2343e+00
30 0 +1.820024558e+03 +1.833684558e+03 +1.833684558e+03 +6.8096e-01 +4.4723e+00 +1.7272e+00 -1.4966e-01 +2.9878e+00 +2.5258e+00 +4.6674e+00 +3.9338e+00 +4.0471e+00 -4.1725e+00
46 0 +4.129873581e+02 +4.266473581e+02 +4.266473581e+02 +4.8480e+00 -1.7566e-01 -4.5281e+00 +3.4884e+00 +4.5519e+00 +1.7595e+00 +7.1264e-01 -3.8469e+00 +3.9951e+00 -2.9545e+00
101 0 +3.116206813e+02 +3.252806813e+02 +3.252806813e+02 +4.8177e+00 -2.7369e-01 -4.5303e+00 +3.5156e+00 +4.8600e+00 +1.9402e+00 +6.5948e-01 -4.1431e+00 +4.4248e+00 -2.7932e+00
301 0 +1.045586321e+02 +1.182186321e+02 +1.182186321e+02 +2.5190e+00 +2.1441e-01 -1.0099e+00 +9.9915e-01 +2.6169e+00 -4.4193e-01 +7.7293e-01 -2.1555e+00 +3.3573e-01 -2.9561e-01
504 0 +6.171033369e+01 +7.537033369e+01 +7.537033369e+01 +2.4348e+00 +1.3825e-01 -1.0139e+00 +1.0062e+00 +2.6448e+00 -4.7787e-01 +7.6697e-01 -2.1577e+00 +2.9963e-01 -3.1660e-01
2002 0 +5.804602093e+01 +7.170602093e+01 +7.170602093e+01 +2.0051e+00 +5.0247e-01 -8.4264e-01 +7.2622e-01 +2.4324e+00 +3.5017e-02 +1.0139e+00 -2.0075e+00 +2.9902e-01 +1.0493e-01
3011 0 +5.234575345e+01 +6.600575345e+01 +6.600575345e+01 +1.1918e+00 +3.2720e-01 -2.8359e-01 +3.9761e-01 +2.1426e+00 -5.0602e-01 +1.1161e+00 -2.1052e+00 +1.1843e-01 +1.7787e-02
5514 0 +4.096252076e+01 +5.462252076e+01 +5.462252076e+01 +1.2968e+00 +1.0855e-01 +5.5555e-01 -5.7683e-01 +1.8648e+00 -1.1612e+00 +2.0265e+00 -1.4918e+00 -8.4225e-01 -1.2913e+00
% f evaluations | g evaluations | best noise-free fitness - Fopt (9.378400000000e+02) + sum g_i+ | measured fitness | best measured fitness or single-digit g-values | x1 | x2...
1 0 +1.496699438e+07 +1.496793222e+07 +1.496793222e+07 +3.8542e+00 +4.7976e+00 -4.0454e+00 +1.3011e+00 -4.5339e+00 +9.5014e-01 +2.8095e+00 +3.1259e+00 +2.5414e+00 +2.7651e+00
2 0 +4.050219089e+05 +4.059597489e+05 +4.059597489e+05 -2.0719e+00 +1.8358e+00 -4.7616e-01 -9.3346e-01 +1.6810e+00 +2.5012e-01 +4.8824e-01 -3.5242e+00 +8.3984e-01 -4.0521e+00
12 0 +1.652762944e+02 +1.103116294e+03 +1.103116294e+03 +3.6859e+00 -1.8377e+00 -4.5726e+00 -9.0317e-01 +6.7870e-01 +1.8803e+00 -3.5487e+00 -3.5989e+00 +4.3337e+00 +2.9990e+00
1216 0 +9.091378742e+01 +1.028753787e+03 +1.028753787e+03 +9.3777e-01 +9.0151e-01 -1.4304e+00 -8.4713e-01 +1.5407e+00 +6.3185e-01 -4.7572e-01 -2.3152e+00 +7.6846e-01 +4.9976e-01
1505 0 +8.258164508e+01 +1.020421645e+03 +1.020421645e+03 +1.5715e+00 +5.8006e-01 -9.2106e-01 -1.3123e-02 +2.4615e+00 +1.1950e+00 -1.2791e+00 -1.3948e+00 +9.2064e-01 +2.2366e+00
2910 0 +6.890678479e+01 +1.006746785e+03 +1.006746785e+03 +1.2991e+00 +6.4303e-01 -6.2700e-01 -1.1439e+00 +1.0640e+00 +1.3801e+00 -1.0400e+00 -1.7937e+00 +5.5973e-01 +1.7824e+00
5806 0 +6.584594919e+01 +1.003685949e+03 +1.003685949e+03 +1.1512e+00 -3.0228e-01 +6.8090e-01 -8.6106e-01 -9.3543e-01 +8.7387e-01 -9.2562e-01 -2.3767e+00 +2.5422e-01 +3.7273e+00
% f evaluations | g evaluations | best noise-free fitness - Fopt (-7.872000000000e+01) + sum g_i+ | measured fitness | best measured fitness or single-digit g-values | x1 | x2...
1 0 +1.167267015e+07 +1.167259143e+07 +1.167259143e+07 +4.3595e+00 -3.6876e+00 +1.6391e+00 -1.2204e-01 -3.9986e+00 +4.6327e+00 +1.7107e+00 -3.0635e+00 +7.6907e-02 -2.2483e+00
3 0 +7.495660830e+06 +7.495582110e+06 +7.495582110e+06 +1.6916e+00 +4.7226e+00 -2.4817e+00 +2.3952e-02 +3.5359e+00 -8.9874e-01 -3.1146e+00 -1.9349e+00 +1.8147e+00 +3.8321e+00
5 0 +2.215656757e+06 +2.215578037e+06 +2.215578037e+06 +3.8486e+00 -2.2018e+00 -3.2418e+00 +1.7757e+00 -4.4611e+00 +9.7404e-01 -2.8692e+00 -1.6928e+00 -4.1631e+00 +3.0642e+00
8 0 +2.490734796e+05 +2.489947596e+05 +2.489947596e+05 -6.0869e-01 -1.4499e+00 -1.6728e+00 -4.1097e+00 -2.6432e+00 -4.7201e+00 +1.6543e+00 +8.6809e-01 -4.4170e+00 -2.7564e+00
10 0 +3.165903006e+04 +3.158031006e+04 +3.158031006e+04 -4.6096e+00 -3.3095e+00 +5.0917e-01 -3.4066e-01 -4.3032e+00 -3.1795e+00 +1.1052e+00 +1.8197e+00 -1.8912e+00 +3.9462e+00
57 0 +5.297405102e+02 +4.510205102e+02 +4.510205102e+02 -2.1531e+00 -3.2610e+00 -1.2597e+00 -1.2390e+00 +4.4887e+00 +4.7003e+00 -9.9197e-02 +4.5762e+00 -3.4675e+00 +2.0252e+00
106 0 +2.801408255e+02 +2.014208255e+02 +2.014208255e+02 -1.1255e-01 -4.2315e+00 -2.4902e+00 -2.8564e+00 -2.0960e+00 +9.3867e-01 +5.9481e-01 -2.3637e+00 -1.2409e+00 +1.6925e+00
160 0 +2.210049146e+02 +1.422849146e+02 +1.422849146e+02 -2.1945e-01 -3.9993e-01 -8.7256e-01 -1.6367e-01 +6.0915e-01 +4.0935e-01 +2.9995e-01 +1.1478e+00 -6.6030e-01 +1.9204e-01
167 0 +6.928706677e+01 -9.432933232e+00 -9.432933232e+00 -3.5813e-01 -6.9353e-01 -1.3967e+00 -2.2635e-01 +9.7503e-01 +7.5857e-01 +3.3504e-01 +1.8678e+00 -9.0811e-01 +2.0582e-01
269 0 +6.833881876e+01 -1.038118124e+01 -1.038118124e+01 -1.3002e-01 -5.5900e-01 -1.0144e+00 -1.2067e-01 +6.5777e-01 +5.5789e-01 +2.3073e-01 +1.2607e+00 -7.1840e-01 +3.8516e-01
270 0 +6.327191064e+01 -1.544808936e+01 -1.544808936e+01 -1.3271e-01 -5.0279e-01 -1.1090e+00 -2.3875e-01 +6.7138e-01 +4.0357e-01 +2.3551e-01 +1.2868e+00 -6.9643e-01 +2.1357e-01
508 0 +6.262854579e+01 -1.609145421e+01 -1.609145421e+01 -1.9589e-01 -2.3699e-01 -4.9943e-01 -1.2314e-02 +3.1306e-01 +8.8114e-02 +3.6998e-01 +4.5452e-01 -4.0868e-01 +7.1445e-02
816 0 +5.949511567e+01 -1.922488433e+01 -1.922488433e+01 -1.2095e-01 -2.4082e-01 -8.0228e-01 +1.3324e-01 +2.6731e-01 +1.0042e-01 +2.6647e-01 +3.7505e-01 -2.8573e-01 +1.3346e-01
1803 0 +5.653007755e+01 -2.218992245e+01 -2.218992245e+01 +1.5324e-01 -3.2498e-02 -7.1446e-01 -2.8263e-01 +4.8223e-01 -1.1541e-01 +1.0722e-01 +8.8828e-01 -2.0511e-01 +1.4755e-01
% f evaluations | g evaluations | best noise-free fitness - Fopt (1.735400000000e+02) + sum g_i+ | measured fitness | best measured fitness or single-digit g-values | x1 | x2...
1 0 +9.647668338e+06 +9.647841878e+06 +9.647841878e+06 +1.6021e-01 +2.6378e+00 +6.0386e-01 +1.6325e+00 +1.3671e+00 -5.5789e-01 +3.8950e+00 -2.1772e+00 -2.7117e+00 +1.1324e+00
2 0 +1.633833914e+06 +1.634007454e+06 +1.634007454e+06 -4.4280e+00 -2.3115e+00 -3.8320e+00 -2.4319e+00 -9.9459e-01 +3.6371e+00 +4.7250e+00 +2.0153e+00 +2.6526e+00 -3.7177e+00
13 0 +5.376001734e+05 +5.377737134e+05 +5.377737134e+05 +1.4736e+00 -2.8050e+00 -2.0207e+00 +1.7064e-01 -1.0305e+00 -3.7535e+00 +4.9904e+00 -1.0539e-01 +1.7681e+00 -3.1018e+00
23 0 +3.448645545e+04 +3.465999545e+04 +3.465999545e+04 +3.9857e+00 -3.1266e+00 -4.5515e+00 +2.9216e+00 -4.8619e+00 -4.6764e-01 -2.3738e+00 -4.4979e+00 +4.0042e+00 +4.1467e+00
27 0 +3.314293009e+04 +3.331647009e+04 +3.331647009e+04 +1.8255e+00 -8.7849e-01 -4.9130e+00 +2.7493e+00 +2.7188e+00 -3.5948e+00 -2.0259e-01 -4.5346e+00 -4.8293e+00 -4.7987e+00
35 0 +6.016033164e+03 +6.189573164e+03 +6.189573164e+03 -3.1552e+00 +4.1005e+00 +4.9637e+00 -4.6610e+00 +4.8461e+00 -2.7585e+00 -4.2121e-01 -3.8048e+00 +9.4675e-01 +3.1180e+00
54 0 +1.788924958e+03 +1.962464958e+03 +1.962464958e+03 +3.7013e+00 -6.1454e-01 -1.6535e+00 +1.4816e+00 +4.5145e+00 -3.1137e+00 +3.0230e+00 -4.3687e+00 -3.1415e+00 -2.9334e+00
91 0 +7.840492426e+01 +2.519449243e+02 +2.519449243e+02 +1.2886e+00 -2.1495e+00 -3.2439e+00 +3.5585e-01 -2.9676e-01 +1.4448e+00 -2.7974e+00 +1.6597e+00 +3.7343e+00 +4.8528e+00
212 0 +7.749859756e+01 +2.510385976e+02 +2.510385976e+02 -2.6668e-01 +4.4941e-01 -1.2409e-01 -2.1698e-01 -2.7723e-01 -3.8209e-03 -4.0367e-01 +3.4547e-01 +4.6717e-02 +1.2774e-01
8310 0 +6.844374125e+01 +2.419837412e+02 +2.419837412e+02 +2.2819e-01 -8.3827e-01 -9.6973e-01 -1.2451e-01 -5.3596e-01 -3.2033e-02 +1.1117e-01 +4.3241e-01 +5.4875e-01 +5.0487e-01
% f evaluations | g evaluations | best noise-free fitness - Fopt (-8.502000000000e+01) + sum g_i+ | measured fitness | best measured fitness or single-digit g-values | x1 | x2...
1 0 +2.009324547e+07 +2.009316045e+07 +2.009316045e+07 +1.1781e+00 +3.8127e+00 -2.1311e+00 -2.5870e-01 +1.2270e-01 +1.4863e+00 +3.3091e-01 +4.7387e+00 -2.5635e+00 -3.1928e+00
2 0 +1.024479336e+07 +1.024470834e+07 +1.024470834e+07 +9.1121e-02 -3.9823e+00 +3.5970e+00 +3.2355e+00 -3.7144e+00 -4.6578e+00 +2.0747e+00 -3.6776e+00 -1.7424e+00 +5.1563e-01
3 0 +2.240032964e+06 +2.239947944e+06 +2.239947944e+06 -4.8698e+00 +1.6672e+00 +2.9122e+00 -2.8711e+00 -4.4889e+00 +3.5608e+00 +9.2386e-01 +4.0183e+00 -8.2938e-01 +1.3740e+00
4 0 +1.854906496e+06 +1.854821476e+06 +1.854821476e+06 +1.2398e+00 -4.6769e+00 -2.9157e+00 -2.0910e+00 +3.2900e-01 -7.0533e-02 +8.0718e-01 +4.8450e+00 -2.2945e+00 +4.3412e+00
6 0 +1.087557775e+06 +1.087472755e+06 +1.087472755e+06 -4.8724e-01 +1.4209e+00 -2.7925e+00 +3.8382e+00 +1.6646e+00 +3.2470e+00 -1.1898e+00 -4.6931e-02 -1.9569e+00 -3.8656e+00
8 0 +2.725311648e+05 +2.724461448e+05 +2.724461448e+05 +3.5340e+00 -3.6981e+00 -4.1187e+00 -1.4237e+00 -2.7424e+00 -1.0448e+00 -1.8070e-01 -1.3496e+00 -4.0436e-01 -3.3334e+00
16 0 +4.526480705e+03 +4.441460705e+03 +4.441460705e+03 -4.6271e+00 +4.5709e+00 +2.3413e+00 -2.8561e+00 -4.3790e+00 -1.6488e+00 -4.1454e+00 -7.6527e-01 -1.8134e+00 +3.8481e+00
74 0 +2.384759284e+03 +2.299739284e+03 +2.299739284e+03 -1.4218e+00 -3.7479e+00 -1.3752e+00 -1.8421e+00 -3.9462e+00 +3.2678e+00 -2.3663e+00 +4.3310e+00 -3.8919e+00 -3.8616e+00
305 0 +1.123569687e+02 +2.733696871e+01 +2.733696871e+01 -2.3711e+00 +1.5175e+00 +8.0368e-02 -1.6929e+00 -2.2385e+00 -1.0639e+00 -2.0683e+00 +7.0637e-01 +1.1088e+00 -2.3038e+00
1019 0 +1.117749143e+02 +2.675491428e+01 +2.675491428e+01 -2.1932e+00 +1.1313e+00 -1.0720e-01 -1.7255e+00 -1.9495e+00 -9.8458e-01 -1.6699e+00 +3.3998e-01 +1.0517e+00 -2.4528e+00
1106 0 +8.049107835e+01 -4.528921654e+00 -4.528921654e+00 -1.1101e+00 +7.7726e-01 +1.9627e-01 -8.3920e-01 -1.1100e+00 -5.4137e-01 -1.6107e+00 +4.1741e-01 +9.5954e-01 -1.5895e+00
3477 0 +7.543411370e+01 -9.585886295e+00 -9.585886295e+00 -9.6919e-01 +4.9126e-01 -5.0256e-01 -9.7142e-01 -1.1214e+00 -6.1978e-01 -8.6703e-01 -2.3691e-01 +9.4911e-01 -1.0454e+00
4503 0 +7.313369379e+01 -1.188630621e+01 -1.188630621e+01 -4.7000e-01 +1.9065e-01 -6.8174e-01 -1.0057e+00 -1.2142e+00 -7.2485e-01 -9.1013e-01 -5.3111e-02 +8.2225e-01 -7.8849e-01
4711 0 +6.781184673e+01 -1.720815327e+01 -1.720815327e+01 -4.1177e-01 +3.6831e-02 -7.0661e-01 -6.3736e-01 -6.9118e-01 -3.9704e-01 -6.3788e-01 -2.4181e-01 +7.4393e-01 -4.2801e-01
5724 0 +6.727797271e+01 -1.774202729e+01 -1.774202729e+01 -4.7557e-01 +1.2750e-01 -6.3266e-01 -1.2424e+00 -1.0291e+00 -8.1743e-01 -4.7770e-01 +5.9311e-02 +1.2666e+00 -2.5679e-01
6218 0 +5.881648489e+01 -2.620351511e+01 -2.620351511e+01 +1.7105e-01 +5.4696e-01 -2.7923e-01 -7.3976e-01 -4.2791e-01 +3.6912e-01 -5.2972e-01 -3.9359e-01 +5.0917e-01 +2.2649e-01
7105 0 +5.074084162e+01 -3.427915838e+01 -3.427915838e+01 -8.3217e-01 +4.2784e-01 -1.3102e+00 -1.0394e+00 +6.5201e-01 -3.1422e-01 -4.9439e-01 +4.7610e-01 +8.2375e-01 +1.1762e+00
% f evaluations | g evaluations | best noise-free fitness - Fopt (1.388500000000e+02) + sum g_i+ | measured fitness | best measured fitness or single-digit g-values | x1 | x2...
1 0 +9.220911845e+06 +9.221050695e+06 +9.221050695e+06 +5.6799e-01 +4.8467e+00 +1.5997e+00 -3.8722e+00 +7.2956e-01 -3.7520e+00 +4.6213e+00 +3.5638e+00 -3.5172e-01 -4.7162e+00
3 0 +1.178481247e+04 +1.192366247e+04 +1.192366247e+04 -3.7565e+00 -3.0705e+00 +4.2960e+00 +2.0469e+00 -2.8946e+00 +1.4840e+00 +4.4259e+00 -1.1486e-02 +4.6570e+00 +2.0158e+00
4 0 +3.723556501e+03 +3.862406501e+03 +3.862406501e+03 +1.8920e+00 +3.9794e+00 +3.1607e+00 -3.4289e+00 +9.9381e-01 -3.7042e+00 -2.4026e-01 +2.7089e+00 -7.1417e-01 +2.6261e-01
31 0 +2.497817758e+03 +2.636667758e+03 +2.636667758e+03 +4.0026e+00 -9.1459e-01 -3.1247e+00 -2.7297e+00 +1.2890e+00 +2.2418e+00 -8.8662e-01 -3.3063e+00 -3.8166e+00 -4.8240e+00
82 0 +2.424475661e+02 +3.812975661e+02 +3.812975661e+02 -1.1535e+00 +3.9764e+00 +9.3421e-01 -7.4274e-01 +3.1919e+00 -3.7153e+00 -7.7436e-02 -4.0940e+00 +2.7551e+00 +3.6414e-02
201 0 +1.273454421e+02 +2.661954421e+02 +2.661954421e+02 +1.8773e-01 +4.4059e-01 +1.7630e-01 -8.4817e-01 +1.3850e+00 -1.7612e+00 +4.7900e-01 -1.3713e+00 +5.8424e-01 +1.3790e+00
514 0 +1.065074931e+02 +2.453574931e+02 +2.453574931e+02 -2.8521e-01 +8.0060e-01 -1.5339e-02 -5.8431e-01 +4.1482e-01 -9.9518e-01 +5.5078e-01 -7.2697e-01 +1.3604e+00 +2.3344e-01
667 0 +1.035273282e+02 +2.423773282e+02 +2.423773282e+02 +2.0013e-01 +2.8302e-01 +1.9963e-02 -9.9284e-01 +6.2058e-01 -1.2567e+00 +2.3925e-01 -8.3060e-01 +5.9326e-01 +7.8850e-01
1102 0 +9.270215822e+01 +2.315521582e+02 +2.315521582e+02 +2.0043e-01 -2.9105e-01 +6.3526e-02 -9.8940e-01 +7.0674e-01 -1.2063e+00 +4.6572e-01 -2.4114e-01 +9.6019e-02 +8.8965e-01
1409 0 +8.463747860e+01 +2.234874786e+02 +2.234874786e+02 +6.3325e-01 -6.2101e-01 +5.8055e-02 -7.4760e-01 -1.4209e-01 -1.3768e+00 +8.3283e-01 -4.9758e-01 +3.9628e-01 +8.1691e-01
3423 0 +8.034955237e+01 +2.191995524e+02 +2.191995524e+02 -3.4471e-01 +2.5906e-01 +8.4545e-02 -4.0805e-01 +1.3367e-01 -6.9710e-01 +8.7298e-01 -8.1499e-01 +1.1924e-01 +3.4078e-01
4005 0 +7.840257935e+01 +2.172525794e+02 +2.172525794e+02 -6.1770e-01 +8.1775e-01 -1.1994e-01 -3.9951e-01 +2.6974e-01 -1.1168e+00 +6.5868e-01 -7.2239e-02 -2.3236e-01 +8.8099e-01
4404 0 +7.670048989e+01 +2.155504899e+02 +2.155504899e+02 -4.6294e-01 +5.4359e-01 -1.8391e-01 -4.6248e-01 +2.9523e-01 -4.3377e-01 +7.7970e-01 -1.8401e-01 -3.9167e-01 +1.9442e-01
5507 0 +7.223659175e+01 +2.110865918e+02 +2.110865918e+02 -1.7497e+00 +5.4232e-01 +1.0818e-01 +9.7541e-02 +4.5882e-01 -8.3765e-01 +8.5983e-01 -5.4883e-01 +7.4495e-01 +5.7882e-01
6815 0 +7.014913218e+01 +2.089991322e+02 +2.089991322e+02 -1.3651e+00 -8.4014e-02 +2.7695e-01 -2.5711e-01 +3.0905e-01 -9.0073e-02 +8.2365e-01 -1.2398e-01 +5.9746e-02 +5.5611e-01
7023 0 +6.777315036e+01 +2.066231504e+02 +2.066231504e+02 -9.2180e-01 -2.7419e-01 -1.0654e-01 +3.0674e-02 +2.7806e-01 -6.9210e-02 +1.3061e+00 -2.2614e-01 +2.9744e-01 +2.5447e-01
7108 0 +5.208227604e+01 +1.909322760e+02 +1.909322760e+02 -1.7810e+00 +9.5613e-02 -7.7932e-03 +9.7499e-01 -1.9292e-01 +3.9065e-01 +1.8208e+00 -8.4083e-01 +1.1814e+00 +1.3364e+00
9508 0 +4.851868308e+01 +1.873686831e+02 +1.873686831e+02 -2.4054e+00 -3.3179e-01 -4.5462e-01 +6.5542e-01 -1.9435e-01 +7.3036e-01 +1.2446e+00 +7.1884e-01 -1.4746e+00 +1.4719e+00
% f evaluations | g evaluations | best noise-free fitness - Fopt (1.672000000000e+01) + sum g_i+ | measured fitness | best measured fitness or single-digit g-values | x1 | x2...
1 0 +3.502800708e+06 +3.502817428e+06 +3.502817428e+06 -9.2541e-01 +1.8657e+00 -2.9293e+00 -4.0064e+00 +2.7901e+00 -3.1053e-02 -7.3175e-01 -1.5509e+00 +1.3061e+00 -3.4844e+00
3 0 +1.579374658e+06 +1.579391378e+06 +1.579391378e+06 +2.4841e-01 +1.4572e+00 -2.4616e+00 -1.5636e+00 +2.6203e+00 +4.3431e+00 +6.8148e-01 -2.1611e+00 -4.9970e+00 +4.4548e+00
14 0 +1.349696314e+05 +1.349863514e+05 +1.349863514e+05 +2.6678e+00 +1.0090e+00 -1.5950e+00 +3.4793e+00 +1.6593e+00 -1.3756e-01 -3.7237e+00 -2.8065e+00 -4.5090e+00 +2.5839e+00
53 0 +4.022993011e+04 +4.024665011e+04 +4.024665011e+04 +4.8787e+00 -2.5473e+00 -1.8958e+00 +1.7213e+00 +4.2654e+00 +3.5777e+00 -8.9048e-01 +3.9449e+00 -1.2314e+00 -6.4607e-01
89 0 +2.706269138e+04 +2.707941138e+04 +2.707941138e+04 +3.4876e+00 +7.5658e-01 -2.5432e+00 +5.7760e-01 -6.6133e-01 -1.0619e+00 +1.8972e+00 -4.2878e+00 -1.6746e+00 -1.4814e+00
112 0 +1.974645070e+04 +1.976317070e+04 +1.976317070e+04 -2.0355e+00 -4.4987e-01 +1.9904e+00 +4.3972e+00 -4.8299e+00 +4.9128e+00 +1.8871e-01 -5.0000e+00 -2.6258e+00 +3.6947e-01
118 0 +4.382406832e+03 +4.399126832e+03 +4.399126832e+03 +1.8297e+00 -5.0000e+00 +5.0000e+00 -4.5664e+00 +3.7737e+00 +4.9311e+00 +5.0000e+00 +6.5664e-01 -1.6139e+00 -5.0000e+00
403 0 +2.059611436e+03 +2.076331436e+03 +2.076331436e+03 +3.6531e+00 -4.9240e+00 +8.9031e-01 +7.0809e-01 +4.7754e+00 +4.3459e+00 -9.3391e-01 +2.5789e+00 -8.9797e-01 -1.7100e+00
506 0 +4.379211289e+02 +4.546411289e+02 +4.546411289e+02 +4.9004e+00 -5.0000e+00 +9.1212e-02 +2.6887e+00 +5.0000e+00 +4.8891e+00 -3.3707e+00 +4.2387e+00 +1.5980e-02 -8.1309e-01
509 0 +1.738831108e+02 +1.906031108e+02 +1.906031108e+02 +2.0272e+00 -2.6439e+00 +1.5649e+00 -1.5017e+00 +2.8792e+00 +3.8213e+00 +2.2865e+00 +7.7190e-01 -2.3746e+00 -2.9467e+00
610 0 +6.853474747e+01 +8.525474747e+01 +8.525474747e+01 +3.7339e+00 -1.4652e+00 -2.4771e+00 +2.6521e+00 +2.4627e+00 +3.3650e+00 -1.2723e+00 +1.2776e+00 -2.2692e-01 -2.1921e-01
1105 0 +5.727197725e+01 +7.399197725e+01 +7.399197725e+01 +3.1372e+00 -8.7460e-01 -1.5626e+00 +1.1118e+00 +1.5895e+00 +3.0544e+00 -6.8477e-01 +8.8525e-01 -8.9169e-01 -1.1603e+00
2012 0 +5.290670259e+01 +6.962670259e+01 +6.962670259e+01 +1.9437e+00 -2.2617e-01 -4.0192e-01 -4.5039e-01 +6.6679e-01 +1.6537e+00 +3.2629e+00 -1.9863e+00 -2.8257e+00 -2.2250e+00
3907 0 +4.484450512e+01 +6.156450512e+01 +6.156450512e+01 +1.4491e+00 -3.9701e+00 +1.6063e+00 -4.6917e+00 +3.7235e+00 +4.4540e+00 -2.5587e-01 +1.8106e+00 -1.4564e+00 -2.7432e+00
4102 0 +3.903456719e+01 +5.575456719e+01 +5.575456719e+01 +1.8190e+00 -6.4937e-01 -1.0077e+00 -2.0179e-01 +5.1841e-01 +2.6022e+00 +9.0775e-01 -7.1844e-01 -1.7405e+00 -2.0013e+00
% f evaluations | g evaluations | best noise-free fitness - Fopt (-6.570000000000e+00) + sum g_i+ | measured fitness | best measured fitness or single-digit g-values | x1 | x2...
1 0 +4.334594311e+06 +4.334587741e+06 +4.334587741e+06 -1.3505e-01 +2.9040e-01 -1.7314e+00 +7.5893e-01 +8.7912e-01 -4.9650e+00 +1.2170e+00 +9.1810e-01 -2.1452e+00 +2.4594e+00
3 0 +1.384149452e+06 +1.384142882e+06 +1.384142882e+06 -8.5322e-01 +2.1278e+00 -2.7814e+00 -3.7660e+00 +9.0456e-01 +2.6160e+00 -4.4750e+00 -4.2632e+00 +3.8287e+00 +4.4760e+00
8 0 +1.471278520e+05 +1.471212820e+05 +1.471212820e+05 -1.4762e+00 -1.1439e+00 +8.3326e-01 +5.5677e-01 -2.0706e-01 -3.1202e+00 -3.4636e+00 -2.1485e-01 +2.5898e+00 +3.6906e+00
18 0 +5.673874146e+04 +5.673217146e+04 +5.673217146e+04 -3.6009e+00 +3.8695e+00 -3.4736e-01 -2.6734e+00 +4.1526e+00 +1.2137e+00 +3.3000e+00 +1.4243e+00 -1.7752e+00 -4.1317e+00
30 0 +5.615885467e+04 +5.615228467e+04 +5.615228467e+04 -1.2532e+00 -4.2321e+00 -3.7349e+00 +1.5310e-01 +3.2234e+00 -3.1699e+00 +4.3084e+00 +1.6404e+00 +3.6613e+00 -3.7221e+00
58 0 +4.391195998e+04 +4.390538998e+04 +4.390538998e+04 +2.3340e+00 +1.7622e+00 -3.4655e+00 +5.3450e-01 +4.5598e+00 -4.0117e+00 -4.9278e+00 -1.8915e+00 -1.4302e+00 -1.0509e+00
81 0 +3.769574622e+03 +3.763004622e+03 +3.763004622e+03 -1.9700e+00 -3.3945e-02 -3.6592e+00 +2.5833e+00 -4.9245e+00 +7.6811e-01 +4.1324e+00 -2.0786e-01 +2.9767e+00 -4.4898e-01
311 0 +1.849312877e+03 +1.842742877e+03 +1.842742877e+03 -1.2343e+00 +4.9755e+00 +3.4657e+00 -4.8122e+00 -5.2503e-01 +4.1526e+00 +2.3597e+00 -1.1830e+00 +1.7820e+00 +4.7683e+00
408 0 +5.098906933e+02 +5.033206933e+02 +5.033206933e+02 -7.9017e-01 +1.1556e+00 -1.5095e+00 +1.4706e+00 -5.6738e-01 -3.9669e-01 +1.7813e+00 -1.2260e+00 +6.4465e-01 +1.2936e+00
601 0 +1.902844089e+02 +1.837144089e+02 +1.837144089e+02 -1.8678e+00 +2.7168e+00 -3.8982e-01 -1.1333e+00 -2.8709e+00 +2.3078e+00 +4.9501e+00 -4.0975e+00 +6.4693e-01 -1.3389e-01
722 0 +1.247040798e+02 +1.181340798e+02 +1.181340798e+02 -6.6494e-01 +1.9006e-01 -2.1885e+00 +1.6742e+00 -9.3339e-01 -1.3083e+00 +1.8890e+00 -9.7033e-01 +8.4099e-01 -4.5872e-02
1307 0 +1.193099832e+02 +1.127399832e+02 +1.127399832e+02 -1.1616e+00 +6.5015e-01 -1.7480e+00 +7.6624e-01 -1.6240e+00 -5.2018e-01 +2.1776e+00 -1.2378e+00 +6.3861e-01 -1.0020e-01
1310 0 +8.945516279e+01 +8.288516279e+01 +8.288516279e+01 +7.3568e-01 +1.7936e+00 +1.6466e+00 -2.9036e+00 +3.1618e+00 -5.3042e-01 -1.7435e-01 +1.3508e+00 +1.1044e-02 +4.2260e+00
2007 0 +8.249107270e+01 +7.592107270e+01 +7.592107270e+01 -4.9898e-01 +6.5424e-01 -1.4956e+00 +3.0078e-01 -3.4578e-01 -5.0925e-01 +1.8222e+00 -1.0174e+00 +7.4077e-01 +9.2508e-01
2521 0 +7.188319068e+01 +6.531319068e+01 +6.531319068e+01 -1.1814e+00 +8.8877e-01 -5.2531e-01 -4.8098e-01 -7.5591e-01 -1.0241e-01 +2.6425e+00 -8.9797e-01 +1.0135e+00 +5.0580e-01
% f evaluations | g evaluations | best noise-free fitness - Fopt (6.080000000000e+01) + sum g_i+ | measured fitness | best measured fitness or single-digit g-values | x1 | x2...
1 0 +1.420407294e+07 +1.420413374e+07 +1.420413374e+07 +8.8534e-01 +3.4248e+00 -1.4040e+00 -4.1798e+00 -4.2903e+00 -4.6564e+00 +3.2763e+00 +4.3484e+00 +6.8226e-01 -4.8634e+00
2 0 +1.480222007e+06 +1.480282807e+06 +1.480282807e+06 +1.6945e+00 -1.7838e+00 -7.9854e-01 -2.4941e+00 -2.3668e+00 -4.8990e+00 +9.4652e-01 -3.5320e+00 +2.5953e+00 -2.1363e+00
15 0 +2.790197588e+05 +2.790805588e+05 +2.790805588e+05 -3.7658e+00 -3.1259e+00 -4.9219e+00 +3.4799e+00 -2.9670e+00 -2.9433e+00 +1.6555e+00 -1.6231e+00 +2.3409e-01 +2.8333e+00
17 0 +6.355429839e+04 +6.361509839e+04 +6.361509839e+04 -3.5897e+00 +4.0124e+00 -4.6995e+00 +8.2365e-01 -1.8319e+00 +1.3468e+00 +5.1168e-01 -8.8999e-01 -2.2808e+00 +1.3055e+00
20 0 +2.043117392e+04 +2.049197392e+04 +2.049197392e+04 +3.5719e+00 +2.8741e+00 -2.3586e+00 -2.1553e+00 +3.2026e+00 -3.4721e+00 +4.0205e+00 +2.6257e+00 -1.2657e+00 -1.4864e+00
64 0 +1.102566433e+03 +1.163366433e+03 +1.163366433e+03 -4.6281e+00 -4.4170e+00 +4.9471e+00 +4.2860e+00 +7.0128e-01 +3.1097e+00 +2.2692e+00 +3.8179e+00 -3.5272e+00 -1.8216e+00
202 0 +1.054268974e+03 +1.115068974e+03 +1.115068974e+03 -9.2817e-01 +4.9658e+00 -1.8797e+00 +3.7430e+00 +3.5729e+00 +5.0000e+00 -3.4531e+00 +1.7345e-01 +2.4355e+00 +1.1569e+00
305 0 +1.005098650e+03 +1.065898650e+03 +1.065898650e+03 -8.7671e-01 -2.8607e-01 +1.0095e+00 -1.7310e-01 -1.8361e-03 -2.2031e-01 +3.3131e-02 -6.7530e-01 -2.6605e-02 -6.5318e-02
312 0 +1.562104441e+02 +2.170104441e+02 +2.170104441e+02 -1.0544e+00 -5.1710e-01 +9.0471e-01 +8.4162e-03 +9.8086e-02 -1.8724e-01 -1.3682e-01 -7.5568e-01 -5.1970e-02 +6.2944e-02
408 0 +1.047068072e+02 +1.655068072e+02 +1.655068072e+02 -3.1932e-01 +4.9646e-01 +1.6775e-01 +8.4193e-02 +4.3201e-01 +7.3954e-01 -1.2529e-01 -1.0921e-01 +2.6346e-01 +4.2382e-01
609 0 +1.019531809e+02 +1.627531809e+02 +1.627531809e+02 -1.6185e+00 -1.3218e+00 +1.9813e+00 -1.1251e+00 -1.8262e-01 -1.0484e+00 +7.5727e-01 -3.6690e-01 -1.8255e-01 -5.6839e-01
752 0 +8.109298987e+01 +1.418929899e+02 +1.418929899e+02 -7.3440e-01 -1.8112e-01 +7.1811e-01 -1.6839e-01 +2.0754e-01 -3.0054e-02 +4.1527e-02 -2.2791e-01 +1.6655e-01 +2.6348e-01
1410 0 +7.836157592e+01 +1.391615759e+02 +1.391615759e+02 -7.2046e-01 -2.2390e-01 +7.4022e-01 -1.8056e-01 +3.1867e-01 -4.1079e-01 +4.1227e-02 -2.7848e-01 +7.1775e-02 +2.4136e-01
1917 0 +7.737288220e+01 +1.381728822e+02 +1.381728822e+02 -6.5417e-01 -3.5423e-01 +6.4712e-01 -3.9515e-01 +4.1517e-01 -3.2437e-02 +3.1385e-01 -5.5235e-02 +1.0259e-02 +2.2764e-01
2222 0 +7.043757371e+01 +1.312375737e+02 +1.312375737e+02 -5.7155e-01 -3.8422e-01 +5.3160e-01 -1.5910e-01 +7.2409e-02 -7.1930e-01 +2.4038e-01 -9.1807e-02 +3.8504e-02 +4.7205e-01
9801 0 +6.778686984e+01 +1.285868698e+02 +1.285868698e+02 -8.7768e-01 +1.3570e-01 -4.3696e-01 +7.3723e-01 -1.6014e+00 -6.9731e-01 +1.0064e+00 -2.6989e-01 -3.5710e-01 +9.1229e-03
% f evaluations | g evaluations | best noise-free fitness - Fopt (-1.258000000000e+01) + sum g_i+ | measured fitness | best measured fitness or single-digit g-values | x1 | x2...
1 0 +2.066705386e+06 +2.066692806e+06 +2.066692806e+06 +1.4342e+00 +9.9875e-01 +2.8349e+00 -1.1382e+00 -3.5575e+00 -3.0261e+00 +3.2937e+00 +2.7297e+00 -2.3816e+00 +3.8325e+00
4 0 +3.168500291e+05 +3.168374491e+05 +3.168374491e+05 -2.2865e+00 -1.6035e+00 +6.4162e-01 +3.2403e+00 +6.9593e-01 +3.4098e+00 +1.5516e+00 -2.2114e+00 +9.6522e-01 +2.1476e+00
7 0 +4.292611294e+03 +4.280031294e+03 +4.280031294e+03 -3.7821e+00 -4.2716e+00 +3.9062e+00 +2.2051e+00 +1.3449e+00 +2.8679e+00 +4.7628e-01 +3.2169e+00 -3.7555e+00 +3.1848e+00
27 0 +7.186076366e+02 +7.060276366e+02 +7.060276366e+02 +8.5862e-01 -3.0186e-01 +3.9570e+00 +1.5692e+00 -2.2877e+00 -3.9602e+00 +3.5015e+00 +8.6949e-01 +4.9255e+00 +6.5161e-01
104 0 +1.188499841e+02 +1.062699841e+02 +1.062699841e+02 -1.6842e+00 -1.5966e+00 +2.9972e+00 +6.9592e-01 -2.3923e-01 +1.7892e+00 +3.5194e+00 +1.4206e+00 +3.0214e-01 +5.8652e-01
412 0 +8.292017563e+01 +7.034017563e+01 +7.034017563e+01 -1.0482e+00 -4.7854e-02 +6.8821e-01 +1.4658e-01 -1.5814e+00 +8.0214e-01 +2.1191e+00 +3.1196e-01 +4.0175e-01 +1.3378e+00
414 0 +5.944414940e+01 +4.686414940e+01 +4.686414940e+01 +2.9851e-01 +1.8171e+00 -1.6996e+00 -1.0820e+00 -3.0332e+00 -8.4489e-01 +1.3688e+00 -1.0353e+00 +1.2329e+00 +1.6848e+00
511 0 +5.659597767e+01 +4.401597767e+01 +4.401597767e+01 -1.2984e+00 +1.9542e-01 +9.8689e-01 +2.0461e-01 -1.7111e+00 +8.4751e-01 +2.0072e+00 +1.0940e-01 +7.3887e-01 +1.0834e+00
609 0 +3.792853708e+01 +2.534853708e+01 +2.534853708e+01 +3.0057e-01 +2.6564e+00 -2.4769e+00 -7.1079e-01 -3.8222e+00 -1.5132e+00 +1.2658e+00 -1.7436e+00 +1.7805e+00 +2.0841e+00
811 0 +3.649087253e+01 +2.391087253e+01 +2.391087253e+01 -1.4097e+00 +1.0252e+00 -4.1409e-01 +5.2268e-01 -2.3919e+00 +1.2120e+00 +9.1787e-01 -4.0035e-01 +4.2478e-01 +1.5846e+00
1021 0 +3.380273817e+01 +2.122273817e+01 +2.122273817e+01 -7.8066e-01 +1.2004e+00 -3.4925e-01 -1.3794e-01 -2.4408e+00 +1.8291e-01 +1.0968e+00 -6.2110e-01 +8.1901e-01 +1.5851e+00
1411 0 +3.310431918e+01 +2.052431918e+01 +2.052431918e+01 -4.4291e-01 +1.9948e+00 -2.5831e+00 +2.9863e-01 -3.1061e+00 +1.0971e-01 +6.2251e-01 -2.7338e-01 +6.6596e-01 +2.3798e+00
5510 0 +2.400915702e+01 +1.142915702e+01 +1.142915702e+01 +2.2294e-01 +1.5793e+00 -1.3299e-01 +1.0803e-01 -3.2249e+00 +1.2108e-01 +2.5861e-01 -7.8341e-01 +1.4319e-02 +1.6221e+00
5515 0 +2.349990790e+01 +1.091990790e+01 +1.091990790e+01 +1.6955e+00 +2.2107e+00 -2.0534e-01 +4.7605e-01 -4.4253e+00 -1.5393e-01 -3.8348e-01 -2.5885e+00 -1.4626e-01 +1.7519e+00
9152 0 +2.075688071e+01 +8.176880710e+00 +8.176880710e+00 +1.2023e+00 +1.2493e+00 -2.2781e-01 -5.3766e-01 -3.0357e+00 -7.4487e-01 +3.2982e-01 -2.6995e+00 +5.3058e-01 +1.9912e+00
% f evaluations | g evaluations | best noise-free fitness - Fopt (-3.333400000000e+02) + sum g_i+ | measured fitness | best measured fitness or single-digit g-values | x1 | x2...
1 0 +3.004727253e+07 +3.004693919e+07 +3.004693919e+07 +2.3636e+00 +4.0019e+00 -4.6319e+00 -7.7920e-01 -1.8126e+00 +2.8207e+00 -1.8085e-01 +1.2521e+00 -3.3138e-01 +4.5513e+00
2 0 +6.889374237e+05 +6.886040837e+05 +6.886040837e+05 +1.4966e+00 +3.8383e+00 -2.6504e+00 -7.3148e-01 +3.6068e+00 +2.8184e+00 +3.6228e+00 -2.1062e+00 -1.9951e+00 -1.8368e+00
3 0 +4.487807811e+05 +4.484474411e+05 +4.484474411e+05 -4.9032e+00 +9.4448e-01 -4.7716e+00 +5.8461e-01 +1.2560e+00 +1.1796e+00 -4.9667e-01 -4.5011e+00 +2.0807e+00 -4.0200e+00
12 0 +4.285624235e+03 +3.952284235e+03 +3.952284235e+03 -2.8390e+00 +2.4649e+00 +3.4391e+00 -9.4736e-01 -2.3466e+00 -3.1949e+00 -2.0668e+00 +9.7504e-01 -3.2021e+00 +3.5153e+00
67 0 +7.319558797e+02 +3.986158797e+02 +3.986158797e+02 +1.7212e+00 +1.6816e+00 -1.5948e+00 +3.5284e+00 +2.6495e+00 +1.6247e+00 -3.4290e+00 -4.5511e+00 +1.7491e-02 +3.3459e+00
119 0 +7.148872583e+02 +3.815472583e+02 +3.815472583e+02 +5.0000e+00 -4.9217e+00 -2.4441e+00 +1.5439e+00 -5.0000e+00 +1.0176e+00 -5.0000e+00 -1.6170e+00 -3.7150e+00 +5.0000e+00
403 0 +6.969111242e+01 -2.636488876e+02 -2.636488876e+02 +1.6376e+00 -1.8526e-01 -9.4800e-01 +6.6064e-01 -9.9403e-01 +7.0117e-01 -2.2440e+00 -1.7611e+00 -7.6459e-01 +2.6332e+00
1605 0 +6.485095745e+01 -2.684890425e+02 -2.684890425e+02 +1.1890e+00 +9.1917e-01 -5.8974e-01 +1.0889e+00 +5.0858e-01 +1.0686e+00 -1.7687e+00 -2.1275e+00 -2.4588e-02 +2.4885e+00
2102 0 +6.437948994e+01 -2.689605101e+02 -2.689605101e+02 +1.0463e+00 +7.2567e-01 -9.5081e-01 +1.5631e+00 +1.2077e-01 +9.3913e-01 -2.1107e+00 -2.3480e+00 -4.3078e-01 +2.3834e+00
2908 0 +6.183384860e+01 -2.715061514e+02 -2.715061514e+02 +9.8886e-01 +9.4969e-01 -7.8628e-01 +1.2464e+00 +1.4940e-01 +9.9971e-01 -1.6436e+00 -1.9264e+00 -5.0585e-01 +2.0674e+00
3049 0 +6.039847660e+01 -2.729415234e+02 -2.729415234e+02 +6.6507e-01 +6.7979e-01 -7.9694e-01 +1.1857e+00 +3.1189e-01 +1.1473e+00 -1.4099e+00 -1.6124e+00 -3.3369e-01 +1.9650e+00
3304 0 +5.994822309e+01 -2.733917769e+02 -2.733917769e+02 +1.0602e+00 +5.5942e-01 -3.8403e-01 +7.7558e-01 -2.0250e-01 +5.8359e-01 -1.3177e+00 -1.5660e+00 -2.9026e-01 +2.3131e+00
3521 0 +5.781733805e+01 -2.755226620e+02 -2.755226620e+02 +9.9538e-01 +8.0759e-01 -4.1099e-01 +1.0020e+00 +1.5261e-01 +8.6605e-01 -1.2502e+00 -1.6258e+00 -3.3343e-01 +2.2095e+00
4606 0 +5.706831255e+01 -2.762716875e+02 -2.762716875e+02 +1.7281e+00 +1.3289e+00 +6.4823e-02 +9.0321e-01 -1.3684e+00 +5.4279e-01 -1.0327e+00 -2.1235e+00 -6.0739e-01 +2.1218e+00
6216 0 +5.295510932e+01 -2.803848907e+02 -2.803848907e+02 +1.1115e+00 -8.7230e-03 +6.4328e-01 +1.8275e-01 -1.3313e+00 +1.6566e+00 -2.9123e-01 -1.5316e+00 -1.1167e+00 +2.4864e+00
% f evaluations | g evaluations | best noise-free fitness - Fopt (-2.791300000000e+02) + sum g_i+ | measured fitness | best measured fitness or single-digit g-values | x1 | x2...
1 0 +5.664880169e+06 +5.664601039e+06 +5.664601039e+06 -2.6323e+00 +2.1594e+00 +1.4301e+00 +2.6882e+00 +3.6979e-01 +1.0182e+00 -1.0312e+00 -2.6030e+00 -2.9805e+00 +3.2287e+00
3 0 +3.703876435e+06 +3.703597305e+06 +3.703597305e+06 -1.0271e+00 -1.7551e+00 -2.6907e-01 -2.6404e+00 +1.0732e+00 +4.7985e+00 +2.0930e-01 -2.3917e+00 +1.0594e+00 -4.6526e+00
4 0 +2.719042547e+06 +2.718763417e+06 +2.718763417e+06 -2.8422e+00 +4.9980e+00 -2.6116e-01 -4.3220e+00 -3.6861e+00 -8.2184e-02 -4.9225e+00 -4.2936e+00 -3.2519e+00 +3.2088e+00
7 0 +4.829504737e+05 +4.826713437e+05 +4.826713437e+05 +3.1933e-01 -4.5728e-01 -3.1520e+00 +3.2398e-01 +3.7945e+00 -2.9839e+00 +2.3149e+00 -2.8789e+00 +2.8506e-01 -3.3127e-01
14 0 +1.406539061e+05 +1.403747761e+05 +1.403747761e+05 +1.1003e+00 +3.6636e+00 +3.1215e-01 +3.9865e+00 +2.4274e+00 +2.6038e+00 -1.6189e+00 -1.6701e+00 +4.9940e+00 -3.8277e+00
24 0 +1.251783678e+05 +1.248992378e+05 +1.248992378e+05 -5.3863e-01 +2.7579e+00 +1.4370e+00 -4.6299e+00 +1.9470e+00 +9.0200e-01 -3.4955e+00 -6.0886e-01 -2.9324e+00 -1.9613e-01
34 0 +8.134731593e+04 +8.106818593e+04 +8.106818593e+04 +1.1176e+00 -3.2471e+00 +3.3094e+00 -3.4392e+00 +4.4401e+00 +2.6372e+00 +3.6328e+00 +2.6241e+00 -1.5053e+00 +1.2733e+00
47 0 +1.911240857e+04 +1.883327857e+04 +1.883327857e+04 +2.1622e-01 -4.6916e+00 +3.4583e+00 +2.8266e+00 +2.7740e+00 +3.7368e+00 +3.9335e+00 -1.5855e+00 +3.7131e+00 +4.2645e+00
58 0 +1.422225555e+04 +1.394312555e+04 +1.394312555e+04 -1.0010e+00 -3.7378e+00 -3.4540e+00 -4.4801e+00 +3.6222e+00 +3.4097e+00 +3.5491e+00 +2.3948e+00 -1.1770e+00 -2.9899e+00
110 0 +2.957202259e+03 +2.678072259e+03 +2.678072259e+03 -1.3531e+00 +1.1300e+00 +2.8009e+00 +5.0000e+00 +3.2158e+00 +5.0000e+00 -1.5429e+00 -5.0000e+00 -2.5450e+00 -2.6894e+00
114 0 +2.900829813e+03 +2.621699813e+03 +2.621699813e+03 -1.5228e+00 +4.8754e+00 +4.8544e+00 +5.0000e+00 -2.0229e+00 -4.5436e+00 -4.8524e+00 -2.4506e+00 -8.0068e-01 +4.9938e+00
116 0 +2.911015215e+02 +1.197152153e+01 +1.197152153e+01 +4.1168e+00 -3.2965e+00 +1.0552e+00 -4.2985e+00 +5.0000e+00 +1.2547e+00 +3.6562e+00 +2.6061e+00 +4.4824e+00 +3.4319e+00
142 0 +1.578747677e+02 -1.212552323e+02 -1.212552323e+02 -3.3259e-02 -2.6419e-02 +1.0479e-02 -5.8569e-02 +1.8213e-02 +3.4146e-02 +5.7647e-02 -3.5651e-03 +9.2328e-02 +9.7203e-02
150 0 +6.316376830e+01 -2.159662317e+02 -2.159662317e+02 -4.2052e-01 -1.4264e-01 +1.3249e-01 -7.4052e-01 +3.3991e-01 +4.6454e-01 +1.1151e-01 +5.9042e-01 -2.6762e-01 +2.3079e-02
260 0 +6.164620281e+01 -2.174837972e+02 -2.174837972e+02 -3.2402e-01 -7.9467e-02 +7.2808e-02 -3.4723e-01 +2.1866e-01 +2.7937e-01 -2.3567e-02 +2.8090e-01 -4.3130e-01 +7.0915e-02
327 0 +2.702504243e+01 -2.521049576e+02 -2.521049576e+02 -2.5530e-02 -1.6333e-02 +1.0198e-02 +8.7970e-02 -2.1990e-01 +3.9139e-02 +6.0429e-03 -4.4281e-02 -4.0959e-02 +8.0506e-02
1110 0 +2.598412167e+01 -2.531458783e+02 -2.531458783e+02 -2.0514e-02 -7.7309e-03 -1.0026e-01 +1.4898e-01 +1.8198e-01 +1.8502e-02 +7.8124e-02 +1.6857e-01 +2.2933e-01 -4.8696e-02
1907 0 +2.503004386e+01 -2.540999561e+02 -2.540999561e+02 +2.5932e-02 -1.6113e-02 -1.2992e-01 +2.6349e-01 +1.8777e-02 +2.9467e-02 +2.8222e-03 +1.3590e-02 +1.6469e-01 -9.7229e-03
% f evaluations | g evaluations | best noise-free fitness - Fopt (-2.293200000000e+02) + sum g_i+ | measured fitness | best measured fitness or single-digit g-values | x1 | x2...
1 0 +6.473444217e+07 +6.473421285e+07 +6.473421285e+07 +1.3584e+00 -3.5094e+00 -4.8944e+00 -3.4007e+00 +1.3960e+00 +4.7123e+00 +3.7485e+00 +4.7622e+00 +1.1725e+00 -4.6043e+00
2 0 +1.415121504e+07 +1.415098572e+07 +1.415098572e+07 +9.2076e-01 -1.1798e+00 +4.3338e+00 -3.1725e+00 +3.5111e+00 +3.9124e+00 +1.5626e+00 +2.4491e+00 -3.0387e+00 +4.4521e+00
4 0 +5.381404744e+03 +5.152084744e+03 +5.152084744e+03 -4.2823e+00 -4.9459e+00 -1.2027e+00 +2.5077e+00 -3.7061e+00 -1.0616e+00 +3.4048e+00 -4.8059e+00 +9.8775e-02 +2.5237e+00
25 0 +3.653585872e+03 +3.424265872e+03 +3.424265872e+03 -4.0045e+00 -3.6771e-01 +3.2562e+00 -1.5976e+00 +1.8194e+00 +4.3213e+00 +4.5326e+00 -2.0782e+00 -5.4828e-02 -2.3748e+00
67 0 +5.550677415e+02 +3.257477415e+02 +3.257477415e+02 -2.5807e+00 +3.9558e+00 -3.1460e+00 -1.4905e+00 -4.3332e+00 +3.5888e+00 +2.0480e-01 -4.3962e+00 +4.5853e+00 -3.2102e+00
303 0 +3.763929605e+02 +1.470729605e+02 +1.470729605e+02 -2.7772e+00 +4.8251e+00 +3.4045e-01 -5.0000e+00 -2.5390e+00 -4.9573e+00 +4.8540e+00 +1.0478e+00 -1.1819e+00 -5.0000e+00
506 0 +1.160024732e+02 -1.133175268e+02 -1.133175268e+02 -3.3404e+00 -1.5424e-01 +4.3022e+00 -2.2019e+00 +1.8805e+00 +2.1383e+00 +4.0975e+00 -2.0694e+00 -1.6226e-01 -1.5205e+00
807 0 +6.939049746e+01 -1.599295025e+02 -1.599295025e+02 -3.2367e+00 -5.5768e-01 +5.0000e+00 -3.3448e+00 +3.3516e+00 +2.4379e+00 +4.5914e+00 -1.4579e+00 -6.1788e-01 -1.3307e+00
1709 0 +5.641797436e+01 -1.729020256e+02 -1.729020256e+02 -3.4209e+00 -3.9634e-01 +3.9699e+00 -1.9803e+00 +3.9981e+00 +2.7142e+00 +3.7355e+00 -3.4816e+00 -5.5094e-01 -2.4195e+00
2520 0 +3.244669141e+01 -1.968733086e+02 -1.968733086e+02 -3.0606e+00 +4.4001e-01 +1.0323e+00 -1.0547e+00 +7.4145e-01 -6.0251e-01 +3.5769e+00 -3.6220e+00 -5.2152e-01 -1.7075e+00
2741 0 +2.934699986e+01 -1.999730001e+02 -1.999730001e+02 -3.5937e+00 -6.5528e-01 +1.5278e+00 -1.4193e+00 +1.2690e+00 +7.1351e-01 +3.0320e+00 -3.3559e+00 -5.7274e-01 -1.0698e+00
5504 0 +2.369591867e+01 -2.056240813e+02 -2.056240813e+02 -3.7637e+00 -1.5082e+00 +2.0892e+00 -1.1951e+00 +1.1944e+00 -1.3946e+00 +2.6926e+00 -4.2215e+00 +5.5630e-01 -1.1496e+00
6104 0 +1.949753322e+01 -2.098224668e+02 -2.098224668e+02 -3.9646e+00 -1.0191e+00 +1.8307e+00 -1.6739e+00 +1.3558e+00 -1.9545e+00 +3.2187e+00 -3.3479e+00 -4.5739e-02 -1.1373e+00
