% f evaluations | g evaluations | best noise-free fitness - Fopt (4.078000000000e+01) + sum g_i+ | measured fitness | best measured fitness or single-digit g-values | x1 | x2...
1 0 +8.617386151e+01 +1.269538615e+02 +1.269538615e+02
3 0 +8.617255491e+01 +1.269525549e+02 +1.269525549e+02
52 0 +8.500707657e+01 +1.257870766e+02 +1.257870766e+02
126 0 +7.925078505e+01 +1.200307850e+02 +1.200307850e+02
401 0 +7.688391000e+01 +1.176639100e+02 +1.176639100e+02
602 0 +7.570443792e+01 +1.164844379e+02 +1.164844379e+02
901 0 +7.365207448e+01 +1.144320745e+02 +1.144320745e+02
1504 0 +7.211059360e+01 +1.128905936e+02 +1.128905936e+02
1961 0 +7.061765192e+01 +1.113976519e+02 +1.113976519e+02
2701 0 +6.916333952e+01 +1.099433395e+02 +1.099433395e+02
3301 0 +6.703384223e+01 +1.078138422e+02 +1.078138422e+02
3601 0 +6.446805089e+01 +1.052480509e+02 +1.052480509e+02
3904 0 +6.221726828e+01 +1.029972683e+02 +1.029972683e+02
4001 0 +6.072699439e+01 +1.015069944e+02 +1.015069944e+02
4101 0 +5.880034533e+01 +9.958034533e+01 +9.958034533e+01
4501 0 +5.745230076e+01 +9.823230076e+01 +9.823230076e+01
5101 0 +5.587357435e+01 +9.665357435e+01 +9.665357435e+01
5201 0 +5.492847503e+01 +9.570847503e+01 +9.570847503e+01
5203 0 +5.253040112e+01 +9.331040112e+01 +9.331040112e+01
5501 0 +4.876594974e+01 +8.954594974e+01 +8.954594974e+01
5801 0 +4.626583009e+01 +8.704583009e+01 +8.704583009e+01
5901 0 +4.338975140e+01 +8.416975140e+01 +8.416975140e+01
6501 0 +4.198571927e+01 +8.276571927e+01 +8.276571927e+01
6702 0 +4.044417898e+01 +8.122417898e+01 +8.122417898e+01
6805 0 +3.979282960e+01 +8.057282960e+01 +8.057282960e+01
7022 0 +3.888451489e+01 +7.966451489e+01 +7.966451489e+01
7317 0 +3.727448982e+01 +7.805448982e+01 +7.805448982e+01
7401 0 +3.683444139e+01 +7.761444139e+01 +7.761444139e+01
7509 0 +3.622569351e+01 +7.700569351e+01 +7.700569351e+01
7606 0 +3.492401377e+01 +7.570401377e+01 +7.570401377e+01
7902 0 +3.131905668e+01 +7.209905668e+01 +7.209905668e+01
8201 0 +2.962679189e+01 +7.040679189e+01 +7.040679189e+01
8704 0 +2.917018525e+01 +6.995018525e+01 +6.995018525e+01
8780 0 +2.807184070e+01 +6.885184070e+01 +6.885184070e+01
9301 0 +2.676237996e+01 +6.754237996e+01 +6.754237996e+01
9503 0 +2.584544895e+01 +6.662544895e+01 +6.662544895e+01
9703 0 +2.552792593e+01 +6.630792593e+01 +6.630792593e+01
9902 0 +2.502574625e+01 +6.580574625e+01 +6.580574625e+01
9904 0 +2.338424412e+01 +6.416424412e+01 +6.416424412e+01
10101 0 +2.179730294e+01 +6.257730294e+01 +6.257730294e+01
10501 0 +1.936282030e+01 +6.014282030e+01 +6.014282030e+01
11001 0 +1.820143547e+01 +5.898143547e+01 +5.898143547e+01
11101 0 +1.676981612e+01 +5.754981612e+01 +5.754981612e+01
12205 0 +1.659244702e+01 +5.737244702e+01 +5.737244702e+01
12301 0 +1.580352320e+01 +5.658352320e+01 +5.658352320e+01
12503 0 +1.467859656e+01 +5.545859656e+01 +5.545859656e+01
12904 0 +1.401614014e+01 +5.479614014e+01 +5.479614014e+01
13001 0 +1.373559343e+01 +5.451559343e+01 +5.451559343e+01
13101 0 +1.267610597e+01 +5.345610597e+01 +5.345610597e+01
14001 0 +1.222914833e+01 +5.300914833e+01 +5.300914833e+01
14302 0 +1.173338031e+01 +5.251338031e+01 +5.251338031e+01
14601 0 +1.118221544e+01 +5.196221544e+01 +5.196221544e+01
14703 0 +1.081914248e+01 +5.159914248e+01 +5.159914248e+01
14801 0 +9.780376322e+00 +5.056037632e+01 +5.056037632e+01
15101 0 +9.668857859e+00 +5.044885786e+01 +5.044885786e+01
15201 0 +9.390870594e+00 +5.017087059e+01 +5.017087059e+01
15401 0 +9.315312613e+00 +5.009531261e+01 +5.009531261e+01
15402 0 +8.803765268e+00 +4.958376527e+01 +4.958376527e+01
15921 0 +8.684129081e+00 +4.946412908e+01 +4.946412908e+01
15931 0 +8.382609679e+00 +4.916260968e+01 +4.916260968e+01
16104 0 +8.288793493e+00 +4.906879349e+01 +4.906879349e+01
16810 0 +8.019989511e+00 +4.879998951e+01 +4.879998951e+01
16901 0 +7.893269042e+00 +4.867326904e+01 +4.867326904e+01
17104 0 +7.747805162e+00 +4.852780516e+01 +4.852780516e+01
17202 0 +7.533732639e+00 +4.831373264e+01 +4.831373264e+01
17502 0 +7.126847205e+00 +4.790684720e+01 +4.790684720e+01
17701 0 +6.782787786e+00 +4.756278779e+01 +4.756278779e+01
18002 0 +6.230011617e+00 +4.701001162e+01 +4.701001162e+01
18205 0 +5.569887567e+00 +4.634988757e+01 +4.634988757e+01
20401 0 +4.761064864e+00 +4.554106486e+01 +4.554106486e+01
21001 0 +4.587254764e+00 +4.536725476e+01 +4.536725476e+01
21210 0 +4.245381271e+00 +4.502538127e+01 +4.502538127e+01
22102 0 +4.134371244e+00 +4.491437124e+01 +4.491437124e+01
22103 0 +4.036008234e+00 +4.481600823e+01 +4.481600823e+01
22906 0 +3.177231853e+00 +4.395723185e+01 +4.395723185e+01
23001 0 +2.971151613e+00 +4.375115161e+01 +4.375115161e+01
23783 0 +2.788860531e+00 +4.356886053e+01 +4.356886053e+01
23902 0 +2.679007664e+00 +4.345900766e+01 +4.345900766e+01
24203 0 +2.610610781e+00 +4.339061078e+01 +4.339061078e+01
25305 0 +2.455449303e+00 +4.323544930e+01 +4.323544930e+01
25453 0 +2.337570500e+00 +4.311757050e+01 +4.311757050e+01
25602 0 +2.241695168e+00 +4.302169517e+01 +4.302169517e+01
25704 0 +2.185590310e+00 +4.296559031e+01 +4.296559031e+01
25803 0 +2.020451736e+00 +4.280045174e+01 +4.280045174e+01
25901 0 +1.991675870e+00 +4.277167587e+01 +4.277167587e+01
28101 0 +1.863011223e+00 +4.264301122e+01 +4.264301122e+01
28301 0 +1.775553841e+00 +4.255555384e+01 +4.255555384e+01
33601 0 +1.692245736e+00 +4.247224574e+01 +4.247224574e+01
37301 0 +1.633490705e+00 +4.241349071e+01 +4.241349071e+01
37796 0 +1.577732100e+00 +4.235773210e+01 +4.235773210e+01
37801 0 +1.480316875e+00 +4.226031687e+01 +4.226031687e+01
38208 0 +1.256522698e+00 +4.203652270e+01 +4.203652270e+01
39341 0 +1.127792927e+00 +4.190779293e+01 +4.190779293e+01
39705 0 +9.019572134e-01 +4.168195721e+01 +4.168195721e+01
% f evaluations | g evaluations | best noise-free fitness - Fopt (-1.600000000000e+00) + sum g_i+ | measured fitness | best measured fitness or single-digit g-values | x1 | x2...
1 0 +8.587257064e+01 +8.427257064e+01 +8.427257064e+01
5 0 +8.557355568e+01 +8.397355568e+01 +8.397355568e+01
7 0 +8.481113398e+01 +8.321113398e+01 +8.321113398e+01
126 0 +8.144066707e+01 +7.984066707e+01 +7.984066707e+01
132 0 +8.124415396e+01 +7.964415396e+01 +7.964415396e+01
1302 0 +7.920644888e+01 +7.760644888e+01 +7.760644888e+01
2101 0 +7.755888628e+01 +7.595888628e+01 +7.595888628e+01
2701 0 +7.567004502e+01 +7.407004502e+01 +7.407004502e+01
3901 0 +7.392055402e+01 +7.232055402e+01 +7.232055402e+01
5201 0 +7.214115892e+01 +7.054115892e+01 +7.054115892e+01
6504 0 +7.072363744e+01 +6.912363744e+01 +6.912363744e+01
7403 0 +6.916903768e+01 +6.756903768e+01 +6.756903768e+01
8704 0 +6.687101376e+01 +6.527101376e+01 +6.527101376e+01
9001 0 +6.445876801e+01 +6.285876801e+01 +6.285876801e+01
10101 0 +6.271373748e+01 +6.111373748e+01 +6.111373748e+01
10603 0 +6.111323794e+01 +5.951323794e+01 +5.951323794e+01
10901 0 +5.965179163e+01 +5.805179163e+01 +5.805179163e+01
11003 0 +5.841769226e+01 +5.681769226e+01 +5.681769226e+01
11401 0 +5.591680419e+01 +5.431680419e+01 +5.431680419e+01
11702 0 +5.334271374e+01 +5.174271374e+01 +5.174271374e+01
11801 0 +5.113249567e+01 +4.953249567e+01 +4.953249567e+01
12801 0 +4.651953814e+01 +4.491953814e+01 +4.491953814e+01
12901 0 +4.477211856e+01 +4.317211856e+01 +4.317211856e+01
13309 0 +4.450137124e+01 +4.290137124e+01 +4.290137124e+01
13502 0 +4.310669415e+01 +4.150669415e+01 +4.150669415e+01
13605 0 +4.201548333e+01 +4.041548333e+01 +4.041548333e+01
13607 0 +4.065314131e+01 +3.905314131e+01 +3.905314131e+01
14102 0 +3.946849105e+01 +3.786849105e+01 +3.786849105e+01
14301 0 +3.831108055e+01 +3.671108055e+01 +3.671108055e+01
14401 0 +3.757428849e+01 +3.597428849e+01 +3.597428849e+01
14502 0 +3.672095351e+01 +3.512095351e+01 +3.512095351e+01
14504 0 +3.523681188e+01 +3.363681188e+01 +3.363681188e+01
14601 0 +3.363760894e+01 +3.203760894e+01 +3.203760894e+01
14802 0 +3.298943629e+01 +3.138943629e+01 +3.138943629e+01
14902 0 +3.087861559e+01 +2.927861559e+01 +2.927861559e+01
15303 0 +2.767705993e+01 +2.607705993e+01 +2.607705993e+01
15401 0 +2.745030644e+01 +2.585030644e+01 +2.585030644e+01
16403 0 +2.656612947e+01 +2.496612947e+01 +2.496612947e+01
16611 0 +2.575859826e+01 +2.415859826e+01 +2.415859826e+01
16906 0 +2.484936581e+01 +2.324936581e+01 +2.324936581e+01
17001 0 +2.446207371e+01 +2.286207371e+01 +2.286207371e+01
17181 0 +2.390532382e+01 +2.230532382e+01 +2.230532382e+01
17201 0 +2.311914915e+01 +2.151914915e+01 +2.151914915e+01
17601 0 +2.182638583e+01 +2.022638583e+01 +2.022638583e+01
18001 0 +1.954801578e+01 +1.794801578e+01 +1.794801578e+01
18202 0 +1.882353826e+01 +1.722353826e+01 +1.722353826e+01
18602 0 +1.786148729e+01 +1.626148729e+01 +1.626148729e+01
18701 0 +1.773712817e+01 +1.613712817e+01 +1.613712817e+01
19203 0 +1.725733154e+01 +1.565733154e+01 +1.565733154e+01
19509 0 +1.627516191e+01 +1.467516191e+01 +1.467516191e+01
19522 0 +1.565483645e+01 +1.405483645e+01 +1.405483645e+01
19601 0 +1.446500071e+01 +1.286500071e+01 +1.286500071e+01
19901 0 +1.438080661e+01 +1.278080661e+01 +1.278080661e+01
20101 0 +1.404116330e+01 +1.244116330e+01 +1.244116330e+01
20103 0 +1.366332418e+01 +1.206332418e+01 +1.206332418e+01
20201 0 +1.314345365e+01 +1.154345365e+01 +1.154345365e+01
20502 0 +1.238626678e+01 +1.078626678e+01 +1.078626678e+01
20601 0 +1.198153678e+01 +1.038153678e+01 +1.038153678e+01
21106 0 +1.159156123e+01 +9.991561229e+00 +9.991561229e+00
21501 0 +1.118720617e+01 +9.587206175e+00 +9.587206175e+00
21602 0 +9.410573787e+00 +7.810573787e+00 +7.810573787e+00
21701 0 +8.967672393e+00 +7.367672393e+00 +7.367672393e+00
22825 0 +8.732350995e+00 +7.132350995e+00 +7.132350995e+00
23154 0 +8.404981016e+00 +6.804981016e+00 +6.804981016e+00
23201 0 +7.881587481e+00 +6.281587481e+00 +6.281587481e+00
23602 0 +7.689972682e+00 +6.089972682e+00 +6.089972682e+00
25104 0 +7.469797650e+00 +5.869797650e+00 +5.869797650e+00
25307 0 +6.886673913e+00 +5.286673913e+00 +5.286673913e+00
25644 0 +6.718977476e+00 +5.118977476e+00 +5.118977476e+00
25655 0 +6.460366038e+00 +4.860366038e+00 +4.860366038e+00
25801 0 +6.225623105e+00 +4.625623105e+00 +4.625623105e+00
25802 0 +6.048289334e+00 +4.448289334e+00 +4.448289334e+00
25811 0 +5.521548687e+00 +3.921548687e+00 +3.921548687e+00
26401 0 +5.290527581e+00 +3.690527581e+00 +3.690527581e+00
26902 0 +4.910859711e+00 +3.310859711e+00 +3.310859711e+00
27001 0 +4.774804553e+00 +3.174804553e+00 +3.174804553e+00
27101 0 +4.621239447e+00 +3.021239447e+00 +3.021239447e+00
27301 0 +4.419789857e+00 +2.819789857e+00 +2.819789857e+00
27704 0 +4.246685648e+00 +2.646685648e+00 +2.646685648e+00
28107 0 +4.052616587e+00 +2.452616587e+00 +2.452616587e+00
29809 0 +3.970138718e+00 +2.370138718e+00 +2.370138718e+00
30050 0 +3.857418974e+00 +2.257418974e+00 +2.257418974e+00
30074 0 +3.674625120e+00 +2.074625120e+00 +2.074625120e+00
30101 0 +3.185241462e+00 +1.585241462e+00 +1.585241462e+00
30102 0 +2.997309388e+00 +1.397309388e+00 +1.397309388e+00
30501 0 +2.672701382e+00 +1.072701382e+00 +1.072701382e+00
30601 0 +2.573370502e+00 +9.733705022e-01 +9.733705022e-01
30701 0 +2.505087400e+00 +9.050873997e-01 +9.050873997e-01
33501 0 +2.338641916e+00 +7.386419156e-01 +7.386419156e-01
34011 0 +2.265938978e+00 +6.659389782e-01 +6.659389782e-01
37801 0 +2.161505714e+00 +5.615057136e-01 +5.615057136e-01
38568 0 +2.130441052e+00 +5.304410521e-01 +5.304410521e-01
38601 0 +2.044448202e+00 +4.444482018e-01 +4.444482018e-01
39013 0 +2.031478969e+00 +4.314789691e-01 +4.314789691e-01
% f evaluations | g evaluations | best noise-free fitness - Fopt (-3.708400000000e+02) + sum g_i+ | measured fitness | best measured fitness or single-digit g-values | x1 | x2...
1 0 +8.621634540e+01 -2.846236546e+02 -2.846236546e+02
2 0 +8.620303400e+01 -2.846369660e+02 -2.846369660e+02
13 0 +8.503590065e+01 -2.858040994e+02 -2.858040994e+02
126 0 +7.816145174e+01 -2.926785483e+02 -2.926785483e+02
302 0 +7.757106253e+01 -2.932689375e+02 -2.932689375e+02
501 0 +7.585768399e+01 -2.949823160e+02 -2.949823160e+02
1101 0 +7.390417638e+01 -2.969358236e+02 -2.969358236e+02
1701 0 +7.236786528e+01 -2.984721347e+02 -2.984721347e+02
2502 0 +7.064362327e+01 -3.001963767e+02 -3.001963767e+02
3101 0 +6.915169736e+01 -3.016883026e+02 -3.016883026e+02
3701 0 +6.743903150e+01 -3.034009685e+02 -3.034009685e+02
3901 0 +6.576280546e+01 -3.050771945e+02 -3.050771945e+02
4301 0 +6.410564063e+01 -3.067343594e+02 -3.067343594e+02
4905 0 +6.276938344e+01 -3.080706166e+02 -3.080706166e+02
5001 0 +6.129876570e+01 -3.095412343e+02 -3.095412343e+02
5101 0 +5.992367566e+01 -3.109163243e+02 -3.109163243e+02
5501 0 +5.882977299e+01 -3.120102270e+02 -3.120102270e+02
5903 0 +5.720021617e+01 -3.136397838e+02 -3.136397838e+02
6002 0 +5.606280050e+01 -3.147771995e+02 -3.147771995e+02
6501 0 +5.436578056e+01 -3.164742194e+02 -3.164742194e+02
6701 0 +5.320589274e+01 -3.176341073e+02 -3.176341073e+02
7001 0 +5.185992548e+01 -3.189800745e+02 -3.189800745e+02
7163 0 +5.105599046e+01 -3.197840095e+02 -3.197840095e+02
7301 0 +4.686158700e+01 -3.239784130e+02 -3.239784130e+02
7401 0 +4.676565716e+01 -3.240743428e+02 -3.240743428e+02
7604 0 +4.535539706e+01 -3.254846029e+02 -3.254846029e+02
8001 0 +4.344753757e+01 -3.273924624e+02 -3.273924624e+02
8401 0 +4.232932712e+01 -3.285106729e+02 -3.285106729e+02
8501 0 +3.785029209e+01 -3.329897079e+02 -3.329897079e+02
8902 0 +3.564378068e+01 -3.351962193e+02 -3.351962193e+02
9101 0 +3.533487084e+01 -3.355051292e+02 -3.355051292e+02
9102 0 +3.459471734e+01 -3.362452827e+02 -3.362452827e+02
9905 0 +3.257581419e+01 -3.382641858e+02 -3.382641858e+02
10001 0 +3.190532578e+01 -3.389346742e+02 -3.389346742e+02
10701 0 +3.127169515e+01 -3.395683049e+02 -3.395683049e+02
10802 0 +2.983387760e+01 -3.410061224e+02 -3.410061224e+02
11001 0 +2.817817092e+01 -3.426618291e+02 -3.426618291e+02
11102 0 +2.605102153e+01 -3.447889785e+02 -3.447889785e+02
11301 0 +2.566003955e+01 -3.451799605e+02 -3.451799605e+02
11501 0 +2.476443699e+01 -3.460755630e+02 -3.460755630e+02
11701 0 +2.337047477e+01 -3.474695252e+02 -3.474695252e+02
11801 0 +2.267671809e+01 -3.481632819e+02 -3.481632819e+02
12002 0 +2.234481024e+01 -3.484951898e+02 -3.484951898e+02
12801 0 +2.104690311e+01 -3.497930969e+02 -3.497930969e+02
12802 0 +2.075702941e+01 -3.500829706e+02 -3.500829706e+02
13202 0 +2.029009642e+01 -3.505499036e+02 -3.505499036e+02
13303 0 +1.966934262e+01 -3.511706574e+02 -3.511706574e+02
13401 0 +1.811009486e+01 -3.527299051e+02 -3.527299051e+02
13602 0 +1.666337672e+01 -3.541766233e+02 -3.541766233e+02
14001 0 +1.641451472e+01 -3.544254853e+02 -3.544254853e+02
14601 0 +1.568637261e+01 -3.551536274e+02 -3.551536274e+02
14702 0 +1.504678632e+01 -3.557932137e+02 -3.557932137e+02
15002 0 +1.455769880e+01 -3.562823012e+02 -3.562823012e+02
15005 0 +1.422507647e+01 -3.566149235e+02 -3.566149235e+02
15006 0 +1.381496782e+01 -3.570250322e+02 -3.570250322e+02
15201 0 +1.326085621e+01 -3.575791438e+02 -3.575791438e+02
15401 0 +1.282159147e+01 -3.580184085e+02 -3.580184085e+02
15807 0 +1.200092594e+01 -3.588390741e+02 -3.588390741e+02
15817 0 +1.150686859e+01 -3.593331314e+02 -3.593331314e+02
16609 0 +1.104310707e+01 -3.597968929e+02 -3.597968929e+02
17706 0 +1.085866957e+01 -3.599813304e+02 -3.599813304e+02
17910 0 +1.044316825e+01 -3.603968317e+02 -3.603968317e+02
18303 0 +9.836861182e+00 -3.610031388e+02 -3.610031388e+02
18793 0 +9.763895835e+00 -3.610761042e+02 -3.610761042e+02
18801 0 +8.764952876e+00 -3.620750471e+02 -3.620750471e+02
19101 0 +8.657315432e+00 -3.621826846e+02 -3.621826846e+02
19303 0 +8.491835019e+00 -3.623481650e+02 -3.623481650e+02
19402 0 +7.939261019e+00 -3.629007390e+02 -3.629007390e+02
21101 0 +7.509227090e+00 -3.633307729e+02 -3.633307729e+02
22509 0 +7.243003733e+00 -3.635969963e+02 -3.635969963e+02
22603 0 +6.670828171e+00 -3.641691718e+02 -3.641691718e+02
23303 0 +6.575503941e+00 -3.642644961e+02 -3.642644961e+02
23707 0 +6.375969310e+00 -3.644640307e+02 -3.644640307e+02
23901 0 +5.900423763e+00 -3.649395762e+02 -3.649395762e+02
24601 0 +5.722995283e+00 -3.651170047e+02 -3.651170047e+02
24701 0 +5.304170395e+00 -3.655358296e+02 -3.655358296e+02
25402 0 +5.186215597e+00 -3.656537844e+02 -3.656537844e+02
26004 0 +4.438668591e+00 -3.664013314e+02 -3.664013314e+02
26101 0 +4.073018143e+00 -3.667669819e+02 -3.667669819e+02
26307 0 +3.899414180e+00 -3.669405858e+02 -3.669405858e+02
26401 0 +3.386423818e+00 -3.674535762e+02 -3.674535762e+02
26501 0 +3.217219373e+00 -3.676227806e+02 -3.676227806e+02
30202 0 +3.145213363e+00 -3.676947866e+02 -3.676947866e+02
30351 0 +2.974172423e+00 -3.678658276e+02 -3.678658276e+02
30401 0 +2.942290008e+00 -3.678977100e+02 -3.678977100e+02
30602 0 +2.825075324e+00 -3.680149247e+02 -3.680149247e+02
30802 0 +2.742802323e+00 -3.680971977e+02 -3.680971977e+02
32835 0 +2.671305408e+00 -3.681686946e+02 -3.681686946e+02
32901 0 +2.557896170e+00 -3.682821038e+02 -3.682821038e+02
35401 0 +2.450122656e+00 -3.683898773e+02 -3.683898773e+02
38502 0 +2.274285976e+00 -3.685657140e+02 -3.685657140e+02
% f evaluations | g evaluations | best noise-free fitness - Fopt (-3.256000000000e+01) + sum g_i+ | measured fitness | best measured fitness or single-digit g-values | x1 | x2...
1 0 +8.633778715e+01 +5.377778715e+01 +5.377778715e+01
2 0 +8.487773226e+01 +5.231773226e+01 +5.231773226e+01
126 0 +8.147237698e+01 +4.891237698e+01 +4.891237698e+01
153 0 +8.126745050e+01 +4.870745050e+01 +4.870745050e+01
1001 0 +7.931199771e+01 +4.675199771e+01 +4.675199771e+01
1703 0 +7.755821155e+01 +4.499821155e+01 +4.499821155e+01
2701 0 +7.580373007e+01 +4.324373007e+01 +4.324373007e+01
3605 0 +7.397748382e+01 +4.141748382e+01 +4.141748382e+01
4101 0 +7.193436440e+01 +3.937436440e+01 +3.937436440e+01
4301 0 +7.050812308e+01 +3.794812308e+01 +3.794812308e+01
5101 0 +6.833571719e+01 +3.577571719e+01 +3.577571719e+01
5501 0 +6.699160266e+01 +3.443160266e+01 +3.443160266e+01
6001 0 +6.606451191e+01 +3.350451191e+01 +3.350451191e+01
6501 0 +6.402874619e+01 +3.146874619e+01 +3.146874619e+01
6702 0 +6.126116658e+01 +2.870116658e+01 +2.870116658e+01
6801 0 +5.878210329e+01 +2.622210329e+01 +2.622210329e+01
6901 0 +5.714727350e+01 +2.458727350e+01 +2.458727350e+01
7102 0 +5.505735895e+01 +2.249735895e+01 +2.249735895e+01
7201 0 +5.303939289e+01 +2.047939289e+01 +2.047939289e+01
7301 0 +5.053606787e+01 +1.797606787e+01 +1.797606787e+01
7501 0 +4.974662536e+01 +1.718662536e+01 +1.718662536e+01
7702 0 +4.861409170e+01 +1.605409170e+01 +1.605409170e+01
7801 0 +4.721368646e+01 +1.465368646e+01 +1.465368646e+01
8102 0 +4.606278233e+01 +1.350278233e+01 +1.350278233e+01
8104 0 +4.544674135e+01 +1.288674135e+01 +1.288674135e+01
8302 0 +4.447064202e+01 +1.191064202e+01 +1.191064202e+01
8401 0 +4.277010331e+01 +1.021010331e+01 +1.021010331e+01
8602 0 +4.171113180e+01 +9.151131803e+00 +9.151131803e+00
8607 0 +4.132412682e+01 +8.764126815e+00 +8.764126815e+00
8701 0 +4.040103682e+01 +7.841036819e+00 +7.841036819e+00
9001 0 +3.965568966e+01 +7.095689663e+00 +7.095689663e+00
9201 0 +3.814539356e+01 +5.585393559e+00 +5.585393559e+00
9702 0 +3.787175643e+01 +5.311756428e+00 +5.311756428e+00
9706 0 +3.671683553e+01 +4.156835531e+00 +4.156835531e+00
9901 0 +3.583457407e+01 +3.274574065e+00 +3.274574065e+00
10302 0 +3.415992277e+01 +1.599922768e+00 +1.599922768e+00
10402 0 +3.266816336e+01 +1.081633634e-01 +1.081633634e-01
10601 0 +3.142450483e+01 -1.135495170e+00 -1.135495170e+00
11008 0 +3.055581482e+01 -2.004185182e+00 -2.004185182e+00
11101 0 +3.013053718e+01 -2.429462820e+00 -2.429462820e+00
11704 0 +2.912142678e+01 -3.438573223e+00 -3.438573223e+00
12001 0 +2.848578307e+01 -4.074216926e+00 -4.074216926e+00
12201 0 +2.691140467e+01 -5.648595325e+00 -5.648595325e+00
12302 0 +2.620628003e+01 -6.353719966e+00 -6.353719966e+00
12702 0 +2.501720848e+01 -7.542791521e+00 -7.542791521e+00
13104 0 +2.436930708e+01 -8.190692918e+00 -8.190692918e+00
14001 0 +2.292448767e+01 -9.635512327e+00 -9.635512327e+00
14101 0 +2.254372668e+01 -1.001627332e+01 -1.001627332e+01
14501 0 +2.204156578e+01 -1.051843422e+01 -1.051843422e+01
14506 0 +2.167126754e+01 -1.088873246e+01 -1.088873246e+01
14901 0 +2.137069908e+01 -1.118930092e+01 -1.118930092e+01
15084 0 +2.083019905e+01 -1.172980095e+01 -1.172980095e+01
15146 0 +1.934376838e+01 -1.321623162e+01 -1.321623162e+01
15201 0 +1.754063899e+01 -1.501936101e+01 -1.501936101e+01
15401 0 +1.476804963e+01 -1.779195037e+01 -1.779195037e+01
15701 0 +1.344212695e+01 -1.911787305e+01 -1.911787305e+01
16001 0 +1.241009906e+01 -2.014990094e+01 -2.014990094e+01
16101 0 +1.193351886e+01 -2.062648114e+01 -2.062648114e+01
16302 0 +1.133986477e+01 -2.122013523e+01 -2.122013523e+01
16701 0 +1.121357712e+01 -2.134642288e+01 -2.134642288e+01
16991 0 +1.062477204e+01 -2.193522796e+01 -2.193522796e+01
17001 0 +9.707053416e+00 -2.285294658e+01 -2.285294658e+01
17101 0 +9.201570541e+00 -2.335842946e+01 -2.335842946e+01
17201 0 +8.937788113e+00 -2.362221189e+01 -2.362221189e+01
17401 0 +8.613000759e+00 -2.394699924e+01 -2.394699924e+01
17501 0 +8.326420417e+00 -2.423357958e+01 -2.423357958e+01
18001 0 +8.250424791e+00 -2.430957521e+01 -2.430957521e+01
18177 0 +8.036111987e+00 -2.452388801e+01 -2.452388801e+01
18202 0 +7.799394675e+00 -2.476060532e+01 -2.476060532e+01
18505 0 +7.757813446e+00 -2.480218655e+01 -2.480218655e+01
18601 0 +7.352784930e+00 -2.520721507e+01 -2.520721507e+01
18903 0 +7.148972550e+00 -2.541102745e+01 -2.541102745e+01
19101 0 +6.904500632e+00 -2.565549937e+01 -2.565549937e+01
19202 0 +6.669270075e+00 -2.589072993e+01 -2.589072993e+01
19573 0 +6.540550426e+00 -2.601944957e+01 -2.601944957e+01
19713 0 +6.319243385e+00 -2.624075661e+01 -2.624075661e+01
19801 0 +6.028300068e+00 -2.653169993e+01 -2.653169993e+01
20717 0 +5.840944414e+00 -2.671905559e+01 -2.671905559e+01
21104 0 +5.453477516e+00 -2.710652248e+01 -2.710652248e+01
21508 0 +5.350420928e+00 -2.720957907e+01 -2.720957907e+01
21901 0 +5.181788310e+00 -2.737821169e+01 -2.737821169e+01
22001 0 +4.542757592e+00 -2.801724241e+01 -2.801724241e+01
22102 0 +4.446911580e+00 -2.811308842e+01 -2.811308842e+01
22430 0 +4.231734053e+00 -2.832826595e+01 -2.832826595e+01
22440 0 +4.044145301e+00 -2.851585470e+01 -2.851585470e+01
22802 0 +3.909111192e+00 -2.865088881e+01 -2.865088881e+01
22901 0 +3.478631422e+00 -2.908136858e+01 -2.908136858e+01
23103 0 +3.394895369e+00 -2.916510463e+01 -2.916510463e+01
23201 0 +3.234230812e+00 -2.932576919e+01 -2.932576919e+01
23265 0 +3.121262950e+00 -2.943873705e+01 -2.943873705e+01
23303 0 +2.948565789e+00 -2.961143421e+01 -2.961143421e+01
25302 0 +2.459171650e+00 -3.010082835e+01 -3.010082835e+01
25785 0 +2.376674122e+00 -3.018332588e+01 -3.018332588e+01
25801 0 +2.265207025e+00 -3.029479297e+01 -3.029479297e+01
26001 0 +2.235368645e+00 -3.032463136e+01 -3.032463136e+01
26407 0 +2.169066075e+00 -3.039093392e+01 -3.039093392e+01
27102 0 +2.075278310e+00 -3.048472169e+01 -3.048472169e+01
27201 0 +2.017587988e+00 -3.054241201e+01 -3.054241201e+01
30201 0 +1.982048877e+00 -3.057795112e+01 -3.057795112e+01
32401 0 +1.925021114e+00 -3.063497889e+01 -3.063497889e+01
34503 0 +1.904515950e+00 -3.065548405e+01 -3.065548405e+01
% f evaluations | g evaluations | best noise-free fitness - Fopt (5.154000000000e+02) + sum g_i+ | measured fitness | best measured fitness or single-digit g-values | x1 | x2...
1 0 +8.626075127e+01 +6.016607513e+02 +6.016607513e+02
3 0 +8.554457799e+01 +6.009445780e+02 +6.009445780e+02
32 0 +8.507935266e+01 +6.004793527e+02 +6.004793527e+02
126 0 +8.125242943e+01 +5.966524294e+02 +5.966524294e+02
1201 0 +7.934668692e+01 +5.947466869e+02 +5.947466869e+02
2401 0 +7.727035125e+01 +5.926703513e+02 +5.926703513e+02
3501 0 +7.571122101e+01 +5.911112210e+02 +5.911112210e+02
4002 0 +7.391597698e+01 +5.893159770e+02 +5.893159770e+02
4701 0 +7.235727303e+01 +5.877572730e+02 +5.877572730e+02
5701 0 +7.054830337e+01 +5.859483034e+02 +5.859483034e+02
6901 0 +6.894814502e+01 +5.843481450e+02 +5.843481450e+02
7502 0 +6.753741196e+01 +5.829374120e+02 +5.829374120e+02
7801 0 +6.532319167e+01 +5.807231917e+02 +5.807231917e+02
8905 0 +6.432337090e+01 +5.797233709e+02 +5.797233709e+02
9602 0 +6.269491155e+01 +5.780949115e+02 +5.780949115e+02
9701 0 +5.990165088e+01 +5.753016509e+02 +5.753016509e+02
10101 0 +5.818208333e+01 +5.735820833e+02 +5.735820833e+02
10401 0 +5.721284079e+01 +5.726128408e+02 +5.726128408e+02
10603 0 +5.576782134e+01 +5.711678213e+02 +5.711678213e+02
11101 0 +5.400580979e+01 +5.694058098e+02 +5.694058098e+02
11201 0 +5.227864248e+01 +5.676786425e+02 +5.676786425e+02
11508 0 +5.096857385e+01 +5.663685739e+02 +5.663685739e+02
11601 0 +4.829451293e+01 +5.636945129e+02 +5.636945129e+02
12001 0 +4.634323218e+01 +5.617432322e+02 +5.617432322e+02
12101 0 +4.558747932e+01 +5.609874793e+02 +5.609874793e+02
12501 0 +4.455050945e+01 +5.599505095e+02 +5.599505095e+02
12702 0 +4.275985221e+01 +5.581598522e+02 +5.581598522e+02
12801 0 +4.235995789e+01 +5.577599579e+02 +5.577599579e+02
12803 0 +4.142417512e+01 +5.568241751e+02 +5.568241751e+02
13001 0 +3.760401894e+01 +5.530040189e+02 +5.530040189e+02
13101 0 +3.643378434e+01 +5.518337843e+02 +5.518337843e+02
13501 0 +3.489181185e+01 +5.502918119e+02 +5.502918119e+02
13901 0 +3.262611832e+01 +5.480261183e+02 +5.480261183e+02
14305 0 +3.212996255e+01 +5.475299626e+02 +5.475299626e+02
14401 0 +3.096535379e+01 +5.463653538e+02 +5.463653538e+02
14850 0 +2.948906636e+01 +5.448890664e+02 +5.448890664e+02
14901 0 +2.739605750e+01 +5.427960575e+02 +5.427960575e+02
15001 0 +2.683289355e+01 +5.422328935e+02 +5.422328935e+02
15513 0 +2.603626900e+01 +5.414362690e+02 +5.414362690e+02
16101 0 +2.520639782e+01 +5.406063978e+02 +5.406063978e+02
16201 0 +2.495758193e+01 +5.403575819e+02 +5.403575819e+02
16901 0 +2.448949520e+01 +5.398894952e+02 +5.398894952e+02
17101 0 +2.370146027e+01 +5.391014603e+02 +5.391014603e+02
17102 0 +2.310622101e+01 +5.385062210e+02 +5.385062210e+02
18201 0 +2.214508956e+01 +5.375450896e+02 +5.375450896e+02
18605 0 +2.186264476e+01 +5.372626448e+02 +5.372626448e+02
19904 0 +2.090355449e+01 +5.363035545e+02 +5.363035545e+02
20102 0 +2.018394469e+01 +5.355839447e+02 +5.355839447e+02
20701 0 +1.971480204e+01 +5.351148020e+02 +5.351148020e+02
20801 0 +1.914179162e+01 +5.345417916e+02 +5.345417916e+02
21002 0 +1.899448869e+01 +5.343944887e+02 +5.343944887e+02
21101 0 +1.859464680e+01 +5.339946468e+02 +5.339946468e+02
21301 0 +1.735363043e+01 +5.327536304e+02 +5.327536304e+02
21401 0 +1.668344539e+01 +5.320834454e+02 +5.320834454e+02
21902 0 +1.632884218e+01 +5.317288422e+02 +5.317288422e+02
22201 0 +1.610871458e+01 +5.315087146e+02 +5.315087146e+02
23601 0 +1.563696663e+01 +5.310369666e+02 +5.310369666e+02
24203 0 +1.524888993e+01 +5.306488899e+02 +5.306488899e+02
24304 0 +1.511911672e+01 +5.305191167e+02 +5.305191167e+02
24401 0 +1.455976719e+01 +5.299597672e+02 +5.299597672e+02
24902 0 +1.438232137e+01 +5.297823214e+02 +5.297823214e+02
28101 0 +1.405690278e+01 +5.294569028e+02 +5.294569028e+02
31802 0 +1.370296835e+01 +5.291029683e+02 +5.291029683e+02
33201 0 +1.324124903e+01 +5.286412490e+02 +5.286412490e+02
33301 0 +1.317314372e+01 +5.285731437e+02 +5.285731437e+02
33501 0 +1.279445728e+01 +5.281944573e+02 +5.281944573e+02
33601 0 +1.246637405e+01 +5.278663741e+02 +5.278663741e+02
34002 0 +1.229289425e+01 +5.276928943e+02 +5.276928943e+02
36401 0 +1.200727933e+01 +5.274072793e+02 +5.274072793e+02
37615 0 +1.173662066e+01 +5.271366207e+02 +5.271366207e+02
38508 0 +1.141673565e+01 +5.268167357e+02 +5.268167357e+02
39022 0 +1.113422279e+01 +5.265342228e+02 +5.265342228e+02
% f evaluations | g evaluations | best noise-free fitness - Fopt (-1.000000000000e+03) + sum g_i+ | measured fitness | best measured fitness or single-digit g-values | x1 | x2...
1 0 +8.627741699e+01 -9.137225830e+02 -9.137225830e+02
3 0 +8.297992836e+01 -9.170200716e+02 -9.170200716e+02
126 0 +8.117313235e+01 -9.188268677e+02 -9.188268677e+02
602 0 +7.930837902e+01 -9.206916210e+02 -9.206916210e+02
1301 0 +7.738020698e+01 -9.226197930e+02 -9.226197930e+02
2501 0 +7.551658810e+01 -9.244834119e+02 -9.244834119e+02
3301 0 +7.399927636e+01 -9.260007236e+02 -9.260007236e+02
4201 0 +7.244341518e+01 -9.275565848e+02 -9.275565848e+02
4701 0 +7.048573565e+01 -9.295142643e+02 -9.295142643e+02
5102 0 +6.883072751e+01 -9.311692725e+02 -9.311692725e+02
5801 0 +6.731854292e+01 -9.326814571e+02 -9.326814571e+02
6802 0 +6.604889973e+01 -9.339511003e+02 -9.339511003e+02
7402 0 +6.432413412e+01 -9.356758659e+02 -9.356758659e+02
7601 0 +6.282188209e+01 -9.371781179e+02 -9.371781179e+02
7902 0 +6.104071094e+01 -9.389592891e+02 -9.389592891e+02
8601 0 +5.966235682e+01 -9.403376432e+02 -9.403376432e+02
8902 0 +5.844717175e+01 -9.415528282e+02 -9.415528282e+02
9101 0 +5.691197525e+01 -9.430880248e+02 -9.430880248e+02
9302 0 +5.520657656e+01 -9.447934234e+02 -9.447934234e+02
9401 0 +5.472914576e+01 -9.452708542e+02 -9.452708542e+02
10703 0 +5.283604496e+01 -9.471639550e+02 -9.471639550e+02
11001 0 +5.158486170e+01 -9.484151383e+02 -9.484151383e+02
11403 0 +5.021353699e+01 -9.497864630e+02 -9.497864630e+02
11615 0 +4.915651372e+01 -9.508434863e+02 -9.508434863e+02
11802 0 +4.849334302e+01 -9.515066570e+02 -9.515066570e+02
12501 0 +4.776269890e+01 -9.522373011e+02 -9.522373011e+02
12702 0 +4.676548093e+01 -9.532345191e+02 -9.532345191e+02
12801 0 +4.540005718e+01 -9.545999428e+02 -9.545999428e+02
13401 0 +4.464602477e+01 -9.553539752e+02 -9.553539752e+02
13405 0 +4.317962131e+01 -9.568203787e+02 -9.568203787e+02
13502 0 +4.232044296e+01 -9.576795570e+02 -9.576795570e+02
14005 0 +4.167761278e+01 -9.583223872e+02 -9.583223872e+02
14707 0 +3.979829480e+01 -9.602017052e+02 -9.602017052e+02
15203 0 +3.883562481e+01 -9.611643752e+02 -9.611643752e+02
15305 0 +3.775690558e+01 -9.622430944e+02 -9.622430944e+02
15901 0 +3.628380201e+01 -9.637161980e+02 -9.637161980e+02
16602 0 +3.455586557e+01 -9.654441344e+02 -9.654441344e+02
16902 0 +3.387194131e+01 -9.661280587e+02 -9.661280587e+02
17001 0 +3.269492919e+01 -9.673050708e+02 -9.673050708e+02
17802 0 +3.165847601e+01 -9.683415240e+02 -9.683415240e+02
18402 0 +3.141861072e+01 -9.685813893e+02 -9.685813893e+02
18501 0 +3.072882963e+01 -9.692711704e+02 -9.692711704e+02
19401 0 +2.955674544e+01 -9.704432546e+02 -9.704432546e+02
19501 0 +2.906575615e+01 -9.709342439e+02 -9.709342439e+02
20101 0 +2.875624950e+01 -9.712437505e+02 -9.712437505e+02
20802 0 +2.776020755e+01 -9.722397925e+02 -9.722397925e+02
21802 0 +2.680856787e+01 -9.731914321e+02 -9.731914321e+02
22401 0 +2.612139245e+01 -9.738786075e+02 -9.738786075e+02
22704 0 +2.541634946e+01 -9.745836505e+02 -9.745836505e+02
23201 0 +2.459704605e+01 -9.754029539e+02 -9.754029539e+02
23703 0 +2.446269001e+01 -9.755373100e+02 -9.755373100e+02
25304 0 +2.383644881e+01 -9.761635512e+02 -9.761635512e+02
25601 0 +2.294179595e+01 -9.770582041e+02 -9.770582041e+02
25804 0 +2.282501426e+01 -9.771749857e+02 -9.771749857e+02
26001 0 +2.237169251e+01 -9.776283075e+02 -9.776283075e+02
28101 0 +2.183550087e+01 -9.781644991e+02 -9.781644991e+02
35701 0 +2.134081588e+01 -9.786591841e+02 -9.786591841e+02
37603 0 +2.081532614e+01 -9.791846739e+02 -9.791846739e+02
% f evaluations | g evaluations | best noise-free fitness - Fopt (3.070000000000e+01) + sum g_i+ | measured fitness | best measured fitness or single-digit g-values | x1 | x2...
1 0 +8.606326294e+01 +1.167632629e+02 +1.167632629e+02
4 0 +8.605173384e+01 +1.167517338e+02 +1.167517338e+02
20 0 +8.457935480e+01 +1.152793548e+02 +1.152793548e+02
126 0 +8.033664157e+01 +1.110366416e+02 +1.110366416e+02
127 0 +7.868024238e+01 +1.093802424e+02 +1.093802424e+02
129 0 +7.628998745e+01 +1.069899875e+02 +1.069899875e+02
160 0 +7.560866343e+01 +1.063086634e+02 +1.063086634e+02
703 0 +7.409882353e+01 +1.047988235e+02 +1.047988235e+02
1202 0 +7.228089735e+01 +1.029808974e+02 +1.029808974e+02
1401 0 +7.022294728e+01 +1.009229473e+02 +1.009229473e+02
1701 0 +6.847094296e+01 +9.917094296e+01 +9.917094296e+01
1801 0 +6.690970052e+01 +9.760970052e+01 +9.760970052e+01
1901 0 +6.434734493e+01 +9.504734493e+01 +9.504734493e+01
2604 0 +6.301778646e+01 +9.371778646e+01 +9.371778646e+01
2901 0 +6.105328546e+01 +9.175328546e+01 +9.175328546e+01
3001 0 +6.023778072e+01 +9.093778072e+01 +9.093778072e+01
3002 0 +5.808825800e+01 +8.878825800e+01 +8.878825800e+01
3101 0 +5.561130210e+01 +8.631130210e+01 +8.631130210e+01
3201 0 +5.443032144e+01 +8.513032144e+01 +8.513032144e+01
3502 0 +5.344382290e+01 +8.414382290e+01 +8.414382290e+01
3801 0 +5.082628690e+01 +8.152628690e+01 +8.152628690e+01
4101 0 +4.981983678e+01 +8.051983678e+01 +8.051983678e+01
4665 0 +4.820295569e+01 +7.890295569e+01 +7.890295569e+01
4701 0 +4.425725630e+01 +7.495725630e+01 +7.495725630e+01
4801 0 +4.323745176e+01 +7.393745176e+01 +7.393745176e+01
5002 0 +4.254439417e+01 +7.324439417e+01 +7.324439417e+01
5201 0 +4.160361246e+01 +7.230361246e+01 +7.230361246e+01
5333 0 +4.031438215e+01 +7.101438215e+01 +7.101438215e+01
5337 0 +3.370019392e+01 +6.440019392e+01 +6.440019392e+01
5501 0 +3.183228792e+01 +6.253228792e+01 +6.253228792e+01
5601 0 +2.922616111e+01 +5.992616111e+01 +5.992616111e+01
6201 0 +2.844591678e+01 +5.914591678e+01 +5.914591678e+01
6302 0 +2.706319313e+01 +5.776319313e+01 +5.776319313e+01
6401 0 +2.621674950e+01 +5.691674950e+01 +5.691674950e+01
7134 0 +2.543065349e+01 +5.613065349e+01 +5.613065349e+01
7401 0 +2.475183292e+01 +5.545183292e+01 +5.545183292e+01
7601 0 +2.423527624e+01 +5.493527624e+01 +5.493527624e+01
7802 0 +2.377802747e+01 +5.447802747e+01 +5.447802747e+01
7901 0 +2.204672245e+01 +5.274672245e+01 +5.274672245e+01
8001 0 +2.148456976e+01 +5.218456976e+01 +5.218456976e+01
8102 0 +2.127078531e+01 +5.197078531e+01 +5.197078531e+01
8201 0 +2.061386234e+01 +5.131386234e+01 +5.131386234e+01
9401 0 +2.041561465e+01 +5.111561465e+01 +5.111561465e+01
9701 0 +1.917116152e+01 +4.987116152e+01 +4.987116152e+01
9801 0 +1.839721715e+01 +4.909721715e+01 +4.909721715e+01
10206 0 +1.809186989e+01 +4.879186989e+01 +4.879186989e+01
10612 0 +1.657629657e+01 +4.727629657e+01 +4.727629657e+01
10701 0 +1.451055964e+01 +4.521055964e+01 +4.521055964e+01
10801 0 +1.383845315e+01 +4.453845315e+01 +4.453845315e+01
11302 0 +1.350458083e+01 +4.420458083e+01 +4.420458083e+01
11402 0 +1.272630915e+01 +4.342630915e+01 +4.342630915e+01
11603 0 +1.221230828e+01 +4.291230828e+01 +4.291230828e+01
11701 0 +1.167625280e+01 +4.237625280e+01 +4.237625280e+01
11801 0 +8.768826376e+00 +3.946882638e+01 +3.946882638e+01
11901 0 +8.164164169e+00 +3.886416417e+01 +3.886416417e+01
12001 0 +8.124234500e+00 +3.882423450e+01 +3.882423450e+01
12801 0 +7.780068480e+00 +3.848006848e+01 +3.848006848e+01
13201 0 +6.847347290e+00 +3.754734729e+01 +3.754734729e+01
13301 0 +6.630082409e+00 +3.733008241e+01 +3.733008241e+01
15001 0 +6.350010280e+00 +3.705001028e+01 +3.705001028e+01
15405 0 +5.819484647e+00 +3.651948465e+01 +3.651948465e+01
15601 0 +4.941277559e+00 +3.564127756e+01 +3.564127756e+01
15903 0 +4.681015897e+00 +3.538101590e+01 +3.538101590e+01
16001 0 +4.284219807e+00 +3.498421981e+01 +3.498421981e+01
17001 0 +2.922423698e+00 +3.362242370e+01 +3.362242370e+01
17101 0 +2.718464894e+00 +3.341846489e+01 +3.341846489e+01
17603 0 +2.690027123e+00 +3.339002712e+01 +3.339002712e+01
17910 0 +2.581880320e+00 +3.328188032e+01 +3.328188032e+01
18202 0 +2.462929865e+00 +3.316292986e+01 +3.316292986e+01
18301 0 +2.394384684e+00 +3.309438468e+01 +3.309438468e+01
18303 0 +2.289273601e+00 +3.298927360e+01 +3.298927360e+01
18728 0 +2.198292974e+00 +3.289829297e+01 +3.289829297e+01
18760 0 +2.144149732e+00 +3.284414973e+01 +3.284414973e+01
19104 0 +2.072999234e+00 +3.277299923e+01 +3.277299923e+01
19902 0 +2.033733853e+00 +3.273373385e+01 +3.273373385e+01
20404 0 +1.991268488e+00 +3.269126849e+01 +3.269126849e+01
20501 0 +1.928331013e+00 +3.262833101e+01 +3.262833101e+01
21401 0 +1.877728095e+00 +3.257772809e+01 +3.257772809e+01
24401 0 +1.712509853e+00 +3.241250985e+01 +3.241250985e+01
24906 0 +1.623253724e+00 +3.232325372e+01 +3.232325372e+01
25704 0 +1.598212975e+00 +3.229821297e+01 +3.229821297e+01
26248 0 +1.454488393e+00 +3.215448839e+01 +3.215448839e+01
26301 0 +1.243010142e+00 +3.194301014e+01 +3.194301014e+01
26601 0 +1.129841537e+00 +3.182984154e+01 +3.182984154e+01
27003 0 +9.916652109e-01 +3.169166521e+01 +3.169166521e+01
28701 0 +9.342067755e-01 +3.163420678e+01 +3.163420678e+01
29201 0 +9.147610223e-01 +3.161476102e+01 +3.161476102e+01
29401 0 +8.448912626e-01 +3.154489126e+01 +3.154489126e+01
30201 0 +6.519382534e-01 +3.135193825e+01 +3.135193825e+01
30994 0 +5.562667698e-01 +3.125626677e+01 +3.125626677e+01
31604 0 +5.100090421e-01 +3.121000904e+01 +3.121000904e+01
36501 0 +4.976809894e-01 +3.119768099e+01 +3.119768099e+01
36601 0 +4.780944184e-01 +3.117809442e+01 +3.117809442e+01
% f evaluations | g evaluations | best noise-free fitness - Fopt (2.284000000000e+01) + sum g_i+ | measured fitness | best measured fitness or single-digit g-values | x1 | x2...
1 0 +8.628582413e+01 +1.091258241e+02 +1.091258241e+02
2 0 +8.625209383e+01 +1.090920938e+02 +1.090920938e+02
9 0 +8.234241377e+01 +1.051824138e+02 +1.051824138e+02
501 0 +8.122187782e+01 +1.040618778e+02 +1.040618778e+02
1801 0 +7.893063142e+01 +1.017706314e+02 +1.017706314e+02
2601 0 +7.669082787e+01 +9.953082787e+01 +9.953082787e+01
2701 0 +7.525190578e+01 +9.809190578e+01 +9.809190578e+01
3603 0 +7.412811751e+01 +9.696811751e+01 +9.696811751e+01
4201 0 +7.189212894e+01 +9.473212894e+01 +9.473212894e+01
4802 0 +7.037337782e+01 +9.321337782e+01 +9.321337782e+01
5701 0 +6.892183927e+01 +9.176183927e+01 +9.176183927e+01
6201 0 +6.718992850e+01 +9.002992850e+01 +9.002992850e+01
6401 0 +6.566710977e+01 +8.850710977e+01 +8.850710977e+01
7002 0 +6.359924559e+01 +8.643924559e+01 +8.643924559e+01
7201 0 +6.277413039e+01 +8.561413039e+01 +8.561413039e+01
7601 0 +6.161176254e+01 +8.445176254e+01 +8.445176254e+01
8201 0 +5.954106620e+01 +8.238106620e+01 +8.238106620e+01
8402 0 +5.733268213e+01 +8.017268213e+01 +8.017268213e+01
8501 0 +5.618502516e+01 +7.902502516e+01 +7.902502516e+01
8701 0 +5.479461608e+01 +7.763461608e+01 +7.763461608e+01
8901 0 +5.057065296e+01 +7.341065296e+01 +7.341065296e+01
9001 0 +4.848807455e+01 +7.132807455e+01 +7.132807455e+01
9201 0 +4.688268620e+01 +6.972268620e+01 +6.972268620e+01
9705 0 +4.650056558e+01 +6.934056558e+01 +6.934056558e+01
9801 0 +4.461699316e+01 +6.745699316e+01 +6.745699316e+01
10001 0 +4.275181513e+01 +6.559181513e+01 +6.559181513e+01
10201 0 +4.119608832e+01 +6.403608832e+01 +6.403608832e+01
10301 0 +3.984567685e+01 +6.268567685e+01 +6.268567685e+01
10604 0 +3.934199424e+01 +6.218199424e+01 +6.218199424e+01
10907 0 +3.841805992e+01 +6.125805992e+01 +6.125805992e+01
11001 0 +3.602346548e+01 +5.886346548e+01 +5.886346548e+01
11101 0 +3.375895855e+01 +5.659895855e+01 +5.659895855e+01
11201 0 +3.229441086e+01 +5.513441086e+01 +5.513441086e+01
11401 0 +3.159570344e+01 +5.443570344e+01 +5.443570344e+01
11601 0 +2.997996154e+01 +5.281996154e+01 +5.281996154e+01
12301 0 +2.828658008e+01 +5.112658008e+01 +5.112658008e+01
12401 0 +2.797274980e+01 +5.081274980e+01 +5.081274980e+01
13008 0 +2.738376575e+01 +5.022376575e+01 +5.022376575e+01
13102 0 +2.683136342e+01 +4.967136342e+01 +4.967136342e+01
13202 0 +2.586180479e+01 +4.870180479e+01 +4.870180479e+01
13803 0 +2.557800581e+01 +4.841800581e+01 +4.841800581e+01
13812 0 +2.503255988e+01 +4.787255988e+01 +4.787255988e+01
14501 0 +2.438334306e+01 +4.722334306e+01 +4.722334306e+01
14901 0 +2.296623995e+01 +4.580623995e+01 +4.580623995e+01
15002 0 +2.244320929e+01 +4.528320929e+01 +4.528320929e+01
15501 0 +2.223307951e+01 +4.507307951e+01 +4.507307951e+01
15502 0 +2.181595006e+01 +4.465595006e+01 +4.465595006e+01
16148 0 +2.095379130e+01 +4.379379130e+01 +4.379379130e+01
16202 0 +2.072094004e+01 +4.356094004e+01 +4.356094004e+01
16604 0 +1.995481291e+01 +4.279481291e+01 +4.279481291e+01
16908 0 +1.974381481e+01 +4.258381481e+01 +4.258381481e+01
17001 0 +1.920241692e+01 +4.204241692e+01 +4.204241692e+01
17311 0 +1.901410177e+01 +4.185410177e+01 +4.185410177e+01
18504 0 +1.797093479e+01 +4.081093479e+01 +4.081093479e+01
19006 0 +1.769808099e+01 +4.053808099e+01 +4.053808099e+01
19202 0 +1.670501124e+01 +3.954501124e+01 +3.954501124e+01
19406 0 +1.618173266e+01 +3.902173266e+01 +3.902173266e+01
20502 0 +1.422110131e+01 +3.706110131e+01 +3.706110131e+01
20802 0 +1.372394743e+01 +3.656394743e+01 +3.656394743e+01
21002 0 +1.325301012e+01 +3.609301012e+01 +3.609301012e+01
21204 0 +1.302165308e+01 +3.586165308e+01 +3.586165308e+01
22203 0 +1.221240666e+01 +3.505240666e+01 +3.505240666e+01
23109 0 +1.175762925e+01 +3.459762925e+01 +3.459762925e+01
23201 0 +1.173109177e+01 +3.457109177e+01 +3.457109177e+01
23401 0 +1.062114424e+01 +3.346114424e+01 +3.346114424e+01
24101 0 +1.041829465e+01 +3.325829465e+01 +3.325829465e+01
24201 0 +1.013203027e+01 +3.297203027e+01 +3.297203027e+01
24402 0 +9.792786279e+00 +3.263278628e+01 +3.263278628e+01
24601 0 +9.685653689e+00 +3.252565369e+01 +3.252565369e+01
24701 0 +9.506350487e+00 +3.234635049e+01 +3.234635049e+01
25101 0 +9.063290199e+00 +3.190329020e+01 +3.190329020e+01
26001 0 +8.909250984e+00 +3.174925098e+01 +3.174925098e+01
26002 0 +8.498972780e+00 +3.133897278e+01 +3.133897278e+01
29201 0 +8.234653776e+00 +3.107465378e+01 +3.107465378e+01
29403 0 +8.123074327e+00 +3.096307433e+01 +3.096307433e+01
38601 0 +7.923216321e+00 +3.076321632e+01 +3.076321632e+01
% f evaluations | g evaluations | best noise-free fitness - Fopt (2.473000000000e+01) + sum g_i+ | measured fitness | best measured fitness or single-digit g-values | x1 | x2...
1 0 +8.589529089e+01 +1.106252909e+02 +1.106252909e+02
2 0 +8.552411575e+01 +1.102541157e+02 +1.102541157e+02
77 0 +8.443824680e+01 +1.091682468e+02 +1.091682468e+02
126 0 +8.229367514e+01 +1.070236751e+02 +1.070236751e+02
246 0 +8.126120135e+01 +1.059912014e+02 +1.059912014e+02
701 0 +7.868665679e+01 +1.034166568e+02 +1.034166568e+02
1301 0 +7.674032179e+01 +1.014703218e+02 +1.014703218e+02
1602 0 +7.548951422e+01 +1.002195142e+02 +1.002195142e+02
2001 0 +7.391453559e+01 +9.864453559e+01 +9.864453559e+01
2102 0 +7.239742402e+01 +9.712742402e+01 +9.712742402e+01
3202 0 +7.012463647e+01 +9.485463647e+01 +9.485463647e+01
3805 0 +6.859972383e+01 +9.332972383e+01 +9.332972383e+01
4302 0 +6.722849686e+01 +9.195849686e+01 +9.195849686e+01
4801 0 +6.511985350e+01 +8.984985350e+01 +8.984985350e+01
4901 0 +6.415954118e+01 +8.888954118e+01 +8.888954118e+01
5501 0 +6.289659762e+01 +8.762659762e+01 +8.762659762e+01
5701 0 +5.972784840e+01 +8.445784840e+01 +8.445784840e+01
5901 0 +5.872456722e+01 +8.345456722e+01 +8.345456722e+01
6401 0 +5.717402612e+01 +8.190402612e+01 +8.190402612e+01
6703 0 +5.533494891e+01 +8.006494891e+01 +8.006494891e+01
7003 0 +5.446434461e+01 +7.919434461e+01 +7.919434461e+01
7101 0 +5.339242566e+01 +7.812242566e+01 +7.812242566e+01
7401 0 +5.065052684e+01 +7.538052684e+01 +7.538052684e+01
7903 0 +4.976597254e+01 +7.449597254e+01 +7.449597254e+01
8204 0 +4.893080760e+01 +7.366080760e+01 +7.366080760e+01
8502 0 +4.583468941e+01 +7.056468941e+01 +7.056468941e+01
8910 0 +4.481717817e+01 +6.954717817e+01 +6.954717817e+01
9501 0 +4.225061536e+01 +6.698061536e+01 +6.698061536e+01
9601 0 +4.068846197e+01 +6.541846197e+01 +6.541846197e+01
9901 0 +3.842570276e+01 +6.315570276e+01 +6.315570276e+01
10001 0 +3.771097929e+01 +6.244097929e+01 +6.244097929e+01
10520 0 +3.658874632e+01 +6.131874632e+01 +6.131874632e+01
10701 0 +3.247753445e+01 +5.720753445e+01 +5.720753445e+01
11001 0 +3.141127731e+01 +5.614127731e+01 +5.614127731e+01
11302 0 +3.043109506e+01 +5.516109506e+01 +5.516109506e+01
11401 0 +2.958783002e+01 +5.431783002e+01 +5.431783002e+01
11602 0 +2.897363315e+01 +5.370363315e+01 +5.370363315e+01
11702 0 +2.864010420e+01 +5.337010420e+01 +5.337010420e+01
11901 0 +2.787683899e+01 +5.260683899e+01 +5.260683899e+01
12301 0 +2.536180839e+01 +5.009180839e+01 +5.009180839e+01
12401 0 +2.379259017e+01 +4.852259017e+01 +4.852259017e+01
12501 0 +2.330491010e+01 +4.803491010e+01 +4.803491010e+01
12601 0 +2.255210631e+01 +4.728210631e+01 +4.728210631e+01
12902 0 +2.228938749e+01 +4.701938749e+01 +4.701938749e+01
13001 0 +2.158480597e+01 +4.631480597e+01 +4.631480597e+01
13435 0 +2.129467230e+01 +4.602467230e+01 +4.602467230e+01
13501 0 +2.042048008e+01 +4.515048008e+01 +4.515048008e+01
13918 0 +2.024752183e+01 +4.497752183e+01 +4.497752183e+01
14101 0 +1.872926759e+01 +4.345926759e+01 +4.345926759e+01
14505 0 +1.845771071e+01 +4.318771071e+01 +4.318771071e+01
14605 0 +1.790345985e+01 +4.263345985e+01 +4.263345985e+01
15001 0 +1.716312177e+01 +4.189312177e+01 +4.189312177e+01
15004 0 +1.692873844e+01 +4.165873844e+01 +4.165873844e+01
15102 0 +1.497539953e+01 +3.970539953e+01 +3.970539953e+01
15901 0 +1.432139186e+01 +3.905139186e+01 +3.905139186e+01
16001 0 +1.385161404e+01 +3.858161404e+01 +3.858161404e+01
16426 0 +1.362385351e+01 +3.835385351e+01 +3.835385351e+01
16489 0 +1.343597938e+01 +3.816597938e+01 +3.816597938e+01
16801 0 +1.094312322e+01 +3.567312322e+01 +3.567312322e+01
18001 0 +9.608028578e+00 +3.433802858e+01 +3.433802858e+01
18201 0 +9.394183499e+00 +3.412418350e+01 +3.412418350e+01
18202 0 +9.140502135e+00 +3.387050213e+01 +3.387050213e+01
18301 0 +8.790650033e+00 +3.352065003e+01 +3.352065003e+01
18401 0 +8.110655835e+00 +3.284065583e+01 +3.284065583e+01
18604 0 +7.760305813e+00 +3.249030581e+01 +3.249030581e+01
20303 0 +7.537427125e+00 +3.226742712e+01 +3.226742712e+01
21601 0 +6.969018453e+00 +3.169901845e+01 +3.169901845e+01
23401 0 +6.643112347e+00 +3.137311235e+01 +3.137311235e+01
23403 0 +6.007005864e+00 +3.073700586e+01 +3.073700586e+01
23501 0 +5.415989967e+00 +3.014598997e+01 +3.014598997e+01
23601 0 +5.320537236e+00 +3.005053724e+01 +3.005053724e+01
24612 0 +4.932808966e+00 +2.966280897e+01 +2.966280897e+01
26003 0 +4.749558417e+00 +2.947955842e+01 +2.947955842e+01
26401 0 +3.528844609e+00 +2.825884461e+01 +2.825884461e+01
26710 0 +3.425902542e+00 +2.815590254e+01 +2.815590254e+01
26802 0 +2.730583094e+00 +2.746058309e+01 +2.746058309e+01
27369 0 +2.571228697e+00 +2.730122870e+01 +2.730122870e+01
27603 0 +2.247041008e+00 +2.697704101e+01 +2.697704101e+01
28029 0 +2.166139046e+00 +2.689613905e+01 +2.689613905e+01
28309 0 +2.126545840e+00 +2.685654584e+01 +2.685654584e+01
28401 0 +2.053716461e+00 +2.678371646e+01 +2.678371646e+01
28601 0 +2.040058948e+00 +2.677005895e+01 +2.677005895e+01
31905 0 +1.951367054e+00 +2.668136705e+01 +2.668136705e+01
33604 0 +1.913270243e+00 +2.664327024e+01 +2.664327024e+01
33801 0 +1.856915902e+00 +2.658691590e+01 +2.658691590e+01
34604 0 +1.762766996e+00 +2.649276700e+01 +2.649276700e+01
34701 0 +1.705647760e+00 +2.643564776e+01 +2.643564776e+01
35177 0 +1.621228705e+00 +2.635122870e+01 +2.635122870e+01
35201 0 +1.471722489e+00 +2.620172249e+01 +2.620172249e+01
37087 0 +1.371239467e+00 +2.610123947e+01 +2.610123947e+01
37206 0 +1.134999946e+00 +2.586499995e+01 +2.586499995e+01
37305 0 +1.082383193e+00 +2.581238319e+01 +2.581238319e+01
37505 0 +1.021514863e+00 +2.575151486e+01 +2.575151486e+01
37613 0 +9.100502809e-01 +2.564005028e+01 +2.564005028e+01
38241 0 +8.692707111e-01 +2.559927071e+01 +2.559927071e+01
38303 0 +7.594141867e-01 +2.548941419e+01 +2.548941419e+01
38505 0 +7.464210231e-01 +2.547642102e+01 +2.547642102e+01
39586 0 +7.165469467e-01 +2.544654695e+01 +2.544654695e+01
39704 0 +6.711491631e-01 +2.540114916e+01 +2.540114916e+01
% f evaluations | g evaluations | best noise-free fitness - Fopt (1.000000000000e+03) + sum g_i+ | measured fitness | best measured fitness or single-digit g-values | x1 | x2...
1 0 +8.631543361e+01 +1.086315434e+03 +1.086315434e+03
3 0 +8.605768889e+01 +1.086057689e+03 +1.086057689e+03
9 0 +8.495000342e+01 +1.084950003e+03 +1.084950003e+03
126 0 +8.132434362e+01 +1.081324344e+03 +1.081324344e+03
148 0 +8.123836296e+01 +1.081238363e+03 +1.081238363e+03
1104 0 +7.921497372e+01 +1.079214974e+03 +1.079214974e+03
1702 0 +7.678935208e+01 +1.076789352e+03 +1.076789352e+03
2102 0 +7.583209866e+01 +1.075832099e+03 +1.075832099e+03
2601 0 +7.366449213e+01 +1.073664492e+03 +1.073664492e+03
3501 0 +7.228798256e+01 +1.072287983e+03 +1.072287983e+03
3801 0 +7.025732894e+01 +1.070257329e+03 +1.070257329e+03
5002 0 +6.854690066e+01 +1.068546901e+03 +1.068546901e+03
5101 0 +6.723013124e+01 +1.067230131e+03 +1.067230131e+03
5701 0 +6.509430949e+01 +1.065094309e+03 +1.065094309e+03
6601 0 +6.385481010e+01 +1.063854810e+03 +1.063854810e+03
7107 0 +6.302227402e+01 +1.063022274e+03 +1.063022274e+03
7701 0 +6.141385188e+01 +1.061413852e+03 +1.061413852e+03
7806 0 +6.017640427e+01 +1.060176404e+03 +1.060176404e+03
8105 0 +5.837518503e+01 +1.058375185e+03 +1.058375185e+03
8495 0 +5.743213206e+01 +1.057432132e+03 +1.057432132e+03
8701 0 +5.611821391e+01 +1.056118214e+03 +1.056118214e+03
8901 0 +5.356112104e+01 +1.053561121e+03 +1.053561121e+03
9001 0 +5.235574454e+01 +1.052355745e+03 +1.052355745e+03
9401 0 +5.014966611e+01 +1.050149666e+03 +1.050149666e+03
9605 0 +4.992810183e+01 +1.049928102e+03 +1.049928102e+03
9701 0 +4.766063576e+01 +1.047660636e+03 +1.047660636e+03
10306 0 +4.593578167e+01 +1.045935782e+03 +1.045935782e+03
10401 0 +4.541095888e+01 +1.045410959e+03 +1.045410959e+03
10702 0 +4.332889384e+01 +1.043328894e+03 +1.043328894e+03
11001 0 +4.033717556e+01 +1.040337176e+03 +1.040337176e+03
11201 0 +3.887773881e+01 +1.038877739e+03 +1.038877739e+03
11301 0 +3.688588179e+01 +1.036885882e+03 +1.036885882e+03
11702 0 +3.569799747e+01 +1.035697997e+03 +1.035697997e+03
11801 0 +3.481649527e+01 +1.034816495e+03 +1.034816495e+03
11901 0 +3.420634134e+01 +1.034206341e+03 +1.034206341e+03
12301 0 +3.205367721e+01 +1.032053677e+03 +1.032053677e+03
12502 0 +3.079351612e+01 +1.030793516e+03 +1.030793516e+03
13101 0 +2.982101375e+01 +1.029821014e+03 +1.029821014e+03
13201 0 +2.923513697e+01 +1.029235137e+03 +1.029235137e+03
13402 0 +2.870121119e+01 +1.028701211e+03 +1.028701211e+03
13504 0 +2.781588622e+01 +1.027815886e+03 +1.027815886e+03
13603 0 +2.739413979e+01 +1.027394140e+03 +1.027394140e+03
13701 0 +2.668412969e+01 +1.026684130e+03 +1.026684130e+03
14201 0 +2.618296576e+01 +1.026182966e+03 +1.026182966e+03
14602 0 +2.484056052e+01 +1.024840561e+03 +1.024840561e+03
15001 0 +2.452446718e+01 +1.024524467e+03 +1.024524467e+03
15601 0 +2.350788404e+01 +1.023507884e+03 +1.023507884e+03
15801 0 +2.239938040e+01 +1.022399380e+03 +1.022399380e+03
15901 0 +2.238457994e+01 +1.022384580e+03 +1.022384580e+03
16417 0 +2.134086730e+01 +1.021340867e+03 +1.021340867e+03
17302 0 +2.064512460e+01 +1.020645125e+03 +1.020645125e+03
17501 0 +2.025014649e+01 +1.020250146e+03 +1.020250146e+03
17503 0 +1.987032688e+01 +1.019870327e+03 +1.019870327e+03
17802 0 +1.916295105e+01 +1.019162951e+03 +1.019162951e+03
18104 0 +1.865072775e+01 +1.018650728e+03 +1.018650728e+03
18201 0 +1.848647939e+01 +1.018486479e+03 +1.018486479e+03
18802 0 +1.805331140e+01 +1.018053311e+03 +1.018053311e+03
19001 0 +1.765858127e+01 +1.017658581e+03 +1.017658581e+03
19301 0 +1.737521038e+01 +1.017375210e+03 +1.017375210e+03
19702 0 +1.652097317e+01 +1.016520973e+03 +1.016520973e+03
20201 0 +1.575842610e+01 +1.015758426e+03 +1.015758426e+03
20301 0 +1.534252757e+01 +1.015342528e+03 +1.015342528e+03
20604 0 +1.493878384e+01 +1.014938784e+03 +1.014938784e+03
20701 0 +1.452684397e+01 +1.014526844e+03 +1.014526844e+03
20901 0 +1.419390989e+01 +1.014193910e+03 +1.014193910e+03
21101 0 +1.341990131e+01 +1.013419901e+03 +1.013419901e+03
21301 0 +1.297263983e+01 +1.012972640e+03 +1.012972640e+03
22501 0 +1.288147973e+01 +1.012881480e+03 +1.012881480e+03
22601 0 +1.252958046e+01 +1.012529580e+03 +1.012529580e+03
22706 0 +1.206073618e+01 +1.012060736e+03 +1.012060736e+03
22801 0 +1.192023780e+01 +1.011920238e+03 +1.011920238e+03
23301 0 +1.169960089e+01 +1.011699601e+03 +1.011699601e+03
23803 0 +1.121876774e+01 +1.011218768e+03 +1.011218768e+03
25246 0 +1.079873944e+01 +1.010798739e+03 +1.010798739e+03
26001 0 +1.066672723e+01 +1.010666727e+03 +1.010666727e+03
27502 0 +1.044346178e+01 +1.010443462e+03 +1.010443462e+03
28402 0 +1.013563252e+01 +1.010135633e+03 +1.010135633e+03
29201 0 +9.985975482e+00 +1.009985975e+03 +1.009985975e+03
31101 0 +9.554622912e+00 +1.009554623e+03 +1.009554623e+03
31301 0 +9.478223377e+00 +1.009478223e+03 +1.009478223e+03
31602 0 +9.129216478e+00 +1.009129216e+03 +1.009129216e+03
33101 0 +9.050734163e+00 +1.009050734e+03 +1.009050734e+03
34003 0 +8.903835928e+00 +1.008903836e+03 +1.008903836e+03
% f evaluations | g evaluations | best noise-free fitness - Fopt (-3.153700000000e+02) + sum g_i+ | measured fitness | best measured fitness or single-digit g-values | x1 | x2...
1 0 +8.646161010e+01 -2.289083899e+02 -2.289083899e+02
2 0 +8.638065920e+01 -2.289893408e+02 -2.289893408e+02
25 0 +8.456656775e+01 -2.308034322e+02 -2.308034322e+02
53 0 +8.141438665e+01 -2.339556134e+02 -2.339556134e+02
126 0 +7.354014126e+01 -2.418298587e+02 -2.418298587e+02
301 0 +7.235890419e+01 -2.430110958e+02 -2.430110958e+02
702 0 +7.075510582e+01 -2.446148942e+02 -2.446148942e+02
1202 0 +6.876127901e+01 -2.466087210e+02 -2.466087210e+02
1701 0 +6.728331669e+01 -2.480866833e+02 -2.480866833e+02
2202 0 +6.530899539e+01 -2.500610046e+02 -2.500610046e+02
2401 0 +6.385063696e+01 -2.515193630e+02 -2.515193630e+02
2502 0 +6.193835895e+01 -2.534316411e+02 -2.534316411e+02
2701 0 +6.110464726e+01 -2.542653527e+02 -2.542653527e+02
2703 0 +6.003598037e+01 -2.553340196e+02 -2.553340196e+02
2901 0 +5.691788188e+01 -2.584521181e+02 -2.584521181e+02
3001 0 +5.447934935e+01 -2.608906506e+02 -2.608906506e+02
3208 0 +5.297319140e+01 -2.623968086e+02 -2.623968086e+02
3601 0 +5.166366011e+01 -2.637063399e+02 -2.637063399e+02
4201 0 +4.652114280e+01 -2.688488572e+02 -2.688488572e+02
4701 0 +4.554391761e+01 -2.698260824e+02 -2.698260824e+02
5004 0 +4.423321777e+01 -2.711367822e+02 -2.711367822e+02
5102 0 +4.087130393e+01 -2.744986961e+02 -2.744986961e+02
5201 0 +3.848281227e+01 -2.768871877e+02 -2.768871877e+02
5401 0 +3.388397856e+01 -2.814860214e+02 -2.814860214e+02
6604 0 +3.280180024e+01 -2.825681998e+02 -2.825681998e+02
6902 0 +3.198661893e+01 -2.833833811e+02 -2.833833811e+02
6905 0 +3.158660410e+01 -2.837833959e+02 -2.837833959e+02
7001 0 +2.686493395e+01 -2.885050661e+02 -2.885050661e+02
8001 0 +2.570106097e+01 -2.896689390e+02 -2.896689390e+02
8202 0 +2.421099962e+01 -2.911590004e+02 -2.911590004e+02
8502 0 +2.386154299e+01 -2.915084570e+02 -2.915084570e+02
8801 0 +2.283425540e+01 -2.925357446e+02 -2.925357446e+02
9001 0 +2.078112680e+01 -2.945888732e+02 -2.945888732e+02
9004 0 +2.005630016e+01 -2.953136998e+02 -2.953136998e+02
9101 0 +1.947605685e+01 -2.958939432e+02 -2.958939432e+02
9501 0 +1.875849442e+01 -2.966115056e+02 -2.966115056e+02
9602 0 +1.822703064e+01 -2.971429694e+02 -2.971429694e+02
9702 0 +1.662498418e+01 -2.987450158e+02 -2.987450158e+02
9801 0 +1.430031183e+01 -3.010696882e+02 -3.010696882e+02
10419 0 +1.375111406e+01 -3.016188859e+02 -3.016188859e+02
11101 0 +1.343671003e+01 -3.019332900e+02 -3.019332900e+02
11511 0 +1.310001355e+01 -3.022699864e+02 -3.022699864e+02
11660 0 +1.285489747e+01 -3.025151025e+02 -3.025151025e+02
11801 0 +1.089463302e+01 -3.044753670e+02 -3.044753670e+02
12001 0 +1.067279320e+01 -3.046972068e+02 -3.046972068e+02
12101 0 +9.987926408e+00 -3.053820736e+02 -3.053820736e+02
12723 0 +9.737630579e+00 -3.056323694e+02 -3.056323694e+02
13601 0 +9.085934607e+00 -3.062840654e+02 -3.062840654e+02
13701 0 +8.652370635e+00 -3.067176294e+02 -3.067176294e+02
14101 0 +7.940390862e+00 -3.074296091e+02 -3.074296091e+02
14201 0 +7.682025196e+00 -3.076879748e+02 -3.076879748e+02
14535 0 +7.581391832e+00 -3.077886082e+02 -3.077886082e+02
15303 0 +7.202499257e+00 -3.081675007e+02 -3.081675007e+02
16065 0 +7.068821183e+00 -3.083011788e+02 -3.083011788e+02
16308 0 +6.377567348e+00 -3.089924327e+02 -3.089924327e+02
17301 0 +5.555702924e+00 -3.098142971e+02 -3.098142971e+02
18001 0 +5.382884694e+00 -3.099871153e+02 -3.099871153e+02
18215 0 +5.085183846e+00 -3.102848162e+02 -3.102848162e+02
18401 0 +4.674745234e+00 -3.106952548e+02 -3.106952548e+02
18502 0 +4.297068148e+00 -3.110729319e+02 -3.110729319e+02
20001 0 +4.184891979e+00 -3.111851080e+02 -3.111851080e+02
20201 0 +3.228104784e+00 -3.121418952e+02 -3.121418952e+02
20901 0 +3.033981137e+00 -3.123360189e+02 -3.123360189e+02
21109 0 +2.992304810e+00 -3.123776952e+02 -3.123776952e+02
21501 0 +2.897283604e+00 -3.124727164e+02 -3.124727164e+02
21801 0 +2.423135018e+00 -3.129468650e+02 -3.129468650e+02
22002 0 +2.320541226e+00 -3.130494588e+02 -3.130494588e+02
23004 0 +2.286209549e+00 -3.130837905e+02 -3.130837905e+02
23101 0 +2.153677118e+00 -3.132163229e+02 -3.132163229e+02
24001 0 +2.107858899e+00 -3.132621411e+02 -3.132621411e+02
27002 0 +2.018472320e+00 -3.133515277e+02 -3.133515277e+02
27101 0 +1.963093748e+00 -3.134069063e+02 -3.134069063e+02
28701 0 +1.944937377e+00 -3.134250626e+02 -3.134250626e+02
31270 0 +1.845161608e+00 -3.135248384e+02 -3.135248384e+02
31401 0 +1.770128667e+00 -3.135998713e+02 -3.135998713e+02
35009 0 +1.603933209e+00 -3.137660668e+02 -3.137660668e+02
35203 0 +1.475842224e+00 -3.138941578e+02 -3.138941578e+02
38702 0 +1.375780404e+00 -3.139942196e+02 -3.139942196e+02
38901 0 +1.335624162e+00 -3.140343758e+02 -3.140343758e+02
% f evaluations | g evaluations | best noise-free fitness - Fopt (7.019000000000e+01) + sum g_i+ | measured fitness | best measured fitness or single-digit g-values | x1 | x2...
1 0 +8.603535520e+01 +1.562253552e+02 +1.562253552e+02
8 0 +8.586961700e+01 +1.560596170e+02 +1.560596170e+02
13 0 +8.490322118e+01 +1.550932212e+02 +1.550932212e+02
126 0 +7.831875442e+01 +1.485087544e+02 +1.485087544e+02
201 0 +7.722428619e+01 +1.474142862e+02 +1.474142862e+02
1369 0 +7.581588421e+01 +1.460058842e+02 +1.460058842e+02
1802 0 +7.369525584e+01 +1.438852558e+02 +1.438852558e+02
2401 0 +7.229083641e+01 +1.424808364e+02 +1.424808364e+02
2801 0 +7.059424838e+01 +1.407842484e+02 +1.407842484e+02
3001 0 +6.876854990e+01 +1.389585499e+02 +1.389585499e+02
3101 0 +6.738265463e+01 +1.375726546e+02 +1.375726546e+02
3301 0 +6.501062960e+01 +1.352006296e+02 +1.352006296e+02
3901 0 +6.346604970e+01 +1.336560497e+02 +1.336560497e+02
4302 0 +6.281313865e+01 +1.330031386e+02 +1.330031386e+02
4501 0 +6.039473602e+01 +1.305847360e+02 +1.305847360e+02
4701 0 +5.926099052e+01 +1.294509905e+02 +1.294509905e+02
5102 0 +5.859569857e+01 +1.287856986e+02 +1.287856986e+02
5602 0 +5.550155740e+01 +1.256915574e+02 +1.256915574e+02
5901 0 +5.380038693e+01 +1.239903869e+02 +1.239903869e+02
6405 0 +5.345512858e+01 +1.236451286e+02 +1.236451286e+02
6602 0 +5.153375841e+01 +1.217237584e+02 +1.217237584e+02
6813 0 +5.086827626e+01 +1.210582763e+02 +1.210582763e+02
7002 0 +4.839568479e+01 +1.185856848e+02 +1.185856848e+02
7301 0 +4.724417912e+01 +1.174341791e+02 +1.174341791e+02
7402 0 +4.657099414e+01 +1.167609941e+02 +1.167609941e+02
7405 0 +4.530283954e+01 +1.154928395e+02 +1.154928395e+02
7502 0 +4.464556031e+01 +1.148355603e+02 +1.148355603e+02
7907 0 +4.327643849e+01 +1.134664385e+02 +1.134664385e+02
8002 0 +4.116010997e+01 +1.113501100e+02 +1.113501100e+02
8202 0 +3.972592548e+01 +1.099159255e+02 +1.099159255e+02
8402 0 +3.810994026e+01 +1.082999403e+02 +1.082999403e+02
8502 0 +3.760870371e+01 +1.077987037e+02 +1.077987037e+02
8601 0 +3.677913238e+01 +1.069691324e+02 +1.069691324e+02
9603 0 +3.592891657e+01 +1.061189166e+02 +1.061189166e+02
9809 0 +3.452448208e+01 +1.047144821e+02 +1.047144821e+02
10002 0 +3.285115267e+01 +1.030411527e+02 +1.030411527e+02
10101 0 +3.189734836e+01 +1.020873484e+02 +1.020873484e+02
10479 0 +3.120746381e+01 +1.013974638e+02 +1.013974638e+02
10603 0 +3.086387713e+01 +1.010538771e+02 +1.010538771e+02
10606 0 +2.884993528e+01 +9.903993528e+01 +9.903993528e+01
10701 0 +2.725728904e+01 +9.744728904e+01 +9.744728904e+01
10901 0 +2.581587255e+01 +9.600587255e+01 +9.600587255e+01
11101 0 +2.501153971e+01 +9.520153971e+01 +9.520153971e+01
11406 0 +2.416917146e+01 +9.435917146e+01 +9.435917146e+01
11601 0 +2.281466812e+01 +9.300466812e+01 +9.300466812e+01
12101 0 +2.218190339e+01 +9.237190339e+01 +9.237190339e+01
12201 0 +2.089246050e+01 +9.108246050e+01 +9.108246050e+01
12301 0 +2.019423958e+01 +9.038423958e+01 +9.038423958e+01
12401 0 +1.966029241e+01 +8.985029241e+01 +8.985029241e+01
12601 0 +1.874362787e+01 +8.893362787e+01 +8.893362787e+01
12911 0 +1.850685807e+01 +8.869685807e+01 +8.869685807e+01
13001 0 +1.773744648e+01 +8.792744648e+01 +8.792744648e+01
13301 0 +1.703957291e+01 +8.722957291e+01 +8.722957291e+01
13401 0 +1.642125108e+01 +8.661125108e+01 +8.661125108e+01
13602 0 +1.489594497e+01 +8.508594497e+01 +8.508594497e+01
14501 0 +1.471392671e+01 +8.490392671e+01 +8.490392671e+01
15003 0 +1.301996392e+01 +8.320996392e+01 +8.320996392e+01
15307 0 +1.287050671e+01 +8.306050671e+01 +8.306050671e+01
15308 0 +1.245565778e+01 +8.264565778e+01 +8.264565778e+01
15601 0 +1.184696514e+01 +8.203696514e+01 +8.203696514e+01
15701 0 +1.172576150e+01 +8.191576150e+01 +8.191576150e+01
15869 0 +1.111758101e+01 +8.130758101e+01 +8.130758101e+01
16107 0 +1.090369170e+01 +8.109369170e+01 +8.109369170e+01
16129 0 +1.067245482e+01 +8.086245482e+01 +8.086245482e+01
17105 0 +1.034394820e+01 +8.053394820e+01 +8.053394820e+01
17302 0 +1.006488709e+01 +8.025488709e+01 +8.025488709e+01
17401 0 +9.542523185e+00 +7.973252319e+01 +7.973252319e+01
17903 0 +9.328089100e+00 +7.951808910e+01 +7.951808910e+01
18506 0 +9.078038363e+00 +7.926803836e+01 +7.926803836e+01
19301 0 +8.449201428e+00 +7.863920143e+01 +7.863920143e+01
22901 0 +8.207206155e+00 +7.839720616e+01 +7.839720616e+01
23101 0 +8.048239639e+00 +7.823823964e+01 +7.823823964e+01
23707 0 +7.678006613e+00 +7.786800661e+01 +7.786800661e+01
23918 0 +7.495823372e+00 +7.768582337e+01 +7.768582337e+01
24301 0 +7.368329820e+00 +7.755832982e+01 +7.755832982e+01
26713 0 +7.228224816e+00 +7.741822482e+01 +7.741822482e+01
27305 0 +7.075602413e+00 +7.726560241e+01 +7.726560241e+01
28603 0 +6.908014733e+00 +7.709801473e+01 +7.709801473e+01
28804 0 +6.643262240e+00 +7.683326224e+01 +7.683326224e+01
29923 0 +6.423127846e+00 +7.661312785e+01 +7.661312785e+01
30101 0 +6.261251757e+00 +7.645125176e+01 +7.645125176e+01
32903 0 +6.086672642e+00 +7.627667264e+01 +7.627667264e+01
36801 0 +5.891471865e+00 +7.608147186e+01 +7.608147186e+01
% f evaluations | g evaluations | best noise-free fitness - Fopt (-1.123100000000e+02) + sum g_i+ | measured fitness | best measured fitness or single-digit g-values | x1 | x2...
1 0 +8.452678981e+01 -2.778321019e+01 -2.778321019e+01
88 0 +8.371855635e+01 -2.859144365e+01 -2.859144365e+01
126 0 +8.185749129e+01 -3.045250871e+01 -3.045250871e+01
203 0 +8.121220910e+01 -3.109779090e+01 -3.109779090e+01
901 0 +7.901395456e+01 -3.329604544e+01 -3.329604544e+01
2001 0 +7.755938172e+01 -3.475061828e+01 -3.475061828e+01
2501 0 +7.519621632e+01 -3.711378368e+01 -3.711378368e+01
3301 0 +7.329171016e+01 -3.901828984e+01 -3.901828984e+01
3501 0 +7.239161987e+01 -3.991838013e+01 -3.991838013e+01
4501 0 +7.076793651e+01 -4.154206349e+01 -4.154206349e+01
5201 0 +6.886641166e+01 -4.344358834e+01 -4.344358834e+01
5703 0 +6.740203661e+01 -4.490796339e+01 -4.490796339e+01
6302 0 +6.591629493e+01 -4.639370507e+01 -4.639370507e+01
7102 0 +6.441786800e+01 -4.789213200e+01 -4.789213200e+01
7301 0 +6.226925384e+01 -5.004074616e+01 -5.004074616e+01
7602 0 +6.148539922e+01 -5.082460078e+01 -5.082460078e+01
8001 0 +5.994072922e+01 -5.236927078e+01 -5.236927078e+01
8301 0 +5.826646355e+01 -5.404353645e+01 -5.404353645e+01
8402 0 +5.751792479e+01 -5.479207521e+01 -5.479207521e+01
9208 0 +5.583230005e+01 -5.647769995e+01 -5.647769995e+01
9603 0 +5.378490603e+01 -5.852509397e+01 -5.852509397e+01
9901 0 +5.241834868e+01 -5.989165132e+01 -5.989165132e+01
10001 0 +5.053545616e+01 -6.177454384e+01 -6.177454384e+01
10901 0 +4.838427618e+01 -6.392572382e+01 -6.392572382e+01
11001 0 +4.696739362e+01 -6.534260638e+01 -6.534260638e+01
11003 0 +4.671132928e+01 -6.559867072e+01 -6.559867072e+01
11104 0 +4.557437463e+01 -6.673562537e+01 -6.673562537e+01
11601 0 +4.399974335e+01 -6.831025665e+01 -6.831025665e+01
11701 0 +4.281344014e+01 -6.949655986e+01 -6.949655986e+01
11801 0 +4.257862807e+01 -6.973137193e+01 -6.973137193e+01
12101 0 +4.063923430e+01 -7.167076570e+01 -7.167076570e+01
12501 0 +3.862058919e+01 -7.368941081e+01 -7.368941081e+01
12902 0 +3.764698139e+01 -7.466301861e+01 -7.466301861e+01
13002 0 +3.660566522e+01 -7.570433478e+01 -7.570433478e+01
13005 0 +3.519082795e+01 -7.711917205e+01 -7.711917205e+01
13302 0 +3.456150258e+01 -7.774849742e+01 -7.774849742e+01
13402 0 +3.239087792e+01 -7.991912208e+01 -7.991912208e+01
13501 0 +3.200259181e+01 -8.030740819e+01 -8.030740819e+01
13808 0 +3.144140341e+01 -8.086859659e+01 -8.086859659e+01
13901 0 +3.055688076e+01 -8.175311924e+01 -8.175311924e+01
14001 0 +2.988388724e+01 -8.242611276e+01 -8.242611276e+01
14215 0 +2.935721404e+01 -8.295278596e+01 -8.295278596e+01
15001 0 +2.761732685e+01 -8.469267315e+01 -8.469267315e+01
15101 0 +2.659525281e+01 -8.571474719e+01 -8.571474719e+01
15235 0 +2.594298250e+01 -8.636701750e+01 -8.636701750e+01
15442 0 +2.548927724e+01 -8.682072276e+01 -8.682072276e+01
15501 0 +2.455637315e+01 -8.775362685e+01 -8.775362685e+01
15602 0 +2.423288792e+01 -8.807711208e+01 -8.807711208e+01
16102 0 +2.391583469e+01 -8.839416531e+01 -8.839416531e+01
16203 0 +2.339717500e+01 -8.891282500e+01 -8.891282500e+01
16509 0 +2.282855141e+01 -8.948144859e+01 -8.948144859e+01
16601 0 +2.231913952e+01 -8.999086048e+01 -8.999086048e+01
16802 0 +2.072415916e+01 -9.158584084e+01 -9.158584084e+01
16901 0 +2.012026749e+01 -9.218973251e+01 -9.218973251e+01
17201 0 +1.883356617e+01 -9.347643383e+01 -9.347643383e+01
17514 0 +1.857738972e+01 -9.373261028e+01 -9.373261028e+01
17701 0 +1.637130337e+01 -9.593869663e+01 -9.593869663e+01
17801 0 +1.599796480e+01 -9.631203520e+01 -9.631203520e+01
18188 0 +1.577692059e+01 -9.653307941e+01 -9.653307941e+01
18601 0 +1.545583002e+01 -9.685416998e+01 -9.685416998e+01
18902 0 +1.498363618e+01 -9.732636382e+01 -9.732636382e+01
19001 0 +1.478843781e+01 -9.752156219e+01 -9.752156219e+01
19201 0 +1.412630861e+01 -9.818369139e+01 -9.818369139e+01
19302 0 +1.392859174e+01 -9.838140826e+01 -9.838140826e+01
19303 0 +1.370426383e+01 -9.860573617e+01 -9.860573617e+01
19401 0 +1.258138808e+01 -9.972861192e+01 -9.972861192e+01
19601 0 +1.207658924e+01 -1.002334108e+02 -1.002334108e+02
19786 0 +1.172159729e+01 -1.005884027e+02 -1.005884027e+02
19904 0 +1.092082299e+01 -1.013891770e+02 -1.013891770e+02
20402 0 +1.065619420e+01 -1.016538058e+02 -1.016538058e+02
20701 0 +1.044151213e+01 -1.018684879e+02 -1.018684879e+02
20702 0 +9.862497489e+00 -1.024475025e+02 -1.024475025e+02
21701 0 +9.543472766e+00 -1.027665272e+02 -1.027665272e+02
22601 0 +8.953358133e+00 -1.033566419e+02 -1.033566419e+02
22617 0 +8.626926096e+00 -1.036830739e+02 -1.036830739e+02
22805 0 +8.387606076e+00 -1.039223939e+02 -1.039223939e+02
23201 0 +8.094461506e+00 -1.042155385e+02 -1.042155385e+02
24202 0 +7.818648488e+00 -1.044913515e+02 -1.044913515e+02
24336 0 +7.752837057e+00 -1.045571629e+02 -1.045571629e+02
24402 0 +7.567138991e+00 -1.047428610e+02 -1.047428610e+02
24703 0 +7.296366077e+00 -1.050136339e+02 -1.050136339e+02
25572 0 +7.012809683e+00 -1.052971903e+02 -1.052971903e+02
26406 0 +6.803775349e+00 -1.055062247e+02 -1.055062247e+02
26607 0 +6.745820354e+00 -1.055641796e+02 -1.055641796e+02
27245 0 +6.595599797e+00 -1.057144002e+02 -1.057144002e+02
27701 0 +6.398042475e+00 -1.059119575e+02 -1.059119575e+02
28204 0 +6.177955384e+00 -1.061320446e+02 -1.061320446e+02
28605 0 +6.145138468e+00 -1.061648615e+02 -1.061648615e+02
28701 0 +5.970489023e+00 -1.063395110e+02 -1.063395110e+02
28901 0 +5.616974268e+00 -1.066930257e+02 -1.066930257e+02
29001 0 +5.424349649e+00 -1.068856504e+02 -1.068856504e+02
30505 0 +5.251077826e+00 -1.070589222e+02 -1.070589222e+02
30513 0 +5.007684684e+00 -1.073023153e+02 -1.073023153e+02
31402 0 +4.873934559e+00 -1.074360654e+02 -1.074360654e+02
31403 0 +4.546882923e+00 -1.077631171e+02 -1.077631171e+02
32305 0 +4.239000301e+00 -1.080709997e+02 -1.080709997e+02
32403 0 +4.119370833e+00 -1.081906292e+02 -1.081906292e+02
34001 0 +3.791956391e+00 -1.085180436e+02 -1.085180436e+02
34518 0 +3.707944336e+00 -1.086020557e+02 -1.086020557e+02
% f evaluations | g evaluations | best noise-free fitness - Fopt (4.463000000000e+01) + sum g_i+ | measured fitness | best measured fitness or single-digit g-values | x1 | x2...
1 0 +8.612814028e+01 +1.307581403e+02 +1.307581403e+02
2 0 +8.577129557e+01 +1.304012956e+02 +1.304012956e+02
12 0 +8.472576659e+01 +1.293557666e+02 +1.293557666e+02
57 0 +8.315483222e+01 +1.277848322e+02 +1.277848322e+02
126 0 +7.862964880e+01 +1.232596488e+02 +1.232596488e+02
128 0 +7.755228349e+01 +1.221822835e+02 +1.221822835e+02
305 0 +7.584225629e+01 +1.204722563e+02 +1.204722563e+02
1102 0 +7.407938201e+01 +1.187093820e+02 +1.187093820e+02
1601 0 +7.236203190e+01 +1.169920319e+02 +1.169920319e+02
2601 0 +7.075651756e+01 +1.153865176e+02 +1.153865176e+02
2801 0 +6.888795791e+01 +1.135179579e+02 +1.135179579e+02
3401 0 +6.752951516e+01 +1.121595152e+02 +1.121595152e+02
3702 0 +6.604829779e+01 +1.106782978e+02 +1.106782978e+02
4410 0 +6.434601771e+01 +1.089760177e+02 +1.089760177e+02
4601 0 +6.300649004e+01 +1.076364900e+02 +1.076364900e+02
4927 0 +6.149956388e+01 +1.061295639e+02 +1.061295639e+02
5001 0 +5.915872852e+01 +1.037887285e+02 +1.037887285e+02
5101 0 +5.874302737e+01 +1.033730274e+02 +1.033730274e+02
5602 0 +5.467261748e+01 +9.930261748e+01 +9.930261748e+01
5801 0 +5.344531141e+01 +9.807531141e+01 +9.807531141e+01
6001 0 +5.192843944e+01 +9.655843944e+01 +9.655843944e+01
6201 0 +4.996957711e+01 +9.459957711e+01 +9.459957711e+01
6843 0 +4.815826472e+01 +9.278826472e+01 +9.278826472e+01
7001 0 +4.727430828e+01 +9.190430828e+01 +9.190430828e+01
7101 0 +4.580029162e+01 +9.043029162e+01 +9.043029162e+01
7202 0 +4.560791368e+01 +9.023791368e+01 +9.023791368e+01
7501 0 +4.442286966e+01 +8.905286966e+01 +8.905286966e+01
7502 0 +4.341335776e+01 +8.804335776e+01 +8.804335776e+01
7903 0 +4.110945384e+01 +8.573945384e+01 +8.573945384e+01
8001 0 +3.984652917e+01 +8.447652917e+01 +8.447652917e+01
8501 0 +3.836531336e+01 +8.299531336e+01 +8.299531336e+01
8701 0 +3.714412020e+01 +8.177412020e+01 +8.177412020e+01
8803 0 +3.422523878e+01 +7.885523878e+01 +7.885523878e+01
9001 0 +3.378079838e+01 +7.841079838e+01 +7.841079838e+01
9103 0 +3.298257260e+01 +7.761257260e+01 +7.761257260e+01
9201 0 +3.213303933e+01 +7.676303933e+01 +7.676303933e+01
9302 0 +3.092903832e+01 +7.555903832e+01 +7.555903832e+01
9701 0 +3.083456541e+01 +7.546456541e+01 +7.546456541e+01
9801 0 +3.003358136e+01 +7.466358136e+01 +7.466358136e+01
10002 0 +2.880410734e+01 +7.343410734e+01 +7.343410734e+01
10503 0 +2.720785545e+01 +7.183785545e+01 +7.183785545e+01
10702 0 +2.665005645e+01 +7.128005645e+01 +7.128005645e+01
10903 0 +2.553222256e+01 +7.016222256e+01 +7.016222256e+01
11301 0 +2.441158446e+01 +6.904158446e+01 +6.904158446e+01
11903 0 +2.377255263e+01 +6.840255263e+01 +6.840255263e+01
12501 0 +2.325376186e+01 +6.788376186e+01 +6.788376186e+01
12907 0 +2.194785986e+01 +6.657785986e+01 +6.657785986e+01
13202 0 +2.176699653e+01 +6.639699653e+01 +6.639699653e+01
13605 0 +2.050416312e+01 +6.513416312e+01 +6.513416312e+01
14201 0 +2.029544832e+01 +6.492544832e+01 +6.492544832e+01
14303 0 +1.994547836e+01 +6.457547836e+01 +6.457547836e+01
14454 0 +1.924870745e+01 +6.387870745e+01 +6.387870745e+01
14606 0 +1.892130341e+01 +6.355130341e+01 +6.355130341e+01
15008 0 +1.842527201e+01 +6.305527201e+01 +6.305527201e+01
15705 0 +1.802524791e+01 +6.265524791e+01 +6.265524791e+01
17501 0 +1.714689564e+01 +6.177689564e+01 +6.177689564e+01
17703 0 +1.592445487e+01 +6.055445487e+01 +6.055445487e+01
17802 0 +1.568625151e+01 +6.031625151e+01 +6.031625151e+01
18021 0 +1.510560076e+01 +5.973560076e+01 +5.973560076e+01
18502 0 +1.428308539e+01 +5.891308539e+01 +5.891308539e+01
19203 0 +1.400592361e+01 +5.863592361e+01 +5.863592361e+01
19206 0 +1.300163626e+01 +5.763163626e+01 +5.763163626e+01
19602 0 +1.285316510e+01 +5.748316510e+01 +5.748316510e+01
20386 0 +1.239990583e+01 +5.702990583e+01 +5.702990583e+01
20501 0 +1.226156449e+01 +5.689156449e+01 +5.689156449e+01
21402 0 +1.151012076e+01 +5.614012076e+01 +5.614012076e+01
22463 0 +1.133557366e+01 +5.596557366e+01 +5.596557366e+01
22501 0 +1.052958227e+01 +5.515958227e+01 +5.515958227e+01
22803 0 +1.010267303e+01 +5.473267303e+01 +5.473267303e+01
23502 0 +9.529465776e+00 +5.415946578e+01 +5.415946578e+01
24402 0 +9.292861948e+00 +5.392286195e+01 +5.392286195e+01
25004 0 +8.985145273e+00 +5.361514527e+01 +5.361514527e+01
25201 0 +8.408221645e+00 +5.303822165e+01 +5.303822165e+01
26902 0 +8.296932599e+00 +5.292693260e+01 +5.292693260e+01
28801 0 +7.988068366e+00 +5.261806837e+01 +5.261806837e+01
28902 0 +7.843336147e+00 +5.247333615e+01 +5.247333615e+01
30306 0 +7.698113127e+00 +5.232811313e+01 +5.232811313e+01
37901 0 +7.427738852e+00 +5.205773885e+01 +5.205773885e+01
% f evaluations | g evaluations | best noise-free fitness - Fopt (-9.422000000000e+01) + sum g_i+ | measured fitness | best measured fitness or single-digit g-values | x1 | x2...
1 0 +8.620932877e+01 -8.010671229e+00 -8.010671229e+00
2 0 +8.547361377e+01 -8.746386227e+00 -8.746386227e+00
13 0 +8.410590513e+01 -1.011409487e+01 -1.011409487e+01
126 0 +8.032419657e+01 -1.389580343e+01 -1.389580343e+01
130 0 +7.927209054e+01 -1.494790946e+01 -1.494790946e+01
1136 0 +7.760712218e+01 -1.661287782e+01 -1.661287782e+01
1701 0 +7.585763786e+01 -1.836236214e+01 -1.836236214e+01
3002 0 +7.408372161e+01 -2.013627839e+01 -2.013627839e+01
3801 0 +7.236712958e+01 -2.185287042e+01 -2.185287042e+01
4701 0 +7.074429940e+01 -2.347570060e+01 -2.347570060e+01
5803 0 +6.881049369e+01 -2.540950631e+01 -2.540950631e+01
6401 0 +6.735276054e+01 -2.686723946e+01 -2.686723946e+01
6701 0 +6.554376668e+01 -2.867623332e+01 -2.867623332e+01
7601 0 +6.406209860e+01 -3.015790140e+01 -3.015790140e+01
8301 0 +6.271416309e+01 -3.150583691e+01 -3.150583691e+01
8605 0 +6.134708984e+01 -3.287291016e+01 -3.287291016e+01
8802 0 +5.884661170e+01 -3.537338830e+01 -3.537338830e+01
9101 0 +5.717553301e+01 -3.704446699e+01 -3.704446699e+01
9401 0 +5.554234172e+01 -3.867765828e+01 -3.867765828e+01
9501 0 +5.354851274e+01 -4.067148726e+01 -4.067148726e+01
10001 0 +4.910624545e+01 -4.511375455e+01 -4.511375455e+01
10101 0 +4.819614131e+01 -4.602385869e+01 -4.602385869e+01
10201 0 +4.482664579e+01 -4.939335421e+01 -4.939335421e+01
10601 0 +4.362968164e+01 -5.059031836e+01 -5.059031836e+01
10901 0 +4.209557523e+01 -5.212442477e+01 -5.212442477e+01
11001 0 +4.057608435e+01 -5.364391565e+01 -5.364391565e+01
11402 0 +3.941050732e+01 -5.480949268e+01 -5.480949268e+01
11605 0 +3.848007015e+01 -5.573992985e+01 -5.573992985e+01
11802 0 +3.742194118e+01 -5.679805882e+01 -5.679805882e+01
12102 0 +3.711886852e+01 -5.710113148e+01 -5.710113148e+01
12401 0 +3.615626734e+01 -5.806373266e+01 -5.806373266e+01
13102 0 +3.453093439e+01 -5.968906561e+01 -5.968906561e+01
13201 0 +3.159276881e+01 -6.262723119e+01 -6.262723119e+01
13401 0 +3.046558982e+01 -6.375441018e+01 -6.375441018e+01
13603 0 +2.885545038e+01 -6.536454962e+01 -6.536454962e+01
13701 0 +2.573649332e+01 -6.848350668e+01 -6.848350668e+01
14302 0 +2.508240289e+01 -6.913759711e+01 -6.913759711e+01
14601 0 +2.423069513e+01 -6.998930487e+01 -6.998930487e+01
14803 0 +2.267073947e+01 -7.154926053e+01 -7.154926053e+01
15002 0 +2.204226031e+01 -7.217773969e+01 -7.217773969e+01
15801 0 +2.183335794e+01 -7.238664206e+01 -7.238664206e+01
16001 0 +2.134481173e+01 -7.287518827e+01 -7.287518827e+01
16202 0 +2.086734513e+01 -7.335265487e+01 -7.335265487e+01
16301 0 +2.002033688e+01 -7.419966312e+01 -7.419966312e+01
17001 0 +1.886306518e+01 -7.535693482e+01 -7.535693482e+01
17204 0 +1.817863417e+01 -7.604136583e+01 -7.604136583e+01
17701 0 +1.765951699e+01 -7.656048301e+01 -7.656048301e+01
17703 0 +1.710987454e+01 -7.711012546e+01 -7.711012546e+01
17802 0 +1.684909529e+01 -7.737090471e+01 -7.737090471e+01
18101 0 +1.659579497e+01 -7.762420503e+01 -7.762420503e+01
18232 0 +1.615646326e+01 -7.806353674e+01 -7.806353674e+01
18301 0 +1.498857897e+01 -7.923142103e+01 -7.923142103e+01
18511 0 +1.393723383e+01 -8.028276617e+01 -8.028276617e+01
18701 0 +1.274838582e+01 -8.147161418e+01 -8.147161418e+01
19701 0 +1.189732687e+01 -8.232267313e+01 -8.232267313e+01
20101 0 +1.166299778e+01 -8.255700222e+01 -8.255700222e+01
20301 0 +1.108257172e+01 -8.313742828e+01 -8.313742828e+01
20401 0 +1.030451096e+01 -8.391548904e+01 -8.391548904e+01
21410 0 +9.989123453e+00 -8.423087655e+01 -8.423087655e+01
22603 0 +9.408036140e+00 -8.481196386e+01 -8.481196386e+01
22701 0 +9.190421040e+00 -8.502957896e+01 -8.502957896e+01
23601 0 +8.979602240e+00 -8.524039776e+01 -8.524039776e+01
23701 0 +8.762184548e+00 -8.545781545e+01 -8.545781545e+01
23703 0 +8.657845385e+00 -8.556215462e+01 -8.556215462e+01
24302 0 +8.300190395e+00 -8.591980961e+01 -8.591980961e+01
24701 0 +8.120723462e+00 -8.609927654e+01 -8.609927654e+01
26702 0 +7.846419672e+00 -8.637358033e+01 -8.637358033e+01
27112 0 +7.679858828e+00 -8.654014117e+01 -8.654014117e+01
29001 0 +7.476374809e+00 -8.674362519e+01 -8.674362519e+01
29102 0 +7.271844400e+00 -8.694815560e+01 -8.694815560e+01
30101 0 +7.111414062e+00 -8.710858594e+01 -8.710858594e+01
30201 0 +7.044547132e+00 -8.717545287e+01 -8.717545287e+01
31801 0 +6.890517228e+00 -8.732948277e+01 -8.732948277e+01
32701 0 +6.188673962e+00 -8.803132604e+01 -8.803132604e+01
33002 0 +6.147775487e+00 -8.807222451e+01 -8.807222451e+01
33203 0 +6.001112967e+00 -8.821888703e+01 -8.821888703e+01
34302 0 +5.846939159e+00 -8.837306084e+01 -8.837306084e+01
34501 0 +5.750778310e+00 -8.846922169e+01 -8.846922169e+01
37405 0 +5.513600685e+00 -8.870639932e+01 -8.870639932e+01
