% f evaluations | g evaluations | best noise-free fitness - Fopt (3.590000000000e+01) + sum g_i+ | measured fitness | best measured fitness or single-digit g-values | x1 | x2...
1 0 +1.854688518e+05 +1.855047518e+05 +1.855047518e+05 +5.5231e-01 -5.7131e-01
4 0 +7.019326319e+04 +7.022916319e+04 +7.022916319e+04 +5.2531e-01 +3.7483e+00
9 0 +1.973448681e+04 +1.977038681e+04 +1.977038681e+04 +2.9743e+00 +4.2739e+00
18 0 +4.013325900e+03 +4.049225900e+03 +4.049225900e+03 +3.6842e+00 +3.0732e+00
19 0 +8.694007852e+00 +4.459400785e+01 +4.459400785e+01 +4.2370e+00 -1.5003e+00
25 0 +8.317983437e+00 +4.421798344e+01 +4.421798344e+01 +3.9110e+00 +1.0268e+00
48 0 +4.285195203e+00 +4.018519520e+01 +4.018519520e+01 +3.7263e+00 -7.7029e-01
118 0 +2.374766617e+00 +3.827476662e+01 +3.827476662e+01 +3.4651e+00 +3.8534e-01
215 0 +1.945357625e+00 +3.784535762e+01 +3.784535762e+01 +3.4121e+00 +3.8925e-01
304 0 +1.399569952e+00 +3.729956995e+01 +3.729956995e+01 +3.3332e+00 +2.9652e-01
309 0 +9.379196450e-01 +3.683791964e+01 +3.683791964e+01 +3.2140e+00 +4.0713e-01
327 0 +7.347674373e-01 +3.663476744e+01 +3.663476744e+01 +3.1339e+00 +8.5000e-01
352 0 +3.030281418e-01 +3.620302814e+01 +3.620302814e+01 +2.9378e+00 +1.1581e+00
826 0 +2.544085475e-01 +3.615440855e+01 +3.615440855e+01 +2.9505e+00 +6.8125e-01
838 0 +2.282344587e-01 +3.612823446e+01 +3.612823446e+01 +2.9378e+00 +1.0778e+00
861 0 +1.818185236e-01 +3.608181852e+01 +3.608181852e+01 +2.9549e+00 +9.0959e-01
901 0 +1.596458058e-01 +3.605964581e+01 +3.605964581e+01 +2.9363e+00 +8.0852e-01
908 0 +1.348581502e-01 +3.603485815e+01 +3.603485815e+01 +2.9223e+00 +8.9983e-01
922 0 +7.763488431e-02 +3.597763488e+01 +3.597763488e+01 +2.8834e+00 +9.9612e-01
998 0 +7.510855218e-02 +3.597510855e+01 +3.597510855e+01 +2.8773e+00 +9.2890e-01
1018 0 +1.615398356e-02 +3.591615398e+01 +3.591615398e+01 +2.8239e+00 +1.0297e+00
1138 0 +5.024376007e-03 +3.590502438e+01 +3.590502438e+01 +2.8062e+00 +1.0797e+00
1483 0 +4.648093393e-03 +3.590464809e+01 +3.590464809e+01 +2.8031e+00 +1.0729e+00
1612 0 +3.987605422e-03 +3.590398761e+01 +3.590398761e+01 +2.7989e+00 +1.1050e+00
1803 0 +3.409461515e-03 +3.590340946e+01 +3.590340946e+01 +2.8005e+00 +1.0852e+00
1955 0 +3.269733073e-03 +3.590326973e+01 +3.590326973e+01 +2.7994e+00 +1.0792e+00
% f evaluations | g evaluations | best noise-free fitness - Fopt (3.137000000000e+01) + sum g_i+ | measured fitness | best measured fitness or single-digit g-values | x1 | x2...
1 0 +4.112538025e+05 +4.112851725e+05 +4.112851725e+05 -4.2231e+00 -2.4976e-01
2 0 +2.467032090e+01 +5.604032090e+01 +5.604032090e+01 +1.6760e+00 +1.9175e+00
5 0 +2.935121183e+00 +3.430512118e+01 +3.430512118e+01 -2.4621e-01 +3.6394e+00
37 0 +6.597222739e-01 +3.202972227e+01 +3.202972227e+01 -2.8716e-02 +1.8830e+00
145 0 +6.876256091e-02 +3.143876256e+01 +3.143876256e+01 -2.0606e-01 +1.9244e+00
645 0 +7.158682375e-03 +3.137715868e+01 +3.137715868e+01 -2.5667e-01 +1.9244e+00
1006 0 +2.769954879e-04 +3.137027700e+01 +3.137027700e+01 -2.6877e-01 +1.8989e+00
1566 0 +2.681738617e-04 +3.137026817e+01 +3.137026817e+01 -2.6877e-01 +1.8966e+00
% f evaluations | g evaluations | best noise-free fitness - Fopt (-1.000000000000e+03) + sum g_i+ | measured fitness | best measured fitness or single-digit g-values | x1 | x2...
1 0 +3.225463549e+05 +3.215463549e+05 +3.215463549e+05 -4.6471e+00 -4.5356e+00
2 0 +1.946268113e+04 +1.846268113e+04 +1.846268113e+04 -3.7706e-01 -1.9840e+00
4 0 +2.397408547e+01 -9.760259145e+02 -9.760259145e+02 +2.6576e+00 +1.4698e+00
9 0 +1.449660037e+01 -9.855033996e+02 -9.855033996e+02 +9.5512e-01 -4.3351e+00
10 0 +3.492982152e-01 -9.996507018e+02 -9.996507018e+02 +8.0836e-02 -3.0198e+00
224 0 +9.189473335e-02 -9.999081053e+02 -9.999081053e+02 -5.1527e-02 -3.1281e+00
315 0 +8.494868529e-02 -9.999150513e+02 -9.999150513e+02 -7.2385e-02 -3.1210e+00
443 0 +2.511032841e-02 -9.999748897e+02 -9.999748897e+02 -1.3957e-01 -3.3256e+00
722 0 +2.022564393e-02 -9.999797744e+02 -9.999797744e+02 -1.3957e-01 -3.3069e+00
866 0 +1.452289414e-02 -9.999854771e+02 -9.999854771e+02 -1.4015e-01 -3.2697e+00
981 0 +1.176073863e-02 -9.999882393e+02 -9.999882393e+02 -1.5575e-01 -3.3260e+00
1094 0 +4.661934464e-03 -9.999953381e+02 -9.999953381e+02 -1.6724e-01 -3.3257e+00
1211 0 +2.861554442e-03 -9.999971384e+02 -9.999971384e+02 -1.7102e-01 -3.3257e+00
1613 0 +5.101969499e-04 -9.999994898e+02 -9.999994898e+02 -1.7913e-01 -3.3214e+00
% f evaluations | g evaluations | best noise-free fitness - Fopt (1.319200000000e+02) + sum g_i+ | measured fitness | best measured fitness or single-digit g-values | x1 | x2...
1 0 +1.670153556e+05 +1.671472756e+05 +1.671472756e+05 -9.0962e-01 +3.5505e+00
2 0 +1.354507850e+05 +1.355827050e+05 +1.355827050e+05 -3.1100e+00 +4.0301e+00
3 0 +3.963174727e+01 +1.715517473e+02 +1.715517473e+02 -4.6048e+00 -3.9659e-01
5 0 +1.115140496e+00 +1.330351405e+02 +1.330351405e+02 -3.3306e+00 +1.4895e+00
50 0 +8.356159553e-01 +1.327556160e+02 +1.327556160e+02 -3.1462e+00 +1.5762e+00
573 0 +7.334874998e-01 +1.326534875e+02 +1.326534875e+02 -3.1947e+00 +1.6281e+00
623 0 +7.196124025e-01 +1.326396124e+02 +1.326396124e+02 -3.2948e+00 +1.6074e+00
737 0 +6.706887062e-01 +1.325906887e+02 +1.325906887e+02 -3.3327e+00 +1.6248e+00
846 0 +6.132807380e-01 +1.325332807e+02 +1.325332807e+02 -3.3248e+00 +1.6499e+00
854 0 +3.852155499e-01 +1.323052155e+02 +1.323052155e+02 -3.4849e+00 +1.6923e+00
945 0 +3.631142479e-01 +1.322831142e+02 +1.322831142e+02 -3.5388e+00 +1.6923e+00
1199 0 +3.406986978e-01 +1.322606987e+02 +1.322606987e+02 -3.5018e+00 +1.7184e+00
1214 0 +2.513832062e-01 +1.321713832e+02 +1.321713832e+02 -3.6539e+00 +1.7244e+00
1296 0 +2.459110967e-01 +1.321659111e+02 +1.321659111e+02 -3.7473e+00 +1.7244e+00
1324 0 +1.449500225e-01 +1.320649500e+02 +1.320649500e+02 -3.6989e+00 +1.7863e+00
1401 0 +4.478751339e-02 +1.319647875e+02 +1.319647875e+02 -3.8508e+00 +1.8357e+00
1492 0 +4.394059367e-02 +1.319639406e+02 +1.319639406e+02 -3.8795e+00 +1.8357e+00
1784 0 +3.170551438e-02 +1.319517055e+02 +1.319517055e+02 -3.9043e+00 +1.8508e+00
1898 0 +3.160627956e-02 +1.319516063e+02 +1.319516063e+02 -3.8732e+00 +1.8525e+00
2049 0 +1.617510551e-02 +1.319361751e+02 +1.319361751e+02 -3.9254e+00 +1.8692e+00
% f evaluations | g evaluations | best noise-free fitness - Fopt (5.908400000000e+02) + sum g_i+ | measured fitness | best measured fitness or single-digit g-values | x1 | x2...
1 0 +3.215494414e+05 +3.221402814e+05 +3.221402814e+05 +3.0005e+00 +1.5967e+00
2 0 +7.137822521e+01 +6.622182252e+02 +6.622182252e+02 -1.7736e+00 -4.5581e+00
13 0 +4.296206198e+01 +6.338020620e+02 +6.338020620e+02 -2.0192e+00 -1.4701e+00
21 0 +4.089763034e+01 +6.317376303e+02 +6.317376303e+02 -2.1943e+00 -4.6324e-01
34 0 +2.717865707e+00 +5.935578657e+02 +5.935578657e+02 +9.0466e-01 -3.4957e+00
232 0 +2.360341933e+00 +5.932003419e+02 +5.932003419e+02 +9.0466e-01 -3.3390e+00
239 0 +2.002350245e+00 +5.928423502e+02 +5.928423502e+02 +1.0135e+00 -3.4957e+00
408 0 +1.646607979e+00 +5.924866080e+02 +5.924866080e+02 +1.0463e+00 -3.4957e+00
550 0 +1.408257912e+00 +5.922482579e+02 +5.922482579e+02 +8.5350e-01 -2.8598e+00
576 0 +1.353983106e+00 +5.921939831e+02 +5.921939831e+02 +1.0456e+00 -3.3333e+00
638 0 +1.084667250e+00 +5.919246672e+02 +5.919246672e+02 +1.1530e+00 -3.4753e+00
663 0 +7.305924783e-01 +5.915705925e+02 +5.915705925e+02 +1.1221e+00 -3.2574e+00
716 0 +4.932266988e-01 +5.913332267e+02 +5.913332267e+02 +1.1773e+00 -3.2574e+00
794 0 +4.288459774e-01 +5.912688460e+02 +5.912688460e+02 +1.2361e+00 -3.3668e+00
800 0 +3.933905610e-01 +5.912333906e+02 +5.912333906e+02 +1.3047e+00 -3.4781e+00
826 0 +2.365356427e-01 +5.910765356e+02 +5.910765356e+02 +1.3242e+00 -3.4093e+00
877 0 +7.985881796e-02 +5.909198588e+02 +5.909198588e+02 +1.3320e+00 -3.2527e+00
977 0 +7.681377382e-02 +5.909168138e+02 +5.909168138e+02 +1.3320e+00 -3.2257e+00
1026 0 +8.524386826e-03 +5.908485244e+02 +5.908485244e+02 +1.4121e+00 -3.3064e+00
1149 0 +4.824358438e-03 +5.908448244e+02 +5.908448244e+02 +1.4189e+00 -3.3100e+00
1425 0 +1.530832547e-03 +5.908415308e+02 +5.908415308e+02 +1.4347e+00 -3.3327e+00
1427 0 +2.858078893e-04 +5.908402858e+02 +5.908402858e+02 +1.4428e+00 -3.3383e+00
% f evaluations | g evaluations | best noise-free fitness - Fopt (2.156100000000e+02) + sum g_i+ | measured fitness | best measured fitness or single-digit g-values | x1 | x2...
1 0 +6.270440853e+04 +6.292001853e+04 +6.292001853e+04 -1.0382e-01 +6.4767e-01
7 0 +1.246109385e+01 +2.280710939e+02 +2.280710939e+02 -9.6096e-01 +2.6482e+00
48 0 +9.347780850e+00 +2.249577809e+02 +2.249577809e+02 -1.1378e+00 +3.8896e+00
100 0 +6.726227642e+00 +2.223362276e+02 +2.223362276e+02 -1.6118e+00 +3.9751e+00
122 0 +2.845923071e+00 +2.184559231e+02 +2.184559231e+02 -9.2556e-01 +2.7172e+00
181 0 +1.015452001e+00 +2.166254520e+02 +2.166254520e+02 -1.6799e+00 +3.1369e+00
297 0 +1.812225412e-01 +2.157912225e+02 +2.157912225e+02 -2.2464e+00 +3.3699e+00
595 0 +1.400691829e-01 +2.157500692e+02 +2.157500692e+02 -2.2918e+00 +3.3699e+00
659 0 +7.439901776e-02 +2.156843990e+02 +2.156843990e+02 -2.3641e+00 +3.3699e+00
835 0 +7.359853490e-02 +2.156835985e+02 +2.156835985e+02 -2.4747e+00 +3.4803e+00
884 0 +4.485477705e-02 +2.156548548e+02 +2.156548548e+02 -2.4520e+00 +3.4485e+00
1012 0 +8.408876925e-03 +2.156184089e+02 +2.156184089e+02 -2.5049e+00 +3.4232e+00
1419 0 +3.498686506e-03 +2.156134987e+02 +2.156134987e+02 -2.5420e+00 +3.4521e+00
1525 0 +1.462165597e-04 +2.156101462e+02 +2.156101462e+02 -2.5632e+00 +3.4521e+00
% f evaluations | g evaluations | best noise-free fitness - Fopt (1.936900000000e+02) + sum g_i+ | measured fitness | best measured fitness or single-digit g-values | x1 | x2...
1 0 +2.034984084e+04 +2.054353084e+04 +2.054353084e+04 -2.9589e+00 +4.9885e+00
2 0 +9.154796802e+02 +1.109169680e+03 +1.109169680e+03 +3.5130e+00 -3.5910e-01
5 0 +6.181472997e+01 +2.555047300e+02 +2.555047300e+02 +1.3545e+00 -2.4009e+00
8 0 +4.471323439e+01 +2.384032344e+02 +2.384032344e+02 -7.8210e-01 -3.8665e-01
15 0 +2.404828276e+01 +2.177382828e+02 +2.177382828e+02 +3.2943e+00 -7.7423e-01
17 0 +1.621545157e+01 +2.099054516e+02 +2.099054516e+02 +2.2080e+00 -6.2102e-02
24 0 +6.667533593e+00 +2.003575336e+02 +2.003575336e+02 -7.1972e-01 +1.7736e+00
53 0 +2.106588591e+00 +1.957965886e+02 +1.957965886e+02 -9.4696e-01 +2.4927e+00
387 0 +2.000372205e+00 +1.956903722e+02 +1.956903722e+02 -9.2841e-01 +2.4927e+00
423 0 +1.881264978e+00 +1.955712650e+02 +1.955712650e+02 -6.5232e-01 +2.3528e+00
445 0 +1.502648242e+00 +1.951926482e+02 +1.951926482e+02 -8.2674e-01 +2.4927e+00
512 0 +1.404944673e+00 +1.950949447e+02 +1.950949447e+02 -7.7840e-01 +2.4927e+00
633 0 +1.370459520e+00 +1.950604595e+02 +1.950604595e+02 -5.5459e-01 +2.4265e+00
650 0 +1.147562409e+00 +1.948375624e+02 +1.948375624e+02 -7.6654e-01 +2.5780e+00
700 0 +7.731424737e-01 +1.944631425e+02 +1.944631425e+02 -9.0350e-01 +2.7060e+00
797 0 +7.570234059e-01 +1.944470234e+02 +1.944470234e+02 -4.9932e-01 +2.6262e+00
803 0 +7.068934351e-01 +1.943968934e+02 +1.943968934e+02 -8.7666e-01 +2.7421e+00
804 0 +4.515097003e-01 +1.941415097e+02 +1.941415097e+02 -8.7666e-01 +2.8047e+00
808 0 +4.136696665e-01 +1.941036697e+02 +1.941036697e+02 -8.6549e-01 +2.8172e+00
933 0 +3.427749467e-01 +1.940327749e+02 +1.940327749e+02 -9.0350e-01 +2.8725e+00
972 0 +1.449460833e-01 +1.938349461e+02 +1.938349461e+02 -9.2750e-01 +2.9999e+00
1211 0 +1.037313527e-01 +1.937937314e+02 +1.937937314e+02 -9.7567e-01 +3.0321e+00
1331 0 +2.750559997e-02 +1.937175056e+02 +1.937175056e+02 -1.1341e+00 +3.1651e+00
1671 0 +2.560084737e-02 +1.937156008e+02 +1.937156008e+02 -1.1278e+00 +3.1632e+00
1786 0 +1.535906021e-02 +1.937053591e+02 +1.937053591e+02 -1.0908e+00 +3.1651e+00
1934 0 +1.454866128e-02 +1.937045487e+02 +1.937045487e+02 -1.0941e+00 +3.1676e+00
% f evaluations | g evaluations | best noise-free fitness - Fopt (3.513000000000e+01) + sum g_i+ | measured fitness | best measured fitness or single-digit g-values | x1 | x2...
1 0 +8.869017757e+04 +8.872530757e+04 +8.872530757e+04 +2.5161e+00 -4.3116e+00
4 0 +6.183555381e+04 +6.187068381e+04 +6.187068381e+04 -8.9795e-03 +4.3570e+00
5 0 +6.094480498e+04 +6.097993498e+04 +6.097993498e+04 +6.0069e-01 +1.3911e+00
12 0 +1.191496245e+04 +1.195009245e+04 +1.195009245e+04 +2.9473e+00 +2.6086e-01
13 0 +2.497681411e+03 +2.532811411e+03 +2.532811411e+03 +2.4049e+00 +3.5801e-01
27 0 +1.838711487e+03 +1.873841487e+03 +1.873841487e+03 +2.6285e+00 +9.2560e-01
48 0 +5.511404507e+00 +4.064140451e+01 +4.064140451e+01 +2.6851e+00 +3.6141e+00
97 0 +3.885862572e+00 +3.901586257e+01 +3.901586257e+01 +2.7807e+00 +3.0488e+00
115 0 +7.498906353e-01 +3.587989064e+01 +3.587989064e+01 +2.3007e+00 +1.9069e+00
170 0 +7.330604269e-01 +3.586306043e+01 +3.586306043e+01 +2.3985e+00 +1.9726e+00
239 0 +2.407837735e-01 +3.537078377e+01 +3.537078377e+01 +2.5225e+00 +1.4142e+00
245 0 +1.303169769e-01 +3.526031698e+01 +3.526031698e+01 +2.4646e+00 +1.3903e+00
557 0 +4.504669870e-03 +3.513450467e+01 +3.513450467e+01 +2.4048e+00 +1.1753e+00
1363 0 +4.459544538e-03 +3.513445954e+01 +3.513445954e+01 +2.4044e+00 +1.1753e+00
1508 0 +2.495660837e-03 +3.513249566e+01 +3.513249566e+01 +2.4006e+00 +1.1663e+00
1684 0 +1.270912136e-03 +3.513127091e+01 +3.513127091e+01 +2.4013e+00 +1.1536e+00
% f evaluations | g evaluations | best noise-free fitness - Fopt (-2.279900000000e+02) + sum g_i+ | measured fitness | best measured fitness or single-digit g-values | x1 | x2...
1 0 +1.202956710e+03 +9.749667102e+02 +9.749667102e+02 +4.5157e+00 -4.3367e+00
2 0 +5.044873671e+01 -1.775412633e+02 -1.775412633e+02 +2.5434e+00 -4.2638e+00
30 0 +1.257738476e+01 -2.154126152e+02 -2.154126152e+02 -6.9262e-02 -4.3225e+00
95 0 +4.951057325e+00 -2.230389427e+02 -2.230389427e+02 +1.1468e+00 -1.3439e+00
102 0 +2.461357217e+00 -2.255286428e+02 -2.255286428e+02 +8.7160e-01 -1.2534e+00
108 0 +1.711477190e+00 -2.262785228e+02 -2.262785228e+02 +4.9352e-01 -1.5791e+00
215 0 +7.267503722e-01 -2.272632496e+02 -2.272632496e+02 +4.7437e-01 -1.0550e+00
634 0 +5.089610912e-01 -2.274810389e+02 -2.274810389e+02 +4.7437e-01 -9.0617e-01
847 0 +2.846837242e-01 -2.277053163e+02 -2.277053163e+02 +5.2817e-01 -7.2442e-01
957 0 +2.464099345e-01 -2.277435901e+02 -2.277435901e+02 +5.2817e-01 -6.8101e-01
987 0 +1.623334905e-01 -2.278276665e+02 -2.278276665e+02 +5.6873e-01 -6.0592e-01
1289 0 +1.339541823e-01 -2.278560458e+02 -2.278560458e+02 +5.8519e-01 -5.4935e-01
1295 0 +9.159508526e-02 -2.278984049e+02 -2.278984049e+02 +6.1067e-01 -4.9908e-01
1446 0 +7.688298659e-02 -2.279131170e+02 -2.279131170e+02 +5.8637e-01 -4.6491e-01
1458 0 +3.068199507e-02 -2.279593180e+02 -2.279593180e+02 +6.1565e-01 -3.7649e-01
1545 0 +1.335037121e-02 -2.279766496e+02 -2.279766496e+02 +6.1067e-01 -3.2703e-01
1933 0 +4.483780481e-03 -2.279855162e+02 -2.279855162e+02 +6.1505e-01 -2.8443e-01
% f evaluations | g evaluations | best noise-free fitness - Fopt (-2.186000000000e+01) + sum g_i+ | measured fitness | best measured fitness or single-digit g-values | x1 | x2...
1 0 +4.556298937e+02 +4.337698937e+02 +4.337698937e+02 +7.5171e-01 +2.2859e+00
24 0 +4.991458827e+00 -1.686854117e+01 -1.686854117e+01 +3.7874e-01 +2.5423e+00
101 0 +2.113227595e+00 -1.974677241e+01 -1.974677241e+01 -7.9042e-01 +2.4746e+00
130 0 +1.713889022e-01 -2.168861110e+01 -2.168861110e+01 -1.4977e+00 +1.8851e+00
325 0 +1.610814689e-01 -2.169891853e+01 -2.169891853e+01 -1.4689e+00 +1.8279e+00
442 0 +1.456330077e-01 -2.171436699e+01 -2.171436699e+01 -1.5297e+00 +1.8589e+00
514 0 +1.355891946e-01 -2.172441081e+01 -2.172441081e+01 -1.5187e+00 +1.8279e+00
557 0 +1.209976264e-01 -2.173900237e+01 -2.173900237e+01 -1.5297e+00 +1.8068e+00
603 0 +9.152806409e-02 -2.176847194e+01 -2.176847194e+01 -1.5794e+00 +1.8279e+00
622 0 +7.833622834e-02 -2.178166377e+01 -2.178166377e+01 -1.5922e+00 +1.7732e+00
714 0 +5.299308508e-02 -2.180700691e+01 -2.180700691e+01 -1.6642e+00 +1.7929e+00
820 0 +4.273579830e-02 -2.181726420e+01 -2.181726420e+01 -1.6668e+00 +1.7782e+00
826 0 +2.184622000e-02 -2.183815378e+01 -2.183815378e+01 -1.7062e+00 +1.7474e+00
969 0 +1.308389041e-03 -2.185869161e+01 -2.185869161e+01 -1.7823e+00 +1.6923e+00
1144 0 +2.805126119e-04 -2.185971949e+01 -2.185971949e+01 -1.7958e+00 +1.6923e+00
1798 0 +2.282850232e-04 -2.185977171e+01 -2.185977171e+01 -1.7996e+00 +1.6909e+00
% f evaluations | g evaluations | best noise-free fitness - Fopt (-5.762300000000e+02) + sum g_i+ | measured fitness | best measured fitness or single-digit g-values | x1 | x2...
1 0 +8.871769091e+04 +8.814146091e+04 +8.814146091e+04 -2.0490e+00 +3.3154e+00
3 0 +7.464084063e+04 +7.406461063e+04 +7.406461063e+04 +4.8301e-01 -4.1555e+00
4 0 +1.835922290e+04 +1.778299290e+04 +1.778299290e+04 -3.8058e-01 -2.9398e+00
9 0 +1.193386770e+04 +1.135763770e+04 +1.135763770e+04 -2.1441e+00 -4.2464e+00
10 0 +1.124891833e+04 +1.067268833e+04 +1.067268833e+04 -1.2287e+00 -2.8170e+00
17 0 +7.139425136e+02 +1.377125136e+02 +1.377125136e+02 -2.8386e+00 -2.9880e+00
29 0 +1.455260499e+00 -5.747747395e+02 -5.747747395e+02 -3.6836e+00 -3.9938e+00
110 0 +1.298809850e+00 -5.749311901e+02 -5.749311901e+02 -3.5511e+00 -3.9938e+00
200 0 +7.594506468e-01 -5.754705494e+02 -5.754705494e+02 -3.3948e+00 -3.9938e+00
299 0 +7.234249704e-01 -5.755065750e+02 -5.755065750e+02 -2.9521e+00 -3.6797e+00
390 0 +4.285590352e-01 -5.758014410e+02 -5.758014410e+02 -2.9769e+00 -3.7672e+00
407 0 +4.164695584e-01 -5.758135304e+02 -5.758135304e+02 -2.8874e+00 -3.7189e+00
447 0 +2.990455705e-01 -5.759309544e+02 -5.759309544e+02 -2.9133e+00 -3.7860e+00
484 0 +2.467310845e-01 -5.759832689e+02 -5.759832689e+02 -2.9369e+00 -3.8311e+00
548 0 +1.540070101e-01 -5.760759930e+02 -5.760759930e+02 -2.9133e+00 -3.9191e+00
702 0 +1.427269055e-01 -5.760872731e+02 -5.760872731e+02 -2.8819e+00 -3.9191e+00
793 0 +1.412309956e-01 -5.760887690e+02 -5.760887690e+02 -2.8787e+00 -3.8745e+00
802 0 +9.296498771e-02 -5.761370350e+02 -5.761370350e+02 -2.8376e+00 -3.8745e+00
912 0 +8.547998469e-02 -5.761445200e+02 -5.761445200e+02 -2.8289e+00 -3.8818e+00
932 0 +5.297227820e-02 -5.761770277e+02 -5.761770277e+02 -2.7562e+00 -3.8339e+00
944 0 +1.998918385e-02 -5.762100108e+02 -5.762100108e+02 -2.6774e+00 -3.8155e+00
1183 0 +1.769232952e-02 -5.762123077e+02 -5.762123077e+02 -2.6774e+00 -3.8259e+00
1206 0 +1.515192868e-02 -5.762148481e+02 -5.762148481e+02 -2.6291e+00 -3.7857e+00
1280 0 +8.605597221e-03 -5.762213944e+02 -5.762213944e+02 -2.6426e+00 -3.8210e+00
1381 0 +5.477817725e-03 -5.762245222e+02 -5.762245222e+02 -2.6317e+00 -3.8129e+00
1602 0 +4.110751674e-03 -5.762258892e+02 -5.762258892e+02 -2.6199e+00 -3.8077e+00
1784 0 +3.886308904e-03 -5.762261137e+02 -5.762261137e+02 -2.6122e+00 -3.7985e+00
1814 0 +9.539049188e-06 -5.762299905e+02 -5.762299905e+02 -2.5792e+00 -3.7958e+00
% f evaluations | g evaluations | best noise-free fitness - Fopt (7.936000000000e+01) + sum g_i+ | measured fitness | best measured fitness or single-digit g-values | x1 | x2...
1 0 +3.074052068e+03 +3.153412068e+03 +3.153412068e+03 +6.9208e-01 +2.7628e+00
2 0 +5.691512518e+01 +1.362751252e+02 +1.362751252e+02 +1.7748e+00 +2.2200e+00
8 0 +5.083149476e+01 +1.301914948e+02 +1.301914948e+02 +4.1797e+00 -8.3869e-01
13 0 +1.210607495e+01 +9.146607495e+01 +9.146607495e+01 +9.6103e-01 +1.9540e-01
75 0 +2.529946487e+00 +8.188994649e+01 +8.188994649e+01 -4.2085e-01 +2.8661e-01
161 0 +2.467730200e+00 +8.182773020e+01 +8.182773020e+01 -4.2085e-01 +4.6542e-01
168 0 +2.372947912e+00 +8.173294791e+01 +8.173294791e+01 -5.5563e-01 +2.8661e-01
444 0 +2.222493222e+00 +8.158249322e+01 +8.158249322e+01 -5.1116e-01 +4.3662e-01
450 0 +1.664823122e+00 +8.102482312e+01 +8.102482312e+01 -8.3116e-01 +1.0419e+00
713 0 +1.427213231e+00 +8.078721323e+01 +8.078721323e+01 -7.1167e-01 +5.6956e-01
714 0 +1.320463289e+00 +8.068046329e+01 +8.068046329e+01 -8.9067e-01 +9.3896e-01
819 0 +1.107208884e+00 +8.046720888e+01 +8.046720888e+01 -8.9067e-01 +7.9782e-01
899 0 +7.568531544e-01 +8.011685315e+01 +8.011685315e+01 -1.0025e+00 +8.9031e-01
924 0 +7.371941545e-01 +8.009719415e+01 +8.009719415e+01 -1.0261e+00 +9.0525e-01
926 0 +6.886818504e-01 +8.004868185e+01 +8.004868185e+01 -1.1037e+00 +9.8632e-01
1215 0 +6.707816489e-01 +8.003078165e+01 +8.003078165e+01 -1.1140e+00 +8.4912e-01
1227 0 +6.359102810e-01 +7.999591028e+01 +7.999591028e+01 -1.1222e+00 +9.8496e-01
1324 0 +5.926768955e-01 +7.995267690e+01 +7.995267690e+01 -1.1489e+00 +8.6668e-01
1332 0 +5.645754675e-01 +7.992457547e+01 +7.992457547e+01 -1.1368e+00 +9.5196e-01
1378 0 +3.802836047e-01 +7.974028360e+01 +7.974028360e+01 -1.2451e+00 +1.0152e+00
1537 0 +3.683533590e-01 +7.972835336e+01 +7.972835336e+01 -1.2596e+00 +1.0539e+00
1622 0 +2.887090660e-01 +7.964870907e+01 +7.964870907e+01 -1.3155e+00 +1.1016e+00
1630 0 +2.228033123e-01 +7.958280331e+01 +7.958280331e+01 -1.3712e+00 +1.0667e+00
1712 0 +7.954354467e-02 +7.943954354e+01 +7.943954354e+01 -1.5141e+00 +1.2006e+00
1836 0 +6.934666444e-02 +7.942934666e+01 +7.942934666e+01 -1.5332e+00 +1.2232e+00
1857 0 +6.229541334e-02 +7.942229541e+01 +7.942229541e+01 -1.5523e+00 +1.1981e+00
2042 0 +4.061829700e-02 +7.940061830e+01 +7.940061830e+01 -1.5782e+00 +1.2381e+00
% f evaluations | g evaluations | best noise-free fitness - Fopt (-2.234600000000e+02) + sum g_i+ | measured fitness | best measured fitness or single-digit g-values | x1 | x2...
1 0 +2.032310475e+04 +2.009964475e+04 +2.009964475e+04 -3.0136e-01 +4.5443e-01
7 0 +4.714483224e+00 -2.187455168e+02 -2.187455168e+02 +3.7853e+00 +2.7357e+00
138 0 +3.197194205e+00 -2.202628058e+02 -2.202628058e+02 +3.6198e+00 +2.8289e+00
213 0 +2.870277648e+00 -2.205897224e+02 -2.205897224e+02 +3.6198e+00 +2.8707e+00
306 0 +2.640619585e+00 -2.208193804e+02 -2.208193804e+02 +3.6979e+00 +2.9623e+00
392 0 +2.418340832e+00 -2.210416592e+02 -2.210416592e+02 +3.6027e+00 +2.9627e+00
471 0 +2.350963285e+00 -2.211090367e+02 -2.211090367e+02 +3.6027e+00 +2.9782e+00
513 0 +1.381240674e+00 -2.220787593e+02 -2.220787593e+02 +3.6320e+00 +3.2345e+00
692 0 +1.346318158e+00 -2.221136818e+02 -2.221136818e+02 +3.4458e+00 +3.0886e+00
738 0 +1.004409909e+00 -2.224555901e+02 -2.224555901e+02 +3.3984e+00 +3.1444e+00
749 0 +9.538542815e-01 -2.225061457e+02 -2.225061457e+02 +3.4458e+00 +3.2371e+00
871 0 +7.572314895e-01 -2.227027685e+02 -2.227027685e+02 +3.3665e+00 +3.2371e+00
916 0 +7.177376639e-01 -2.227422623e+02 -2.227422623e+02 +3.2715e+00 +3.1759e+00
975 0 +6.911535577e-01 -2.227688464e+02 -2.227688464e+02 +3.2435e+00 +3.1674e+00
1111 0 +2.960652854e-01 -2.231639347e+02 -2.231639347e+02 +2.9791e+00 +3.0961e+00
1308 0 +2.629472515e-01 -2.231970527e+02 -2.231970527e+02 +2.9685e+00 +3.1267e+00
1528 0 +2.129728194e-01 -2.232470272e+02 -2.232470272e+02 +2.8535e+00 +3.0304e+00
1595 0 +1.799576053e-01 -2.232800424e+02 -2.232800424e+02 +2.7762e+00 +2.9901e+00
1681 0 +7.873790995e-02 -2.233812621e+02 -2.233812621e+02 +2.7172e+00 +3.0304e+00
1842 0 +4.135372765e-02 -2.234186463e+02 -2.234186463e+02 +2.6644e+00 +3.0304e+00
1894 0 +2.712273041e-02 -2.234328773e+02 -2.234328773e+02 +2.6474e+00 +3.0411e+00
% f evaluations | g evaluations | best noise-free fitness - Fopt (-6.793500000000e+02) + sum g_i+ | measured fitness | best measured fitness or single-digit g-values | x1 | x2...
1 0 +2.355527966e+01 -6.557947203e+02 -6.557947203e+02 -3.0717e+00 +1.5389e-01
12 0 +1.235010865e+01 -6.669998913e+02 -6.669998913e+02 -1.9089e+00 -1.4338e+00
27 0 +6.840872114e+00 -6.725091279e+02 -6.725091279e+02 -3.7462e+00 -1.2751e+00
85 0 +6.595048930e+00 -6.727549511e+02 -6.727549511e+02 -2.0156e+00 -1.8231e+00
166 0 +6.187550269e+00 -6.731624497e+02 -6.731624497e+02 -2.0156e+00 -1.8847e+00
192 0 +5.964264065e+00 -6.733857359e+02 -6.733857359e+02 -2.1737e+00 -1.8041e+00
299 0 +5.532042482e+00 -6.738179575e+02 -6.738179575e+02 -1.9826e+00 -1.9716e+00
310 0 +5.145403679e+00 -6.742045963e+02 -6.742045963e+02 -2.1659e+00 -1.8847e+00
373 0 +4.444578202e+00 -6.749054218e+02 -6.749054218e+02 -2.7161e+00 -1.6892e+00
419 0 +3.894905129e+00 -6.754550949e+02 -6.754550949e+02 -2.7913e+00 -1.7718e+00
477 0 +3.838278294e+00 -6.755117217e+02 -6.755117217e+02 -2.9518e+00 -1.7764e+00
503 0 +3.379024361e+00 -6.759709756e+02 -6.759709756e+02 -2.5106e+00 -1.9415e+00
596 0 +2.921307301e+00 -6.764286927e+02 -6.764286927e+02 -1.9826e+00 -2.2786e+00
699 0 +2.730681454e+00 -6.766193185e+02 -6.766193185e+02 -2.0526e+00 -2.2658e+00
728 0 +2.573813322e+00 -6.767761867e+02 -6.767761867e+02 -2.7446e+00 -2.0993e+00
755 0 +2.217713770e+00 -6.771322862e+02 -6.771322862e+02 -2.3903e+00 -2.2358e+00
914 0 +2.178458628e+00 -6.771715414e+02 -6.771715414e+02 -2.6590e+00 -2.2570e+00
1002 0 +1.997780339e+00 -6.773522197e+02 -6.773522197e+02 -2.3564e+00 -2.2813e+00
1046 0 +1.819817907e+00 -6.775301821e+02 -6.775301821e+02 -2.4889e+00 -2.2940e+00
1120 0 +1.366058747e+00 -6.779839413e+02 -6.779839413e+02 -2.4270e+00 -2.4834e+00
1339 0 +1.093932472e+00 -6.782560675e+02 -6.782560675e+02 -2.3743e+00 -2.6643e+00
1494 0 +1.017795478e+00 -6.783322045e+02 -6.783322045e+02 -2.3053e+00 -2.6053e+00
1565 0 +9.391327077e-01 -6.784108673e+02 -6.784108673e+02 -2.3053e+00 -2.6338e+00
1576 0 +9.206542360e-01 -6.784293458e+02 -6.784293458e+02 -2.3228e+00 -2.6643e+00
1638 0 +7.955391582e-01 -6.785544608e+02 -6.785544608e+02 -2.2499e+00 -2.6643e+00
1685 0 +7.864272139e-01 -6.785635728e+02 -6.785635728e+02 -2.2278e+00 -2.6600e+00
1687 0 +7.581717535e-01 -6.785918282e+02 -6.785918282e+02 -2.1834e+00 -2.6693e+00
1728 0 +7.337267178e-01 -6.786162733e+02 -6.786162733e+02 -2.2441e+00 -2.7675e+00
1790 0 +7.080812032e-01 -6.786419188e+02 -6.786419188e+02 -2.1849e+00 -2.7733e+00
1821 0 +6.717474686e-01 -6.786782525e+02 -6.786782525e+02 -2.0278e+00 -2.7675e+00
1899 0 +6.355815427e-01 -6.787144185e+02 -6.787144185e+02 -2.0284e+00 -2.7794e+00
1930 0 +5.869526328e-01 -6.787630474e+02 -6.787630474e+02 -2.0259e+00 -2.7938e+00
2015 0 +4.271035548e-01 -6.789228964e+02 -6.789228964e+02 -2.0792e+00 -2.8908e+00
% f evaluations | g evaluations | best noise-free fitness - Fopt (-1.293700000000e+02) + sum g_i+ | measured fitness | best measured fitness or single-digit g-values | x1 | x2...
1 0 +1.396305417e+05 +1.395011717e+05 +1.395011717e+05 -1.9193e-03 -1.4243e-02
2 0 +6.645501043e+00 -1.227244990e+02 -1.227244990e+02 +1.2122e+00 +3.6958e+00
32 0 +4.227890716e+00 -1.251421093e+02 -1.251421093e+02 -3.9753e-01 +3.5202e+00
153 0 +1.371661264e+00 -1.279983387e+02 -1.279983387e+02 -3.3667e-01 +3.0038e+00
256 0 +1.303600772e+00 -1.280663992e+02 -1.280663992e+02 -4.6455e-01 +2.9829e+00
458 0 +8.741647451e-01 -1.284958353e+02 -1.284958353e+02 -4.7910e-01 +2.8192e+00
606 0 +8.266325196e-01 -1.285433675e+02 -1.285433675e+02 -4.9734e-01 +2.8134e+00
641 0 +7.928415278e-01 -1.285771585e+02 -1.285771585e+02 -5.1758e-01 +2.8192e+00
700 0 +5.811233450e-01 -1.287888767e+02 -1.287888767e+02 -7.0769e-01 +2.7534e+00
932 0 +5.379929242e-01 -1.288320071e+02 -1.288320071e+02 -7.1546e-01 +2.7333e+00
975 0 +5.347482471e-01 -1.288352518e+02 -1.288352518e+02 -7.0769e-01 +2.7089e+00
993 0 +4.670652780e-01 -1.289029347e+02 -1.289029347e+02 -7.4270e-01 +2.7089e+00
1101 0 +4.450602363e-01 -1.289249398e+02 -1.289249398e+02 -7.5949e-01 +2.7098e+00
1112 0 +4.286573658e-01 -1.289413426e+02 -1.289413426e+02 -8.1273e-01 +2.7372e+00
1128 0 +4.006855869e-01 -1.289693144e+02 -1.289693144e+02 -8.2428e-01 +2.7117e+00
1175 0 +3.720629642e-01 -1.289979370e+02 -1.289979370e+02 -8.3185e-01 +2.6630e+00
1218 0 +2.621541995e-01 -1.291078458e+02 -1.291078458e+02 -1.0106e+00 +2.6635e+00
1373 0 +1.925182235e-01 -1.291774818e+02 -1.291774818e+02 -1.0263e+00 +2.6211e+00
1397 0 +1.460448242e-01 -1.292239552e+02 -1.292239552e+02 -1.0412e+00 +2.5577e+00
1599 0 +7.684698983e-02 -1.292931530e+02 -1.292931530e+02 -1.1417e+00 +2.4841e+00
1701 0 +7.215384740e-02 -1.292978462e+02 -1.292978462e+02 -1.2059e+00 +2.5288e+00
1807 0 +4.353273910e-02 -1.293264673e+02 -1.293264673e+02 -1.1988e+00 +2.5050e+00
2008 0 +5.802570831e-03 -1.293641974e+02 -1.293641974e+02 -1.2919e+00 +2.4368e+00
