% f evaluations | g evaluations | best noise-free fitness - Fopt (3.590000000000e+01) + sum g_i+ | measured fitness | best measured fitness or single-digit g-values | x1 | x2...
1 0 +1.951168293e+03 +1.987068293e+03 +1.987068293e+03 +4.4686e+00 +8.4901e-01 +2.5251e+00
6 0 +7.908905527e+01 +1.149890553e+02 +1.149890553e+02 -5.0076e-02 -2.5974e+00 -1.0488e+00
23 0 +5.539419789e+01 +9.129419789e+01 +9.129419789e+01 +3.5975e+00 -1.2314e+00 -2.7429e-02
37 0 +2.879879011e+00 +3.877987901e+01 +3.877987901e+01 +3.4066e+00 +8.6440e-01 +2.3058e+00
114 0 +2.782714861e+00 +3.868271486e+01 +3.868271486e+01 +3.4066e+00 +7.6683e-01 +2.3241e+00
146 0 +2.599799554e+00 +3.849979955e+01 +3.849979955e+01 +3.3386e+00 +9.9555e-01 +2.3058e+00
279 0 +2.006760679e+00 +3.790676068e+01 +3.790676068e+01 +3.3691e+00 +7.8173e-01 +2.4355e+00
304 0 +1.596447161e+00 +3.749644716e+01 +3.749644716e+01 +3.3691e+00 +7.8173e-01 +2.4835e+00
471 0 +1.428656568e+00 +3.732865657e+01 +3.732865657e+01 +3.2620e+00 +7.8173e-01 +2.4355e+00
526 0 +1.381395379e+00 +3.728139538e+01 +3.728139538e+01 +3.2621e+00 +6.6088e-01 +2.4764e+00
538 0 +1.370987035e+00 +3.727098704e+01 +3.727098704e+01 +3.3621e+00 +6.8180e-01 +2.5584e+00
724 0 +1.343917292e+00 +3.724391729e+01 +3.724391729e+01 +3.2402e+00 +7.7547e-01 +2.4747e+00
731 0 +1.174902335e+00 +3.707490233e+01 +3.707490233e+01 +3.2704e+00 +6.5315e-01 +2.5584e+00
794 0 +8.524064845e-01 +3.675240648e+01 +3.675240648e+01 +3.2622e+00 +7.1431e-01 +2.5884e+00
861 0 +7.359775954e-01 +3.663597760e+01 +3.663597760e+01 +2.9565e+00 +8.1755e-01 +2.4079e+00
912 0 +7.223043875e-01 +3.662230439e+01 +3.662230439e+01 +3.1168e+00 +7.6448e-01 +2.5299e+00
916 0 +5.174748877e-01 +3.641747489e+01 +3.641747489e+01 +3.1013e+00 +7.9632e-01 +2.5680e+00
994 0 +3.613669870e-01 +3.626136699e+01 +3.626136699e+01 +3.0366e+00 +7.9102e-01 +2.5943e+00
1016 0 +3.072466501e-01 +3.620724665e+01 +3.620724665e+01 +2.7729e+00 +8.6835e-01 +2.4697e+00
1234 0 +2.481028949e-01 +3.614810289e+01 +3.614810289e+01 +2.7874e+00 +8.8960e-01 +2.4877e+00
1237 0 +9.262761439e-02 +3.599262761e+01 +3.599262761e+01 +2.7648e+00 +1.0713e+00 +2.4889e+00
1354 0 +9.073600444e-02 +3.599073600e+01 +3.599073600e+01 +2.8632e+00 +9.2113e-01 +2.5882e+00
1508 0 +6.860937060e-02 +3.596860937e+01 +3.596860937e+01 +2.8767e+00 +9.5840e-01 +2.6064e+00
1535 0 +6.498741128e-02 +3.596498741e+01 +3.596498741e+01 +2.7870e+00 +1.0775e+00 +2.5186e+00
1758 0 +5.356717512e-02 +3.595356718e+01 +3.595356718e+01 +2.7643e+00 +1.0489e+00 +2.5246e+00
1764 0 +4.862345684e-02 +3.594862346e+01 +3.594862346e+01 +2.8293e+00 +9.8599e-01 +2.5774e+00
1837 0 +4.358692723e-02 +3.594358693e+01 +3.594358693e+01 +2.7887e+00 +1.1521e+00 +2.5275e+00
1849 0 +3.821815822e-02 +3.593821816e+01 +3.593821816e+01 +2.8286e+00 +1.0283e+00 +2.5724e+00
1941 0 +3.383545790e-02 +3.593383546e+01 +3.593383546e+01 +2.7342e+00 +1.1277e+00 +2.5186e+00
2096 0 +2.278334339e-02 +3.592278334e+01 +3.592278334e+01 +2.8286e+00 +1.0875e+00 +2.5724e+00
2101 0 +2.177656649e-02 +3.592177657e+01 +3.592177657e+01 +2.8039e+00 +1.0495e+00 +2.5703e+00
2184 0 +1.160617596e-02 +3.591160618e+01 +3.591160618e+01 +2.8039e+00 +1.1203e+00 +2.5703e+00
2633 0 +4.746721995e-03 +3.590474672e+01 +3.590474672e+01 +2.7855e+00 +1.1203e+00 +2.5703e+00
% f evaluations | g evaluations | best noise-free fitness - Fopt (3.137000000000e+01) + sum g_i+ | measured fitness | best measured fitness or single-digit g-values | x1 | x2...
1 0 +6.125798112e+04 +6.128935112e+04 +6.128935112e+04 -4.1850e+00 -1.2175e+00 +1.9786e+00
2 0 +2.907772902e+01 +6.044772902e+01 +6.044772902e+01 +3.0659e+00 +3.5110e+00 -4.7186e+00
28 0 +2.405193713e+01 +5.542193713e+01 +5.542193713e+01 +8.4656e-01 +3.5230e+00 -2.3023e+00
34 0 +2.371472477e+01 +5.508472477e+01 +5.508472477e+01 -9.4836e-01 +2.8007e+00 -1.0148e+00
136 0 +1.749376090e+01 +4.886376090e+01 +4.886376090e+01 -5.5219e-02 +1.8276e+00 -1.9031e+00
212 0 +1.455206521e+01 +4.592206521e+01 +4.592206521e+01 +1.3227e+00 +4.0581e+00 -3.6021e+00
220 0 +1.437869547e+01 +4.574869547e+01 +4.574869547e+01 -5.5219e-02 +1.8276e+00 -2.0343e+00
345 0 +1.340060252e+01 +4.477060252e+01 +4.477060252e+01 -1.4195e-01 +1.6464e+00 -2.0343e+00
379 0 +1.286386207e+01 +4.423386207e+01 +4.423386207e+01 +6.3372e-01 +2.9428e+00 -2.8182e+00
456 0 +1.238644184e+01 +4.375644184e+01 +4.375644184e+01 -2.3652e-01 +1.8276e+00 -2.1675e+00
472 0 +1.215280712e+01 +4.352280712e+01 +4.352280712e+01 +4.4982e-01 +3.0182e+00 -2.8849e+00
517 0 +1.185672008e+01 +4.322672008e+01 +4.322672008e+01 +4.1052e-04 +2.4361e+00 -2.4596e+00
644 0 +1.032446209e+01 +4.169446209e+01 +4.169446209e+01 +2.2512e-01 +2.7272e+00 -2.7811e+00
653 0 +8.158833255e+00 +3.952883325e+01 +3.952883325e+01 -2.3364e-01 +2.4361e+00 -2.5123e+00
744 0 +7.917500308e+00 +3.928750031e+01 +3.928750031e+01 +3.5188e-01 +3.0182e+00 -3.0948e+00
784 0 +6.666909076e+00 +3.803690908e+01 +3.803690908e+01 +2.7594e-01 +2.7249e+00 -3.1455e+00
820 0 +6.600586570e+00 +3.797058657e+01 +3.797058657e+01 -2.7951e-01 +2.2201e+00 -2.6495e+00
908 0 +5.690107657e+00 +3.706010766e+01 +3.706010766e+01 -4.5738e-01 +2.1692e+00 -2.6495e+00
929 0 +4.297980294e+00 +3.566798029e+01 +3.566798029e+01 -1.0010e-02 +2.2809e+00 -3.1169e+00
1053 0 +3.931328660e+00 +3.530132866e+01 +3.530132866e+01 -7.1713e-02 +2.2428e+00 -3.1169e+00
1124 0 +3.870078739e+00 +3.524007874e+01 +3.524007874e+01 -1.0010e-02 +2.1722e+00 -3.1705e+00
1223 0 +2.793053809e+00 +3.416305381e+01 +3.416305381e+01 -4.1918e-02 +2.4603e+00 -3.3441e+00
1389 0 +2.594276785e+00 +3.396427679e+01 +3.396427679e+01 -1.2708e-01 +2.4488e+00 -3.3271e+00
1422 0 +2.555266471e+00 +3.392526647e+01 +3.392526647e+01 -1.4675e-01 +2.5475e+00 -3.3660e+00
1458 0 +2.436216699e+00 +3.380621670e+01 +3.380621670e+01 -2.3802e-01 +2.3578e+00 -3.2765e+00
1505 0 +2.382451489e+00 +3.375245149e+01 +3.375245149e+01 -3.7669e-01 +2.0854e+00 -3.1382e+00
1512 0 +2.313861772e+00 +3.368386177e+01 +3.368386177e+01 -4.4408e-02 +2.3952e+00 -3.4441e+00
1588 0 +1.536836350e+00 +3.290683635e+01 +3.290683635e+01 -2.6362e-01 +2.2904e+00 -3.3782e+00
1682 0 +1.447078100e+00 +3.281707810e+01 +3.281707810e+01 -1.4121e-01 +2.3206e+00 -3.4830e+00
1688 0 +1.374778641e+00 +3.274477864e+01 +3.274477864e+01 -3.4764e-01 +2.2466e+00 -3.3829e+00
1740 0 +1.231664311e+00 +3.260166431e+01 +3.260166431e+01 -2.5532e-01 +2.3473e+00 -3.5405e+00
1791 0 +7.154343317e-01 +3.208543433e+01 +3.208543433e+01 -2.2698e-01 +2.1421e+00 -3.5993e+00
1945 0 +6.905351561e-01 +3.206053516e+01 +3.206053516e+01 -3.1831e-01 +2.1890e+00 -3.5923e+00
1997 0 +5.528559606e-01 +3.192285596e+01 +3.192285596e+01 -1.9439e-01 +2.1489e+00 -3.6689e+00
2040 0 +5.134053623e-01 +3.188340536e+01 +3.188340536e+01 -2.8365e-01 +2.1421e+00 -3.6264e+00
2082 0 +4.222136493e-01 +3.179221365e+01 +3.179221365e+01 -3.1382e-01 +2.1209e+00 -3.6369e+00
2119 0 +4.155153346e-01 +3.178551533e+01 +3.178551533e+01 -7.9946e-02 +2.0714e+00 -3.7909e+00
2125 0 +2.854225126e-01 +3.165542251e+01 +3.165542251e+01 -1.9439e-01 +2.1489e+00 -3.7846e+00
2269 0 +2.079990887e-01 +3.157799909e+01 +3.157799909e+01 -1.9445e-01 +2.0714e+00 -3.7909e+00
2396 0 +1.482749352e-01 +3.151827494e+01 +3.151827494e+01 -1.1401e-01 +2.0816e+00 -3.9182e+00
2468 0 +1.191039940e-01 +3.148910399e+01 +3.148910399e+01 -2.6614e-01 +2.0337e+00 -3.7947e+00
2498 0 +7.646615406e-02 +3.144646615e+01 +3.144646615e+01 -1.8996e-01 +2.0010e+00 -3.8719e+00
2865 0 +6.818879166e-02 +3.143818879e+01 +3.143818879e+01 -1.8996e-01 +1.9287e+00 -3.8719e+00
2912 0 +6.436014340e-02 +3.143436014e+01 +3.143436014e+01 -1.9061e-01 +1.9360e+00 -3.8725e+00
3004 0 +5.053325095e-02 +3.142053325e+01 +3.142053325e+01 -2.8252e-01 +1.9780e+00 -3.8157e+00
3013 0 +3.929729260e-02 +3.140929729e+01 +3.140929729e+01 -2.5429e-01 +1.9060e+00 -3.8282e+00
% f evaluations | g evaluations | best noise-free fitness - Fopt (-1.000000000000e+03) + sum g_i+ | measured fitness | best measured fitness or single-digit g-values | x1 | x2...
1 0 +5.663898887e+05 +5.653898887e+05 +5.653898887e+05 +2.0644e+00 +3.1357e+00 +2.7343e+00
2 0 +2.265435551e+05 +2.255435551e+05 +2.255435551e+05 -3.2740e+00 -1.8742e+00 -3.9572e+00
4 0 +1.279499093e+05 +1.269499093e+05 +1.269499093e+05 +3.6932e+00 -2.4454e+00 -4.8628e-01
6 0 +6.953606668e+04 +6.853606668e+04 +6.853606668e+04 +3.4254e+00 -2.5426e+00 +1.7268e+00
7 0 +6.198449125e+04 +6.098449125e+04 +6.098449125e+04 -1.8533e+00 -2.3093e+00 -5.8600e-01
11 0 +1.263182824e+02 -8.736817176e+02 -8.736817176e+02 -4.9436e+00 -3.1422e+00 +3.8396e+00
14 0 +3.208976801e+01 -9.679102320e+02 -9.679102320e+02 -4.6316e+00 -4.9696e+00 +3.5773e+00
63 0 +2.965003451e+01 -9.703499655e+02 -9.703499655e+02 -4.2587e+00 -4.4456e+00 +2.9150e+00
110 0 +7.236025560e+00 -9.927639744e+02 -9.927639744e+02 -1.7999e+00 -4.6634e+00 +3.3880e+00
201 0 +6.574486028e+00 -9.934255140e+02 -9.934255140e+02 -1.7463e+00 -2.9860e+00 +2.4883e+00
215 0 +4.573070603e+00 -9.954269294e+02 -9.954269294e+02 -1.5005e+00 -3.3338e+00 +2.5554e+00
288 0 +3.698103734e+00 -9.963018963e+02 -9.963018963e+02 -1.5393e+00 -4.3384e+00 +3.8493e+00
355 0 +1.389669187e+00 -9.986103308e+02 -9.986103308e+02 -7.4410e-01 -3.6853e+00 +2.8935e+00
710 0 +1.103535800e+00 -9.988964642e+02 -9.988964642e+02 -8.6650e-01 -3.6853e+00 +3.0571e+00
796 0 +7.936255650e-01 -9.992063744e+02 -9.992063744e+02 -8.4870e-01 -3.5178e+00 +3.0806e+00
955 0 +7.366169443e-01 -9.992633831e+02 -9.992633831e+02 -7.7763e-01 -3.6513e+00 +3.0865e+00
959 0 +4.838336166e-01 -9.995161664e+02 -9.995161664e+02 -6.7583e-01 -3.4866e+00 +3.0571e+00
1020 0 +2.473850249e-01 -9.997526150e+02 -9.997526150e+02 -5.1186e-01 -3.4258e+00 +2.9893e+00
1239 0 +1.239506930e-01 -9.998760493e+02 -9.998760493e+02 -3.9925e-01 -3.4201e+00 +2.9657e+00
1294 0 +7.876885451e-02 -9.999212311e+02 -9.999212311e+02 -3.0972e-01 -3.4201e+00 +2.8532e+00
1506 0 +5.536716347e-02 -9.999446328e+02 -9.999446328e+02 -3.0972e-01 -3.4201e+00 +2.8812e+00
1733 0 +4.304819319e-02 -9.999569518e+02 -9.999569518e+02 -3.0972e-01 -3.3666e+00 +2.8539e+00
2248 0 +4.131824246e-02 -9.999586818e+02 -9.999586818e+02 -2.8426e-01 -3.3875e+00 +2.9239e+00
2419 0 +2.528962913e-02 -9.999747104e+02 -9.999747104e+02 -2.7034e-01 -3.3965e+00 +2.8989e+00
2581 0 +2.109674430e-02 -9.999789033e+02 -9.999789033e+02 -2.4773e-01 -3.3804e+00 +2.9012e+00
3008 0 +1.550004301e-02 -9.999845000e+02 -9.999845000e+02 -2.5018e-01 -3.3721e+00 +2.8547e+00
% f evaluations | g evaluations | best noise-free fitness - Fopt (1.319200000000e+02) + sum g_i+ | measured fitness | best measured fitness or single-digit g-values | x1 | x2...
1 0 +7.264735752e+02 +8.583935752e+02 +8.583935752e+02 +2.9602e+00 +6.0782e-01 -2.0813e+00
5 0 +2.315496676e+01 +1.550749668e+02 +1.550749668e+02 -3.4676e+00 -3.2215e-01 -4.7167e+00
45 0 +2.788762030e+00 +1.347087620e+02 +1.347087620e+02 -3.1387e+00 +2.4488e+00 -4.5723e+00
560 0 +2.412860911e+00 +1.343328609e+02 +1.343328609e+02 -3.1387e+00 +2.4052e+00 -4.4303e+00
563 0 +2.307328444e+00 +1.342273284e+02 +1.342273284e+02 -3.1387e+00 +2.6001e+00 -4.3623e+00
707 0 +2.202644509e+00 +1.341226445e+02 +1.341226445e+02 -3.1181e+00 +2.6001e+00 -4.3270e+00
809 0 +2.029214969e+00 +1.339492150e+02 +1.339492150e+02 -3.3382e+00 +2.1425e+00 -4.4138e+00
862 0 +1.981949435e+00 +1.339019494e+02 +1.339019494e+02 -3.1642e+00 +2.4872e+00 -4.3270e+00
899 0 +1.501151461e+00 +1.334211515e+02 +1.334211515e+02 -3.2641e+00 +2.2032e+00 -4.2409e+00
1026 0 +1.476782947e+00 +1.333967829e+02 +1.333967829e+02 -3.3403e+00 +2.3401e+00 -4.3135e+00
1063 0 +1.400340319e+00 +1.333203403e+02 +1.333203403e+02 -3.4310e+00 +2.1836e+00 -4.3188e+00
1115 0 +1.374696206e+00 +1.332946962e+02 +1.332946962e+02 -3.3749e+00 +2.2357e+00 -4.2644e+00
1123 0 +1.325048079e+00 +1.332450481e+02 +1.332450481e+02 -3.3838e+00 +2.0900e+00 -4.1314e+00
1164 0 +1.230150952e+00 +1.331501510e+02 +1.331501510e+02 -3.3183e+00 +2.2916e+00 -4.1107e+00
1209 0 +7.315491143e-01 +1.326515491e+02 +1.326515491e+02 -3.4355e+00 +2.2357e+00 -4.0011e+00
1483 0 +5.505292304e-01 +1.324705292e+02 +1.324705292e+02 -3.5606e+00 +2.2326e+00 -3.9903e+00
1496 0 +3.693555355e-01 +1.322893555e+02 +1.322893555e+02 -3.6285e+00 +2.1572e+00 -3.9163e+00
1846 0 +3.585052533e-01 +1.322785053e+02 +1.322785053e+02 -3.7581e+00 +2.0200e+00 -3.9855e+00
1866 0 +3.126871732e-01 +1.322326872e+02 +1.322326872e+02 -3.6875e+00 +2.0678e+00 -3.9225e+00
2012 0 +2.850353389e-01 +1.322050353e+02 +1.322050353e+02 -3.7563e+00 +2.0424e+00 -3.9457e+00
2015 0 +2.614267993e-01 +1.321814268e+02 +1.321814268e+02 -3.8692e+00 +1.8766e+00 -3.9455e+00
2062 0 +1.553111614e-01 +1.320753112e+02 +1.320753112e+02 -3.7581e+00 +1.9978e+00 -3.7805e+00
2605 0 +4.798855948e-02 +1.319679886e+02 +1.319679886e+02 -3.8732e+00 +1.9978e+00 -3.7805e+00
% f evaluations | g evaluations | best noise-free fitness - Fopt (5.908400000000e+02) + sum g_i+ | measured fitness | best measured fitness or single-digit g-values | x1 | x2...
1 0 +1.732822587e+03 +2.323662587e+03 +2.323662587e+03 +3.8453e+00 +7.2605e-01 -2.0898e-01
5 0 +1.263811038e+02 +7.172211038e+02 +7.172211038e+02 +3.8323e+00 -3.4532e+00 +3.7148e+00
27 0 +1.148873089e+02 +7.057273089e+02 +7.057273089e+02 +4.3275e+00 -3.6857e+00 +3.1203e+00
48 0 +4.025611010e+01 +6.310961101e+02 +6.310961101e+02 +3.6493e+00 +2.2654e-01 +6.8652e-01
57 0 +9.807216643e+00 +6.006472166e+02 +6.006472166e+02 +2.7295e+00 -4.2261e+00 -2.3033e+00
90 0 +2.817127520e+00 +5.936571275e+02 +5.936571275e+02 +2.0686e+00 -2.4401e+00 -2.6489e+00
286 0 +2.719222294e+00 +5.935592223e+02 +5.935592223e+02 +2.0713e+00 -2.6250e+00 -2.6228e+00
380 0 +2.347101369e+00 +5.931871014e+02 +5.931871014e+02 +1.9390e+00 -2.5884e+00 -2.6808e+00
422 0 +1.528046465e+00 +5.923680465e+02 +5.923680465e+02 +1.8553e+00 -2.5884e+00 -2.8510e+00
607 0 +1.451878081e+00 +5.922918781e+02 +5.922918781e+02 +1.8553e+00 -2.6693e+00 -2.8510e+00
741 0 +1.436579254e+00 +5.922765793e+02 +5.922765793e+02 +1.8757e+00 -2.9337e+00 -2.8357e+00
920 0 +1.371743722e+00 +5.922117437e+02 +5.922117437e+02 +1.8757e+00 -3.0552e+00 -2.9037e+00
1119 0 +1.322507229e+00 +5.921625072e+02 +5.921625072e+02 +1.8482e+00 -3.0552e+00 -2.9385e+00
1159 0 +1.276660998e+00 +5.921166610e+02 +5.921166610e+02 +1.7651e+00 -3.0093e+00 -2.9041e+00
1204 0 +1.105679118e+00 +5.919456791e+02 +5.919456791e+02 +1.7712e+00 -3.1597e+00 -2.9667e+00
1251 0 +1.018525368e+00 +5.918585254e+02 +5.918585254e+02 +1.7624e+00 -2.8855e+00 -2.9643e+00
1265 0 +7.679258255e-01 +5.916079258e+02 +5.916079258e+02 +1.7449e+00 -2.8547e+00 -3.0658e+00
1388 0 +7.062565357e-01 +5.915462565e+02 +5.915462565e+02 +1.6918e+00 -2.9453e+00 -3.0785e+00
1393 0 +6.763745688e-01 +5.915163746e+02 +5.915163746e+02 +1.7103e+00 -2.9815e+00 -3.1157e+00
1461 0 +5.120116627e-01 +5.913520117e+02 +5.913520117e+02 +1.6617e+00 -3.0709e+00 -3.1233e+00
1588 0 +4.783723637e-01 +5.913183724e+02 +5.913183724e+02 +1.6731e+00 -3.2272e+00 -3.1563e+00
1638 0 +4.525525091e-01 +5.912925525e+02 +5.912925525e+02 +1.6617e+00 -3.0851e+00 -3.1481e+00
1644 0 +3.214581763e-01 +5.911614582e+02 +5.911614582e+02 +1.5768e+00 -3.2291e+00 -3.2146e+00
1690 0 +1.502561336e-01 +5.909902561e+02 +5.909902561e+02 +1.5768e+00 -3.2291e+00 -3.3300e+00
2266 0 +9.926582831e-02 +5.909392658e+02 +5.909392658e+02 +1.5303e+00 -3.2136e+00 -3.3438e+00
2499 0 +8.608764268e-02 +5.909260876e+02 +5.909260876e+02 +1.5559e+00 -3.2794e+00 -3.3826e+00
2679 0 +8.038847273e-02 +5.909203885e+02 +5.909203885e+02 +1.5230e+00 -3.2535e+00 -3.3629e+00
2825 0 +7.729772848e-02 +5.909172977e+02 +5.909172977e+02 +1.5179e+00 -3.2215e+00 -3.3778e+00
2888 0 +4.006481979e-02 +5.908800648e+02 +5.908800648e+02 +1.5089e+00 -3.3535e+00 -3.4354e+00
% f evaluations | g evaluations | best noise-free fitness - Fopt (2.156100000000e+02) + sum g_i+ | measured fitness | best measured fitness or single-digit g-values | x1 | x2...
1 0 +2.008100312e+05 +2.010256412e+05 +2.010256412e+05 -3.8087e+00 -5.5424e-01 -1.2819e+00
2 0 +7.343029934e+02 +9.499129934e+02 +9.499129934e+02 -2.3944e-01 +2.4134e+00 +2.7528e+00
6 0 +1.164490570e+02 +3.320590570e+02 +3.320590570e+02 +4.5252e+00 -1.6513e+00 -2.6419e+00
9 0 +3.894590654e+01 +2.545559065e+02 +2.545559065e+02 +7.5065e-01 -5.1665e-01 -2.6319e+00
14 0 +5.077992575e+00 +2.206879926e+02 +2.206879926e+02 -1.5095e+00 +3.4538e+00 -2.6524e+00
159 0 +3.971094015e+00 +2.195810940e+02 +2.195810940e+02 -1.5372e+00 +3.4672e+00 -2.9132e+00
239 0 +3.236328435e+00 +2.188463284e+02 +2.188463284e+02 -1.7094e+00 +3.4380e+00 -2.6524e+00
274 0 +2.311316709e+00 +2.179213167e+02 +2.179213167e+02 -1.7807e+00 +3.3926e+00 -2.8195e+00
313 0 +1.361338730e+00 +2.169713387e+02 +2.169713387e+02 -1.9412e+00 +3.3926e+00 -2.8195e+00
437 0 +7.602318108e-01 +2.163702318e+02 +2.163702318e+02 -2.0291e+00 +3.3268e+00 -2.8195e+00
561 0 +4.547377128e-01 +2.160647377e+02 +2.160647377e+02 -2.1506e+00 +3.3268e+00 -2.7623e+00
676 0 +3.147506780e-01 +2.159247507e+02 +2.159247507e+02 -2.2400e+00 +3.3268e+00 -2.6535e+00
725 0 +2.943179282e-01 +2.159043179e+02 +2.159043179e+02 -2.2400e+00 +3.2232e+00 -2.6535e+00
953 0 +2.630267039e-01 +2.158730267e+02 +2.158730267e+02 -2.2543e+00 +3.3021e+00 -2.6650e+00
1139 0 +1.965833275e-01 +2.158065833e+02 +2.158065833e+02 -2.3179e+00 +3.2918e+00 -2.5671e+00
1214 0 +1.415735606e-01 +2.157515736e+02 +2.157515736e+02 -2.3622e+00 +3.3925e+00 -2.6144e+00
1402 0 +1.099265489e-01 +2.157199265e+02 +2.157199265e+02 -2.4561e+00 +3.3266e+00 -2.4280e+00
1565 0 +8.292143047e-02 +2.156929214e+02 +2.156929214e+02 -2.4100e+00 +3.3077e+00 -2.5946e+00
1659 0 +7.792429100e-02 +2.156879243e+02 +2.156879243e+02 -2.4100e+00 +3.3704e+00 -2.5946e+00
1686 0 +5.736377150e-02 +2.156673638e+02 +2.156673638e+02 -2.4354e+00 +3.4005e+00 -2.5505e+00
2052 0 +4.301165912e-02 +2.156530117e+02 +2.156530117e+02 -2.4604e+00 +3.3547e+00 -2.5584e+00
2053 0 +4.143308051e-02 +2.156514331e+02 +2.156514331e+02 -2.4557e+00 +3.3776e+00 -2.5499e+00
2141 0 +1.630456347e-02 +2.156263046e+02 +2.156263046e+02 -2.5199e+00 +3.3950e+00 -2.4749e+00
2606 0 +1.337181241e-02 +2.156233718e+02 +2.156233718e+02 -2.5082e+00 +3.4072e+00 -2.5068e+00
% f evaluations | g evaluations | best noise-free fitness - Fopt (1.936900000000e+02) + sum g_i+ | measured fitness | best measured fitness or single-digit g-values | x1 | x2...
1 0 +4.131165560e+05 +4.133102460e+05 +4.133102460e+05 -2.5962e+00 -2.9523e+00 +3.9052e+00
2 0 +2.300246369e+05 +2.302183269e+05 +2.302183269e+05 +1.9337e+00 -4.1135e+00 +3.5356e-01
3 0 +2.163666429e+05 +2.165603329e+05 +2.165603329e+05 +4.0746e+00 +1.2868e+00 +4.5963e+00
4 0 +8.846018949e+03 +9.039708949e+03 +9.039708949e+03 -5.8535e-02 +3.8449e+00 -2.2866e+00
20 0 +5.830373542e+01 +2.519937354e+02 +2.519937354e+02 +2.8174e+00 +1.0953e+00 -3.7703e+00
27 0 +2.554286675e+01 +2.192328668e+02 +2.192328668e+02 +4.0218e+00 +3.0151e+00 -3.4545e+00
61 0 +2.369429086e+01 +2.173842909e+02 +2.173842909e+02 +2.5023e+00 +4.0836e+00 -4.8794e+00
136 0 +9.051062971e+00 +2.027410630e+02 +2.027410630e+02 +1.3937e+00 +2.6896e+00 -2.5069e+00
138 0 +6.990685412e+00 +2.006806854e+02 +2.006806854e+02 +1.2967e+00 +2.8465e+00 -2.4157e+00
206 0 +6.480836196e+00 +2.001708362e+02 +2.001708362e+02 +1.0643e+00 +2.8465e+00 -2.3958e+00
263 0 +4.271341609e+00 +1.979613416e+02 +1.979613416e+02 +7.7484e-01 +3.2134e+00 -2.1617e+00
539 0 +3.924396269e+00 +1.976143963e+02 +1.976143963e+02 +8.8178e-01 +3.3081e+00 -2.4925e+00
596 0 +3.736212530e+00 +1.974262125e+02 +1.974262125e+02 +6.2540e-01 +3.0473e+00 -2.4783e+00
638 0 +3.334435203e+00 +1.970244352e+02 +1.970244352e+02 +5.6604e-01 +3.1032e+00 -2.5400e+00
807 0 +3.306944703e+00 +1.969969447e+02 +1.969969447e+02 +5.6604e-01 +3.1032e+00 -2.4657e+00
836 0 +2.732365389e+00 +1.964223654e+02 +1.964223654e+02 +3.2148e-01 +3.0502e+00 -2.5400e+00
909 0 +2.546624258e+00 +1.962366243e+02 +1.962366243e+02 +3.2148e-01 +3.1285e+00 -2.5400e+00
1008 0 +2.399581422e+00 +1.960895814e+02 +1.960895814e+02 +3.8549e-01 +3.3530e+00 -2.5729e+00
1043 0 +2.343220865e+00 +1.960332209e+02 +1.960332209e+02 +2.9182e-01 +3.2144e+00 -2.5400e+00
1093 0 +2.173650336e+00 +1.958636503e+02 +1.958636503e+02 +2.5062e-01 +3.2734e+00 -2.4594e+00
1115 0 +1.954183012e+00 +1.956441830e+02 +1.956441830e+02 +2.0569e-01 +3.2553e+00 -2.5886e+00
1148 0 +1.698350915e+00 +1.953883509e+02 +1.953883509e+02 +5.9011e-02 +3.1751e+00 -2.3998e+00
1208 0 +1.583923021e+00 +1.952739230e+02 +1.952739230e+02 +5.9011e-02 +3.3121e+00 -2.3998e+00
1307 0 +1.547824440e+00 +1.952378244e+02 +1.952378244e+02 +1.2173e-01 +3.3121e+00 -2.5400e+00
1328 0 +1.421685557e+00 +1.951116856e+02 +1.951116856e+02 +7.7917e-02 +3.3622e+00 -2.5785e+00
1425 0 +1.232194242e+00 +1.949221942e+02 +1.949221942e+02 -1.1897e-01 +3.2921e+00 -2.6107e+00
1594 0 +1.091550112e+00 +1.947815501e+02 +1.947815501e+02 -1.4709e-01 +3.3586e+00 -2.5933e+00
1747 0 +1.024097540e+00 +1.947140975e+02 +1.947140975e+02 -2.0519e-01 +3.3155e+00 -2.4920e+00
1759 0 +7.516224420e-01 +1.944416224e+02 +1.944416224e+02 -2.8934e-01 +3.2983e+00 -2.5799e+00
1819 0 +7.349713747e-01 +1.944249714e+02 +1.944249714e+02 -3.8260e-01 +3.1990e+00 -2.5854e+00
1998 0 +5.777368332e-01 +1.942677368e+02 +1.942677368e+02 -4.5096e-01 +3.3574e+00 -2.5854e+00
2083 0 +4.749728248e-01 +1.941649728e+02 +1.941649728e+02 -5.3453e-01 +3.2913e+00 -2.5057e+00
2117 0 +3.639684049e-01 +1.940539684e+02 +1.940539684e+02 -6.1557e-01 +3.2539e+00 -2.5916e+00
2261 0 +3.102000245e-01 +1.940002000e+02 +1.940002000e+02 -7.2287e-01 +3.2261e+00 -2.6549e+00
2476 0 +2.960413177e-01 +1.939860413e+02 +1.939860413e+02 -6.7009e-01 +3.2473e+00 -2.5619e+00
2501 0 +2.675004178e-01 +1.939575004e+02 +1.939575004e+02 -7.2287e-01 +3.2261e+00 -2.6109e+00
2585 0 +2.342283132e-01 +1.939242283e+02 +1.939242283e+02 -7.2870e-01 +3.3328e+00 -2.6456e+00
2606 0 +2.236367591e-01 +1.939136368e+02 +1.939136368e+02 -7.6958e-01 +3.2261e+00 -2.6109e+00
2701 0 +1.906115643e-01 +1.938806116e+02 +1.938806116e+02 -8.7745e-01 +3.2336e+00 -2.6803e+00
2709 0 +1.895728791e-01 +1.938795729e+02 +1.938795729e+02 -8.3692e-01 +3.2580e+00 -2.6780e+00
2758 0 +1.304740875e-01 +1.938204741e+02 +1.938204741e+02 -9.2423e-01 +3.3116e+00 -2.6872e+00
2780 0 +9.018079629e-02 +1.937801808e+02 +1.937801808e+02 -9.7408e-01 +3.2851e+00 -2.6793e+00
3010 0 +4.386094091e-02 +1.937338609e+02 +1.937338609e+02 -9.8481e-01 +3.2424e+00 -2.5960e+00
% f evaluations | g evaluations | best noise-free fitness - Fopt (3.513000000000e+01) + sum g_i+ | measured fitness | best measured fitness or single-digit g-values | x1 | x2...
1 0 +2.977487869e+05 +2.977839169e+05 +2.977839169e+05 -2.0286e+00 +4.2288e-01 +2.8533e+00
2 0 +3.707764411e+03 +3.742894411e+03 +3.742894411e+03 -9.5569e-01 -6.5473e-01 -2.1691e+00
7 0 +6.470010111e+00 +4.160001011e+01 +4.160001011e+01 +1.2872e+00 +5.3020e-01 -2.8471e-01
138 0 +4.522182990e+00 +3.965218299e+01 +3.965218299e+01 +7.5364e-01 +1.1531e+00 +1.3374e-01
358 0 +4.463807336e+00 +3.959380734e+01 +3.959380734e+01 +7.6775e-01 +1.1531e+00 +1.3135e-01
362 0 +4.264874982e+00 +3.939487498e+01 +3.939487498e+01 +9.2515e-01 +8.2052e-01 -8.2346e-02
502 0 +3.901863576e+00 +3.903186358e+01 +3.903186358e+01 +1.2108e+00 +9.5891e-01 +3.1649e-03
532 0 +3.799691511e+00 +3.892969151e+01 +3.892969151e+01 +8.5875e-01 +9.1490e-01 +1.5335e-01
679 0 +3.672749993e+00 +3.880274999e+01 +3.880274999e+01 +9.8675e-01 +1.0644e+00 +1.3255e-01
730 0 +3.098072155e+00 +3.822807216e+01 +3.822807216e+01 +1.2108e+00 +1.0149e+00 +1.7269e-01
820 0 +2.928546667e+00 +3.805854667e+01 +3.805854667e+01 +1.1427e+00 +1.0911e+00 +2.7566e-01
841 0 +2.790286546e+00 +3.792028655e+01 +3.792028655e+01 +1.1348e+00 +1.0056e+00 +3.0010e-01
978 0 +2.678344759e+00 +3.780834476e+01 +3.780834476e+01 +1.1650e+00 +1.0097e+00 +3.3444e-01
1072 0 +2.600542273e+00 +3.773054227e+01 +3.773054227e+01 +1.2086e+00 +1.0423e+00 +3.6022e-01
1078 0 +2.544525393e+00 +3.767452539e+01 +3.767452539e+01 +1.2323e+00 +1.0108e+00 +3.6766e-01
1120 0 +2.292355941e+00 +3.742235594e+01 +3.742235594e+01 +1.3057e+00 +9.8727e-01 +4.5847e-01
1211 0 +2.203469093e+00 +3.733346909e+01 +3.733346909e+01 +1.3019e+00 +1.0017e+00 +5.1544e-01
1386 0 +2.168420472e+00 +3.729842047e+01 +3.729842047e+01 +1.3136e+00 +1.0017e+00 +5.1544e-01
1390 0 +2.073798376e+00 +3.720379838e+01 +3.720379838e+01 +1.3418e+00 +1.0017e+00 +5.1916e-01
1411 0 +2.024895889e+00 +3.715489589e+01 +3.715489589e+01 +1.4382e+00 +9.9739e-01 +4.6971e-01
1504 0 +1.902931365e+00 +3.703293137e+01 +3.703293137e+01 +1.5070e+00 +1.0171e+00 +4.8382e-01
1513 0 +1.559259519e+00 +3.668925952e+01 +3.668925952e+01 +1.5620e+00 +1.0778e+00 +5.6245e-01
1526 0 +1.432295583e+00 +3.656229558e+01 +3.656229558e+01 +1.6131e+00 +1.0803e+00 +6.0010e-01
1668 0 +1.335626890e+00 +3.646562689e+01 +3.646562689e+01 +1.5745e+00 +1.0389e+00 +7.5845e-01
1900 0 +1.312140682e+00 +3.644214068e+01 +3.644214068e+01 +1.7118e+00 +1.1028e+00 +7.1080e-01
1924 0 +9.670780111e-01 +3.609707801e+01 +3.609707801e+01 +1.7520e+00 +1.1552e+00 +8.2681e-01
1958 0 +7.807005810e-01 +3.591070058e+01 +3.591070058e+01 +1.8166e+00 +1.0606e+00 +8.3434e-01
2108 0 +4.298929669e-01 +3.555989297e+01 +3.555989297e+01 +1.9425e+00 +1.0606e+00 +1.0329e+00
2406 0 +3.880694201e-01 +3.551806942e+01 +3.551806942e+01 +1.9715e+00 +1.1227e+00 +1.1562e+00
2683 0 +3.797427703e-01 +3.550974277e+01 +3.550974277e+01 +2.0471e+00 +1.2104e+00 +1.1224e+00
2692 0 +2.762702341e-01 +3.540627023e+01 +3.540627023e+01 +2.1216e+00 +1.2314e+00 +1.2006e+00
2955 0 +2.662884570e-01 +3.539628846e+01 +3.539628846e+01 +2.0468e+00 +1.0970e+00 +1.1662e+00
2963 0 +2.474125006e-01 +3.537741250e+01 +3.537741250e+01 +2.0873e+00 +1.0837e+00 +1.1470e+00
2966 0 +1.820594938e-01 +3.531205949e+01 +3.531205949e+01 +2.1216e+00 +1.1439e+00 +1.2479e+00
3010 0 +1.564823372e-01 +3.528648234e+01 +3.528648234e+01 +2.2208e+00 +1.2015e+00 +1.2464e+00
% f evaluations | g evaluations | best noise-free fitness - Fopt (-2.279900000000e+02) + sum g_i+ | measured fitness | best measured fitness or single-digit g-values | x1 | x2...
1 0 +6.449189377e+04 +6.426390377e+04 +6.426390377e+04 +1.0224e+00 -1.4280e+00 -6.2353e-01
2 0 +1.713606307e+04 +1.690807307e+04 +1.690807307e+04 -2.0076e-02 +2.3829e+00 +3.0388e+00
11 0 +9.856544881e+01 -1.294245512e+02 -1.294245512e+02 -4.1481e+00 +3.1713e+00 +1.3216e+00
14 0 +1.739678856e+01 -2.105932114e+02 -2.105932114e+02 -1.3714e+00 +1.5602e+00 +4.3910e+00
174 0 +1.506210830e+01 -2.129278917e+02 -2.129278917e+02 -1.7662e+00 +9.0305e-01 +3.1240e+00
206 0 +1.345293158e+01 -2.145370684e+02 -2.145370684e+02 -1.3445e+00 +1.0712e+00 +3.2470e+00
218 0 +1.134457846e+01 -2.166454215e+02 -2.166454215e+02 -7.7824e-01 +9.6922e-01 +3.4724e+00
222 0 +9.424749007e+00 -2.185652510e+02 -2.185652510e+02 -6.5929e-01 +1.0397e+00 +4.1059e+00
324 0 +6.458640614e+00 -2.215313594e+02 -2.215313594e+02 -7.7826e-01 +4.0266e-01 +3.2394e+00
425 0 +6.222627854e+00 -2.217673721e+02 -2.217673721e+02 -7.0856e-01 +4.0266e-01 +3.2394e+00
477 0 +5.651371524e+00 -2.223386285e+02 -2.223386285e+02 -5.7835e-01 +4.0266e-01 +3.2394e+00
542 0 +5.163732840e+00 -2.228262672e+02 -2.228262672e+02 -7.1268e-01 +4.7132e-01 +3.6532e+00
725 0 +4.897595914e+00 -2.230924041e+02 -2.230924041e+02 -6.2321e-01 +3.0991e-01 +3.3149e+00
754 0 +4.610754516e+00 -2.233792455e+02 -2.233792455e+02 -4.1233e-01 +5.6549e-01 +3.7661e+00
796 0 +3.822966505e+00 -2.241670335e+02 -2.241670335e+02 -6.8145e-01 +3.8454e-01 +3.9755e+00
968 0 +3.417252843e+00 -2.245727472e+02 -2.245727472e+02 -3.6401e-01 +3.8962e-01 +3.6933e+00
1045 0 +3.354107992e+00 -2.246358920e+02 -2.246358920e+02 -4.0033e-01 +4.2788e-01 +3.8982e+00
1101 0 +3.041291328e+00 -2.249487087e+02 -2.249487087e+02 -2.3929e-01 +4.3155e-01 +3.8906e+00
1133 0 +2.541802127e+00 -2.254481979e+02 -2.254481979e+02 -1.9545e-01 +2.9818e-01 +3.6933e+00
1209 0 +2.260886503e+00 -2.257291135e+02 -2.257291135e+02 -1.2095e-01 +2.9818e-01 +3.8512e+00
1294 0 +1.633731389e+00 -2.263562686e+02 -2.263562686e+02 -1.9545e-01 +1.0691e-01 +3.6933e+00
1351 0 +1.361568209e+00 -2.266284318e+02 -2.266284318e+02 -1.5669e-01 +8.4811e-02 +3.9096e+00
1511 0 +1.332036196e+00 -2.266579638e+02 -2.266579638e+02 -1.5669e-01 +8.4811e-02 +4.0694e+00
1593 0 +9.017410877e-01 -2.270882589e+02 -2.270882589e+02 -5.3643e-02 +2.2129e-02 +3.9566e+00
1790 0 +7.913305930e-01 -2.271986694e+02 -2.271986694e+02 +1.6059e-01 +1.1005e-01 +3.9866e+00
1804 0 +7.712961358e-01 -2.272187039e+02 -2.272187039e+02 -3.4286e-02 -2.9895e-02 +4.0199e+00
1816 0 +7.379704177e-01 -2.272520296e+02 -2.272520296e+02 +1.4666e-01 +6.7819e-02 +3.8526e+00
1891 0 +7.207786130e-01 -2.272692214e+02 -2.272692214e+02 +1.4208e-01 +3.0615e-02 +3.8100e+00
1901 0 +4.146970669e-01 -2.275753029e+02 -2.275753029e+02 +1.9588e-01 -5.3060e-02 +3.8573e+00
2082 0 +3.129336772e-01 -2.276770663e+02 -2.276770663e+02 +2.8370e-01 -7.5837e-02 +3.9310e+00
2229 0 +2.599818609e-01 -2.277300181e+02 -2.277300181e+02 +3.0529e-01 -9.3455e-02 +3.8738e+00
2260 0 +2.449510293e-01 -2.277450490e+02 -2.277450490e+02 +3.1676e-01 -9.9586e-02 +3.8716e+00
2311 0 +2.014719891e-01 -2.277885280e+02 -2.277885280e+02 +3.4786e-01 -1.3083e-01 +3.8995e+00
2323 0 +1.604691987e-01 -2.278295308e+02 -2.278295308e+02 +3.9628e-01 -1.1285e-01 +3.8311e+00
2498 0 +1.480626285e-01 -2.278419374e+02 -2.278419374e+02 +4.4601e-01 -1.2929e-01 +3.8808e+00
2508 0 +1.456855565e-01 -2.278443144e+02 -2.278443144e+02 +4.0523e-01 -1.7510e-01 +3.8683e+00
2589 0 +1.313626762e-01 -2.278586373e+02 -2.278586373e+02 +4.6602e-01 -1.2538e-01 +3.8205e+00
2724 0 +1.124609706e-01 -2.278775390e+02 -2.278775390e+02 +4.4279e-01 -1.3876e-01 +3.7295e+00
2756 0 +8.468580826e-02 -2.279053142e+02 -2.279053142e+02 +4.5622e-01 -1.5002e-01 +3.7323e+00
2847 0 +3.230874041e-02 -2.279576913e+02 -2.279576913e+02 +5.4959e-01 -1.8492e-01 +3.7191e+00
2999 0 +3.030734228e-02 -2.279596927e+02 -2.279596927e+02 +5.4959e-01 -1.8492e-01 +3.6801e+00
% f evaluations | g evaluations | best noise-free fitness - Fopt (-2.186000000000e+01) + sum g_i+ | measured fitness | best measured fitness or single-digit g-values | x1 | x2...
1 0 +4.075050503e+05 +4.074831903e+05 +4.074831903e+05 -3.5712e+00 -4.5774e+00 +4.0498e+00
2 0 +3.336889893e+05 +3.336671293e+05 +3.336671293e+05 -1.6355e+00 -8.5122e-01 +4.7633e+00
4 0 +9.570158341e+03 +9.548298341e+03 +9.548298341e+03 -3.0126e+00 +3.8621e+00 -3.8695e+00
6 0 +6.861947246e+03 +6.840087246e+03 +6.840087246e+03 +1.2398e+00 +3.3368e+00 -4.3901e+00
10 0 +2.427019530e+02 +2.208419530e+02 +2.208419530e+02 -1.4380e+00 -4.4578e+00 -4.9278e+00
11 0 +2.291683770e+02 +2.073083770e+02 +2.073083770e+02 +1.0394e+00 -4.4506e+00 -4.5193e+00
13 0 +9.498296807e+01 +7.312296807e+01 +7.312296807e+01 +1.1624e+00 -7.5897e-01 -4.1358e+00
19 0 +3.857994773e+01 +1.671994773e+01 +1.671994773e+01 +5.7768e-01 +2.0495e+00 -4.1083e+00
27 0 +2.125152087e+01 -6.084791275e-01 -6.084791275e-01 +2.5189e-01 +8.0934e-01 -2.5024e+00
99 0 +4.268220463e+00 -1.759177954e+01 -1.759177954e+01 -1.9966e+00 +2.0193e+00 -2.5554e+00
120 0 +3.612039123e+00 -1.824796088e+01 -1.824796088e+01 -2.1910e+00 +2.0193e+00 -2.4857e+00
335 0 +3.106149515e+00 -1.875385049e+01 -1.875385049e+01 -2.0443e+00 +2.0193e+00 -2.4051e+00
427 0 +2.744077074e+00 -1.911592293e+01 -1.911592293e+01 -2.1938e+00 +2.0889e+00 -2.3892e+00
528 0 +2.682029983e+00 -1.917797002e+01 -1.917797002e+01 -2.2030e+00 +2.1459e+00 -2.3892e+00
607 0 +2.213158713e+00 -1.964684129e+01 -1.964684129e+01 -2.1419e+00 +2.0761e+00 -2.2556e+00
801 0 +1.984679443e+00 -1.987532056e+01 -1.987532056e+01 -2.2159e+00 +1.9975e+00 -2.2114e+00
833 0 +1.896507977e+00 -1.996349202e+01 -1.996349202e+01 -1.8609e+00 +2.1340e+00 -2.1600e+00
954 0 +1.745616190e+00 -2.011438381e+01 -2.011438381e+01 -2.1876e+00 +1.9650e+00 -2.1706e+00
1032 0 +1.377852025e+00 -2.048214798e+01 -2.048214798e+01 -1.8609e+00 +1.9871e+00 -2.0489e+00
1310 0 +1.346379969e+00 -2.051362003e+01 -2.051362003e+01 -1.8972e+00 +2.0153e+00 -2.0262e+00
1320 0 +9.862011323e-01 -2.087379887e+01 -2.087379887e+01 -1.8903e+00 +2.0120e+00 -1.9471e+00
1394 0 +7.463574557e-01 -2.111364254e+01 -2.111364254e+01 -1.9356e+00 +1.9566e+00 -1.8999e+00
1408 0 +7.258536805e-01 -2.113414632e+01 -2.113414632e+01 -1.8721e+00 +1.9547e+00 -1.8381e+00
1651 0 +7.122835669e-01 -2.114771643e+01 -2.114771643e+01 -1.9473e+00 +1.9014e+00 -1.8586e+00
1731 0 +4.468277574e-01 -2.141317224e+01 -2.141317224e+01 -1.8799e+00 +1.8612e+00 -1.7717e+00
1920 0 +3.416826542e-01 -2.151831735e+01 -2.151831735e+01 -1.8806e+00 +1.8263e+00 -1.7115e+00
2139 0 +2.194557387e-01 -2.164054426e+01 -2.164054426e+01 -1.8595e+00 +1.7780e+00 -1.6446e+00
2199 0 +1.483287609e-01 -2.171167124e+01 -2.171167124e+01 -1.8982e+00 +1.6769e+00 -1.5570e+00
2340 0 +4.581718623e-02 -2.181418281e+01 -2.181418281e+01 -1.8409e+00 +1.7335e+00 -1.5200e+00
2813 0 +4.336959982e-02 -2.181663040e+01 -2.181663040e+01 -1.8177e+00 +1.7185e+00 -1.5089e+00
2849 0 +3.915939130e-02 -2.182084061e+01 -2.182084061e+01 -1.8409e+00 +1.6813e+00 -1.4811e+00
2885 0 +8.006847220e-03 -2.185199315e+01 -2.185199315e+01 -1.7739e+00 +1.6691e+00 -1.4228e+00
% f evaluations | g evaluations | best noise-free fitness - Fopt (-5.762300000000e+02) + sum g_i+ | measured fitness | best measured fitness or single-digit g-values | x1 | x2...
1 0 +1.955268031e+05 +1.949505731e+05 +1.949505731e+05 +3.6600e-01 +2.3326e-01 -3.3627e+00
2 0 +4.020482424e+04 +3.962859424e+04 +3.962859424e+04 -1.1949e-01 -2.1479e+00 -1.0469e+00
4 0 +1.823209338e+04 +1.765586338e+04 +1.765586338e+04 +2.2805e+00 -4.4105e+00 +1.1140e+00
7 0 +2.371012181e+01 -5.525198782e+02 -5.525198782e+02 +2.5761e-02 -4.9899e+00 +1.2772e+00
34 0 +1.077589859e+01 -5.654541014e+02 -5.654541014e+02 -3.7368e+00 -3.8175e+00 -2.6777e-01
115 0 +6.708606620e+00 -5.695213934e+02 -5.695213934e+02 -1.8191e+00 -4.4889e+00 +5.0470e-01
326 0 +6.366422560e+00 -5.698635774e+02 -5.698635774e+02 -1.7205e+00 -4.3337e+00 +3.8994e-01
347 0 +5.376655960e+00 -5.708533440e+02 -5.708533440e+02 -2.5844e+00 -4.1727e+00 -3.9587e-02
451 0 +4.951128375e+00 -5.712788716e+02 -5.712788716e+02 -2.5844e+00 -4.3184e+00 -3.9587e-02
511 0 +4.061139695e+00 -5.721688603e+02 -5.721688603e+02 -2.2604e+00 -4.3481e+00 -4.2209e-02
640 0 +3.929105048e+00 -5.723008950e+02 -5.723008950e+02 -2.6484e+00 -4.2928e+00 -2.3181e-01
710 0 +3.715967658e+00 -5.725140323e+02 -5.725140323e+02 -1.9104e+00 -4.2663e+00 -4.1607e-02
720 0 +3.521996250e+00 -5.727080037e+02 -5.727080037e+02 -2.1386e+00 -4.4952e+00 -1.1743e-01
821 0 +3.006904923e+00 -5.732230951e+02 -5.732230951e+02 -2.1436e+00 -4.4639e+00 -2.1467e-01
982 0 +2.804175014e+00 -5.734258250e+02 -5.734258250e+02 -2.2293e+00 -4.3541e+00 -2.6301e-01
1099 0 +2.524526195e+00 -5.737054738e+02 -5.737054738e+02 -2.2910e+00 -4.3332e+00 -3.7147e-01
1186 0 +2.439675171e+00 -5.737903248e+02 -5.737903248e+02 -2.0070e+00 -4.3369e+00 -3.3943e-01
1194 0 +2.177845352e+00 -5.740521546e+02 -5.740521546e+02 -2.1068e+00 -4.3127e+00 -4.2659e-01
1420 0 +1.390446185e+00 -5.748395538e+02 -5.748395538e+02 -1.9154e+00 -4.1905e+00 -6.0297e-01
1641 0 +1.379584380e+00 -5.748504156e+02 -5.748504156e+02 -2.0157e+00 -4.1905e+00 -6.0863e-01
1666 0 +1.341129225e+00 -5.748888708e+02 -5.748888708e+02 -2.0587e+00 -4.1485e+00 -6.6100e-01
1712 0 +1.259595406e+00 -5.749704046e+02 -5.749704046e+02 -2.1759e+00 -4.1245e+00 -7.0301e-01
1889 0 +1.070387028e+00 -5.751596130e+02 -5.751596130e+02 -1.9823e+00 -4.1100e+00 -7.5880e-01
1932 0 +9.095343859e-01 -5.753204656e+02 -5.753204656e+02 -2.0958e+00 -4.0475e+00 -7.8378e-01
2086 0 +7.579546351e-01 -5.754720454e+02 -5.754720454e+02 -2.2129e+00 -3.8776e+00 -9.1184e-01
2115 0 +7.261032784e-01 -5.755038967e+02 -5.755038967e+02 -2.0558e+00 -3.9997e+00 -9.0761e-01
2189 0 +6.947190833e-01 -5.755352809e+02 -5.755352809e+02 -2.2129e+00 -4.0355e+00 -9.1153e-01
2278 0 +5.902482008e-01 -5.756397518e+02 -5.756397518e+02 -2.2079e+00 -4.0235e+00 -9.5322e-01
2355 0 +5.539919867e-01 -5.756760080e+02 -5.756760080e+02 -2.4614e+00 -4.0403e+00 -1.0044e+00
2394 0 +5.029733288e-01 -5.757270267e+02 -5.757270267e+02 -2.4098e+00 -4.0403e+00 -1.0044e+00
2502 0 +4.052931566e-01 -5.758247068e+02 -5.758247068e+02 -2.1832e+00 -3.9671e+00 -1.0524e+00
2612 0 +3.592444244e-01 -5.758707556e+02 -5.758707556e+02 -2.4741e+00 -3.8817e+00 -1.1189e+00
2791 0 +3.405889629e-01 -5.758894110e+02 -5.758894110e+02 -2.3029e+00 -3.8848e+00 -1.1090e+00
2830 0 +2.075981854e-01 -5.760224018e+02 -5.760224018e+02 -2.5112e+00 -3.8817e+00 -1.2025e+00
2878 0 +1.668362102e-01 -5.760631638e+02 -5.760631638e+02 -2.4253e+00 -3.9002e+00 -1.2039e+00
2985 0 +1.439700012e-01 -5.760860300e+02 -5.760860300e+02 -2.4548e+00 -3.8939e+00 -1.2370e+00
3033 0 +8.364382843e-02 -5.761463562e+02 -5.761463562e+02 -2.4873e+00 -3.8833e+00 -1.2874e+00
% f evaluations | g evaluations | best noise-free fitness - Fopt (7.936000000000e+01) + sum g_i+ | measured fitness | best measured fitness or single-digit g-values | x1 | x2...
1 0 +1.118965732e+03 +1.198325732e+03 +1.198325732e+03 -3.8139e+00 +4.4595e+00 -1.3850e+00
20 0 +2.015781201e+02 +2.809381201e+02 +2.809381201e+02 -2.7774e+00 +4.8293e+00 -6.8682e-01
37 0 +2.660840552e+01 +1.059684055e+02 +1.059684055e+02 -3.5213e+00 +3.9995e+00 +4.5759e+00
53 0 +1.934997573e+01 +9.870997573e+01 +9.870997573e+01 -2.8173e+00 +3.2504e+00 +3.9243e+00
65 0 +1.229693058e+01 +9.165693058e+01 +9.165693058e+01 -3.2465e+00 +2.8295e+00 +2.4510e+00
101 0 +1.192616874e+01 +9.128616874e+01 +9.128616874e+01 -3.2465e+00 +2.6289e+00 +2.4510e+00
191 0 +2.636884585e+00 +8.199688459e+01 +8.199688459e+01 -2.2609e+00 +2.1776e+00 +5.9606e-01
294 0 +1.381049736e+00 +8.074104974e+01 +8.074104974e+01 -2.2171e+00 +1.7853e+00 -2.0880e-01
324 0 +1.378813660e+00 +8.073881366e+01 +8.073881366e+01 -1.9154e+00 +1.9191e+00 +2.8954e-01
481 0 +1.243731552e+00 +8.060373155e+01 +8.060373155e+01 -2.1029e+00 +1.8377e+00 +3.7943e-01
722 0 +8.568872463e-01 +8.021688725e+01 +8.021688725e+01 -2.1029e+00 +1.6961e+00 +4.3906e-01
796 0 +7.356525556e-01 +8.009565256e+01 +8.009565256e+01 -2.0187e+00 +1.6961e+00 +4.2693e-01
927 0 +6.340136433e-01 +7.999401364e+01 +7.999401364e+01 -1.9185e+00 +1.6836e+00 +3.0759e-01
1112 0 +6.024665638e-01 +7.996246656e+01 +7.996246656e+01 -1.9017e+00 +1.6696e+00 +3.2728e-01
1149 0 +4.080757276e-01 +7.976807573e+01 +7.976807573e+01 -1.8752e+00 +1.4833e+00 +3.5085e-01
1209 0 +2.365878152e-01 +7.959658782e+01 +7.959658782e+01 -1.8236e+00 +1.4617e+00 +2.6010e-01
1419 0 +1.716856057e-01 +7.953168561e+01 +7.953168561e+01 -1.7556e+00 +1.4804e+00 +1.5032e-01
1591 0 +1.548437381e-01 +7.951484374e+01 +7.951484374e+01 -1.7937e+00 +1.4897e+00 +1.1708e-01
1644 0 +1.402026728e-01 +7.950020267e+01 +7.950020267e+01 -1.7672e+00 +1.4341e+00 +1.5032e-01
1899 0 +1.285798991e-01 +7.948857990e+01 +7.948857990e+01 -1.8063e+00 +1.4778e+00 +4.8061e-02
1906 0 +7.479825951e-02 +7.943479826e+01 +7.943479826e+01 -1.7771e+00 +1.4046e+00 +4.8048e-02
2105 0 +7.260443522e-02 +7.943260444e+01 +7.943260444e+01 -1.7333e+00 +1.4431e+00 -1.0856e-01
2188 0 +6.983367954e-02 +7.942983368e+01 +7.942983368e+01 -1.7195e+00 +1.4325e+00 -5.4681e-02
2232 0 +6.676648516e-02 +7.942676649e+01 +7.942676649e+01 -1.7815e+00 +1.4395e+00 -3.7354e-02
2283 0 +5.144728522e-02 +7.941144729e+01 +7.941144729e+01 -1.7406e+00 +1.4123e+00 +1.4048e-02
2460 0 +3.010420100e-02 +7.939010420e+01 +7.939010420e+01 -1.7563e+00 +1.3978e+00 -4.6454e-02
2490 0 +2.826163808e-02 +7.938826164e+01 +7.938826164e+01 -1.7671e+00 +1.3964e+00 -8.9231e-02
2672 0 +2.496382288e-02 +7.938496382e+01 +7.938496382e+01 -1.7544e+00 +1.4009e+00 -8.9826e-02
3037 0 +2.323173210e-02 +7.938323173e+01 +7.938323173e+01 -1.7516e+00 +1.3894e+00 -1.6235e-01
3061 0 +1.152495303e-02 +7.937152495e+01 +7.937152495e+01 -1.7379e+00 +1.3663e+00 -8.3313e-02
% f evaluations | g evaluations | best noise-free fitness - Fopt (-2.234600000000e+02) + sum g_i+ | measured fitness | best measured fitness or single-digit g-values | x1 | x2...
1 0 +4.362509821e+05 +4.360275221e+05 +4.360275221e+05 +3.3917e+00 -3.0510e+00 +1.5485e+00
2 0 +1.097219509e+05 +1.094984909e+05 +1.094984909e+05 -6.7582e-01 +2.2985e+00 -1.5257e+00
5 0 +6.084237921e+04 +6.061891921e+04 +6.061891921e+04 -1.3368e+00 +3.7658e+00 -1.2948e+00
9 0 +3.939591026e+04 +3.917245026e+04 +3.917245026e+04 +9.4623e-01 +3.8944e+00 +6.9492e-01
11 0 +3.019781178e+04 +2.997435178e+04 +2.997435178e+04 -9.1158e-02 +4.0112e+00 -4.6212e+00
24 0 +2.088110016e+04 +2.065764016e+04 +2.065764016e+04 -1.4770e+00 +4.8151e+00 -1.1748e+00
66 0 +7.055234447e+03 +6.831774447e+03 +6.831774447e+03 -5.9209e-01 +4.9254e+00 -2.5268e+00
112 0 +9.843632468e+00 -2.136163675e+02 -2.136163675e+02 +1.6162e+00 +4.8432e+00 -3.2654e+00
207 0 +7.657052651e+00 -2.158029473e+02 -2.158029473e+02 +1.6162e+00 +4.7008e+00 -3.1431e+00
225 0 +5.278680983e+00 -2.181813190e+02 -2.181813190e+02 +1.5797e+00 +3.9581e+00 -2.9857e+00
251 0 +1.737590250e+00 -2.217224097e+02 -2.217224097e+02 +2.2639e+00 +3.8808e+00 -2.5226e+00
315 0 +1.397114525e+00 -2.220628855e+02 -2.220628855e+02 +2.2085e+00 +3.5299e+00 -3.0419e+00
481 0 +1.345850462e+00 -2.221141495e+02 -2.221141495e+02 +2.3086e+00 +3.5812e+00 -2.9695e+00
520 0 +7.174448416e-01 -2.227425552e+02 -2.227425552e+02 +2.3080e+00 +3.4916e+00 -2.7400e+00
909 0 +6.866716180e-01 -2.227733284e+02 -2.227733284e+02 +2.3096e+00 +3.4783e+00 -2.7240e+00
919 0 +6.156606242e-01 -2.228443394e+02 -2.228443394e+02 +2.4765e+00 +3.4026e+00 -2.7713e+00
996 0 +4.370629611e-01 -2.230229370e+02 -2.230229370e+02 +2.2476e+00 +3.3284e+00 -2.6983e+00
1120 0 +3.560290160e-01 -2.231039710e+02 -2.231039710e+02 +2.3707e+00 +3.3259e+00 -2.7542e+00
1147 0 +3.180820077e-01 -2.231419180e+02 -2.231419180e+02 +2.3590e+00 +3.2921e+00 -2.7607e+00
1219 0 +2.508138222e-01 -2.232091862e+02 -2.232091862e+02 +2.3407e+00 +3.3057e+00 -2.6284e+00
1229 0 +2.111580534e-01 -2.232488419e+02 -2.232488419e+02 +2.3681e+00 +3.2775e+00 -2.6523e+00
1337 0 +1.390715745e-01 -2.233209284e+02 -2.233209284e+02 +2.3590e+00 +3.1470e+00 -2.6501e+00
1371 0 +1.317552849e-01 -2.233282447e+02 -2.233282447e+02 +2.3550e+00 +3.1631e+00 -2.6050e+00
1568 0 +4.506069932e-02 -2.234149393e+02 -2.234149393e+02 +2.5034e+00 +3.0993e+00 -2.7516e+00
1685 0 +4.218227020e-02 -2.234178177e+02 -2.234178177e+02 +2.5034e+00 +3.0993e+00 -2.7246e+00
2005 0 +4.057122138e-02 -2.234194288e+02 -2.234194288e+02 +2.5034e+00 +3.0993e+00 -2.6920e+00
2018 0 +1.465904061e-02 -2.234453410e+02 -2.234453410e+02 +2.4942e+00 +3.0675e+00 -2.6964e+00
2051 0 +7.672940740e-03 -2.234523271e+02 -2.234523271e+02 +2.4942e+00 +3.0488e+00 -2.6964e+00
2869 0 +3.787993431e-03 -2.234562120e+02 -2.234562120e+02 +2.5039e+00 +3.0347e+00 -2.7043e+00
% f evaluations | g evaluations | best noise-free fitness - Fopt (-6.793500000000e+02) + sum g_i+ | measured fitness | best measured fitness or single-digit g-values | x1 | x2...
1 0 +6.522525549e+05 +6.515732049e+05 +6.515732049e+05 +3.0085e+00 -7.9731e-01 -4.2885e+00
3 0 +3.766910995e+05 +3.760117495e+05 +3.760117495e+05 -1.9073e+00 -1.9903e-01 +3.2857e-01
5 0 +1.920776029e+05 +1.913982529e+05 +1.913982529e+05 -1.6640e+00 -9.9680e-01 +1.5875e+00
7 0 +8.415304335e+04 +8.347369335e+04 +8.347369335e+04 +2.3949e+00 -5.9598e-01 +3.0099e+00
11 0 +3.141583161e+04 +3.073648161e+04 +3.073648161e+04 +3.4962e+00 -3.1872e+00 +3.3063e+00
13 0 +1.996889879e+04 +1.928954879e+04 +1.928954879e+04 +8.2274e-01 -3.4395e+00 +2.3542e+00
23 0 +7.171719258e+03 +6.492369258e+03 +6.492369258e+03 +3.2313e+00 -3.3152e+00 +4.4334e+00
52 0 +4.213745715e+01 -6.372125428e+02 -6.372125428e+02 +9.7247e-01 -4.7414e+00 +4.8076e+00
217 0 +1.248492775e+01 -6.668650723e+02 -6.668650723e+02 -9.9858e-02 -3.3839e+00 +4.7371e+00
308 0 +1.089780214e+01 -6.684521979e+02 -6.684521979e+02 -3.2138e-01 -3.8699e+00 +4.0888e+00
513 0 +1.052412675e+01 -6.688258732e+02 -6.688258732e+02 -3.2138e-01 -3.8514e+00 +4.0808e+00
537 0 +9.161073895e+00 -6.701889261e+02 -6.701889261e+02 -2.9873e-01 -3.7428e+00 +4.0888e+00
701 0 +8.355963146e+00 -6.709940369e+02 -6.709940369e+02 -2.9873e-01 -3.7428e+00 +4.0138e+00
711 0 +7.859009628e+00 -6.714909904e+02 -6.714909904e+02 -4.1084e-01 -3.8989e+00 +3.8510e+00
745 0 +7.671811558e+00 -6.716781884e+02 -6.716781884e+02 -2.7014e-01 -3.6251e+00 +4.0460e+00
805 0 +7.038488898e+00 -6.723115111e+02 -6.723115111e+02 -4.9857e-01 -3.7043e+00 +4.0519e+00
928 0 +6.106945974e+00 -6.732430540e+02 -6.732430540e+02 -3.7457e-01 -3.4571e+00 +3.9170e+00
1096 0 +4.913325735e+00 -6.744366743e+02 -6.744366743e+02 -5.6348e-01 -3.2540e+00 +4.1220e+00
1127 0 +4.637960644e+00 -6.747120394e+02 -6.747120394e+02 -6.3465e-01 -3.5050e+00 +3.9170e+00
1262 0 +4.460621273e+00 -6.748893787e+02 -6.748893787e+02 -6.4741e-01 -3.3556e+00 +4.0484e+00
1392 0 +3.939288309e+00 -6.754107117e+02 -6.754107117e+02 -7.4617e-01 -3.2973e+00 +4.0833e+00
1404 0 +3.885421927e+00 -6.754645781e+02 -6.754645781e+02 -8.0316e-01 -3.5050e+00 +3.9170e+00
1457 0 +3.670292959e+00 -6.756797070e+02 -6.756797070e+02 -6.1723e-01 -3.2728e+00 +3.8553e+00
1491 0 +3.447993802e+00 -6.759020062e+02 -6.759020062e+02 -7.5806e-01 -3.2832e+00 +3.9866e+00
1549 0 +2.576123743e+00 -6.767738763e+02 -6.767738763e+02 -1.0327e+00 -3.5225e+00 +3.7923e+00
1763 0 +1.609226172e+00 -6.777407738e+02 -6.777407738e+02 -1.0742e+00 -3.2069e+00 +3.8938e+00
1811 0 +1.560614647e+00 -6.777893854e+02 -6.777893854e+02 -1.0271e+00 -3.2069e+00 +3.8164e+00
1914 0 +1.489440742e+00 -6.778605593e+02 -6.778605593e+02 -1.1043e+00 -3.4374e+00 +3.6855e+00
1917 0 +1.465300862e+00 -6.778846991e+02 -6.778846991e+02 -1.1092e+00 -3.2528e+00 +3.8581e+00
1993 0 +1.304925734e+00 -6.780450743e+02 -6.780450743e+02 -1.3246e+00 -3.3869e+00 +3.7907e+00
2041 0 +1.068120476e+00 -6.782818795e+02 -6.782818795e+02 -1.2562e+00 -3.2211e+00 +3.8310e+00
2107 0 +7.272473211e-01 -6.786227527e+02 -6.786227527e+02 -1.2646e+00 -3.3915e+00 +3.5515e+00
2143 0 +7.063440301e-01 -6.786436560e+02 -6.786436560e+02 -1.2602e+00 -3.4110e+00 +3.4949e+00
2187 0 +3.796981269e-01 -6.789703019e+02 -6.789703019e+02 -1.4555e+00 -3.1956e+00 +3.7062e+00
2379 0 +3.583762146e-01 -6.789916238e+02 -6.789916238e+02 -1.4968e+00 -3.2334e+00 +3.7062e+00
2380 0 +2.889225233e-01 -6.790610775e+02 -6.790610775e+02 -1.4570e+00 -3.2051e+00 +3.6388e+00
2445 0 +2.861346364e-01 -6.790638654e+02 -6.790638654e+02 -1.4016e+00 -3.2639e+00 +3.5504e+00
2549 0 +1.225861327e-01 -6.792274139e+02 -6.792274139e+02 -1.4968e+00 -3.2334e+00 +3.4755e+00
2744 0 +1.078114965e-01 -6.792421885e+02 -6.792421885e+02 -1.4982e+00 -3.2616e+00 +3.4873e+00
2876 0 +7.804652258e-02 -6.792719535e+02 -6.792719535e+02 -1.5397e+00 -3.2616e+00 +3.4873e+00
2966 0 +4.673022441e-02 -6.793032698e+02 -6.793032698e+02 -1.6379e+00 -3.2947e+00 +3.5002e+00
3057 0 +4.420559193e-02 -6.793057944e+02 -6.793057944e+02 -1.6125e+00 -3.2819e+00 +3.5002e+00
% f evaluations | g evaluations | best noise-free fitness - Fopt (-1.293700000000e+02) + sum g_i+ | measured fitness | best measured fitness or single-digit g-values | x1 | x2...
1 0 +7.107570233e+04 +7.094633233e+04 +7.094633233e+04 +4.1566e+00 +1.6991e+00 +2.1694e-01
2 0 +7.052162561e+01 -5.884837439e+01 -5.884837439e+01 +3.9348e-01 -1.5899e-01 +1.8450e+00
21 0 +2.123442380e+01 -1.081355762e+02 -1.081355762e+02 +1.1607e+00 +1.2312e+00 +3.7636e+00
54 0 +3.793742380e+00 -1.255762576e+02 -1.255762576e+02 -2.6398e+00 +1.8195e+00 +3.3201e+00
246 0 +3.356518053e+00 -1.260134819e+02 -1.260134819e+02 -2.5583e+00 +1.8711e+00 +3.2787e+00
329 0 +3.218963877e+00 -1.261510361e+02 -1.261510361e+02 -2.5221e+00 +1.8711e+00 +3.3166e+00
418 0 +3.001884493e+00 -1.263681155e+02 -1.263681155e+02 -1.4988e+00 +1.7648e+00 +3.6305e+00
614 0 +2.796246043e+00 -1.265737540e+02 -1.265737540e+02 -2.4905e+00 +1.9725e+00 +3.1638e+00
626 0 +2.563215213e+00 -1.268067848e+02 -1.268067848e+02 -1.4139e+00 +1.8036e+00 +3.7568e+00
698 0 +2.279145891e+00 -1.270908541e+02 -1.270908541e+02 -2.0118e+00 +1.9343e+00 +3.4206e+00
807 0 +2.171501743e+00 -1.271984983e+02 -1.271984983e+02 -1.3300e+00 +1.8512e+00 +3.8974e+00
837 0 +1.775578838e+00 -1.275944212e+02 -1.275944212e+02 -2.1127e+00 +2.0053e+00 +3.4093e+00
906 0 +1.704047085e+00 -1.276659529e+02 -1.276659529e+02 -1.9522e+00 +2.0346e+00 +3.3042e+00
912 0 +1.466019133e+00 -1.279039809e+02 -1.279039809e+02 -2.1020e+00 +2.0674e+00 +3.3478e+00
947 0 +1.443124380e+00 -1.279268756e+02 -1.279268756e+02 -2.2333e+00 +2.1233e+00 +3.2872e+00
948 0 +1.410246914e+00 -1.279597531e+02 -1.279597531e+02 -2.0009e+00 +2.1160e+00 +3.2423e+00
993 0 +1.278083046e+00 -1.280919170e+02 -1.280919170e+02 -1.9576e+00 +2.1472e+00 +3.3156e+00
1019 0 +1.180413971e+00 -1.281895860e+02 -1.281895860e+02 -2.0297e+00 +2.1250e+00 +3.4711e+00
1124 0 +7.317541795e-01 -1.286382458e+02 -1.286382458e+02 -1.4803e+00 +2.1227e+00 +3.6044e+00
1241 0 +2.973224696e-01 -1.290726775e+02 -1.290726775e+02 -1.5653e+00 +2.2627e+00 +3.5443e+00
1393 0 +1.855429995e-01 -1.291844570e+02 -1.291844570e+02 -1.5300e+00 +2.2777e+00 +3.6543e+00
1414 0 +7.244620409e-02 -1.292975538e+02 -1.292975538e+02 -1.4887e+00 +2.3622e+00 +3.5770e+00
1608 0 +6.782191362e-02 -1.293021781e+02 -1.293021781e+02 -1.4723e+00 +2.3622e+00 +3.5770e+00
1731 0 +6.087271947e-02 -1.293091273e+02 -1.293091273e+02 -1.4067e+00 +2.3393e+00 +3.6403e+00
1820 0 +4.140699732e-02 -1.293285930e+02 -1.293285930e+02 -1.4047e+00 +2.3591e+00 +3.6239e+00
1862 0 +2.844041612e-02 -1.293415596e+02 -1.293415596e+02 -1.3307e+00 +2.3622e+00 +3.7064e+00
1961 0 +2.683141788e-02 -1.293431686e+02 -1.293431686e+02 -1.3677e+00 +2.3606e+00 +3.6652e+00
2391 0 +1.076058040e-02 -1.293592394e+02 -1.293592394e+02 -1.3739e+00 +2.3961e+00 +3.6461e+00
2724 0 +2.895298590e-03 -1.293671047e+02 -1.293671047e+02 -1.3414e+00 +2.4019e+00 +3.6391e+00
