% f evaluations | g evaluations | best noise-free fitness - Fopt (-1.025500000000e+02) + sum g_i+ | measured fitness | best measured fitness or single-digit g-values | x1 | x2...
1 0 +2.799072000e+01 -7.455928000e+01 -7.455928000e+01 +1.6297e+00 +2.6938e+00 -2.4060e+00 +2.7527e+00 -4.1137e+00 +2.5066e+00 -1.6893e-01 -2.8611e+00 +1.4046e+00 +2.2765e+00
8 0 +1.878448051e+01 -8.376551949e+01 -8.376551949e+01 +1.7298e+00 -1.0907e+00 +1.3576e+00 -2.8317e+00 +1.8791e+00 +1.4845e+00 -4.4391e+00 +1.3915e+00 -2.0003e+00 +2.0087e+00
23 0 +1.278432565e+01 -8.976567435e+01 -8.976567435e+01 -4.0074e+00 -2.7188e+00 -2.5163e+00 -4.6218e-01 -9.0442e-01 -1.9606e+00 +1.3668e+00 +7.1368e-01 +2.0118e-01 +1.3130e+00
102 0 +8.658828722e+00 -9.389117128e+01 -9.389117128e+01 -1.4455e+00 +1.0512e+00 -1.0552e+00 +2.8210e+00 -3.1979e+00 -1.9128e+00 +1.1215e+00 -6.8324e-01 +1.9132e-01 +4.4455e-01
128 0 +6.183029581e+00 -9.636697042e+01 -9.636697042e+01 -1.4116e+00 -7.4930e-01 +1.8584e+00 +1.3894e+00 +1.8143e+00 +1.0215e+00 +3.7597e-01 -5.1099e-01 +7.1572e-01 +4.6617e-01
305 0 +5.931531173e+00 -9.661846883e+01 -9.661846883e+01 -4.1489e-01 +1.8057e+00 +6.0718e-01 +1.1559e+00 -7.5924e-01 +1.4774e+00 -2.3178e-01 -1.1051e+00 -1.3383e-01 -7.2470e-01
412 0 +4.296431963e+00 -9.825356804e+01 -9.825356804e+01 -3.7902e-01 +5.6552e-01 -5.8839e-01 +1.4033e+00 -6.0247e-01 -2.7585e-01 +1.3384e+00 -5.8976e-01 -1.1050e+00 -2.3042e-01
560 0 +3.919805778e+00 -9.863019422e+01 -9.863019422e+01 -4.8427e-01 +1.6184e+00 +6.2052e-01 +1.4027e+00 -8.0350e-01 +1.4720e+00 -3.7237e-01 -1.3488e+00 -1.0306e-01 -6.2663e-01
1783 0 +3.599399046e+00 -9.895060095e+01 -9.895060095e+01 -2.2382e-01 +8.0512e-01 -4.5375e-02 +6.5131e-01 -5.2243e-01 -1.1653e-01 +1.8465e-01 -7.7390e-01 -7.3757e-01 -3.3855e-01
2082 0 +3.000317397e+00 -9.954968260e+01 -9.954968260e+01 -3.2543e-01 +7.3016e-01 -1.8588e-01 +7.7395e-01 -6.4273e-01 -2.7837e-01 +3.1721e-01 -9.6059e-01 -7.0780e-01 -3.4919e-01
2184 0 +2.806218093e+00 -9.974378191e+01 -9.974378191e+01 -1.5978e-01 +6.1879e-01 -9.1857e-02 +7.0124e-01 -5.1117e-01 -3.2467e-01 +5.0372e-01 -1.0768e+00 -8.2134e-01 -1.2249e-01
3688 0 +2.708171669e+00 -9.984182833e+01 -9.984182833e+01 -1.5532e-01 +9.3365e-01 +1.7117e-02 +7.6064e-01 -5.0475e-01 -1.6867e-01 +2.0836e-01 -8.5822e-01 -7.4484e-01 -3.6647e-01
3893 0 +2.456837633e+00 -1.000931624e+02 -1.000931624e+02 -5.4263e-01 +6.2495e-01 -1.2517e-01 +7.1650e-01 -4.7596e-01 -1.8049e-01 +3.3896e-01 -8.8945e-01 -7.3828e-01 -2.4382e-02
4377 0 +2.419054813e+00 -1.001309452e+02 -1.001309452e+02 -5.6256e-01 +7.3718e-01 -1.7248e-01 +4.5469e-01 -6.2072e-01 -2.5564e-01 +5.0206e-01 -8.1052e-01 -7.6050e-01 -2.3087e-01
9440 0 +1.887326041e+00 -1.006626740e+02 -1.006626740e+02 -4.6683e-01 +9.5000e-01 -1.0429e-01 +9.0885e-01 -7.0656e-01 -3.0368e-01 +1.7121e-01 -7.2674e-01 -6.0083e-01 -2.3162e-01
% f evaluations | g evaluations | best noise-free fitness - Fopt (7.169000000000e+01) + sum g_i+ | measured fitness | best measured fitness or single-digit g-values | x1 | x2...
1 0 +1.003330785e+02 +1.720230785e+02 +1.720230785e+02 -4.6099e+00 -4.9934e+00 -4.0468e+00 -7.0382e-01 +3.2450e+00 +4.1337e-02 +4.8896e-01 -2.4790e+00 +3.2416e+00 +2.8716e+00
2 0 +2.819431470e+01 +9.988431470e+01 +9.988431470e+01 +3.5835e+00 -1.5458e+00 +4.1307e+00 -2.5892e+00 +3.4336e+00 -4.2909e+00 +3.0894e+00 -1.7984e+00 -2.0710e+00 -2.9336e-01
8 0 +1.792293621e+01 +8.961293621e+01 +8.961293621e+01 -3.1895e+00 -4.1268e+00 +3.4446e+00 +2.1984e-01 -3.4222e-01 +3.0169e-01 +9.8495e-01 -4.8415e-01 +1.7422e-01 -1.6838e+00
20 0 +1.765975175e+01 +8.934975175e+01 +8.934975175e+01 -1.8602e+00 +5.1983e-02 +3.2329e+00 +7.5707e-01 -6.5819e-01 -3.4061e+00 +2.7061e+00 -1.9943e+00 +3.0046e+00 -1.5995e+00
37 0 +1.502964700e+01 +8.671964700e+01 +8.671964700e+01 +3.2460e+00 -1.0291e+00 -9.0634e-01 -1.0411e+00 +2.0600e+00 -3.9972e+00 +1.1463e+00 +6.1747e-02 -3.0162e+00 -2.4668e+00
106 0 +1.347223351e+01 +8.516223351e+01 +8.516223351e+01 +3.2460e+00 -1.0291e+00 -9.0634e-01 -1.0411e+00 +2.0600e+00 -4.1295e+00 +1.1463e+00 +1.0584e-02 -3.0231e+00 -2.2159e+00
128 0 +1.266981919e+01 +8.435981919e+01 +8.435981919e+01 +3.4624e+00 +6.1309e-01 +2.1523e+00 -6.1275e-01 +1.2761e-01 -5.8679e-01 -6.1178e-01 -2.1992e+00 -1.2994e+00 +2.0054e+00
130 0 +1.233925785e+01 +8.402925785e+01 +8.402925785e+01 +7.8043e-02 -6.0791e-01 +6.7683e-02 -1.4977e+00 -8.7330e-01 +8.1622e-01 +3.5720e+00 -1.7672e+00 -1.7786e+00 +8.7852e-02
142 0 +1.049144191e+01 +8.218144191e+01 +8.218144191e+01 +1.9055e-01 +1.2515e+00 +3.1236e-02 -2.3800e-02 -1.7474e-01 +1.8952e-01 -2.5970e+00 -1.1335e-01 -1.8987e+00 +8.9063e-01
179 0 +8.725461639e+00 +8.041546164e+01 +8.041546164e+01 +2.9773e+00 +4.9283e-01 +1.7611e+00 -1.3554e+00 +3.6668e-01 -1.3474e+00 -5.8730e-01 +3.3692e-02 -3.0227e+00 -1.1480e+00
241 0 +6.020937373e+00 +7.771093737e+01 +7.771093737e+01 -2.3770e-01 -6.8868e-01 +2.5122e+00 -1.4357e+00 -7.1559e-01 +2.5843e+00 -6.0889e-01 +1.6470e-02 -7.3604e-01 -1.6318e+00
363 0 +5.175343497e+00 +7.686534350e+01 +7.686534350e+01 -5.6000e-02 -1.4089e+00 -1.1843e-01 -8.1329e-01 -4.0771e-01 -1.6153e+00 -8.9181e-01 +2.2909e-01 -1.2234e+00 +2.6204e-01
480 0 +3.779830392e+00 +7.546983039e+01 +7.546983039e+01 -1.8600e-01 +9.8752e-01 -7.3080e-02 +7.1136e-01 +4.7412e-01 -6.2612e-01 +4.7119e-01 +1.1870e+00 -8.3765e-01 +7.6978e-01
638 0 +3.455383620e+00 +7.514538362e+01 +7.514538362e+01 -5.9281e-01 -4.8453e-01 +6.6122e-01 -5.0612e-01 -1.1131e-01 -1.5986e+00 -5.3387e-01 +1.6401e-01 -3.1835e-01 -1.4536e-01
741 0 +2.689979361e+00 +7.437997936e+01 +7.437997936e+01 +6.7747e-01 -3.6412e-01 +1.2826e+00 -1.1700e-01 +4.3828e-01 -5.5167e-01 -1.4817e-01 +8.4618e-02 -1.1144e+00 +4.3364e-02
1142 0 +1.964512930e+00 +7.365451293e+01 +7.365451293e+01 +3.2932e-01 -7.2060e-01 +7.9982e-01 -3.5162e-01 +2.0368e-02 -1.1695e+00 -3.2604e-01 -9.3739e-02 -6.1363e-01 -1.6023e-02
2817 0 +1.607521409e+00 +7.329752141e+01 +7.329752141e+01 +1.3829e-01 -5.7414e-01 +7.6113e-01 -3.0904e-01 -1.2135e-01 -9.9021e-01 -2.2723e-01 -8.0156e-03 -6.2688e-01 -3.2190e-02
3166 0 +1.249350133e+00 +7.293935013e+01 +7.293935013e+01 +1.3829e-01 -5.7414e-01 +7.6328e-01 -3.0904e-01 -1.2135e-01 -9.9021e-01 -1.9778e-01 -8.0156e-03 -6.2688e-01 -1.0577e-01
% f evaluations | g evaluations | best noise-free fitness - Fopt (2.140100000000e+02) + sum g_i+ | measured fitness | best measured fitness or single-digit g-values | x1 | x2...
1 0 +8.014219126e+01 +2.941521913e+02 +2.941521913e+02 +2.0863e+00 +2.9187e+00 -8.7329e-01 +1.4147e+00 -2.4240e+00 -2.9318e+00 +4.6119e+00 +3.0116e+00 -2.5325e+00 -1.0454e+00
3 0 +2.049596330e+01 +2.345059633e+02 +2.345059633e+02 +1.2416e+00 -3.3178e+00 +3.7918e+00 -3.3802e+00 -1.1516e+00 -4.6842e-01 -2.2278e+00 +3.9964e+00 -4.3968e-01 -2.8519e-01
7 0 +1.725427750e+01 +2.312642775e+02 +2.312642775e+02 +4.9392e+00 +1.7095e+00 +3.9057e+00 -1.6517e+00 -2.0323e+00 +4.6497e+00 -3.9688e+00 +2.6864e+00 -2.1336e+00 -4.1317e+00
45 0 +1.089287881e+01 +2.249028788e+02 +2.249028788e+02 -1.0792e-01 -7.5603e-01 +1.5008e+00 +1.4447e+00 -1.0747e+00 +1.7777e+00 -1.7830e+00 +1.0872e+00 +3.4556e+00 -2.4758e+00
101 0 +6.707618474e+00 +2.207176185e+02 +2.207176185e+02 +3.0008e+00 -1.5566e+00 +8.3678e-01 +3.2589e-01 -2.3151e-01 +2.3676e+00 +6.3704e-01 +1.4301e+00 -1.4387e+00 -5.9982e-01
289 0 +6.026856372e+00 +2.200368564e+02 +2.200368564e+02 -6.1537e-01 -1.1287e+00 +1.0284e+00 +2.0382e+00 -1.4606e-01 +2.0317e+00 -2.3706e+00 +1.9316e+00 +1.0979e+00 -2.0527e+00
333 0 +5.567464018e+00 +2.195774640e+02 +2.195774640e+02 +7.7858e-01 -1.6927e+00 +2.2039e+00 +6.7243e-02 +2.4412e-01 +9.9231e-01 -1.9129e+00 +1.0277e+00 +1.6873e+00 -2.6261e+00
344 0 +4.786644623e+00 +2.187966446e+02 +2.187966446e+02 +1.5421e+00 -1.2917e+00 +1.1996e+00 -1.0594e+00 -1.6958e-01 +9.3613e-02 -1.0933e+00 +1.0444e+00 +6.8033e-01 -1.8906e+00
622 0 +3.525975765e+00 +2.175359758e+02 +2.175359758e+02 +9.1702e-01 +1.1988e-01 -4.2776e-01 +4.0224e-01 -3.9363e-01 +4.0988e-01 -4.9369e-01 -3.6192e-01 -5.9617e-01 -3.8281e-01
947 0 +2.478715278e+00 +2.164887153e+02 +2.164887153e+02 +7.7954e-01 -6.5958e-01 +4.7842e-01 +8.5413e-02 +4.0025e-01 +5.3496e-01 +1.0436e-01 +5.1616e-01 +2.7802e-01 -4.1695e-01
1125 0 +2.454372871e+00 +2.164643729e+02 +2.164643729e+02 +1.4697e+00 -7.6952e-01 +2.6519e-01 +7.7744e-02 +1.5102e-01 +7.1467e-01 -7.7851e-01 +4.9718e-01 -1.6159e-01 -1.4898e+00
3588 0 +2.096357047e+00 +2.161063570e+02 +2.161063570e+02 +1.0543e+00 -6.8744e-01 +2.0801e-01 -1.2558e-01 -3.1127e-02 +6.8268e-01 -4.6411e-01 +8.6002e-01 -6.3752e-02 -9.7342e-01
6722 0 +2.009888612e+00 +2.160198886e+02 +2.160198886e+02 +1.3685e+00 -6.7063e-01 +4.6703e-01 -1.2373e-01 +8.9236e-02 +3.0840e-01 -6.3269e-01 +7.3870e-01 -4.7599e-02 -7.3874e-01
8218 0 +1.332588387e+00 +2.153425884e+02 +2.153425884e+02 +9.8911e-01 -6.2318e-01 +6.5073e-01 +4.8164e-02 +1.9310e-01 +5.7338e-01 -3.0056e-01 +7.0647e-01 -5.0396e-02 -6.9004e-01
% f evaluations | g evaluations | best noise-free fitness - Fopt (-5.848000000000e+01) + sum g_i+ | measured fitness | best measured fitness or single-digit g-values | x1 | x2...
1 0 +3.214827140e+01 -2.633172860e+01 -2.633172860e+01 +1.4800e+00 +3.0986e+00 -2.0664e+00 +7.6375e-01 -1.1115e+00 -2.9256e+00 +1.1677e+00 +4.0531e+00 -2.4143e+00 -1.0105e+00
9 0 +2.556016036e+01 -3.291983964e+01 -3.291983964e+01 -2.5503e+00 -4.6996e-01 -2.9623e-01 -2.2937e+00 -4.2799e-01 +1.7300e-01 -2.9709e+00 -2.8395e+00 +1.4712e+00 +6.0177e-01
24 0 +1.731723617e+01 -4.116276383e+01 -4.116276383e+01 +2.8322e+00 -2.1190e+00 +1.7651e+00 +1.3657e+00 -1.5088e+00 +3.1805e+00 +3.3823e+00 +2.2929e-01 +1.7270e+00 +2.5278e+00
101 0 +1.552296255e+01 -4.295703745e+01 -4.295703745e+01 -5.7667e-01 -5.2218e-01 +2.1846e+00 -3.0250e+00 -5.4369e-01 +1.3008e+00 -3.0461e+00 -1.0656e+00 +1.7310e+00 +1.3969e+00
102 0 +1.310291239e+01 -4.537708761e+01 -4.537708761e+01 +7.8713e-01 +2.6257e+00 -4.8811e-01 +1.0915e+00 -2.5143e+00 -7.9752e-01 -3.3028e-01 -4.3972e-01 -1.7414e-01 +3.8528e-01
103 0 +1.211212459e+01 -4.636787541e+01 -4.636787541e+01 +2.5780e+00 -5.6608e-01 -1.1120e+00 -1.7585e+00 +1.5844e+00 +1.7709e+00 -2.3554e+00 +3.4701e+00 +2.6537e+00 -1.1540e+00
138 0 +1.160372967e+01 -4.687627033e+01 -4.687627033e+01 +2.6708e+00 -1.1863e-01 -3.8236e+00 -1.6750e+00 +2.5650e-01 +1.0995e+00 -6.3272e-01 +1.4620e+00 -5.1190e-01 -2.8587e+00
140 0 +9.966924324e+00 -4.851307568e+01 -4.851307568e+01 -2.9467e-02 -4.8570e-01 +8.0298e-01 -3.8086e+00 -1.0253e+00 +3.2047e+00 -3.0684e-03 +2.3262e-02 -9.3234e-01 +1.5839e+00
175 0 +8.720320606e+00 -4.975967939e+01 -4.975967939e+01 +2.4602e+00 -3.0633e+00 -8.6578e-01 -2.4893e+00 -1.3761e+00 +3.3085e+00 -3.3460e+00 -5.1309e-01 -1.4842e+00 -1.5095e+00
214 0 +7.929342344e+00 -5.055065766e+01 -5.055065766e+01 +3.2786e+00 -1.2190e+00 +1.6635e+00 -5.5358e-01 -1.1453e-01 +3.3465e+00 +1.7389e-01 +3.3782e-01 -3.2164e-01 +1.2587e+00
232 0 +5.551004305e+00 -5.292899570e+01 -5.292899570e+01 +1.9820e+00 -3.0532e-01 -1.3183e+00 -9.9033e-01 -1.1232e+00 +2.3158e+00 +6.7765e-01 +1.2249e+00 +1.6541e+00 +4.0427e-01
238 0 +5.265556572e+00 -5.321444343e+01 -5.321444343e+01 +2.3029e+00 -8.1522e-01 -1.2445e+00 -1.1313e+00 -2.3083e+00 +3.1864e+00 -2.9369e+00 +3.3395e-01 -9.1871e-01 -1.4953e+00
331 0 +4.389237103e+00 -5.409076290e+01 -5.409076290e+01 -3.5344e-01 +9.3509e-01 -1.3061e+00 +5.9372e-01 -1.5680e+00 -1.5484e+00 +4.5868e-03 -3.2018e-01 -5.7862e-01 +9.7551e-01
478 0 +3.001538809e+00 -5.547846119e+01 -5.547846119e+01 +1.8372e+00 -1.1843e+00 -1.4633e+00 -8.8026e-01 -1.4874e+00 +1.8044e+00 -1.8391e+00 +2.6350e-01 -6.6399e-01 -1.1828e+00
2811 0 +1.786098810e+00 -5.669390119e+01 -5.669390119e+01 +4.2521e-01 +1.2815e-01 -9.9508e-01 -5.2534e-01 -1.0489e+00 +7.7534e-01 -9.2291e-01 +3.0861e-01 -2.8791e-02 -2.5642e-01
% f evaluations | g evaluations | best noise-free fitness - Fopt (-6.130800000000e+02) + sum g_i+ | measured fitness | best measured fitness or single-digit g-values | x1 | x2...
1 0 +1.597021241e+02 -4.533778759e+02 -4.533778759e+02 +3.8626e+00 +2.5959e+00 -7.2155e-01 -2.1474e+00 -1.2536e+00 -4.0120e+00 +3.4655e+00 -2.2610e+00 +4.3794e+00 +4.5468e+00
2 0 +2.672768563e+01 -5.863523144e+02 -5.863523144e+02 -2.9261e+00 -1.0681e+00 +4.6182e+00 -3.4702e+00 +2.5073e+00 +1.3764e+00 +9.9831e-01 -1.3779e+00 +3.2254e-01 +2.7220e+00
22 0 +2.486403494e+01 -5.882159651e+02 -5.882159651e+02 +8.5778e-01 +2.3370e+00 +4.0927e-01 -4.7407e+00 +6.1836e-02 -1.1013e+00 +1.9776e+00 +2.1270e+00 +3.0113e+00 -1.8359e+00
38 0 +2.265092402e+01 -5.904290760e+02 -5.904290760e+02 +7.4342e-02 +2.3074e-01 +2.7310e+00 -3.6327e+00 -2.7247e+00 +7.1081e-01 +2.5589e+00 -3.5820e-01 -3.7707e+00 -1.4932e+00
52 0 +1.393660478e+01 -5.991433952e+02 -5.991433952e+02 +2.0750e+00 -3.4939e+00 -2.8927e+00 +1.5305e+00 -1.7007e+00 -2.3506e-01 -4.0606e+00 -2.1106e+00 +1.5878e+00 -1.4947e+00
105 0 +1.095009124e+01 -6.021299088e+02 -6.021299088e+02 +2.3074e+00 +1.5711e+00 -6.2879e-01 -7.0079e-01 +1.2314e+00 +1.2165e+00 -1.9425e+00 -1.1069e+00 -3.5111e+00 +9.9043e-01
113 0 +1.068280233e+01 -6.023971977e+02 -6.023971977e+02 -3.0250e-02 -1.6916e-01 +1.0263e+00 +6.3395e-01 +1.1601e+00 +1.2217e-01 +2.7287e-01 +1.3085e-01 -2.3177e+00 +2.1517e+00
138 0 +1.032090860e+01 -6.027590914e+02 -6.027590914e+02 +2.4782e+00 -1.0244e+00 -1.5760e+00 -3.7708e+00 +3.8706e-01 -1.1113e+00 +1.3611e+00 +2.2451e+00 -9.7799e-01 -1.7123e+00
150 0 +1.019309946e+01 -6.028869005e+02 -6.028869005e+02 +5.0521e-01 -8.7799e-01 -5.9502e-01 +3.6260e-01 -1.9482e+00 -1.0916e+00 -6.1915e-01 -1.7462e+00 +9.4901e-01 -5.7018e-01
170 0 +8.545521286e+00 -6.045344787e+02 -6.045344787e+02 +3.8910e-01 +1.9236e+00 +2.4718e+00 -1.5565e+00 -1.3147e+00 +1.8633e+00 -3.4252e-01 -1.0953e+00 -2.1681e+00 +1.6153e+00
209 0 +6.863033610e+00 -6.062169664e+02 -6.062169664e+02 -1.5253e+00 -3.0412e-01 +8.0398e-01 -1.4927e+00 -2.4078e-02 +2.0050e+00 +1.5419e+00 +1.0530e+00 -1.0453e+00 -1.2851e-01
279 0 +6.449566498e+00 -6.066304335e+02 -6.066304335e+02 +8.8533e-01 +8.5966e-01 -1.0127e+00 -1.2449e+00 -1.0491e-01 +5.3798e-01 +1.2952e+00 +2.2475e+00 +4.5645e-01 -3.2500e-01
340 0 +5.831372567e+00 -6.072486274e+02 -6.072486274e+02 -1.5253e+00 -3.0412e-01 +8.0398e-01 -1.4761e+00 -2.4078e-02 +2.0050e+00 +1.5419e+00 +1.0530e+00 -1.1075e+00 -1.2851e-01
416 0 +4.867342581e+00 -6.082126574e+02 -6.082126574e+02 -2.1486e-01 +5.2004e-01 +7.2381e-02 -9.0867e-01 -1.0366e+00 +1.1518e+00 -2.3839e-01 -6.0486e-01 +3.3783e-01 +7.0972e-01
579 0 +4.515764797e+00 -6.085642352e+02 -6.085642352e+02 +1.1260e+00 -1.0256e+00 -9.5623e-02 -4.4901e-01 -1.5792e+00 +1.9790e-01 -1.2247e+00 -1.0122e+00 +5.7486e-01 -5.0319e-01
595 0 +4.458393226e+00 -6.086216068e+02 -6.086216068e+02 -2.8289e+00 +2.3412e-01 -7.4965e-01 -1.3907e-01 -1.7243e-02 +1.5837e+00 +1.3643e+00 +6.7888e-01 -1.1828e+00 -1.4614e+00
608 0 +4.327491797e+00 -6.087525082e+02 -6.087525082e+02 -1.4117e+00 +5.3575e-01 -7.9243e-01 -6.8186e-01 -6.9788e-01 +1.5313e+00 +7.7763e-01 +2.8469e-01 -4.3801e-01 +1.2566e-01
834 0 +3.497204688e+00 -6.095827953e+02 -6.095827953e+02 -4.0951e-01 -1.0044e-01 -2.7832e-01 -7.9218e-01 -1.0381e+00 +2.8972e-01 +1.4474e+00 -4.6440e-01 -1.1032e+00 +7.4688e-02
946 0 +2.372383170e+00 -6.107076168e+02 -6.107076168e+02 -2.9061e-01 +6.3873e-02 -1.3993e-01 -3.6574e-01 -4.5692e-01 +6.2157e-01 +7.4529e-01 -5.3860e-01 -2.9637e-01 -3.1917e-02
3631 0 +2.000189029e+00 -6.110798110e+02 -6.110798110e+02 -5.4122e-01 +3.0815e-01 -5.1598e-01 -4.2287e-01 -3.2012e-01 +7.4607e-01 +7.6041e-01 -1.6555e-01 -3.2679e-01 -3.2499e-01
% f evaluations | g evaluations | best noise-free fitness - Fopt (-1.573300000000e+02) + sum g_i+ | measured fitness | best measured fitness or single-digit g-values | x1 | x2...
1 0 +4.655098368e+01 -1.107790163e+02 -1.107790163e+02 -9.8348e-01 +1.5591e+00 -3.7082e+00 +2.3333e+00 -1.9982e+00 +4.5752e+00 -1.9685e+00 +4.2499e+00 +8.8710e-01 -3.4262e+00
2 0 +2.648335685e+01 -1.308466432e+02 -1.308466432e+02 +1.6814e+00 +1.9421e+00 -1.6726e+00 +2.3035e+00 -1.3592e+00 +2.9323e+00 -2.7424e+00 -9.9165e-01 +3.8096e+00 +2.1897e+00
16 0 +2.253850961e+01 -1.347914904e+02 -1.347914904e+02 -4.1365e+00 -1.7452e+00 -3.1460e+00 +3.4646e-01 +8.3219e-01 -6.0050e-01 +9.9880e-01 +4.4493e-01 +2.7781e+00 -1.2119e+00
23 0 +1.200622973e+01 -1.453237703e+02 -1.453237703e+02 -2.4835e-01 -1.0813e+00 -1.5859e+00 +2.8955e+00 +3.6863e+00 -2.8333e+00 -8.7535e-03 +1.1746e+00 -2.1898e+00 +1.1472e-02
130 0 +1.101711395e+01 -1.463128861e+02 -1.463128861e+02 -1.5452e+00 -3.4318e+00 -9.9569e-01 -1.1389e+00 +1.0940e+00 +1.6171e+00 -4.3668e-01 -1.6861e+00 +1.1326e-01 -2.0219e-01
162 0 +7.835145157e+00 -1.494948548e+02 -1.494948548e+02 +1.0536e+00 +5.3426e-01 -3.9128e-01 -8.4549e-01 -1.7973e-01 +2.4274e-01 +1.5522e+00 -1.3685e-01 -8.1436e-01 +1.4498e+00
170 0 +6.006784599e+00 -1.513232154e+02 -1.513232154e+02 -6.0725e-01 +5.9523e-01 -3.0123e+00 -2.2916e+00 -1.2371e+00 +6.5790e-01 -3.4609e+00 +2.1596e+00 +6.0324e-01 -2.8947e+00
230 0 +5.371623437e+00 -1.519583766e+02 -1.519583766e+02 +9.9603e-01 -1.1409e+00 +1.9833e-01 -1.1159e+00 -6.7021e-02 -3.2935e-01 -9.2807e-01 -1.2884e+00 -4.9862e-01 -2.4236e-01
234 0 +3.758031699e+00 -1.535719683e+02 -1.535719683e+02 -5.6009e-01 -4.2290e-01 +1.9860e-01 +5.3042e-02 +1.7144e+00 -1.7413e+00 -1.8430e-01 +7.1696e-01 -2.6963e+00 -2.8500e-01
1135 0 +2.871544075e+00 -1.544584559e+02 -1.544584559e+02 -2.3816e-01 -4.4062e-01 -5.1985e-01 -2.0604e-01 +5.8918e-01 +9.9533e-02 -8.9759e-01 -2.6196e-01 -1.7204e-01 -5.8975e-01
1737 0 +2.797858828e+00 -1.545321412e+02 -1.545321412e+02 -2.9886e-01 -7.5316e-01 -3.6302e-01 -1.2021e-01 +1.4633e-01 +4.8284e-02 -6.8971e-01 -2.7780e-01 +4.3755e-01 -4.8568e-01
1985 0 +2.685324622e+00 -1.546446754e+02 -1.546446754e+02 -1.2391e-01 -3.2734e-01 -3.4562e-01 +1.9802e-01 +3.5480e-01 +1.4184e-01 -6.8599e-01 -3.3986e-01 -1.1106e-01 -3.5665e-01
2422 0 +2.532449994e+00 -1.547975500e+02 -1.547975500e+02 -1.4140e-01 -3.7670e-01 -7.3835e-01 +1.3520e-01 +3.6634e-01 -9.5550e-02 -6.7908e-01 -1.4413e-01 -6.6189e-02 -3.9008e-01
2430 0 +2.510921992e+00 -1.548190780e+02 -1.548190780e+02 -8.6888e-02 -5.2589e-01 -3.9559e-01 -3.2858e-01 +5.5749e-01 -8.3459e-02 -5.8313e-01 -1.4022e-01 -7.0245e-02 -3.5371e-01
4105 0 +2.295514487e+00 -1.550344855e+02 -1.550344855e+02 -1.3230e-01 -5.5161e-01 -3.4281e-01 -2.7980e-01 +5.5791e-01 -8.7447e-02 -6.2623e-01 -8.1195e-02 +1.0850e-01 -5.4613e-01
4264 0 +2.205878144e+00 -1.551241219e+02 -1.551241219e+02 -3.3656e-01 -4.9818e-01 -2.5544e-01 -2.4584e-01 +3.8902e-01 -1.4376e-01 -5.2197e-01 -1.0313e-01 -1.3057e-01 -3.2706e-01
4372 0 +2.048892229e+00 -1.552811078e+02 -1.552811078e+02 -3.0983e-01 -5.3811e-01 -3.3147e-01 -3.2406e-01 +5.0926e-01 -1.9026e-01 -4.8042e-01 -1.6720e-01 -6.8643e-02 -4.6314e-01
5488 0 +1.649643150e+00 -1.556803568e+02 -1.556803568e+02 -3.3151e-01 -6.2733e-01 -3.8170e-01 -3.0590e-01 +5.0926e-01 -3.5921e-01 -4.2517e-01 -2.5725e-01 -6.8643e-02 -4.1954e-01
8385 0 +1.441720333e+00 -1.558882797e+02 -1.558882797e+02 -4.3870e-01 -5.2295e-01 -1.7624e-01 -3.7305e-01 +4.3817e-01 -2.9009e-01 -7.0415e-01 -6.4353e-02 -5.9727e-02 -3.3872e-01
9003 0 +6.310995296e-01 -1.566989005e+02 -1.566989005e+02 -4.3870e-01 -5.2295e-01 -1.7624e-01 -3.7305e-01 +4.3817e-01 -2.4630e-01 -5.9677e-01 -6.4353e-02 -5.9727e-02 -2.1668e-01
% f evaluations | g evaluations | best noise-free fitness - Fopt (-5.738000000000e+01) + sum g_i+ | measured fitness | best measured fitness or single-digit g-values | x1 | x2...
1 0 +3.086444972e+01 -2.651555028e+01 -2.651555028e+01 -1.6297e+00 -4.8954e-01 -2.4872e+00 -1.4749e-01 -1.2568e+00 +2.4775e+00 -2.8583e+00 -3.4654e+00 -4.2961e+00 -6.0007e-01
5 0 +2.545959007e+01 -3.192040993e+01 -3.192040993e+01 +4.0824e+00 +3.9182e-02 -3.6680e+00 +8.6720e-01 +3.3409e+00 +3.6286e+00 +1.0751e+00 -1.3187e+00 -2.2330e+00 +1.8338e+00
6 0 +1.994706069e+01 -3.743293931e+01 -3.743293931e+01 -9.2264e-01 -3.4394e+00 +3.0264e+00 +3.7363e-01 -1.0039e+00 +3.6804e+00 +4.5894e+00 +2.7656e+00 -2.0365e+00 +2.7969e+00
67 0 +1.567436059e+01 -4.170563941e+01 -4.170563941e+01 -2.1181e+00 -1.1676e+00 +2.3263e+00 -3.0710e+00 +1.6648e+00 +4.4779e-01 +9.6409e-01 -2.6794e+00 -1.3163e+00 -2.5256e+00
109 0 +1.045180084e+01 -4.692819916e+01 -4.692819916e+01 -1.6699e+00 +2.2901e+00 -1.9063e+00 -1.2318e+00 -1.0794e+00 +1.6473e+00 -4.3800e-01 -3.1377e+00 -1.6148e+00 +5.8914e-01
194 0 +1.015950425e+01 -4.722049575e+01 -4.722049575e+01 +1.9492e+00 +6.7957e-01 +9.3302e-01 -1.6787e+00 +1.8273e+00 +4.2950e-01 -1.0414e+00 -1.6984e+00 -1.5411e+00 -1.3586e+00
202 0 +9.852651764e+00 -4.752734824e+01 -4.752734824e+01 +1.2687e+00 +2.0115e+00 -1.6901e+00 +1.1202e+00 +1.6432e+00 +1.7095e+00 +2.0985e+00 -1.7348e+00 -6.8422e-01 -6.2832e-01
215 0 +6.134428317e+00 -5.124557168e+01 -5.124557168e+01 -3.6018e-01 +6.9803e-01 +8.1324e-01 -2.8783e+00 +8.3684e-01 +6.8382e-01 -3.7165e-01 -3.8608e-01 -5.2193e-01 +2.4066e-01
315 0 +5.892143722e+00 -5.148785628e+01 -5.148785628e+01 -2.4822e-02 +7.6438e-01 -6.2512e-01 -1.0490e+00 +1.6212e-01 +1.4331e+00 +4.1527e-01 -2.0421e+00 -1.6183e+00 +1.0005e-01
345 0 +4.892219379e+00 -5.248778062e+01 -5.248778062e+01 +8.8906e-01 +4.9453e-01 -1.8437e-01 +3.1998e-01 +3.6635e-01 +2.7433e-01 +7.3443e-01 -3.3945e-01 -4.0877e-01 -3.1815e-01
746 0 +3.576314627e+00 -5.380368537e+01 -5.380368537e+01 +1.7944e+00 +9.0701e-01 +8.0906e-02 +2.7742e-01 +1.6434e-01 +5.3242e-01 +3.4582e-01 -1.6166e-01 -8.4231e-01 -6.5566e-01
982 0 +3.403036534e+00 -5.397696347e+01 -5.397696347e+01 +1.7944e+00 +1.0279e+00 +8.0906e-02 +2.5345e-01 +2.7149e-01 +5.5549e-01 +4.9375e-01 -1.6166e-01 -7.1885e-01 -6.5566e-01
1501 0 +3.230449186e+00 -5.414955081e+01 -5.414955081e+01 +1.0129e+00 +4.8753e-01 -2.1797e-01 -1.9317e-01 +4.7453e-01 +1.0740e+00 +4.0200e-01 -1.1167e+00 -8.6552e-01 -4.4006e-01
1693 0 +2.757957016e+00 -5.462204298e+01 -5.462204298e+01 +1.0879e+00 +1.9686e-01 -1.6541e-02 -8.7883e-02 +4.3554e-01 +1.0753e+00 +3.2272e-01 -1.1632e+00 -8.2685e-01 -7.3040e-01
1939 0 +2.298600811e+00 -5.508139919e+01 -5.508139919e+01 +9.5262e-01 +1.9686e-01 -1.4176e-01 -2.2166e-01 +1.5475e-01 +1.0371e+00 +4.3840e-01 -1.2361e+00 -7.4638e-01 -7.3215e-01
2123 0 +2.015752977e+00 -5.536424702e+01 -5.536424702e+01 +1.0621e+00 +3.1667e-01 -4.9097e-02 -1.4201e-03 +4.8379e-01 +9.2494e-01 +1.9813e-01 -1.1933e+00 -8.7793e-01 -6.3455e-01
4785 0 +1.845058731e+00 -5.553494127e+01 -5.553494127e+01 +1.2343e+00 +2.1543e-01 -1.4994e-01 +5.2139e-02 +4.5958e-01 +1.1482e+00 +2.4990e-01 -1.1955e+00 -9.9847e-01 -6.9365e-01
4934 0 +1.570069051e+00 -5.580993095e+01 -5.580993095e+01 +1.1546e+00 +1.7747e-01 -2.0274e-02 -6.5305e-02 +4.7744e-01 +1.0918e+00 +4.3566e-01 -1.1312e+00 -6.2689e-01 -3.9489e-01
% f evaluations | g evaluations | best noise-free fitness - Fopt (3.301100000000e+02) + sum g_i+ | measured fitness | best measured fitness or single-digit g-values | x1 | x2...
1 0 +3.200121932e+01 +3.621112193e+02 +3.621112193e+02 -2.0018e-01 +4.6162e+00 +1.0612e+00 -2.7182e+00 +4.7450e+00 +1.3237e+00 -1.7478e-01 +7.3905e-01 +1.7728e+00 +1.3112e+00
6 0 +2.144229077e+01 +3.515522908e+02 +3.515522908e+02 +1.1101e+00 -2.4187e+00 +2.5252e+00 +1.0375e-01 +9.8073e-04 -1.0140e+00 -9.3796e-02 -4.9634e-02 +3.3658e+00 +4.9026e+00
31 0 +1.854973831e+01 +3.486597383e+02 +3.486597383e+02 -3.6058e-01 -2.1500e+00 -3.2536e-02 -1.7031e+00 -8.1499e-01 -2.3644e+00 +1.7162e+00 -2.5347e+00 -9.6558e-01 +2.4582e+00
51 0 +1.060343796e+01 +3.407134380e+02 +3.407134380e+02 +2.3651e-01 +1.6522e+00 +6.0960e-01 -1.9070e+00 +2.5711e+00 +2.3089e-01 +4.3980e-01 -1.7824e+00 +6.6170e-01 +1.2553e+00
126 0 +8.519399354e+00 +3.386293994e+02 +3.386293994e+02 +2.9016e+00 -1.6639e+00 +1.7166e+00 +1.4943e-01 +5.1376e-01 -1.2903e+00 +2.8666e+00 -9.5907e-01 -1.6284e+00 -1.5053e+00
173 0 +7.405765136e+00 +3.375157651e+02 +3.375157651e+02 -1.3459e-01 -2.5686e+00 -2.7687e-02 -2.2298e-01 -9.1380e-01 +1.3268e+00 +2.6059e+00 -1.3842e+00 +1.1456e+00 -3.2503e-01
222 0 +6.723663300e+00 +3.368336633e+02 +3.368336633e+02 +1.5112e+00 +2.7912e+00 +2.1361e+00 +7.2625e-01 +5.3588e-02 +8.5585e-01 +1.0080e-01 +8.2205e-01 -8.4306e-01 -3.3083e-01
310 0 +5.830059418e+00 +3.359400594e+02 +3.359400594e+02 +5.4449e-01 +2.0151e+00 +1.3485e+00 -7.4219e-01 +1.0911e+00 +2.7717e-01 +3.1966e-01 -9.2686e-02 -1.5156e-01 +6.8084e-01
441 0 +5.384205043e+00 +3.354942050e+02 +3.354942050e+02 +8.7806e-01 +4.7893e-01 +1.5822e+00 -4.2635e-01 -5.1881e-01 +1.4346e-01 +6.1976e-01 -1.0966e+00 +7.0882e-01 +7.6840e-01
496 0 +4.965040009e+00 +3.350750400e+02 +3.350750400e+02 -5.5783e-01 -1.7114e-01 +6.7789e-01 -4.8075e-01 -3.5310e-01 +1.0154e+00 +1.0331e+00 -1.5638e+00 +6.6300e-01 -6.4796e-01
637 0 +4.843462981e+00 +3.349534630e+02 +3.349534630e+02 +8.4759e-01 -1.3012e-01 +7.6130e-01 -2.3248e-01 -6.9193e-01 -3.0902e-01 +2.6568e-02 -4.1768e-01 +3.2195e-01 +1.5928e-01
652 0 +3.533056530e+00 +3.336430565e+02 +3.336430565e+02 +4.0030e-01 -1.0588e+00 -2.6727e-01 -3.6568e-01 -3.4592e-01 -3.9991e-01 +2.0788e-01 +2.9673e-01 +8.7050e-01 +3.3640e-01
844 0 +2.509713219e+00 +3.326197132e+02 +3.326197132e+02 +4.0069e-01 -2.7576e-01 +5.3622e-01 -2.7194e-01 +1.1684e-01 +2.8891e-01 +1.9218e-01 -3.5036e-01 +9.1567e-01 +7.1274e-01
1689 0 +2.394090607e+00 +3.325040906e+02 +3.325040906e+02 +1.7118e-01 -1.7378e-01 +4.4949e-01 -3.1889e-01 -1.6018e-01 +2.7224e-01 +5.0039e-01 -4.2459e-01 +7.1769e-01 +1.9127e-01
2130 0 +1.878130702e+00 +3.319881307e+02 +3.319881307e+02 +2.8357e-01 -4.1493e-01 +6.0984e-01 -7.4377e-02 -1.0932e-01 +2.3427e-01 +5.3416e-01 -2.3410e-01 +5.6537e-01 +2.8437e-01
7049 0 +1.780430313e+00 +3.318904303e+02 +3.318904303e+02 -1.5582e-02 -1.1560e-01 +4.8280e-01 -4.9287e-02 -4.4807e-01 +1.9537e-01 +4.5236e-01 -5.4122e-02 +4.9176e-01 +4.2461e-02
7129 0 +1.669325382e+00 +3.317793254e+02 +3.317793254e+02 +3.5450e-02 -6.9519e-04 +5.9594e-01 -2.6206e-01 -3.8125e-01 +2.5805e-01 +5.0071e-01 -1.6224e-01 +3.3454e-01 +8.1568e-02
8489 0 +8.554870335e-01 +3.309654870e+02 +3.309654870e+02 +1.4985e-02 -1.2991e-01 +4.4573e-01 -2.5125e-01 -3.7507e-01 +2.4327e-01 +5.7979e-01 -1.9146e-01 +3.0593e-01 +1.3159e-01
% f evaluations | g evaluations | best noise-free fitness - Fopt (-2.440000000000e+00) + sum g_i+ | measured fitness | best measured fitness or single-digit g-values | x1 | x2...
1 0 +2.965760396e+01 +2.721760396e+01 +2.721760396e+01 -2.9212e+00 +2.8547e+00 +7.9627e-01 -1.3378e+00 +4.0473e+00 +4.2212e+00 +3.5044e+00 +5.8016e-01 -3.5206e+00 -2.0390e+00
2 0 +2.370354422e+01 +2.126354422e+01 +2.126354422e+01 -3.7603e+00 -2.0800e+00 -7.6108e-01 +1.1443e+00 +2.8162e+00 -2.7611e+00 +6.9266e-01 -3.3525e+00 -3.3453e+00 -7.8287e-01
5 0 +2.188596201e+01 +1.944596201e+01 +1.944596201e+01 -1.1928e+00 +3.1058e-01 -4.5496e+00 -4.2374e+00 +3.6581e+00 +1.5175e+00 -1.8617e-01 +7.3558e-01 -1.2968e+00 -2.4307e+00
7 0 +1.686436088e+01 +1.442436088e+01 +1.442436088e+01 -2.4847e+00 +7.5881e-01 +1.3383e+00 -1.3705e+00 +2.1567e+00 -6.6913e-01 -1.7219e+00 +3.0704e+00 +3.9917e+00 +6.6509e-01
30 0 +1.639169068e+01 +1.395169068e+01 +1.395169068e+01 -1.7774e+00 +2.5576e+00 +2.8447e+00 +5.8397e-02 +3.0198e+00 +1.3056e-01 +1.1933e+00 +2.6661e+00 +2.9335e+00 +3.1360e-01
73 0 +1.322253618e+01 +1.078253618e+01 +1.078253618e+01 +1.3020e+00 +2.1480e+00 -1.3536e+00 -2.6348e+00 +9.0694e-01 +7.5192e-01 -3.7775e-01 -2.5478e+00 -4.4356e+00 -5.5532e-01
84 0 +1.198178126e+01 +9.541781255e+00 +9.541781255e+00 +1.0203e+00 +2.1283e+00 +1.2597e+00 +1.3222e+00 -2.3545e+00 -3.0883e+00 -1.6610e+00 +1.1429e+00 -2.9633e+00 -2.3124e-01
126 0 +1.021388888e+01 +7.773888882e+00 +7.773888882e+00 -2.2246e+00 +1.7456e+00 +7.4819e-01 -3.2064e+00 -1.9666e+00 +2.4381e+00 +2.1567e+00 +2.4115e+00 +2.4873e+00 -1.4869e+00
196 0 +8.919944814e+00 +6.479944814e+00 +6.479944814e+00 -1.8797e-01 +1.0506e+00 -8.0008e-01 -1.7213e+00 +2.3211e+00 +7.1365e-01 +1.6721e-01 -1.1703e+00 -2.2618e-02 +8.1968e-01
205 0 +8.297652865e+00 +5.857652865e+00 +5.857652865e+00 -1.3168e-01 +2.3528e+00 +1.5850e+00 -5.3725e-01 +1.8084e+00 +1.2443e+00 +1.7192e+00 -8.7140e-02 +7.1151e-01 +5.3205e-01
209 0 +6.246477209e+00 +3.806477209e+00 +3.806477209e+00 -6.1281e-02 +1.1439e+00 +3.8802e-02 -1.3878e+00 +1.3734e+00 +2.3465e+00 +2.1136e+00 -1.0865e-01 -8.8800e-01 -1.1333e-01
310 0 +5.606392614e+00 +3.166392614e+00 +3.166392614e+00 +3.0065e-02 -1.3474e+00 -3.6586e-01 -1.3755e+00 -7.3244e-03 +1.4056e+00 -1.6607e+00 +2.0316e-01 -1.4434e+00 -1.2074e+00
318 0 +5.362207816e+00 +2.922207816e+00 +2.922207816e+00 +7.1428e-01 +2.0552e+00 +1.2425e+00 -2.1031e-01 -8.3733e-01 +6.7632e-01 -2.1783e-01 +1.3323e+00 -1.6306e-01 -4.3741e-01
335 0 +5.234475961e+00 +2.794475961e+00 +2.794475961e+00 +5.2784e-01 +1.2161e+00 -1.0385e+00 -1.7358e+00 +1.4114e+00 +1.3486e+00 -1.7797e-01 -1.2698e-01 -1.6402e+00 +9.5149e-03
390 0 +4.435731283e+00 +1.995731283e+00 +1.995731283e+00 +4.5908e-01 +1.1148e+00 -6.3832e-01 -1.9087e+00 +1.2872e+00 +7.5795e-01 +7.4254e-01 +6.1213e-01 -1.6058e+00 +5.5913e-01
392 0 +3.773168281e+00 +1.333168281e+00 +1.333168281e+00 -4.1765e-01 +8.3635e-01 -8.6075e-01 -1.6234e+00 +2.3948e+00 +4.7402e-01 +1.6721e-01 -1.1703e+00 +4.6591e-02 +8.6005e-01
401 0 +2.524959722e+00 +8.495972199e-02 +8.495972199e-02 -6.2463e-01 -3.4998e-01 -5.1004e-01 -1.1158e+00 +5.1155e-01 +1.0597e+00 +1.2000e-01 +9.8683e-01 -7.7176e-01 -3.8100e-01
4264 0 +2.269882270e+00 -1.701177302e-01 -1.701177302e-01 -3.2848e-01 -4.5831e-02 -3.0754e-01 -6.2331e-01 +1.3110e-01 +5.9432e-01 -5.0330e-01 +1.8523e-01 -7.6045e-01 -2.7338e-01
5843 0 +2.032855675e+00 -4.071443246e-01 -4.071443246e-01 -4.5757e-01 -1.7088e-01 -4.0946e-02 -6.6443e-01 +4.3398e-02 +4.8357e-01 -5.2723e-01 +2.2688e-01 -7.8802e-01 -3.1427e-01
% f evaluations | g evaluations | best noise-free fitness - Fopt (1.240000000000e+00) + sum g_i+ | measured fitness | best measured fitness or single-digit g-values | x1 | x2...
1 0 +7.460530479e+01 +7.584530479e+01 +7.584530479e+01 -3.1648e+00 -1.2091e+00 -4.5692e+00 -4.7381e+00 -4.6015e+00 -3.1823e+00 +3.6996e+00 +4.6688e+00 +6.5217e-01 -2.4811e+00
2 0 +5.293459202e+01 +5.417459202e+01 +5.417459202e+01 -4.1410e+00 +3.8888e+00 -5.6898e-01 -1.6052e+00 -1.8034e+00 -3.6549e+00 -1.1465e+00 -3.8163e+00 -3.8815e-01 -3.0472e+00
4 0 +3.480985593e+01 +3.604985593e+01 +3.604985593e+01 +2.9374e+00 +1.8424e+00 +4.0346e+00 -7.0290e-01 -1.0746e+00 +2.2266e+00 -2.0009e+00 -9.4453e-01 +2.5825e+00 -2.4252e-01
10 0 +2.395857251e+01 +2.519857251e+01 +2.519857251e+01 -3.8752e+00 -2.9103e+00 +2.9455e-01 +2.1893e-01 -9.7922e-01 -2.5954e+00 +5.1416e-01 -3.5056e+00 -3.2845e+00 -2.7727e+00
12 0 +1.362550992e+01 +1.486550992e+01 +1.486550992e+01 -2.9722e+00 -4.5838e+00 +1.9144e+00 +4.6775e+00 +1.0196e+00 -6.5106e-01 -8.5253e-01 -1.8609e+00 -1.0904e+00 +2.7402e-02
89 0 +1.317679546e+01 +1.441679546e+01 +1.441679546e+01 +4.4669e+00 -1.2042e+00 -1.6471e-01 -6.6929e-01 -1.4750e+00 -2.1355e+00 +2.4743e+00 +1.2763e+00 -1.9975e+00 -9.1728e-01
123 0 +1.093416646e+01 +1.217416646e+01 +1.217416646e+01 +8.2270e-01 +1.6105e+00 -1.6149e+00 +5.3632e-01 +3.5384e-02 -3.3914e-03 +1.8102e-01 +2.3986e+00 -3.0770e-01 +3.6366e-01
187 0 +8.286367735e+00 +9.526367735e+00 +9.526367735e+00 +1.4154e+00 +8.5617e-01 +9.0989e-01 +1.6463e+00 -1.0292e-01 +2.2757e-01 -1.1609e+00 +1.6897e+00 -9.2751e-01 +4.8418e-01
242 0 +7.437480322e+00 +8.677480322e+00 +8.677480322e+00 +2.3348e+00 -9.8277e-01 +1.0856e+00 -2.7528e-01 -1.0813e+00 -7.5133e-01 +2.2366e+00 -5.9759e-01 +6.7616e-01 +8.2976e-01
244 0 +5.462944066e+00 +6.702944066e+00 +6.702944066e+00 -1.0005e-02 +1.4060e+00 +1.3433e+00 -1.6575e-01 -5.9293e-03 +1.2181e+00 +1.0763e+00 -6.1073e-01 +7.3839e-01 +1.4341e+00
669 0 +3.445244650e+00 +4.685244650e+00 +4.685244650e+00 -2.5050e-01 +7.2882e-01 +4.9384e-01 -2.0201e-01 +7.5610e-02 -2.1319e-01 -6.9124e-01 +3.0783e-01 -3.0998e-01 -3.2610e-01
718 0 +3.385498525e+00 +4.625498525e+00 +4.625498525e+00 +8.7655e-01 +5.2324e-01 +2.8715e-01 -1.1964e-01 +5.9887e-01 +8.4594e-01 +8.2355e-01 +1.0642e-01 -8.6529e-01 -2.1145e-01
2198 0 +3.247197678e+00 +4.487197678e+00 +4.487197678e+00 +4.8113e-01 +3.8914e-01 +1.3152e-01 -1.1375e-01 +3.5294e-01 +1.4497e-01 -2.8107e-02 +5.1971e-01 -2.4342e-01 -1.1673e-02
2653 0 +2.879903875e+00 +4.119903875e+00 +4.119903875e+00 +7.2406e-01 +6.9655e-01 +2.4985e-01 -6.3877e-02 +5.3605e-01 +3.7884e-01 +2.4577e-01 +2.2381e-01 -6.3980e-01 -8.5464e-02
2808 0 +1.851857320e+00 +3.091857320e+00 +3.091857320e+00 +4.7229e-01 +4.8719e-01 +3.1557e-01 +1.5428e-02 +2.9601e-01 +1.9263e-01 -4.6362e-03 +3.9138e-01 -3.2938e-01 +1.7031e-01
5725 0 +1.608136986e+00 +2.848136986e+00 +2.848136986e+00 +3.2961e-01 +3.8602e-01 +2.7770e-01 -8.6933e-02 +1.4090e-01 +3.7661e-01 +1.7016e-01 +4.2384e-01 -1.3405e-01 +2.1942e-01
% f evaluations | g evaluations | best noise-free fitness - Fopt (4.701000000000e+01) + sum g_i+ | measured fitness | best measured fitness or single-digit g-values | x1 | x2...
1 0 +3.448380319e+01 +8.149380319e+01 +8.149380319e+01 -4.0229e-01 -1.7089e+00 +9.3039e-01 -1.9071e+00 +4.7273e+00 -7.2653e-01 +6.1562e-01 -2.4624e+00 -3.8263e+00 +4.9249e+00
12 0 +2.964046607e+01 +7.665046607e+01 +7.665046607e+01 +5.2275e-02 -9.5306e-01 +3.9843e+00 +3.4208e-01 +3.0030e+00 +1.3927e+00 -1.0855e+00 -1.2991e+00 +4.9623e+00 +4.2486e+00
23 0 +2.133486662e+01 +6.834486662e+01 +6.834486662e+01 -3.9131e+00 -1.6865e+00 +1.3899e+00 +2.1289e+00 +1.0967e+00 -1.6652e+00 -3.5028e+00 -3.8580e+00 -2.0865e+00 +2.1387e-01
66 0 +1.514044464e+01 +6.215044464e+01 +6.215044464e+01 +3.0089e+00 +2.1077e+00 +4.3754e+00 +1.3004e+00 +1.1504e+00 -1.3158e+00 -7.5582e-01 -2.9799e+00 +1.7606e+00 -2.9705e+00
102 0 +1.272094543e+01 +5.973094543e+01 +5.973094543e+01 +2.0904e+00 -1.1947e+00 +4.9601e-01 +2.9253e-01 +1.9241e+00 -1.7369e+00 +1.8152e-01 -2.3314e+00 +1.7455e+00 -1.8179e+00
105 0 +9.128714060e+00 +5.613871406e+01 +5.613871406e+01 +1.5950e-01 -1.1616e+00 -3.3236e-01 -2.7167e-01 -4.3888e-01 -2.6707e-01 +5.7360e-01 -5.8111e-01 +1.1612e-01 -5.6359e-01
143 0 +8.151501940e+00 +5.516150194e+01 +5.516150194e+01 -1.8408e+00 -1.1998e+00 +4.8687e-01 +2.5892e-01 +1.5268e+00 -1.9301e+00 -2.2670e+00 -1.1508e+00 -2.0635e+00 -1.5631e+00
218 0 +6.655469599e+00 +5.366546960e+01 +5.366546960e+01 -4.5890e-01 -8.3269e-01 -7.6886e-01 -2.0643e+00 -7.1974e-01 +1.6996e-01 +5.7465e-01 -1.2080e+00 -1.0524e+00 +1.0490e+00
252 0 +6.542495868e+00 +5.355249587e+01 +5.355249587e+01 +5.2925e-01 -8.2001e-01 +3.7121e-01 -6.3653e-01 +2.3245e-01 +1.2646e+00 +1.2622e+00 -1.6511e+00 -2.6815e-01 +5.8077e-01
319 0 +4.988826587e+00 +5.199882659e+01 +5.199882659e+01 +1.4510e+00 -1.7822e+00 -4.0352e-01 +4.7625e-01 +1.2431e+00 +2.6603e-01 -2.1862e+00 -1.2576e+00 +2.1861e+00 +4.0084e-01
511 0 +4.629118138e+00 +5.163911814e+01 +5.163911814e+01 +7.3302e-01 -9.1777e-01 +6.9166e-01 -1.6931e+00 +3.3279e-01 +1.1031e+00 -2.2156e+00 -1.8458e+00 +2.6130e-01 +9.0700e-02
556 0 +3.987907685e+00 +5.099790768e+01 +5.099790768e+01 -1.0692e-01 -5.3261e-01 +1.0044e+00 -9.5547e-02 +3.4494e-01 -2.7600e-01 -5.2551e-01 -1.4021e+00 -2.0246e-01 -5.5257e-01
593 0 +3.769328552e+00 +5.077932855e+01 +5.077932855e+01 -6.8912e-01 -5.7537e-01 +5.3293e-01 -6.9542e-01 +3.4988e-01 -5.1527e-01 +6.1397e-01 -1.3799e+00 +1.6771e-01 +1.3715e+00
837 0 +3.005656333e+00 +5.001565633e+01 +5.001565633e+01 -2.8374e-01 -3.3121e-01 +4.9436e-01 -1.1938e-01 +5.5532e-01 -7.2724e-01 -1.1338e+00 -1.4195e+00 -1.8205e-01 -3.2577e-01
984 0 +2.705095855e+00 +4.971509585e+01 +4.971509585e+01 -3.1599e-01 -1.1959e+00 -2.7603e-01 +9.2334e-01 -1.9865e-01 -1.4020e-01 -1.0963e+00 -1.6036e+00 -7.2015e-02 -8.0155e-02
1557 0 +2.196949179e+00 +4.920694918e+01 +4.920694918e+01 -4.3318e-01 -6.4533e-01 -6.8523e-02 +4.1747e-01 +2.0734e-01 -2.7839e-02 -5.6255e-01 -1.0801e+00 -2.2325e-01 +9.1000e-02
9635 0 +2.105786421e+00 +4.911578642e+01 +4.911578642e+01 -2.4892e-01 -5.4796e-01 -2.4831e-01 +5.1507e-01 -2.7645e-02 +1.5861e-01 -1.1290e-01 -1.0319e+00 -1.7090e-01 +2.1901e-01
% f evaluations | g evaluations | best noise-free fitness - Fopt (3.758000000000e+01) + sum g_i+ | measured fitness | best measured fitness or single-digit g-values | x1 | x2...
1 0 +3.849842048e+01 +7.607842048e+01 +7.607842048e+01 +4.0152e-01 +3.1152e+00 +4.4482e+00 -2.6181e-02 +3.6761e+00 -3.9224e+00 -3.6559e-01 +2.0214e+00 -1.6315e+00 +2.6687e+00
5 0 +2.510467140e+01 +6.268467140e+01 +6.268467140e+01 -3.3561e+00 -4.6418e+00 +2.4516e-01 -3.0656e+00 +1.3079e+00 -1.4070e+00 +2.3177e+00 +1.2406e+00 -5.0482e-01 -2.2121e+00
19 0 +2.039992238e+01 +5.797992238e+01 +5.797992238e+01 +3.9102e+00 +3.1769e+00 +1.0013e+00 -1.3559e-01 -1.0509e+00 +1.3465e+00 +4.9466e-01 -4.1537e+00 -3.2821e+00 +1.5478e+00
72 0 +1.736091934e+01 +5.494091934e+01 +5.494091934e+01 +3.8063e+00 -4.9323e-01 -8.2322e-01 -1.8874e+00 -7.3769e-01 -7.1987e-01 -4.0375e+00 +1.3048e+00 +5.5278e-01 +1.8600e+00
101 0 +8.196262615e+00 +4.577626261e+01 +4.577626261e+01 +1.1062e+00 -2.3192e-01 +6.5936e-01 +1.1001e+00 +1.2317e+00 +1.0737e+00 +1.9144e+00 +1.8091e+00 +1.9588e+00 +1.7207e+00
160 0 +8.084838106e+00 +4.566483811e+01 +4.566483811e+01 +8.4539e-01 +2.8044e+00 -1.4935e+00 -2.3039e+00 -2.5694e+00 -1.2232e+00 +5.4403e-01 -9.9545e-01 -1.4339e-01 +1.2893e+00
225 0 +3.595490688e+00 +4.117549069e+01 +4.117549069e+01 -6.9753e-01 +1.0133e-01 -8.9528e-01 -2.3085e-02 +2.2743e-02 +1.4891e+00 +1.3462e-02 +1.6811e+00 -2.8763e-01 +8.3226e-01
1041 0 +2.878830182e+00 +4.045883018e+01 +4.045883018e+01 +2.5082e-01 +4.1425e-01 -7.6558e-01 +2.3029e-01 -1.3849e-03 +2.1896e-01 +1.0650e-01 +6.4578e-01 +2.2957e-01 +1.0147e-01
1726 0 +2.362291680e+00 +3.994229168e+01 +3.994229168e+01 +5.6607e-01 +4.4146e-01 -5.9969e-01 -2.2834e-01 -2.5984e-01 -1.0279e-01 -2.2771e-01 +3.0538e-01 -7.5266e-02 +1.8109e-01
2131 0 +2.247484278e+00 +3.982748428e+01 +3.982748428e+01 +3.6061e-01 +1.4402e-02 -2.5223e-01 -1.4674e-01 -2.2642e-01 +1.1210e-01 -1.8277e-01 +4.3214e-01 +9.0717e-02 +3.9097e-01
3150 0 +2.160125290e+00 +3.974012529e+01 +3.974012529e+01 +3.8624e-01 +3.4651e-01 -2.5087e-01 -2.3602e-01 -2.1717e-01 +1.2955e-02 -2.1964e-02 +4.6901e-01 +1.0886e-01 +3.7165e-01
4901 0 +1.476110652e+00 +3.905611065e+01 +3.905611065e+01 +4.0535e-01 +1.0746e-01 -2.2734e-01 -2.1689e-01 -1.4234e-01 +1.2778e-01 -3.1925e-01 +4.9838e-01 -1.0537e-01 +3.6990e-01
5950 0 +1.312340044e+00 +3.889234004e+01 +3.889234004e+01 +5.6004e-01 +7.5611e-02 +2.0988e-03 -1.2652e-01 -9.5573e-02 -6.7232e-02 -2.2322e-01 +4.4093e-01 +6.4383e-02 +5.3225e-01
% f evaluations | g evaluations | best noise-free fitness - Fopt (6.440000000000e+01) + sum g_i+ | measured fitness | best measured fitness or single-digit g-values | x1 | x2...
1 0 +4.745239956e+01 +1.118523996e+02 +1.118523996e+02 -4.0141e+00 +1.0006e+00 +9.7494e-01 -3.6296e+00 -2.8215e+00 +1.4946e+00 -3.3268e+00 -2.1471e+00 +4.2730e+00 +3.3602e+00
4 0 +2.450121138e+01 +8.890121138e+01 +8.890121138e+01 -2.3321e+00 -4.4803e+00 +3.0270e-01 -3.3105e+00 -2.9831e+00 -4.8565e-01 +1.3667e+00 -3.1995e+00 -1.4264e+00 -3.6309e+00
40 0 +1.776711142e+01 +8.216711142e+01 +8.216711142e+01 -2.7012e+00 +1.6974e+00 +9.5062e-01 -7.6778e-01 -1.5298e+00 -1.0731e+00 +1.0469e+00 +1.3830e+00 -3.3656e+00 -6.6935e-01
46 0 +1.059690894e+01 +7.499690894e+01 +7.499690894e+01 -6.9535e-01 -2.0143e-01 -2.2474e+00 +1.4741e+00 +6.4377e-01 +1.7071e+00 -1.5964e+00 +1.7107e+00 +3.7130e-01 +6.9036e-01
126 0 +9.698183090e+00 +7.409818309e+01 +7.409818309e+01 -1.6670e+00 +1.8841e-01 +7.6283e-01 -8.8535e-01 +6.6347e-01 -6.2981e-01 -8.8105e-01 -3.2456e+00 -2.1109e+00 -1.9326e+00
163 0 +7.520412614e+00 +7.192041261e+01 +7.192041261e+01 +1.7054e+00 +2.9617e+00 -2.2216e-01 -2.1912e+00 +3.4025e+00 +2.0162e+00 -2.1216e+00 +9.5439e-02 -4.5622e-01 +2.4145e-01
241 0 +6.659570509e+00 +7.105957051e+01 +7.105957051e+01 -2.1636e+00 -6.5340e-01 +3.7192e-01 -1.3739e+00 -9.5837e-01 -8.2508e-01 -2.9968e-01 -6.5530e-01 -9.7537e-01 -2.6874e-02
242 0 +6.032446530e+00 +7.043244653e+01 +7.043244653e+01 -5.0690e-01 -4.8913e-01 -1.0412e+00 +3.8561e-01 +1.7849e+00 -6.9842e-01 +1.1678e+00 -2.5577e-01 +4.7971e-01 +6.5365e-01
317 0 +5.535563097e+00 +6.993556310e+01 +6.993556310e+01 -5.1622e-01 -4.8913e-01 -1.0412e+00 +3.0114e-01 +1.7849e+00 -6.5147e-01 +1.1678e+00 -2.5577e-01 +4.8783e-01 +6.5365e-01
330 0 +5.375092761e+00 +6.977509276e+01 +6.977509276e+01 -5.8367e-01 -7.6760e-01 -5.9440e-01 -1.2440e+00 +1.6268e+00 -1.9165e+00 +5.3218e-01 -1.5175e-01 +7.3162e-01 -2.5949e-01
410 0 +4.477640151e+00 +6.887764015e+01 +6.887764015e+01 -7.2397e-01 +6.9533e-01 -1.4541e+00 -8.7972e-01 +8.1955e-01 +3.7034e-01 -1.9224e+00 -6.1538e-01 +7.1103e-01 +4.7858e-01
428 0 +4.460476324e+00 +6.886047632e+01 +6.886047632e+01 -6.9317e-02 +8.1636e-01 -6.9424e-02 -1.1798e+00 +1.9083e+00 +4.6416e-01 -1.0883e+00 -6.9266e-01 -3.3747e-01 -2.9889e-01
615 0 +3.798996971e+00 +6.819899697e+01 +6.819899697e+01 -1.5171e-02 +1.2091e+00 -1.1020e+00 -2.7381e-01 +1.0891e+00 -3.6898e-01 -1.0861e+00 -1.3015e+00 -7.6944e-03 +7.1549e-01
1368 0 +2.926243551e+00 +6.732624355e+01 +6.732624355e+01 +2.6832e-01 +1.2138e+00 -3.5067e-01 -1.1610e+00 +1.5230e+00 -1.4890e-01 -9.5349e-01 -2.8328e-02 +3.3353e-02 +5.5360e-01
1708 0 +2.844105238e+00 +6.724410524e+01 +6.724410524e+01 +3.5012e-01 +1.3817e+00 -7.9594e-01 -9.1632e-01 +1.7279e+00 -2.1529e-01 -7.8920e-01 -4.1466e-01 +1.7870e-02 +4.8473e-01
4903 0 +2.261338411e+00 +6.666133841e+01 +6.666133841e+01 +3.1049e-01 +1.5084e+00 -4.4663e-01 -1.0968e+00 +1.6678e+00 -1.3216e-01 -7.8079e-01 -3.9339e-01 +3.6099e-01 +3.7117e-01
6885 0 +1.862792944e+00 +6.626279294e+01 +6.626279294e+01 +2.3761e-01 +1.5307e+00 -5.4406e-01 -9.3865e-01 +1.5017e+00 -2.5201e-01 -5.0948e-01 -1.3870e-01 -1.8125e-01 +1.6161e-01
8294 0 +1.797213380e+00 +6.619721338e+01 +6.619721338e+01 +2.3173e-01 +1.4241e+00 -7.1707e-01 -9.9971e-01 +1.4301e+00 -2.7864e-01 -4.4869e-01 +1.3279e-02 -4.2172e-01 +3.5121e-01
% f evaluations | g evaluations | best noise-free fitness - Fopt (4.033700000000e+02) + sum g_i+ | measured fitness | best measured fitness or single-digit g-values | x1 | x2...
1 0 +5.241285010e+01 +4.557828501e+02 +4.557828501e+02 -1.4961e+00 +4.3088e+00 +2.4507e+00 +3.9435e-01 -7.8993e-02 -3.6745e+00 -2.4366e+00 -2.7428e+00 +1.6734e+00 +4.8666e+00
2 0 +5.155801831e+01 +4.549280183e+02 +4.549280183e+02 +3.9193e+00 +4.0357e-01 -2.5684e+00 +1.4359e+00 -1.5367e+00 +4.1147e+00 +2.0718e+00 +4.0463e+00 -8.9049e-01 -8.7631e-01
4 0 +3.084973805e+01 +4.342197380e+02 +4.342197380e+02 -2.8016e+00 +2.7692e+00 +3.2969e+00 -5.9066e-01 -3.8264e-01 +3.8806e+00 +7.6684e-01 +1.1944e+00 -4.3558e+00 -1.8653e+00
7 0 +2.497690825e+01 +4.283469083e+02 +4.283469083e+02 -1.0476e+00 -2.7633e+00 -8.3017e-01 +1.1462e+00 +1.1636e+00 +1.3531e+00 -5.9523e-01 +4.6429e-01 -3.8863e+00 -4.2048e+00
10 0 +1.774489621e+01 +4.211148962e+02 +4.211148962e+02 -1.3338e+00 +6.4412e-01 +3.6360e-01 +7.0279e-01 +3.9444e+00 +3.1148e+00 -3.4667e+00 -4.5954e+00 -1.0214e+00 +2.5368e+00
27 0 +1.377604278e+01 +4.171460428e+02 +4.171460428e+02 -2.7716e+00 -1.5537e+00 -1.8568e+00 +3.8191e-01 +1.1375e+00 -4.6402e-01 -3.5051e+00 +8.1947e-01 +1.0209e+00 +2.6974e-01
107 0 +1.141421049e+01 +4.147842105e+02 +4.147842105e+02 -9.4210e-02 +6.9727e-01 +9.4070e-01 +8.3095e-01 +3.4791e-01 +3.9824e-01 -2.2736e+00 +5.1888e-02 -9.0713e-01 +2.7618e+00
111 0 +8.544223641e+00 +4.119142236e+02 +4.119142236e+02 -1.2272e+00 -2.4941e+00 +8.8842e-01 -3.3569e-01 +3.7246e-01 -2.2561e+00 -2.7814e-01 -2.2775e-01 +1.4750e+00 +8.4329e-01
136 0 +7.506806333e+00 +4.108768063e+02 +4.108768063e+02 -8.5123e-01 +6.9023e-01 +5.0100e-01 -3.4780e+00 -3.4025e+00 +1.9352e+00 +2.4125e-02 +2.9070e+00 -6.5982e-01 -4.9886e-01
208 0 +6.845109776e+00 +4.102151098e+02 +4.102151098e+02 -1.5567e+00 -1.1845e+00 -8.5870e-01 -5.8212e-01 -1.2079e-01 -3.0693e-01 -2.8639e+00 +1.8584e+00 +2.6428e-01 -1.0473e+00
314 0 +5.692950282e+00 +4.090629503e+02 +4.090629503e+02 -6.6587e-01 -1.1734e+00 +1.5796e+00 -7.3545e-02 +7.1447e-01 -1.4956e+00 -1.3993e+00 +3.9352e-01 +2.3834e+00 +1.8758e+00
390 0 +4.692060904e+00 +4.080620609e+02 +4.080620609e+02 +5.7215e-01 -1.9901e+00 +4.2520e-01 +7.2424e-01 +2.4493e-01 +1.1885e-01 -1.0430e+00 -1.0050e-02 +2.2460e+00 +1.3738e+00
615 0 +3.694033555e+00 +4.070640336e+02 +4.070640336e+02 -8.6459e-01 +3.0612e-01 +1.1017e+00 -1.0076e-01 +9.8762e-01 +1.3959e-01 -9.8238e-01 +2.8247e-01 -5.0331e-01 -3.3963e-01
643 0 +2.989535267e+00 +4.063595353e+02 +4.063595353e+02 -6.2563e-01 -2.5601e-01 +7.8060e-02 -1.1765e+00 -5.4732e-01 -6.4903e-01 -1.2693e+00 +2.0414e+00 +1.6073e-01 +5.6727e-01
1160 0 +2.867143434e+00 +4.062371434e+02 +4.062371434e+02 -4.7644e-01 +1.9838e-02 +3.5734e-01 +1.9694e-01 +5.3313e-01 +4.6772e-01 -1.1554e+00 +6.2376e-01 -4.1091e-01 +6.4870e-01
1399 0 +1.710545759e+00 +4.050805458e+02 +4.050805458e+02 -4.0740e-01 -3.8849e-01 +4.9372e-01 -5.9893e-01 -1.1707e-02 -3.0607e-01 -1.1207e+00 +1.5151e+00 +6.4400e-01 +7.9757e-01
% f evaluations | g evaluations | best noise-free fitness - Fopt (-4.895600000000e+02) + sum g_i+ | measured fitness | best measured fitness or single-digit g-values | x1 | x2...
1 0 +4.041375874e+01 -4.491462413e+02 -4.491462413e+02 +3.4065e+00 +1.1142e+00 +2.3138e+00 +2.1518e+00 +2.6759e+00 -1.9981e+00 -8.2448e-01 +2.3213e+00 +2.9625e+00 -1.4320e+00
3 0 +3.113689121e+01 -4.584231088e+02 -4.584231088e+02 +2.6101e+00 +3.3726e+00 -8.3634e-01 -1.6790e+00 +4.2925e+00 +9.5287e-01 +2.4438e+00 +4.6707e-01 -3.4928e+00 +3.6257e+00
28 0 +2.840414513e+01 -4.611558549e+02 -4.611558549e+02 +2.2684e+00 +3.8212e-01 -1.3331e+00 +1.9457e+00 -8.5492e-01 +1.8853e+00 -3.0247e+00 -2.4861e+00 +2.2788e+00 +1.6936e+00
29 0 +2.560344080e+01 -4.639565592e+02 -4.639565592e+02 +7.6320e-01 +3.3898e+00 -1.9667e+00 -1.3324e+00 +1.2898e+00 +2.6509e+00 +5.4821e-01 +3.4845e+00 -3.3549e+00 +1.2664e-01
31 0 +2.320325876e+01 -4.663567412e+02 -4.663567412e+02 -6.0497e-01 -1.2831e+00 +4.7790e+00 -3.0187e+00 +2.1788e+00 +2.4625e+00 -3.1262e-01 -1.9448e+00 +1.2421e-01 -2.1018e+00
42 0 +1.912095436e+01 -4.704390456e+02 -4.704390456e+02 -4.6088e+00 +3.3924e+00 -1.5855e+00 +1.5858e+00 -8.8300e-02 +6.2058e-01 +7.1420e-01 -4.4697e+00 +1.2172e+00 -3.9758e+00
81 0 +1.680177247e+01 -4.727582275e+02 -4.727582275e+02 -2.0633e+00 +3.2516e-02 -2.3631e+00 -3.5969e+00 +1.2359e+00 +8.6116e-01 +1.4751e+00 -1.6556e+00 -2.7078e+00 -2.9144e+00
105 0 +1.439383990e+01 -4.751661601e+02 -4.751661601e+02 +1.6976e-01 +3.0091e+00 -1.1423e+00 +2.9170e-01 +1.9960e+00 +2.9709e+00 -6.1747e-01 +3.0040e+00 -1.0886e+00 -1.5865e-02
110 0 +1.163887051e+01 -4.779211295e+02 -4.779211295e+02 +1.8884e-01 +7.6883e-02 -2.6727e-01 -8.4790e-01 +6.0726e-02 +7.1847e-01 -7.6776e-01 +1.9647e+00 -7.0426e-01 +4.9240e-01
116 0 +1.073267526e+01 -4.788273247e+02 -4.788273247e+02 +6.8890e-02 -6.4499e-01 -8.4197e-01 +1.9900e+00 -7.7189e-01 +1.1267e+00 -2.8944e-01 -2.6111e+00 +9.8830e-01 +8.0089e-02
144 0 +1.054532721e+01 -4.790146728e+02 -4.790146728e+02 -2.5547e+00 -4.1747e-01 +1.6753e+00 +8.0766e-01 +1.9009e+00 +2.7166e+00 -7.7906e-01 -2.6965e+00 -1.0058e+00 -1.2757e+00
200 0 +1.042451658e+01 -4.791354834e+02 -4.791354834e+02 +7.2280e-01 +1.9957e+00 +1.6250e+00 -7.0907e-01 -1.7229e+00 +1.7861e+00 -1.2012e+00 -1.4607e-01 +1.2728e+00 -6.9275e-01
202 0 +1.009882042e+01 -4.794611796e+02 -4.794611796e+02 -7.3547e-01 -2.8133e-01 +5.6156e-01 +3.5655e-01 +1.0089e+00 +7.5639e-01 +1.3064e+00 -1.9260e+00 +4.7690e-01 -2.0952e-01
209 0 +9.366991353e+00 -4.801930086e+02 -4.801930086e+02 -1.1488e+00 +3.5452e-01 -1.0853e+00 -5.9116e-01 -2.3250e-01 +2.4420e+00 +3.4198e-01 -1.4055e+00 -8.2456e-01 -1.0781e+00
218 0 +9.089668771e+00 -4.804703312e+02 -4.804703312e+02 +3.9495e-01 +8.9217e-01 +3.0636e+00 -8.3534e-01 -9.0961e-01 +1.5099e+00 +2.4041e-02 +5.8106e-01 +1.1556e+00 +6.0005e-01
228 0 +6.618933188e+00 -4.829410668e+02 -4.829410668e+02 -1.4869e+00 +1.4731e+00 -1.6857e+00 +8.7918e-01 +8.3588e-01 -3.8119e-01 +1.5316e-01 -6.2341e-01 -3.5343e-01 -2.0532e+00
343 0 +6.431452618e+00 -4.831285474e+02 -4.831285474e+02 +4.9273e-01 +1.8792e+00 +1.2253e+00 -1.2997e+00 -4.2407e-01 +1.3383e+00 -5.7201e-01 +2.1493e-01 +2.0528e+00 -1.0836e+00
396 0 +6.019529181e+00 -4.835404708e+02 -4.835404708e+02 +4.8326e-01 -6.7108e-02 -2.6144e-01 -2.1479e-01 +5.8682e-01 +2.7119e+00 +2.8910e-01 -7.2079e-01 -1.1289e+00 +2.5141e+00
410 0 +4.923853037e+00 -4.846361470e+02 -4.846361470e+02 -8.1776e-01 +1.3611e+00 -7.6687e-01 -4.2132e-01 +3.6854e-01 +5.6926e-01 -4.7112e-01 -2.0723e+00 +7.5092e-01 -1.8594e+00
425 0 +4.870979780e+00 -4.846890202e+02 -4.846890202e+02 -1.2332e+00 +1.4731e+00 -1.6857e+00 +8.7918e-01 +8.3588e-01 -3.8119e-01 +6.2354e-02 -6.2341e-01 -3.5094e-01 -2.0532e+00
573 0 +4.574609945e+00 -4.849853901e+02 -4.849853901e+02 +2.5210e-01 +7.8878e-01 +7.3153e-01 -1.0514e+00 -6.2498e-01 +1.6337e+00 -8.1089e-01 -4.8468e-01 +4.8724e-01 -6.5866e-01
687 0 +4.360853673e+00 -4.851991463e+02 -4.851991463e+02 -6.7571e-01 +6.4657e-01 -4.8934e-02 -3.1408e-01 +2.4689e-01 +1.1066e+00 -2.3030e-01 -1.3782e+00 +1.3769e-01 -6.1026e-01
795 0 +3.808358562e+00 -4.857516414e+02 -4.857516414e+02 -3.4323e-01 +7.0844e-01 -4.7851e-01 -3.9589e-01 +5.2316e-01 +1.0783e+00 -1.1966e-01 -7.0302e-01 -4.5642e-02 -4.1369e-01
1050 0 +3.577551692e+00 -4.859824483e+02 -4.859824483e+02 -1.0402e-01 +4.7870e-01 -2.9459e-01 -9.0851e-01 +4.9691e-01 +5.7639e-01 -4.1764e-01 -1.3785e+00 +5.7412e-01 -3.4432e-01
2197 0 +3.429222897e+00 -4.861307771e+02 -4.861307771e+02 +1.5325e-01 +7.7617e-01 -1.7028e-01 -5.1516e-01 +2.4000e-01 +9.6700e-01 -2.5528e-01 -8.6706e-01 +1.9476e-02 -3.7035e-01
2758 0 +3.270217553e+00 -4.862897824e+02 -4.862897824e+02 -2.9853e-03 +7.1456e-01 -1.8013e-01 -1.0080e+00 +3.9343e-01 +6.9176e-01 -1.2330e-01 -1.1480e+00 +4.1385e-01 -2.2501e-01
3930 0 +2.663105057e+00 -4.868968949e+02 -4.868968949e+02 +5.6095e-02 +8.0144e-01 -2.9677e-01 -7.4260e-01 +3.3883e-01 +1.1297e+00 -2.1884e-01 -9.1462e-01 +3.1183e-01 -2.5073e-01
8001 0 +2.484571462e+00 -4.870754285e+02 -4.870754285e+02 +2.4619e-01 +7.2443e-01 -3.2347e-01 -7.4938e-01 +5.3937e-01 +9.6363e-01 -1.8194e-01 -9.4094e-01 +5.0922e-01 -3.7311e-01
8228 0 +2.376229496e+00 -4.871837705e+02 -4.871837705e+02 +1.8408e-01 +8.0788e-01 -3.1461e-01 -7.5701e-01 +3.6948e-01 +1.2378e+00 -4.1992e-02 -8.0726e-01 +3.7491e-01 -1.9123e-01
