% f evaluations | g evaluations | best noise-free fitness - Fopt (1.000000000000e+03) + sum g_i+ | measured fitness | best measured fitness or single-digit g-values | x1 | x2...
1 0 +5.671202097e+02 +1.567120210e+03 +1.567120210e+03 +1.4598e+00 -2.2926e+00 +1.0929e+00 +2.3810e+00 -1.7542e+00 +3.6831e+00 -4.6903e+00 -1.9069e+00 -4.6670e+00 -1.1935e+00
10 0 +5.280232130e+02 +1.528023213e+03 +1.528023213e+03 -1.6743e+00 +1.3370e+00 -6.1345e-02 -3.3703e-01 +1.8745e+00 +3.4074e+00 -2.8805e+00 +1.9168e+00 +8.8710e-01 -1.5650e+00
17 0 +5.204759578e+02 +1.520475958e+03 +1.520475958e+03 +3.2895e+00 -8.3575e-02 -7.6353e-01 -2.8099e+00 -2.6824e+00 -7.1061e-01 +2.1100e+00 +3.6519e+00 -3.5817e+00 +1.0104e-01
19 0 +4.592536472e+02 +1.459253647e+03 +1.459253647e+03 +2.0430e+00 -2.3772e-02 -3.1252e+00 +4.3478e+00 +3.0353e+00 +2.4465e+00 +5.1007e-01 +9.8962e-01 -1.2840e-01 -8.1261e-01
32 0 +3.844997644e+02 +1.384499764e+03 +1.384499764e+03 -1.9426e+00 +4.5784e+00 +3.2351e+00 +1.5199e+00 +4.6974e+00 +1.0958e+00 -2.8532e+00 +1.0687e+00 +9.9784e-01 -3.5609e+00
34 0 +2.290270728e+02 +1.229027073e+03 +1.229027073e+03 -1.7150e+00 +3.7520e+00 +4.2614e+00 -7.2105e-01 -6.4365e-01 -3.6549e+00 -1.8091e+00 -9.2820e-02 -2.0368e+00 +3.2653e+00
43 0 +1.860632554e+02 +1.186063255e+03 +1.186063255e+03 -2.6561e+00 +2.5684e+00 +3.3231e+00 +2.9385e-01 +4.1272e+00 -4.6471e+00 -9.0166e-01 +1.4561e+00 -3.6193e-01 -2.7481e+00
127 0 +1.669249646e+02 +1.166924965e+03 +1.166924965e+03 +6.6598e-01 +2.0066e+00 +4.8584e-01 -4.1141e-01 +7.7260e-01 -2.2407e+00 -1.0516e+00 +4.1765e-01 +7.9108e-01 -1.2210e+00
410 0 +1.634979663e+02 +1.163497966e+03 +1.163497966e+03 +3.6364e-01 +1.3192e+00 +4.9368e-01 -1.7677e-01 +5.2832e-01 -1.1341e+00 -7.8253e-01 +1.0222e-01 +8.3604e-01 -2.5989e-01
803 0 +1.580063651e+02 +1.158006365e+03 +1.158006365e+03 +1.2397e+00 +2.4781e+00 +4.9483e-01 +3.4265e-02 +9.9171e-01 -2.8802e+00 -1.7020e+00 +3.1704e-01 +9.2939e-01 -2.0502e+00
961 0 +1.539306665e+02 +1.153930666e+03 +1.153930666e+03 +7.5511e-01 +1.4499e+00 +2.8876e-01 +7.7985e-02 +5.6441e-01 -1.5222e+00 -1.0417e+00 +2.8760e-01 +2.4598e-01 -8.9345e-01
967 0 +1.496865735e+02 +1.149686573e+03 +1.149686573e+03 +7.3905e-01 +1.4582e+00 +3.8333e-01 -2.4692e-02 +6.1404e-01 -1.4443e+00 -1.0827e+00 +2.6742e-01 +2.4739e-01 -7.3029e-01
1806 0 +1.385954108e+02 +1.138595411e+03 +1.138595411e+03 +1.2275e+00 +1.6223e+00 +4.1840e-01 +4.2562e-01 +7.5562e-01 -2.0395e+00 -1.1134e+00 +8.2427e-02 +3.4258e-01 -6.3021e-01
2012 0 +1.363519855e+02 +1.136351985e+03 +1.136351985e+03 +9.4927e-01 +1.2717e+00 +2.8457e-01 +4.6054e-01 +3.8227e-01 -1.5794e+00 -9.7118e-01 +3.9195e-01 +6.7218e-01 -5.3822e-01
2303 0 +1.313649783e+02 +1.131364978e+03 +1.131364978e+03 +1.6144e+00 +1.2568e+00 +3.9388e-01 +7.1462e-01 +7.8166e-01 -1.3018e+00 -8.9166e-01 +5.6078e-02 +3.9196e-01 -4.7455e-01
2903 0 +1.268546943e+02 +1.126854694e+03 +1.126854694e+03 +7.4871e-01 +6.3125e-01 +4.9848e-01 +3.5940e-01 +4.9898e-01 -1.9678e+00 -1.1380e+00 +5.6116e-01 -3.5838e-02 -7.7617e-01
2912 0 +1.214064598e+02 +1.121406460e+03 +1.121406460e+03 +4.4585e-01 +1.7206e+00 +1.4628e-01 +9.7426e-01 +5.0622e-01 -1.8789e+00 -1.2332e+00 +1.5584e-01 +1.8838e-01 -2.4982e-01
5278 0 +1.160695230e+02 +1.116069523e+03 +1.116069523e+03 +5.8705e-01 +1.3802e+00 +4.1177e-01 +8.8538e-01 +5.8194e-01 -1.6223e+00 -8.1192e-01 +4.3141e-01 -2.4305e-01 -1.2325e-02
5901 0 +9.977587800e+01 +1.099775878e+03 +1.099775878e+03 +5.1501e-01 +1.3399e+00 +3.9267e-01 +1.1801e+00 +6.4018e-01 -1.8556e+00 -1.1047e+00 +5.3581e-01 -1.9507e-01 -1.3246e-01
6770 0 +9.291042161e+01 +1.092910422e+03 +1.092910422e+03 +6.7140e-01 +1.3065e+00 +4.1706e-01 +1.0916e+00 +8.5516e-01 -1.8144e+00 -9.1157e-01 +5.5574e-01 -5.7529e-01 +2.9021e-02
7704 0 +8.220761642e+01 +1.082207616e+03 +1.082207616e+03 +1.0876e+00 +1.7963e+00 +8.8424e-01 +1.5767e+00 +9.5573e-01 -2.1689e+00 -1.2891e+00 +6.6983e-01 -5.7933e-01 +2.4903e-01
% f evaluations | g evaluations | best noise-free fitness - Fopt (7.003000000000e+01) + sum g_i+ | measured fitness | best measured fitness or single-digit g-values | x1 | x2...
1 0 +5.719428526e+02 +6.419728526e+02 +6.419728526e+02 +3.8239e+00 +5.7352e-01 -4.2009e+00 +3.5638e+00 +1.6210e+00 +2.1087e+00 -3.8498e+00 +1.5124e+00 +2.6801e+00 -1.5960e+00
4 0 +3.751938065e+02 +4.452238065e+02 +4.452238065e+02 -2.4884e-01 -1.6484e+00 -4.8435e+00 +4.3290e+00 +4.4028e-01 +4.6051e-01 +3.1234e-01 +9.8464e-01 -2.6937e+00 -3.3936e+00
24 0 +3.272529637e+02 +3.972829637e+02 +3.972829637e+02 -9.8793e-01 -2.4127e+00 -1.9808e+00 -1.7991e+00 -3.8761e+00 -1.0457e+00 -1.5743e-01 +2.1708e+00 -1.5882e+00 -3.6706e+00
126 0 +2.730654244e+02 +3.430954244e+02 +3.430954244e+02 +5.1909e-01 -1.6925e+00 -1.4818e+00 -7.0055e-01 -4.8052e-01 -3.9685e-02 +9.7187e-01 -4.2080e-01 -5.7983e-01 -2.0443e-02
127 0 +2.640492082e+02 +3.340792082e+02 +3.340792082e+02 +3.5531e-01 -8.8854e-01 -1.0061e+00 -4.7952e-01 -4.5453e-01 -1.3547e-01 +6.6524e-01 -3.6475e-01 -3.2501e-01 -2.1425e-01
128 0 +2.626094351e+02 +3.326394351e+02 +3.326394351e+02 +3.0713e-01 -8.0574e-01 -6.9931e-01 -4.1449e-01 -1.8564e-01 -1.9148e-02 +5.1126e-01 -2.4897e-01 -4.2115e-01 -2.6526e-01
134 0 +2.411015164e+02 +3.111315164e+02 +3.111315164e+02 +7.3037e-01 -2.1851e+00 -1.9435e+00 -8.8566e-01 -6.7154e-01 -2.7847e-01 +1.3674e+00 -6.7658e-01 -8.1582e-01 -2.9238e-01
137 0 +2.191022989e+02 +2.891322989e+02 +2.891322989e+02 +4.8164e-01 -1.2836e+00 -1.4312e+00 -6.5000e-01 -5.7167e-01 -8.4532e-02 +9.0175e-01 -3.9043e-01 -5.3799e-01 -1.9281e-01
180 0 +2.115419564e+02 +2.815719564e+02 +2.815719564e+02 +1.0162e+00 -2.3582e+00 -2.0505e+00 -1.1475e+00 -7.2851e-01 -3.0006e-01 +1.3216e+00 -6.3677e-01 -9.1394e-01 -2.8091e-01
206 0 +2.022804335e+02 +2.723104335e+02 +2.723104335e+02 +1.1145e+00 -3.0590e+00 -2.7914e+00 -1.4041e+00 -1.1451e+00 -4.5343e-01 +2.0337e+00 -7.7287e-01 -1.2351e+00 -1.8105e-01
209 0 +1.837530118e+02 +2.537830118e+02 +2.537830118e+02 +1.0447e+00 -2.9840e+00 -2.8148e+00 -1.4803e+00 -9.2950e-01 -4.7656e-01 +1.9389e+00 -8.8187e-01 -1.0072e+00 -3.9113e-01
405 0 +1.759056417e+02 +2.459356417e+02 +2.459356417e+02 +7.8253e-01 -2.7826e+00 -2.0621e+00 -7.8047e-01 -4.3742e-01 -4.3971e-01 +1.3496e+00 -4.7345e-01 -1.1144e+00 -3.9775e-01
704 0 +1.712556529e+02 +2.412856529e+02 +2.412856529e+02 +2.6648e-01 -2.9917e+00 -2.5354e+00 -6.6991e-01 -8.7575e-01 -1.0656e+00 +8.1517e-01 -6.1860e-01 -1.3615e+00 -4.1228e-01
903 0 +1.578731900e+02 +2.279031900e+02 +2.279031900e+02 +3.0612e-01 -3.4581e+00 -2.9049e+00 -6.6383e-01 -9.5806e-01 -1.3018e+00 +8.2926e-01 -5.7499e-01 -1.5857e+00 -4.9869e-01
1108 0 +1.444888380e+02 +2.145188380e+02 +2.145188380e+02 +5.5493e-01 -3.4571e+00 -2.8516e+00 -9.7904e-01 -6.6967e-01 -9.1665e-01 +1.0030e+00 -8.4006e-01 -1.3297e+00 -3.8213e-01
1211 0 +1.266604997e+02 +1.966904997e+02 +1.966904997e+02 +1.2355e+00 -3.6252e+00 -3.4000e+00 -1.0571e+00 +1.9162e-01 -5.1249e-01 +4.5498e-01 -2.2857e-01 -9.5045e-01 -7.2676e-01
1302 0 +1.042965426e+02 +1.743265426e+02 +1.743265426e+02 +1.7526e-01 -4.0158e+00 -3.2539e+00 -6.5617e-01 -9.1472e-01 -2.1086e+00 +8.4929e-01 -5.7243e-01 -1.7640e+00 -7.1967e-01
2522 0 +8.648621532e+01 +1.565162153e+02 +1.565162153e+02 +1.7864e-01 -3.8442e+00 -3.9190e+00 -1.8713e+00 -1.0726e+00 -1.6598e+00 +8.1923e-01 +3.1725e-01 -1.7423e+00 -4.5684e-01
6541 0 +6.752112904e+01 +1.375511290e+02 +1.375511290e+02 +9.4749e-02 -3.1906e+00 -3.2065e+00 -1.1289e+00 -9.6883e-01 -2.1071e+00 +1.4754e-01 -7.0158e-03 -1.9490e+00 +3.7917e-01
% f evaluations | g evaluations | best noise-free fitness - Fopt (-4.822000000000e+01) + sum g_i+ | measured fitness | best measured fitness or single-digit g-values | x1 | x2...
1 0 +4.110821784e+03 +4.062601784e+03 +4.062601784e+03 +3.8060e+00 -4.9172e+00 +1.2171e+00 -3.0347e+00 +3.9809e+00 +2.8298e+00 -2.1772e+00 +1.2335e+00 +1.0879e+00 -1.4418e+00
3 0 +1.216820313e+03 +1.168600313e+03 +1.168600313e+03 +2.3920e+00 +1.4411e+00 -2.1573e+00 +4.4520e-01 +4.0279e+00 +2.8205e+00 -4.3080e+00 -5.1365e-01 +1.7014e+00 +2.5970e+00
6 0 +6.496111063e+02 +6.013911063e+02 +6.013911063e+02 +3.1482e+00 -4.4326e+00 -3.9850e+00 +3.0234e+00 +4.1150e-01 +3.3352e+00 -1.4638e-01 -3.4283e-01 -2.9932e+00 +4.5741e+00
11 0 +5.837319498e+02 +5.355119498e+02 +5.355119498e+02 -1.0582e+00 -1.6594e+00 +4.1357e+00 +1.9412e+00 -4.7307e+00 -7.5644e-01 +1.6507e-01 +8.1657e-01 -3.9016e+00 +4.5473e-01
38 0 +5.492603604e+02 +5.010403604e+02 +5.010403604e+02 +3.9441e+00 +1.1888e+00 -1.0594e+00 +3.9250e+00 -4.4924e+00 +1.8405e+00 -3.3250e+00 -3.7224e+00 -3.5876e+00 +3.6941e+00
44 0 +3.738471697e+02 +3.256271697e+02 +3.256271697e+02 -6.4876e-02 -3.7856e+00 -2.2155e+00 +4.2342e+00 +7.6061e-01 +4.5453e+00 -1.3634e-01 +4.8129e+00 -2.4059e+00 +2.9446e+00
52 0 +2.632757068e+02 +2.150557068e+02 +2.150557068e+02 +2.6743e+00 +1.9013e+00 -4.8377e+00 +9.0373e-01 -2.7039e+00 +4.0050e+00 -3.3738e+00 +3.1149e+00 -2.9771e+00 +2.6626e+00
126 0 +2.421181057e+02 +1.938981057e+02 +1.938981057e+02 -4.8205e-01 +3.0311e-01 -2.9974e+00 +2.1463e+00 +1.6151e-01 +2.0244e+00 -7.3204e-01 +1.5521e+00 -1.5005e+00 +8.1840e-01
132 0 +2.374576331e+02 +1.892376331e+02 +1.892376331e+02 -4.7179e-01 +3.0260e-01 -2.9293e+00 +2.2286e+00 +1.5442e-02 +2.0475e+00 -6.8245e-01 +1.5107e+00 -1.4873e+00 +8.0099e-01
150 0 +2.328114411e+02 +1.845914411e+02 +1.845914411e+02 -4.6519e-01 +2.9837e-01 -2.9262e+00 +2.0133e+00 +1.5226e-02 +2.0188e+00 -7.0643e-01 +1.4978e+00 -1.4481e+00 +7.8977e-01
159 0 +1.954832409e+02 +1.472632409e+02 +1.472632409e+02 -5.0026e-01 +3.2086e-01 -3.1106e+00 +2.1170e+00 -5.7792e-02 +2.1710e+00 -7.5969e-01 +1.6107e+00 -1.5572e+00 +8.8242e-01
214 0 +1.493751323e+02 +1.011551323e+02 +1.011551323e+02 -3.7454e-01 +2.8333e-01 -3.7514e+00 +2.0812e+00 +8.0685e-03 +2.6269e+00 -8.7268e-01 +1.9312e+00 -1.9816e+00 +5.6937e-01
2009 0 +1.421522316e+02 +9.393223164e+01 +9.393223164e+01 -6.5793e-01 +2.9806e-01 -2.8254e+00 +2.0705e+00 -5.7805e-01 +2.3681e+00 -1.4478e+00 +1.0190e+00 -1.5234e+00 +7.2625e-01
4002 0 +1.396975782e+02 +9.147757823e+01 +9.147757823e+01 +4.6113e-02 -4.9136e-01 -1.5705e+00 +2.1668e+00 -1.1848e+00 +2.1204e+00 -6.0874e-01 +1.1253e+00 -1.6434e+00 +9.7532e-01
4301 0 +1.287000347e+02 +8.048003465e+01 +8.048003465e+01 -6.4844e-01 -7.4456e-01 -3.4629e+00 +2.2116e+00 -1.3367e+00 +2.4195e+00 -1.8309e+00 +1.2738e+00 -1.8729e+00 +7.9053e-01
4609 0 +1.193001934e+02 +7.108019343e+01 +7.108019343e+01 -4.5247e-01 -5.0726e-01 -3.3811e+00 +2.3551e+00 -7.6567e-01 +3.1325e+00 -2.1846e+00 +1.1983e+00 -2.2759e+00 +1.2385e+00
4611 0 +1.143357889e+02 +6.611578889e+01 +6.611578889e+01 -5.2813e-01 -6.2497e-01 -3.5236e+00 +2.3491e+00 -1.5350e+00 +2.6357e+00 -2.0760e+00 +1.3125e+00 -2.3040e+00 +8.3573e-01
4808 0 +1.014485597e+02 +5.322855972e+01 +5.322855972e+01 -6.5526e-01 -7.9775e-01 -4.1604e+00 +2.6286e+00 -1.7946e+00 +2.9096e+00 -2.3140e+00 +1.6540e+00 -2.7135e+00 +9.5846e-01
7206 0 +9.506445051e+01 +4.684445051e+01 +4.684445051e+01 -6.8941e-01 -5.9975e-01 -3.3429e+00 +1.9469e+00 -1.6335e+00 +2.9814e+00 -2.0687e+00 +1.2153e+00 -2.3471e+00 +1.4098e+00
7403 0 +9.206342093e+01 +4.384342093e+01 +4.384342093e+01 -6.6828e-01 -5.6908e-01 -2.9610e+00 +1.7938e+00 -1.3842e+00 +2.6830e+00 -1.6256e+00 +1.1342e+00 -1.9763e+00 +1.3025e+00
7608 0 +8.978171067e+01 +4.156171067e+01 +4.156171067e+01 -7.0291e-01 -5.7631e-01 -3.0416e+00 +1.7382e+00 -1.4155e+00 +2.7770e+00 -1.6700e+00 +1.0460e+00 -1.9576e+00 +1.3285e+00
9007 0 +7.713732525e+01 +2.891732525e+01 +2.891732525e+01 -6.7618e-01 -2.4389e-01 -2.7042e+00 +1.6214e+00 -1.5984e+00 +1.9904e+00 -1.5125e+00 +1.2599e+00 -2.1835e+00 +1.4683e+00
% f evaluations | g evaluations | best noise-free fitness - Fopt (2.547000000000e+01) + sum g_i+ | measured fitness | best measured fitness or single-digit g-values | x1 | x2...
1 0 +7.477074473e+02 +7.731774473e+02 +7.731774473e+02 +2.6139e+00 +4.2745e+00 -1.6353e+00 -4.8563e+00 -4.6953e+00 +4.5170e+00 -3.5687e+00 +2.1281e+00 +9.9238e-01 -2.7602e+00
3 0 +5.175240621e+02 +5.429940621e+02 +5.429940621e+02 -2.5332e+00 -1.0542e+00 +4.3491e-01 +1.0647e+00 -2.8179e+00 +1.3821e+00 +3.9572e+00 +4.1006e+00 -2.0364e+00 +2.9089e+00
8 0 +4.803018353e+02 +5.057718353e+02 +5.057718353e+02 -3.1803e+00 -2.3945e+00 -1.2770e+00 -4.8946e+00 -3.1655e+00 +1.1365e+00 +1.6730e+00 +3.9552e+00 -1.2839e+00 -3.8775e+00
9 0 +2.492961653e+02 +2.747661653e+02 +2.747661653e+02 -3.6184e+00 -3.7747e+00 +1.2752e-01 -2.5807e-01 -3.9438e+00 -2.6778e+00 -3.8197e+00 -4.0201e-01 +1.7013e+00 +5.6253e-01
49 0 +1.850897859e+02 +2.105597859e+02 +2.105597859e+02 -4.6661e+00 -3.8097e+00 -3.2405e+00 -3.3499e-01 -2.3510e+00 -6.2701e-01 +1.8846e+00 -2.4388e+00 +2.0547e+00 -1.0569e+00
133 0 +1.652512372e+02 +1.907212372e+02 +1.907212372e+02 -3.3624e+00 -5.5381e-01 +8.6285e-02 -7.8355e-01 -1.9277e+00 -1.9966e-01 +1.1851e+00 +3.2295e-01 -7.5608e-02 +8.1127e-01
140 0 +1.588780156e+02 +1.843480156e+02 +1.843480156e+02 -3.2535e+00 -5.0602e-01 +1.5408e-01 -1.0187e+00 -1.8653e+00 -2.7884e-01 +1.2128e+00 +4.0732e-01 -2.4843e-01 +6.7893e-01
164 0 +1.576161343e+02 +1.830861343e+02 +1.830861343e+02 -3.4362e+00 -5.2137e-01 +1.4991e-01 -9.8090e-01 -1.7489e+00 -2.7130e-01 +1.1800e+00 +2.1401e-01 -1.3272e-01 +8.8068e-01
207 0 +1.509814001e+02 +1.764514001e+02 +1.764514001e+02 -3.9573e+00 -3.7227e-01 +6.8482e-01 -1.0436e+00 -1.7464e+00 -2.1430e-01 +1.0858e+00 +3.5108e-01 -1.8699e-01 +8.3601e-01
210 0 +1.445255768e+02 +1.699955768e+02 +1.699955768e+02 -4.0424e+00 -6.3531e-01 +7.3065e-02 -1.1039e+00 -2.3054e+00 -1.9051e-01 +1.4990e+00 +3.1181e-01 -1.0710e-01 +9.9112e-01
504 0 +1.362271836e+02 +1.616971836e+02 +1.616971836e+02 -4.3208e+00 -6.8019e-01 +2.8468e-01 -1.8185e+00 -2.2642e+00 -5.8163e-01 +1.3197e+00 +2.3071e-01 +2.9390e-02 +1.2445e+00
1010 0 +1.154094417e+02 +1.408794417e+02 +1.408794417e+02 -3.7343e+00 -4.3171e-01 +3.5740e-01 -7.7132e-01 -1.4877e+00 -2.2358e-01 +9.1299e-02 +9.1582e-02 +4.1933e-01 +3.5896e-01
1403 0 +1.004415213e+02 +1.259115213e+02 +1.259115213e+02 -3.8211e+00 -3.2608e-01 +4.4312e-01 -1.0324e+00 -1.2097e+00 +1.8927e-01 +2.4101e-01 +1.6921e-02 +1.5913e+00 -1.5812e-02
1889 0 +9.557844827e+01 +1.210484483e+02 +1.210484483e+02 -3.2404e+00 -3.9401e-01 +3.3244e-01 -9.3602e-01 -1.2539e+00 +4.0574e-02 +3.1980e-01 +1.3721e-01 +1.1483e+00 +4.8404e-02
2195 0 +8.921921963e+01 +1.146892196e+02 +1.146892196e+02 -3.1511e+00 -5.3688e-01 +1.5773e-01 -9.9622e-01 -1.3840e+00 -5.2883e-02 +3.3032e-01 +1.3149e-01 +1.0696e+00 +7.9787e-02
2264 0 +8.863238061e+01 +1.141023806e+02 +1.141023806e+02 -3.1903e+00 -6.3454e-01 +2.4199e-01 -9.5728e-01 -1.5697e+00 -5.9163e-02 +4.9100e-01 +2.9622e-02 +1.0373e+00 +1.6501e-01
2902 0 +7.426634567e+01 +9.973634567e+01 +9.973634567e+01 -4.2357e+00 -1.0226e+00 +5.8255e-01 -1.3127e+00 -1.4503e+00 +1.0611e-01 +5.1452e-01 -1.5460e-01 +1.6693e+00 -1.0816e-01
3401 0 +6.994199109e+01 +9.541199109e+01 +9.541199109e+01 -3.4767e+00 -5.8832e-01 +5.8656e-01 -1.1105e+00 -1.1372e+00 -2.1429e-02 +3.0523e-01 -8.1263e-02 +1.4314e+00 -1.9905e-01
5151 0 +6.340268057e+01 +8.887268057e+01 +8.887268057e+01 -3.5659e+00 -5.4365e-01 +4.6514e-01 -1.3161e+00 -1.2967e+00 -2.6210e-01 +6.9549e-01 -2.1422e-02 +1.9918e+00 +5.7069e-02
5169 0 +6.163141070e+01 +8.710141070e+01 +8.710141070e+01 -3.4832e+00 -5.6048e-01 +4.8360e-01 -1.2793e+00 -1.3134e+00 -3.4240e-01 +6.5694e-01 -1.0463e-01 +2.0175e+00 +1.1425e-01
9139 0 +5.976363296e+01 +8.523363296e+01 +8.523363296e+01 -3.6301e+00 -9.6628e-01 -2.8988e-01 -1.1083e+00 -1.2180e+00 -6.0776e-01 +4.2621e-01 -1.2888e-01 +2.5295e+00 +1.8092e-01
9414 0 +5.133861507e+01 +7.680861507e+01 +7.680861507e+01 -3.4862e+00 -9.6848e-01 -1.8570e-01 -1.1322e+00 -1.1987e+00 -6.5379e-01 +5.0235e-01 -1.6225e-01 +2.4646e+00 +1.6572e-01
% f evaluations | g evaluations | best noise-free fitness - Fopt (-1.008100000000e+02) + sum g_i+ | measured fitness | best measured fitness or single-digit g-values | x1 | x2...
1 0 +7.056560000e+02 +6.048460000e+02 +6.048460000e+02 -3.3681e+00 -3.8905e-01 -1.9056e+00 -4.2046e+00 +1.7551e+00 +4.9843e+00 -8.6376e-01 -4.8721e+00 -3.3039e+00 +2.2354e+00
2 0 +5.203870031e+02 +4.195770031e+02 +4.195770031e+02 +2.2189e+00 -1.7729e+00 -4.6687e+00 -2.3945e+00 -3.7267e+00 +1.3265e+00 +4.8277e+00 -8.0485e-01 -2.9385e+00 +1.1269e+00
3 0 +4.892634218e+02 +3.884534218e+02 +3.884534218e+02 +2.1905e+00 -4.5926e-01 -1.9483e+00 -3.1090e+00 +4.3427e+00 -1.1763e+00 +2.6819e+00 -2.0308e+00 +4.6947e+00 +2.6840e+00
16 0 +4.480173997e+02 +3.472073997e+02 +3.472073997e+02 +3.0956e+00 -4.3846e+00 -2.4129e+00 +2.7564e+00 -2.2633e+00 +2.7468e+00 +4.4734e+00 -1.5383e-01 -1.0227e+00 -1.7297e+00
22 0 +4.326298600e+02 +3.318198600e+02 +3.318198600e+02 +3.3542e+00 -1.7580e+00 +2.7507e+00 +6.0771e-01 -5.1548e-01 -2.4471e+00 -3.8292e+00 +4.2620e+00 -4.9648e+00 +4.4360e+00
26 0 +4.132407438e+02 +3.124307438e+02 +3.124307438e+02 +3.2759e+00 +1.0176e+00 +2.9254e+00 +3.7930e+00 +2.5299e+00 -1.8278e+00 -4.2361e+00 +4.7078e+00 -4.2356e+00 +2.9069e+00
36 0 +2.047316112e+02 +1.039216112e+02 +1.039216112e+02 +1.3814e+00 +1.1640e+00 +1.9280e+00 -4.0974e+00 +4.9300e+00 +6.4868e-01 +1.3927e+00 +3.0449e+00 -4.5036e+00 +2.2861e+00
126 0 +1.650111851e+02 +6.420118513e+01 +6.420118513e+01 +5.3557e-03 +2.0222e-01 +2.0678e-02 -1.9464e-01 +2.6550e-01 +1.4468e-01 +1.8317e-01 +2.7719e-01 -8.1066e-02 +4.4481e-02
127 0 +1.176492650e+02 +1.683926500e+01 +1.683926500e+01 +9.8215e-02 +1.3926e+00 +6.3101e-01 -2.1086e+00 +2.8258e+00 +6.3729e-01 +2.0262e+00 +2.7618e+00 -8.8034e-01 +4.8188e-01
135 0 +9.216064992e+01 -8.649350081e+00 -8.649350081e+00 +3.3275e-02 +8.0702e-01 +3.4612e-01 -1.1339e+00 +1.6724e+00 +5.6456e-01 +1.1381e+00 +1.4445e+00 -5.2158e-01 +3.2220e-01
153 0 +8.980712632e+01 -1.100287368e+01 -1.100287368e+01 +2.4576e-01 +5.0083e-01 +1.6631e-01 -9.2862e-01 +1.3460e+00 +2.7329e-01 +8.5096e-01 +1.1843e+00 -3.7661e-01 +2.2715e-01
187 0 +8.244099594e+01 -1.836900406e+01 -1.836900406e+01 +2.6919e-02 +6.4885e-01 +2.4345e-01 -1.0522e+00 +1.3570e+00 +3.2144e-01 +9.2068e-01 +1.0894e+00 -3.6439e-01 +2.5666e-01
283 0 +8.104476754e+01 -1.976523246e+01 -1.976523246e+01 +2.9923e-02 +6.5645e-01 +2.8416e-01 -9.7698e-01 +1.4224e+00 +3.2305e-01 +8.0865e-01 +1.2001e+00 -3.8594e-01 +2.2183e-01
289 0 +7.114279140e+01 -2.966720860e+01 -2.966720860e+01 +1.4033e-01 +5.3925e-01 +3.0204e-01 -1.0149e+00 +1.1840e+00 +3.0448e-01 +8.9202e-01 +1.1311e+00 -3.6375e-01 +2.0262e-01
611 0 +6.294854969e+01 -3.786145031e+01 -3.786145031e+01 +9.3697e-02 +6.3954e-01 +2.2318e-01 -9.7848e-01 +1.3909e+00 +2.8402e-01 +9.3315e-01 +1.2041e+00 -3.2784e-01 +1.2615e-01
% f evaluations | g evaluations | best noise-free fitness - Fopt (7.739000000000e+01) + sum g_i+ | measured fitness | best measured fitness or single-digit g-values | x1 | x2...
1 0 +6.168994376e+02 +6.942894376e+02 +6.942894376e+02 +4.2279e-01 +2.3136e+00 +4.2605e+00 -3.5440e+00 +1.2203e-01 -1.7090e+00 +3.2659e-01 +5.1875e-01 -2.9747e+00 +4.0047e+00
13 0 +5.846416825e+02 +6.620316825e+02 +6.620316825e+02 +3.3564e+00 -3.4847e+00 +4.7855e+00 -3.4184e+00 -1.3220e+00 +8.8638e-01 -4.6832e+00 +4.2138e-01 -5.9003e-01 -9.7008e-01
22 0 +5.180235548e+02 +5.954135548e+02 +5.954135548e+02 +4.8883e+00 +4.6998e+00 +4.8669e+00 -1.0335e+00 +2.0040e+00 +4.1096e+00 -2.2351e-01 +2.9617e+00 +8.2858e-01 +6.4504e-01
44 0 +4.485430760e+02 +5.259330760e+02 +5.259330760e+02 +1.8609e+00 +4.1378e+00 +3.0945e+00 -2.2422e+00 +7.7966e-02 -2.8028e-01 +1.4609e-01 +1.4209e+00 +4.1617e+00 -8.3097e-01
51 0 +3.134502876e+02 +3.908402876e+02 +3.908402876e+02 +2.9889e+00 +4.9173e+00 -9.7291e-01 -2.0404e+00 -2.4944e+00 +3.9577e+00 +2.0956e+00 +2.5015e+00 -3.4718e+00 -9.6483e-01
54 0 +2.364024941e+02 +3.137924941e+02 +3.137924941e+02 +4.4938e+00 +1.2875e+00 +1.7724e+00 -1.3963e+00 -2.8838e-01 -6.9001e-01 +8.2849e-01 -6.5250e-01 -1.1531e+00 -1.6526e+00
101 0 +2.294656708e+02 +3.068556708e+02 +3.068556708e+02 +5.0000e+00 +1.3446e+00 +1.9988e+00 -1.9170e+00 +1.3058e-01 -5.6990e-01 +1.3596e+00 -5.3954e-01 -1.8999e+00 -2.0780e+00
201 0 +2.109953467e+02 +2.883853467e+02 +2.883853467e+02 +5.0000e+00 +1.4173e+00 +2.0803e+00 -1.9891e+00 +1.4451e-01 -7.5987e-01 +1.4337e+00 -6.1448e-01 -2.0595e+00 -2.2434e+00
234 0 +2.079317905e+02 +2.853217905e+02 +2.853217905e+02 +2.6498e+00 +7.5381e-01 +1.5970e+00 -6.8622e-01 -7.6168e-01 -2.8383e-01 +7.3849e-01 +7.3375e-01 -2.3101e-01 -2.2246e-01
314 0 +1.835087485e+02 +2.608987485e+02 +2.608987485e+02 +2.6335e+00 +8.8793e-01 +1.3838e+00 -6.7703e-01 -4.6389e-01 -4.8293e-01 +7.3644e-01 +4.4928e-01 -5.7281e-01 -4.7515e-01
2106 0 +1.706570583e+02 +2.480470583e+02 +2.480470583e+02 +2.5780e+00 +7.3921e-01 +1.9044e+00 -4.9717e-01 -1.1349e+00 +1.5059e-01 +2.4163e-01 +7.7559e-01 -3.6028e-02 -4.5363e-01
2402 0 +1.426636537e+02 +2.200536537e+02 +2.200536537e+02 +3.8102e+00 +1.2296e+00 +2.7715e+00 -1.1796e+00 -1.9411e+00 +9.7561e-01 +9.1697e-01 +1.4608e+00 -2.9786e-01 -1.5581e+00
2604 0 +1.243720084e+02 +2.017620084e+02 +2.017620084e+02 +3.8498e+00 +1.2305e+00 +2.9270e+00 -1.1805e+00 -1.9428e+00 +9.8491e-01 +1.2072e+00 +1.3407e+00 -2.9828e-01 -1.5600e+00
3500 0 +1.229415475e+02 +2.003315475e+02 +2.003315475e+02 +2.2437e+00 +7.7873e-01 +1.7407e+00 -7.1868e-01 -1.1143e+00 +5.7154e-01 +5.7129e-01 +7.6540e-01 -5.1506e-02 -7.7652e-01
3601 0 +1.189499269e+02 +1.963399269e+02 +1.963399269e+02 +4.7029e+00 +1.7793e+00 +2.0404e+00 -1.2641e+00 -1.3334e+00 +2.1028e+00 +6.7453e-01 +1.1023e+00 -1.1535e+00 -2.4545e+00
4207 0 +1.159795974e+02 +1.933695974e+02 +1.933695974e+02 +3.6135e+00 +1.3511e+00 +2.0962e+00 -5.2455e-01 -1.3109e+00 +1.5535e+00 +1.3562e+00 +1.8816e+00 -3.4574e-01 -1.8978e+00
4311 0 +1.127799767e+02 +1.901699767e+02 +1.901699767e+02 +3.8111e+00 +1.6993e+00 +2.2435e+00 -1.7412e-01 -1.1114e+00 +2.7849e+00 +6.7407e-01 +5.3807e-01 -2.0683e-01 -1.1182e+00
4502 0 +8.027607476e+01 +1.576660748e+02 +1.576660748e+02 +4.0869e+00 +1.8697e+00 +2.4260e+00 -5.2298e-02 -1.2422e+00 +3.2015e+00 +7.2004e-01 +4.5760e-01 -1.2559e-01 -1.0975e+00
5413 0 +7.921076943e+01 +1.566007694e+02 +1.566007694e+02 +3.0165e+00 +1.2519e+00 +1.5502e+00 -1.9431e-01 -1.0360e+00 +2.1626e+00 +5.0662e-01 +4.2823e-01 +9.1117e-02 -1.1461e+00
7111 0 +7.291129946e+01 +1.503012995e+02 +1.503012995e+02 +4.3521e+00 +3.2878e+00 +2.3012e+00 -1.3812e+00 -2.2423e+00 +3.1867e+00 +1.2932e+00 +4.6134e-01 +3.7089e-01 -3.5479e+00
7271 0 +7.203726190e+01 +1.494272619e+02 +1.494272619e+02 +3.0897e+00 +2.2456e+00 +1.5291e+00 -9.1469e-01 -1.6035e+00 +2.2261e+00 +9.1098e-01 +2.5946e-01 +2.6326e-01 -2.3723e+00
8083 0 +6.116397136e+01 +1.385539714e+02 +1.385539714e+02 +2.8813e+00 +2.3383e+00 +1.3900e+00 -8.0714e-01 -1.5071e+00 +2.2825e+00 +1.0373e+00 +5.0782e-01 +5.8675e-01 -2.4132e+00
% f evaluations | g evaluations | best noise-free fitness - Fopt (-7.828000000000e+01) + sum g_i+ | measured fitness | best measured fitness or single-digit g-values | x1 | x2...
1 0 +9.559643030e+02 +8.776843030e+02 +8.776843030e+02 -3.5159e+00 -1.3615e-01 +3.9666e+00 +4.3007e+00 +3.9155e+00 +3.2764e-01 +2.7371e+00 +2.7867e+00 +3.8625e+00 +4.2291e+00
2 0 +7.110762638e+02 +6.327962638e+02 +6.327962638e+02 +3.9170e+00 -4.1885e+00 +4.2064e+00 +2.8169e+00 -2.6996e+00 +2.4972e+00 +4.5796e+00 -2.8613e+00 -9.4860e-01 -1.6819e+00
4 0 +4.815170296e+02 +4.032370296e+02 +4.032370296e+02 +1.9394e+00 -1.1140e+00 -1.1183e-01 -4.9065e+00 -1.2476e+00 -2.8331e+00 -2.9116e+00 +1.2376e+00 +4.2993e+00 +3.3558e+00
5 0 +2.751639089e+02 +1.968839089e+02 +1.968839089e+02 -2.4819e+00 +3.1044e+00 +4.1544e+00 +3.6992e+00 -1.3742e+00 -1.8456e+00 +7.6889e-02 +1.2187e+00 +3.1806e+00 +1.8723e+00
43 0 +2.682695779e+02 +1.899895779e+02 +1.899895779e+02 -1.4837e+00 -2.5615e+00 +1.2655e+00 -2.2920e+00 +7.2856e-01 -4.0369e+00 +3.6496e+00 +2.3267e+00 +4.7874e+00 +1.0208e+00
126 0 +2.163977700e+02 +1.381177700e+02 +1.381177700e+02 -3.7322e-01 -2.3934e-01 +3.2195e-01 +1.7790e-01 +2.3465e-01 -3.2232e-01 +3.7298e-01 +2.6346e-01 +3.8846e-01 +4.6076e-01
127 0 +1.759934571e+02 +9.771345705e+01 +9.771345705e+01 -9.8401e-01 -6.8316e-01 +9.5494e-01 +6.4315e-01 +6.9599e-01 -1.3006e+00 +7.7685e-01 +7.8144e-01 +1.1364e+00 +1.3666e+00
134 0 +1.437325197e+02 +6.545251968e+01 +6.545251968e+01 -7.5714e-01 -6.8744e-01 +7.9327e-01 +5.0180e-01 +5.7815e-01 -9.7175e-01 +8.0186e-01 +5.4021e-01 +9.5714e-01 +1.3216e+00
150 0 +1.365874631e+02 +5.830746309e+01 +5.830746309e+01 -9.0719e-01 -7.2069e-01 +8.9725e-01 +4.5695e-01 +6.5394e-01 -1.2220e+00 +1.0394e+00 +7.3423e-01 +1.0826e+00 +1.2841e+00
218 0 +1.246071589e+02 +4.632715887e+01 +4.632715887e+01 -8.1384e-01 -5.7064e-01 +9.0196e-01 +4.7681e-01 +5.5945e-01 -1.1045e+00 +9.1365e-01 +7.2442e-01 +9.2069e-01 +1.0985e+00
310 0 +1.225677717e+02 +4.428777166e+01 +4.428777166e+01 -6.8597e-01 -5.8554e-01 +8.1696e-01 +5.0887e-01 +4.3412e-01 -9.8956e-01 +8.2188e-01 +5.8018e-01 +1.0036e+00 +1.1035e+00
751 0 +1.172469735e+02 +3.896697353e+01 +3.896697353e+01 -9.6865e-01 -5.8238e-01 +1.0058e+00 +4.5895e-01 +3.3376e-01 -9.5607e-01 +9.7274e-01 +7.5203e-01 +9.6457e-01 +1.0825e+00
817 0 +1.114861210e+02 +3.320612096e+01 +3.320612096e+01 -1.0089e+00 -5.3757e-01 +9.4630e-01 +4.3936e-01 +3.6443e-01 -1.1307e+00 +1.0201e+00 +7.2205e-01 +9.8542e-01 +1.1481e+00
5117 0 +1.070744855e+02 +2.879448549e+01 +2.879448549e+01 -2.1626e+00 -9.9620e-02 +7.6740e-01 -2.7403e-01 -2.2483e-01 -3.8033e-01 +1.7712e+00 +8.4668e-01 +2.3047e+00 +1.3905e+00
5602 0 +1.031479991e+02 +2.486799905e+01 +2.486799905e+01 -8.0195e-01 -1.7491e-01 +4.6622e-01 -6.9801e-03 +2.2409e-01 -1.0464e+00 +1.2120e+00 +6.6577e-01 +1.2115e+00 +1.0040e+00
6024 0 +9.664316958e+01 +1.836316958e+01 +1.836316958e+01 -2.0235e+00 -1.8426e-01 +1.5467e+00 -5.9162e-03 -1.2890e-01 -1.7456e+00 +1.8253e+00 +2.0567e+00 +1.6506e+00 +1.9855e+00
6101 0 +8.931988952e+01 +1.103988952e+01 +1.103988952e+01 -2.1034e+00 -1.8442e-01 +1.5223e+00 -6.6034e-03 -1.2938e-01 -1.7793e+00 +1.8268e+00 +2.0605e+00 +1.7007e+00 +1.8338e+00
7811 0 +8.374341565e+01 +5.463415653e+00 +5.463415653e+00 -1.4428e+00 +1.8230e-01 +1.8127e+00 +4.4033e-01 -5.7521e-01 -2.5638e+00 +2.4401e+00 +2.1917e+00 +1.7264e+00 +1.9628e+00
7901 0 +7.925935000e+01 +9.793500029e-01 +9.793500029e-01 -1.8245e+00 +4.4423e-01 +2.3831e+00 +4.4082e-01 -6.7872e-01 -3.0497e+00 +3.0252e+00 +2.8632e+00 +2.1828e+00 +2.5081e+00
8807 0 +7.132552018e+01 -6.954479822e+00 -6.954479822e+00 -1.0280e+00 -3.0185e-01 +1.7123e+00 +5.8973e-02 -7.8783e-01 -2.4446e+00 +2.1338e+00 +1.7655e+00 +1.7378e+00 +1.7264e+00
9708 0 +6.896536471e+01 -9.314635289e+00 -9.314635289e+00 -1.1763e+00 -1.0907e+00 +1.7591e+00 +1.4839e-01 -4.5455e-01 -2.4213e+00 +2.7058e+00 +1.8269e+00 +1.6222e+00 +1.4456e+00
% f evaluations | g evaluations | best noise-free fitness - Fopt (-1.853000000000e+01) + sum g_i+ | measured fitness | best measured fitness or single-digit g-values | x1 | x2...
1 0 +4.958614335e+02 +4.773314335e+02 +4.773314335e+02 -3.1594e+00 +9.2848e-01 -2.5777e+00 -9.0089e-01 +2.3480e+00 -3.9600e+00 +4.0169e+00 -1.3813e+00 +5.1275e-01 +1.0213e+00
14 0 +3.893962487e+02 +3.708662487e+02 +3.708662487e+02 +6.3021e-01 +2.2966e+00 -3.0733e+00 +4.5232e+00 +3.1450e+00 +2.5921e+00 -3.3781e+00 -5.6608e-01 -2.6674e+00 +3.7015e+00
30 0 +3.556147115e+02 +3.370847115e+02 +3.370847115e+02 +2.2048e+00 +1.0270e+00 -2.8888e+00 +3.7060e+00 -1.3113e+00 -3.4246e+00 -4.5399e+00 +8.5519e-01 -1.7185e+00 +4.2888e+00
50 0 +3.430728595e+02 +3.245428595e+02 +3.245428595e+02 +1.5071e+00 +1.2415e+00 -1.2723e+00 +4.4011e+00 -1.0667e+00 -4.1321e-01 -3.3713e+00 +1.5480e+00 -7.0174e-01 -3.8267e-01
63 0 +2.747116555e+02 +2.561816555e+02 +2.561816555e+02 +3.7035e+00 -3.9154e+00 -2.8640e+00 +4.5300e+00 +4.2839e+00 -1.3375e-01 -1.0948e-01 +1.2340e+00 -4.9097e-01 +9.4394e-01
71 0 +1.685442220e+02 +1.500142220e+02 +1.500142220e+02 +3.1360e+00 -4.4606e+00 -2.2628e+00 +2.2244e+00 +1.7518e+00 -4.7346e-01 -3.9065e+00 +1.0808e+00 -3.0426e+00 +2.8769e+00
101 0 +1.228770702e+02 +1.043470702e+02 +1.043470702e+02 +3.1803e+00 -4.4897e+00 -2.1539e+00 +1.9525e+00 +1.6559e+00 -5.1310e-01 -4.0772e+00 +1.0420e+00 -3.0880e+00 +2.9133e+00
332 0 +1.121501687e+02 +9.362016868e+01 +9.362016868e+01 +7.6605e-01 -1.4466e+00 -1.0101e+00 +4.8882e-01 +8.3191e-01 -4.3413e-01 -2.1137e+00 +5.6803e-01 -1.9319e+00 +6.7460e-01
1003 0 +1.082077300e+02 +8.967773001e+01 +8.967773001e+01 +8.5674e-01 -1.9183e+00 -1.2331e+00 +7.9630e-01 +1.1549e+00 -4.8956e-01 -2.6637e+00 +7.3238e-01 -2.3719e+00 +1.1517e+00
1354 0 +1.054850661e+02 +8.695506610e+01 +8.695506610e+01 +9.0083e-01 -1.9027e+00 -1.2008e+00 +7.9889e-01 +1.0843e+00 -3.7622e-01 -2.2973e+00 +7.5752e-01 -2.0352e+00 +1.0924e+00
1729 0 +8.741428659e+01 +6.888428659e+01 +6.888428659e+01 +1.4353e+00 -2.5266e+00 -1.7886e+00 +1.1213e+00 +1.4274e+00 -6.3888e-01 -2.8023e+00 +9.0615e-01 -2.4378e+00 +8.8549e-01
2123 0 +8.607633597e+01 +6.754633597e+01 +6.754633597e+01 +1.2389e+00 -3.4205e+00 -3.2210e+00 +1.1094e+00 +3.4240e+00 -1.4241e+00 -4.8482e+00 +1.5527e+00 -4.4886e+00 +2.0325e+00
2205 0 +7.956965942e+01 +6.103965942e+01 +6.103965942e+01 +1.3596e+00 -2.3797e+00 -1.8985e+00 +1.0029e+00 +1.4890e+00 -7.9931e-01 -2.5503e+00 +5.8586e-01 -2.8507e+00 +1.2001e+00
3301 0 +7.186177047e+01 +5.333177047e+01 +5.333177047e+01 +1.0332e+00 -2.5507e+00 -2.1325e+00 +1.0583e+00 +1.9910e+00 -9.3998e-01 -3.5584e+00 +1.0586e+00 -3.3072e+00 +1.3617e+00
5714 0 +6.998698752e+01 +5.145698752e+01 +5.145698752e+01 +1.7146e+00 -2.6005e+00 -2.5293e+00 +3.2350e-01 +2.4896e+00 -1.3849e+00 -3.2946e+00 +1.1791e+00 -3.3162e+00 +1.2289e+00
6417 0 +5.771707603e+01 +3.918707603e+01 +3.918707603e+01 +1.4281e+00 -2.1890e+00 -2.7061e+00 +7.1654e-01 +2.1660e+00 -1.5594e+00 -2.4508e+00 +8.5337e-01 -3.0714e+00 +1.3737e+00
7106 0 +4.941424749e+01 +3.088424749e+01 +3.088424749e+01 +1.4823e+00 -2.0056e+00 -3.3730e+00 +6.7183e-01 +2.3947e+00 -1.6012e+00 -2.5032e+00 +9.0648e-01 -3.2898e+00 +1.1968e+00
% f evaluations | g evaluations | best noise-free fitness - Fopt (-4.502000000000e+01) + sum g_i+ | measured fitness | best measured fitness or single-digit g-values | x1 | x2...
1 0 +1.105705096e+03 +1.060685096e+03 +1.060685096e+03 +1.2522e+00 +1.9093e+00 +1.3993e+00 +1.4465e+00 -3.9632e+00 +2.2303e+00 +4.2752e+00 +4.9592e+00 -4.6839e+00 +1.7496e-01
2 0 +5.080848524e+02 +4.630648524e+02 +4.630648524e+02 -2.2481e+00 +4.2847e-01 -2.4785e+00 +1.3857e+00 -1.0233e+00 -5.7345e-01 +3.9314e+00 +2.0672e+00 +2.9740e+00 -1.0036e+00
5 0 +4.701971675e+02 +4.251771675e+02 +4.251771675e+02 +2.4123e-01 -1.2096e+00 -5.9713e-01 -2.6989e+00 -2.9857e+00 -3.3681e+00 -1.2535e+00 +8.3329e-01 -8.9950e-01 +4.5782e+00
34 0 +3.286479552e+02 +2.836279552e+02 +2.836279552e+02 -4.8111e+00 -3.6644e+00 -1.8563e+00 -1.9508e+00 -3.0702e+00 +3.3924e+00 -4.6154e+00 -6.3591e-01 +4.1003e+00 +3.8852e+00
38 0 +2.590087262e+02 +2.139887262e+02 +2.139887262e+02 -3.5776e+00 -3.4294e+00 -2.5158e+00 -3.9053e+00 -1.4803e+00 -2.1337e+00 +2.2952e+00 +1.1399e+00 +1.0955e+00 +5.5657e-01
127 0 +2.462167892e+02 +2.011967892e+02 +2.011967892e+02 -2.6336e+00 -1.0281e+00 -1.3968e+00 -1.2372e+00 -1.3893e+00 -9.9641e-01 +2.1771e+00 +1.3585e+00 +1.4851e+00 +1.8826e-01
128 0 +2.216859468e+02 +1.766659468e+02 +1.766659468e+02 -1.8926e+00 -7.8926e-01 -1.0038e+00 -8.8906e-01 -8.2657e-01 -7.1604e-01 +1.5604e+00 +9.7624e-01 +1.0511e+00 +1.3529e-01
129 0 +2.026582294e+02 +1.576382294e+02 +1.576382294e+02 -2.1840e+00 -9.8896e-01 -9.2070e-01 -1.0260e+00 -1.1337e+00 -8.7237e-01 +1.8007e+00 +1.1266e+00 +1.1862e+00 +8.6605e-02
212 0 +1.892686567e+02 +1.442486567e+02 +1.442486567e+02 -2.5132e+00 -1.0895e+00 -1.2132e+00 -1.1303e+00 -1.1082e+00 -7.9251e-01 +2.0582e+00 +1.3866e+00 +1.0299e+00 +1.7199e-01
506 0 +1.806683016e+02 +1.356483016e+02 +1.356483016e+02 -3.0385e+00 -1.1202e+00 -1.2986e+00 -1.2425e+00 -1.8108e+00 -1.1161e+00 +2.2320e+00 +1.1714e+00 +1.5982e+00 +1.8781e-01
1047 0 +1.764760165e+02 +1.314560165e+02 +1.314560165e+02 -2.5046e+00 -1.1026e+00 -7.2814e-01 -7.0602e-01 -8.3440e-01 -4.6546e-01 +1.0173e+00 +6.6490e-01 +9.5433e-01 +5.8444e-01
1203 0 +1.591804026e+02 +1.141604026e+02 +1.141604026e+02 -2.2881e+00 -9.8750e-01 -4.5550e-01 -9.5668e-01 -9.3134e-01 -5.4274e-01 +7.8120e-01 +4.7230e-01 +7.3200e-01 +4.6270e-01
1306 0 +1.559571582e+02 +1.109371582e+02 +1.109371582e+02 -2.5363e+00 -1.1810e+00 +3.5098e-01 -1.0542e+00 +1.9069e-01 -3.3601e-01 +8.1346e-01 -1.9667e-02 +8.0795e-01 +1.0060e+00
1608 0 +1.429144767e+02 +9.789447671e+01 +9.789447671e+01 -2.0889e+00 -9.3141e-01 -1.2456e-01 -1.0210e+00 -9.2887e-01 -4.6953e-01 +6.7063e-01 +3.5864e-01 +2.6655e-01 +4.4589e-01
1706 0 +1.379798545e+02 +9.295985445e+01 +9.295985445e+01 -2.5299e+00 -8.3812e-01 -4.4302e-01 -8.5664e-01 -1.0249e+00 -4.0796e-01 +1.1143e+00 +8.8589e-01 +1.4302e+00 +9.8233e-01
1707 0 +1.254743405e+02 +8.045434053e+01 +8.045434053e+01 -1.8638e+00 -5.7217e-01 +3.9189e-02 -9.9030e-01 -1.9344e+00 +3.2438e-01 +1.4119e+00 +1.6576e+00 +1.5854e+00 +6.8118e-02
2203 0 +1.091465329e+02 +6.412653290e+01 +6.412653290e+01 -2.1207e+00 -8.9957e-01 +2.2593e-01 -1.1037e+00 -1.2981e+00 -3.3225e-02 +7.8039e-01 +8.5893e-01 +1.0096e+00 +3.9909e-01
2405 0 +1.000585849e+02 +5.503858487e+01 +5.503858487e+01 -1.7923e+00 -3.9287e-01 -2.8774e-02 -9.3149e-01 -2.0104e+00 +1.0115e+00 +9.5029e-01 +1.9008e+00 +1.3357e+00 +6.7572e-02
2701 0 +9.984404525e+01 +5.482404525e+01 +5.482404525e+01 -1.6402e+00 -5.5481e-01 +4.3657e-01 -9.2558e-01 -1.5974e+00 +1.2718e-01 +6.1222e-01 +8.6196e-01 +1.3117e+00 +2.5873e-01
2702 0 +9.350486030e+01 +4.848486030e+01 +4.848486030e+01 -3.0469e+00 -1.2489e+00 +1.1719e+00 -1.7732e+00 -1.3817e+00 -7.1069e-02 +1.4506e-02 +1.2247e+00 +1.4939e+00 +4.3081e-01
3016 0 +9.149515157e+01 +4.647515157e+01 +4.647515157e+01 -2.1810e+00 -5.0691e-01 +7.5873e-01 -1.0453e+00 -1.1072e+00 -1.2290e-01 +5.1019e-01 +5.9063e-01 +1.0129e+00 +3.9479e-01
3115 0 +7.848137074e+01 +3.346137074e+01 +3.346137074e+01 -2.4554e+00 -6.0437e-01 +5.1634e-01 -1.2266e+00 -1.5861e+00 +1.0302e-01 +6.9302e-01 +1.3882e+00 +1.1388e+00 +7.4631e-01
3403 0 +7.534546017e+01 +3.032546017e+01 +3.032546017e+01 -2.7206e+00 -1.1317e+00 +9.0282e-01 -1.4521e+00 -1.6866e+00 +7.5384e-02 +3.0250e-01 +1.4631e+00 +1.1913e+00 +5.2683e-01
5015 0 +6.234063601e+01 +1.732063601e+01 +1.732063601e+01 -1.8596e+00 -1.1754e+00 +1.3006e+00 -2.4957e+00 -1.8961e+00 +9.8698e-01 +1.1037e+00 +1.7573e+00 +1.3108e+00 +1.6586e+00
7690 0 +6.107483720e+01 +1.605483720e+01 +1.605483720e+01 -2.1582e+00 -1.2446e+00 +1.6944e+00 -1.3485e+00 -1.4635e+00 +1.6976e+00 +1.1112e-01 +5.9205e-01 +7.9044e-01 +1.1420e+00
9701 0 +5.313997016e+01 +8.119970159e+00 +8.119970159e+00 -1.7534e+00 -7.9684e-01 +1.3132e+00 -1.0091e+00 -1.3620e+00 +1.8730e+00 +1.1638e-01 +7.6519e-01 +8.4956e-01 +6.4222e-01
10042 0 +4.770550731e+01 +2.685507310e+00 +2.685507310e+00 -1.7814e+00 -1.1093e+00 +1.5104e+00 -1.3266e+00 -1.3165e+00 +1.5259e+00 -3.6072e-02 +3.8659e-01 +8.0747e-01 +8.5618e-01
% f evaluations | g evaluations | best noise-free fitness - Fopt (3.000000000000e-02) + sum g_i+ | measured fitness | best measured fitness or single-digit g-values | x1 | x2...
1 0 +8.496103769e+02 +8.496403769e+02 +8.496403769e+02 +6.6443e-01 +4.4828e+00 +3.9137e+00 -3.3969e+00 +4.7412e+00 -1.9468e-02 -4.4388e+00 -1.2819e+00 -1.3765e+00 +2.6153e-01
3 0 +7.079889779e+02 +7.080189779e+02 +7.080189779e+02 +2.4360e+00 +3.0899e+00 +4.0637e+00 +1.0478e+00 +1.1521e+00 +4.1145e+00 -1.3317e+00 -7.6827e-01 +4.1415e-01 +3.4565e+00
4 0 +5.777207819e+02 +5.777507819e+02 +5.777507819e+02 +7.0800e-01 -2.4678e+00 -2.2600e+00 -2.7597e+00 -4.0782e+00 +1.4455e+00 -2.0026e+00 -3.9263e-01 -1.7656e+00 +1.9017e+00
6 0 +5.007361698e+02 +5.007661698e+02 +5.007661698e+02 +4.6683e+00 +8.0676e-01 -2.1315e+00 -2.8310e+00 +2.2660e+00 -2.6639e+00 +2.6043e+00 -1.7742e+00 +1.4679e+00 +2.4729e+00
9 0 +2.319818839e+02 +2.320118839e+02 +2.320118839e+02 +3.9439e+00 +2.1005e+00 -8.1419e-01 -1.9798e-01 -2.1126e+00 -3.1187e+00 +3.9260e-01 -1.7444e+00 -1.6597e+00 -3.8978e+00
126 0 +2.088148276e+02 +2.088448276e+02 +2.088448276e+02 +7.7582e-01 +9.0976e-01 +2.0400e-01 +1.7521e-01 -6.1560e-01 -4.1163e-01 +5.2077e-01 +7.5522e-02 -7.2356e-01 -3.9096e-01
142 0 +1.962751249e+02 +1.963051249e+02 +1.963051249e+02 +5.7185e-01 +6.7058e-01 +1.5037e-01 +2.0860e-01 -4.5375e-01 -3.0341e-01 +4.8800e-01 -8.5099e-02 -5.3333e-01 -2.1064e-01
144 0 +1.868866594e+02 +1.869166594e+02 +1.869166594e+02 +1.1668e+00 +1.4519e+00 +3.0680e-01 +3.5345e-01 -9.2583e-01 -6.4724e-01 +5.9723e-01 -1.7363e-01 -1.0290e+00 -4.2978e-01
276 0 +1.843599792e+02 +1.843899792e+02 +1.843899792e+02 +7.4761e-01 +6.9751e-01 +1.2977e-01 +2.6363e-01 -5.1321e-01 -3.1456e-01 +2.4949e-01 -8.3883e-02 -4.1235e-01 -3.4965e-01
291 0 +1.811373226e+02 +1.811673226e+02 +1.811673226e+02 +7.1982e-01 +6.7423e-01 +1.6376e-01 +1.3292e-01 -4.5020e-01 -3.0406e-01 +3.4607e-01 -8.1084e-02 -3.4261e-01 -3.3898e-01
302 0 +1.732349681e+02 +1.732649681e+02 +1.732649681e+02 +7.3074e-01 +6.2049e-01 +1.8832e-01 +3.7044e-01 -5.2928e-01 -3.5137e-01 +1.8504e-01 -8.3554e-02 -2.9670e-01 -3.8721e-01
405 0 +1.565358385e+02 +1.565658385e+02 +1.565658385e+02 +3.4635e+00 +2.2850e+00 +4.7866e-01 +1.5288e-01 -1.6525e+00 -7.7687e-01 +7.4214e-01 +5.1838e-01 -1.6878e+00 -8.2188e-01
685 0 +1.546836167e+02 +1.547136167e+02 +1.547136167e+02 +1.0166e+00 +8.6716e-01 +1.7890e-01 +3.7196e-01 -6.5091e-01 -3.7495e-01 +3.5111e-01 +1.1990e-01 -5.8640e-01 -4.6704e-01
942 0 +1.364635524e+02 +1.364935524e+02 +1.364935524e+02 +1.1023e+00 +9.7431e-01 +4.1641e-02 +4.1731e-01 -7.0068e-01 -3.2657e-01 +2.7126e-01 +2.3987e-01 -6.9711e-01 -4.7601e-01
1221 0 +1.254159629e+02 +1.254459629e+02 +1.254459629e+02 +1.4417e+00 +1.5378e+00 -6.6604e-01 +6.7307e-01 -1.0125e+00 -3.3186e-01 +4.6166e-02 +2.2068e-01 -6.9806e-01 -1.3115e+00
1301 0 +1.190676525e+02 +1.190976525e+02 +1.190976525e+02 +1.7764e+00 +2.2429e+00 -1.2802e+00 +1.0530e+00 -1.4368e+00 -4.7467e-01 -1.0275e-01 +2.4835e-01 -8.4440e-01 -2.0278e+00
1940 0 +1.120594279e+02 +1.120894279e+02 +1.120894279e+02 +1.3893e+00 +1.6378e+00 -7.0202e-01 +9.7464e-01 -1.2136e+00 -2.9230e-01 +8.9940e-02 +2.0256e-01 -6.2446e-01 -1.3568e+00
2112 0 +1.074192656e+02 +1.074492656e+02 +1.074492656e+02 +1.8793e+00 +1.5551e+00 -5.7627e-01 +6.9506e-01 -1.4142e+00 -4.4938e-01 -1.4674e-01 +2.1939e-01 -6.2171e-01 -1.2278e+00
2335 0 +1.041242777e+02 +1.041542777e+02 +1.041542777e+02 +1.5841e+00 +1.3935e+00 -5.9822e-01 +6.2556e-01 -1.1430e+00 -2.9989e-01 -3.6798e-02 +2.2976e-01 -6.1880e-01 -1.0427e+00
3315 0 +9.907364950e+01 +9.910364950e+01 +9.910364950e+01 +1.9541e+00 +1.5757e+00 -6.2386e-01 +6.7410e-01 -1.6017e+00 -3.7399e-01 -2.4591e-01 +2.0340e-01 +1.9932e-02 -1.4961e+00
3402 0 +9.421714479e+01 +9.424714479e+01 +9.424714479e+01 +3.6176e+00 +1.8345e+00 -1.5010e+00 +1.6543e+00 -2.4767e+00 -1.2516e-01 +1.5407e+00 +4.0463e-01 +3.0689e-01 -1.6037e+00
3416 0 +8.647527879e+01 +8.650527879e+01 +8.650527879e+01 +1.9101e+00 +1.5973e+00 -6.6214e-01 +6.5859e-01 -1.5580e+00 -5.3505e-01 -3.2924e-01 +1.5506e-01 -3.4365e-01 -1.3523e+00
3701 0 +8.305100103e+01 +8.308100103e+01 +8.308100103e+01 +2.7215e+00 +1.3762e+00 -2.0741e+00 -2.3674e-01 -1.2465e+00 -1.0338e+00 +8.9162e-01 +8.3990e-01 +2.2539e-01 -3.1479e+00
3919 0 +7.928115430e+01 +7.931115430e+01 +7.931115430e+01 +2.7677e+00 +1.3798e+00 -2.1316e+00 -2.5930e-01 -1.2472e+00 -1.0556e+00 +9.2885e-01 +8.6510e-01 +2.5328e-01 -3.3052e+00
5266 0 +6.991811425e+01 +6.994811425e+01 +6.994811425e+01 +1.7029e+00 +9.3484e-01 -8.6915e-01 +1.9921e-02 -1.0525e+00 -7.8662e-01 -8.3664e-02 +4.1140e-01 +3.3585e-01 -1.4096e+00
6812 0 +5.698774416e+01 +5.701774416e+01 +5.701774416e+01 +3.9790e+00 +2.4583e+00 -1.4920e+00 +7.4082e-01 -2.2287e+00 -1.3317e+00 +1.9315e-01 +1.0211e-01 +1.3434e+00 -3.3901e+00
8421 0 +5.578628440e+01 +5.581628440e+01 +5.581628440e+01 +2.9844e+00 +1.8972e+00 -1.9891e+00 +1.3626e+00 -1.2575e+00 -1.4145e+00 -5.1864e-01 +1.3318e-01 +7.4390e-01 -2.0845e+00
% f evaluations | g evaluations | best noise-free fitness - Fopt (4.822900000000e+02) + sum g_i+ | measured fitness | best measured fitness or single-digit g-values | x1 | x2...
1 0 +3.823959272e+02 +8.646859272e+02 +8.646859272e+02 -4.4444e-01 +5.5438e-01 -2.2725e+00 -1.2698e+00 +2.1282e+00 +3.3568e+00 +4.5247e+00 -3.6972e+00 -8.3347e-01 -4.3703e+00
16 0 +3.501170303e+02 +8.324070303e+02 +8.324070303e+02 +1.4198e+00 +2.0767e+00 +1.9677e-01 -1.1230e+00 +4.0078e+00 +3.1498e+00 +1.7672e+00 +3.0849e+00 -1.0626e-01 -3.2255e+00
37 0 +2.549845761e+02 +7.372745761e+02 +7.372745761e+02 +3.5286e+00 -7.8687e-01 -5.8352e-01 -3.7853e-01 +4.4148e+00 -1.4723e+00 +3.7487e-01 -1.9417e+00 +2.4293e+00 +2.8927e+00
129 0 +2.222319641e+02 +7.045219641e+02 +7.045219641e+02 +2.3591e+00 -5.6758e-01 -1.1783e+00 +8.3211e-02 +1.3696e+00 +6.4769e-01 +1.2728e+00 -9.2552e-01 +2.1599e+00 +8.7006e-01
203 0 +2.009041854e+02 +6.831941854e+02 +6.831941854e+02 +1.5950e+00 -1.0749e-01 -1.0569e+00 -2.3775e-01 +9.9388e-01 +2.6301e-01 +9.2539e-01 -6.4753e-01 +1.6099e+00 +7.4930e-01
809 0 +1.951415469e+02 +6.774315469e+02 +6.774315469e+02 +2.2376e+00 -6.6802e-01 -1.1090e+00 -3.9397e-01 +1.2826e+00 +6.6574e-01 +5.6849e-01 -5.4802e-01 +1.8683e+00 +2.4180e-01
1175 0 +1.885381728e+02 +6.708281728e+02 +6.708281728e+02 +1.9937e+00 -1.0979e-01 -7.3617e-01 -2.0957e-01 +1.3199e+00 +6.9564e-01 +1.1127e+00 -9.2294e-01 +1.6990e+00 +9.5561e-01
1402 0 +1.851063853e+02 +6.673963853e+02 +6.673963853e+02 +2.7279e+00 +6.1476e-01 +1.2933e-01 -1.2245e-01 +1.9742e+00 +7.8927e-01 +2.3467e+00 -2.4626e+00 +1.6771e+00 +1.5698e+00
1501 0 +1.564894170e+02 +6.387794170e+02 +6.387794170e+02 +3.1842e+00 +1.1646e+00 +7.7223e-01 -1.1234e-01 +2.4542e+00 +9.5652e-01 +3.4843e+00 -3.5812e+00 +1.6194e+00 +2.0222e+00
1601 0 +1.507690486e+02 +6.330590486e+02 +6.330590486e+02 +3.5298e+00 +1.4354e+00 +1.0342e+00 -1.7904e-01 +2.6581e+00 +1.0425e+00 +4.0334e+00 -4.2773e+00 +1.5727e+00 +2.3055e+00
1805 0 +1.160623344e+02 +5.983523344e+02 +5.983523344e+02 +2.7050e+00 +9.3353e-01 +4.6867e-01 -4.4973e-01 +1.7176e+00 +6.4669e-01 +2.6776e+00 -2.4104e+00 +1.2935e+00 +1.7733e+00
2201 0 +1.114532959e+02 +5.937432959e+02 +5.937432959e+02 +2.6511e+00 +9.1336e-01 +4.5079e-01 -3.1546e-01 +2.0091e+00 +1.0054e+00 +3.1248e+00 -3.5312e+00 +1.7916e+00 +1.5726e+00
3211 0 +1.049309855e+02 +5.872209855e+02 +5.872209855e+02 +1.3498e+00 +2.7998e+00 +4.6009e-01 +1.0891e+00 +3.1276e+00 +2.3986e-01 +2.8340e+00 -1.0101e+00 +1.6625e+00 +1.8134e+00
3404 0 +9.958241852e+01 +5.818724185e+02 +5.818724185e+02 +2.2262e+00 +2.8676e+00 +2.1137e-01 +6.1744e-01 +2.1892e+00 +1.4850e+00 +3.1794e+00 -2.2257e+00 +2.1938e+00 +2.3318e+00
3413 0 +8.705831806e+01 +5.693483181e+02 +5.693483181e+02 +2.8555e+00 +1.8788e+00 +8.3548e-01 +2.6454e-01 +2.1526e+00 +3.0759e-01 +2.7078e+00 -2.7255e+00 +1.9937e+00 +2.0636e+00
4714 0 +6.435703374e+01 +5.466470337e+02 +5.466470337e+02 +2.3895e+00 +2.3282e+00 +9.3493e-01 -2.8735e-01 +1.6250e+00 +1.0684e+00 +3.2922e+00 -2.7474e+00 +1.7748e+00 +1.9782e+00
9318 0 +6.224311458e+01 +5.445331146e+02 +5.445331146e+02 +1.9834e+00 +2.4763e+00 +7.3471e-01 -6.1252e-01 +1.8096e+00 +1.4572e+00 +2.4505e+00 -1.8076e+00 +1.8106e+00 +1.8201e+00
% f evaluations | g evaluations | best noise-free fitness - Fopt (-2.724000000000e+01) + sum g_i+ | measured fitness | best measured fitness or single-digit g-values | x1 | x2...
1 0 +3.613108879e+03 +3.585868879e+03 +3.585868879e+03 -2.2861e+00 +3.1372e+00 +3.3667e+00 +2.6868e+00 +5.1300e-01 -2.3657e+00 +1.3433e+00 -4.0795e+00 -6.1398e-01 +4.7515e+00
2 0 +2.054315678e+02 +1.781915678e+02 +1.781915678e+02 +4.2950e+00 -3.3581e+00 -4.0518e+00 -1.1206e+00 +4.2304e+00 +2.8206e-01 -3.9288e+00 -2.8424e+00 +4.5452e+00 -8.8074e-01
126 0 +1.890471341e+02 +1.618071341e+02 +1.618071341e+02 +9.2275e-01 -1.4150e+00 -1.0156e+00 +9.4942e-01 +2.0797e+00 +4.4281e-01 -6.4697e-01 -1.1180e+00 +2.0549e+00 +5.2809e-01
133 0 +1.831818425e+02 +1.559418425e+02 +1.559418425e+02 +1.2948e+00 -1.6540e+00 -9.6036e-01 +1.0765e+00 +2.1513e+00 +2.2643e-01 -7.8699e-01 -1.0370e+00 +2.2498e+00 +6.6763e-01
145 0 +1.637670072e+02 +1.365270072e+02 +1.365270072e+02 +1.3898e+00 -1.8535e+00 -1.1121e+00 +1.1413e+00 +2.4859e+00 +5.1067e-01 -7.9373e-01 -1.2990e+00 +2.5211e+00 +6.7652e-01
161 0 +1.599267068e+02 +1.326867068e+02 +1.326867068e+02 +1.2925e+00 -1.9304e+00 -1.3000e+00 +1.0551e+00 +2.6795e+00 +5.0431e-01 -8.2665e-01 -1.2604e+00 +2.6983e+00 +7.5680e-01
196 0 +1.577832016e+02 +1.305432016e+02 +1.305432016e+02 +1.3863e+00 -1.9795e+00 -1.1988e+00 +1.2883e+00 +2.7250e+00 +5.4858e-01 -9.7367e-01 -1.2925e+00 +2.8075e+00 +6.9127e-01
202 0 +1.165532337e+02 +8.931323374e+01 +8.931323374e+01 +1.5958e+00 -2.2362e+00 -1.5227e+00 +1.2446e+00 +3.4088e+00 +5.5834e-01 -9.8434e-01 -1.5751e+00 +3.2665e+00 +1.0936e+00
206 0 +1.027140559e+02 +7.547405586e+01 +7.547405586e+01 +1.4287e+00 -2.1262e+00 -1.2597e+00 +1.1228e+00 +2.7759e+00 +4.7074e-01 -7.8714e-01 -1.5491e+00 +2.8229e+00 +5.9841e-01
1523 0 +1.006527578e+02 +7.341275775e+01 +7.341275775e+01 +1.5632e+00 -1.6938e+00 -1.1422e+00 +1.6164e+00 +3.0997e+00 +4.8096e-01 -9.0230e-01 -1.9188e+00 +3.3545e+00 +7.3710e-01
3206 0 +9.632878777e+01 +6.908878777e+01 +6.908878777e+01 +1.6084e+00 -1.2107e+00 -7.2023e-01 +5.9198e-01 +2.5801e+00 +8.5329e-01 -1.4960e+00 -2.2612e+00 +3.0914e+00 +5.9289e-01
3502 0 +8.783286034e+01 +6.059286034e+01 +6.059286034e+01 +1.5451e+00 -1.6221e+00 -9.2361e-02 +1.2377e+00 +2.8842e+00 +1.3645e+00 -1.6585e+00 -2.5074e+00 +3.3321e+00 +7.1419e-01
3614 0 +6.384675550e+01 +3.660675550e+01 +3.660675550e+01 +1.9902e+00 -2.0233e+00 -2.7076e-01 +7.8443e-01 +2.6655e+00 +9.7925e-01 -1.6554e+00 -2.3492e+00 +3.7129e+00 +1.0679e+00
4325 0 +6.258349358e+01 +3.534349358e+01 +3.534349358e+01 +1.7395e+00 -1.6598e+00 -3.6856e-01 +1.3671e+00 +3.1706e+00 +9.4810e-01 -1.9828e+00 -2.6435e+00 +3.4900e+00 +9.2274e-01
5810 0 +5.496566692e+01 +2.772566692e+01 +2.772566692e+01 +1.3841e+00 -1.2194e+00 -1.1567e+00 +1.3445e+00 +3.9436e+00 +1.8084e+00 -2.0050e+00 -2.7885e+00 +3.6693e+00 +1.4847e+00
8975 0 +5.402308772e+01 +2.678308772e+01 +2.678308772e+01 +1.4510e+00 -1.2800e+00 -3.4652e-01 +1.0138e+00 +3.5290e+00 +1.5217e+00 -2.4277e+00 -3.0597e+00 +3.1818e+00 +9.5170e-01
10002 0 +4.810326152e+01 +2.086326152e+01 +2.086326152e+01 +1.2865e+00 -1.2031e+00 -1.9042e-01 +9.7431e-01 +2.9871e+00 +1.3601e+00 -2.3492e+00 -3.0585e+00 +2.6819e+00 +7.2854e-01
% f evaluations | g evaluations | best noise-free fitness - Fopt (9.868000000000e+01) + sum g_i+ | measured fitness | best measured fitness or single-digit g-values | x1 | x2...
1 0 +5.690731915e+02 +6.677531915e+02 +6.677531915e+02 +1.7917e+00 +4.7785e+00 -1.6426e+00 +3.8733e+00 -3.7744e+00 -6.0811e-01 -3.7349e+00 -4.8520e-01 -1.5651e+00 -3.2112e+00
2 0 +3.738481150e+02 +4.725281150e+02 +4.725281150e+02 -1.4081e+00 -1.0802e+00 +1.9060e+00 -1.4050e+00 +7.2519e-01 -1.5108e+00 -4.3982e+00 +4.7619e+00 +2.2697e+00 -2.7597e+00
22 0 +1.975694297e+02 +2.962494297e+02 +2.962494297e+02 -1.6702e+00 +9.0784e-01 -3.4461e+00 -8.0260e-01 -4.4411e+00 +9.7633e-01 -3.1791e+00 +3.7003e+00 -2.7579e+00 -1.2044e+00
60 0 +1.887249254e+02 +2.874049254e+02 +2.874049254e+02 -5.8654e-01 +2.4921e+00 +2.0166e+00 -2.2980e+00 -4.7391e+00 +2.9266e+00 -9.5652e-01 -2.8568e-01 -3.8773e-02 -4.7738e+00
128 0 +1.601085987e+02 +2.587885987e+02 +2.587885987e+02 +1.2716e-01 +1.5961e+00 +1.7140e+00 -1.8739e+00 -3.2061e+00 +1.3227e+00 +5.4032e-01 +9.5995e-01 -5.3791e-01 -2.8723e+00
130 0 +1.451423000e+02 +2.438223000e+02 +2.438223000e+02 +3.9425e-02 +1.1349e+00 +1.2187e+00 -1.3402e+00 -2.3217e+00 +9.7835e-01 +3.8421e-01 +6.8259e-01 -3.8555e-01 -1.8658e+00
132 0 +1.441041997e+02 +2.427841997e+02 +2.427841997e+02 +5.1078e-02 +1.5330e+00 +1.5468e+00 -1.8134e+00 -3.1361e+00 +1.3898e+00 +5.8084e-01 +9.2203e-01 -5.1666e-01 -2.7588e+00
189 0 +1.366492153e+02 +2.353292153e+02 +2.353292153e+02 +9.0514e-02 +1.1361e+00 +1.2413e+00 -1.2823e+00 -2.4642e+00 +9.7935e-01 +4.2260e-01 +5.2343e-01 -5.0362e-01 -2.0461e+00
255 0 +1.340157768e+02 +2.326957768e+02 +2.326957768e+02 +9.5674e-02 +1.0945e+00 +1.1546e+00 -1.2352e+00 -2.4129e+00 +9.2173e-01 +3.7382e-01 +5.8952e-01 -5.5889e-01 -1.8463e+00
264 0 +1.246574078e+02 +2.233374078e+02 +2.233374078e+02 +3.2255e-02 +1.0646e+00 +1.0311e+00 -1.1600e+00 -2.3967e+00 +8.9648e-01 +4.4261e-01 +6.4523e-01 -3.8556e-01 -1.9801e+00
377 0 +1.217588093e+02 +2.204388093e+02 +2.204388093e+02 -4.5626e-02 +6.8304e-01 +6.7688e-01 -7.6499e-01 -1.4530e+00 +6.2914e-01 +1.7060e-01 +4.9359e-01 -2.4573e-01 -1.2644e+00
420 0 +1.198868413e+02 +2.185668413e+02 +2.185668413e+02 -3.2724e-01 +1.0160e+00 +1.4261e+00 -1.5858e+00 -2.8599e+00 +8.1500e-01 +4.8998e-01 +7.4200e-01 -4.4789e-01 -2.3434e+00
1009 0 +1.162393259e+02 +2.149193259e+02 +2.149193259e+02 -1.4714e-01 +1.0734e+00 +7.9403e-01 -1.1999e+00 -2.1644e+00 +6.3687e-01 +2.2957e-01 +3.1906e-01 -4.1966e-01 -1.6592e+00
1407 0 +1.126936409e+02 +2.113736409e+02 +2.113736409e+02 -9.3754e-02 +1.0674e+00 +8.2518e-01 -7.3374e-01 -1.7108e+00 +3.9433e-01 +2.3957e-01 +1.5096e-01 -2.0242e-01 -1.6346e+00
1809 0 +8.548558808e+01 +1.841655881e+02 +1.841655881e+02 +3.6512e-01 +1.0807e+00 -7.5917e-01 -1.8268e-01 -2.2526e+00 +9.4360e-01 +1.0685e+00 +1.1066e-01 -5.3322e-01 -2.7226e+00
2783 0 +7.714735769e+01 +1.758273577e+02 +1.758273577e+02 -3.3443e-02 +1.0180e+00 -3.8382e-01 -8.3896e-01 -2.1752e+00 +1.0854e+00 +6.8504e-01 +1.9033e-01 -4.2585e-01 -2.3190e+00
2801 0 +6.511564830e+01 +1.637956483e+02 +1.637956483e+02 -4.0891e-02 +1.1168e+00 -3.6780e-01 -8.3955e-01 -2.1813e+00 +1.1003e+00 +6.2321e-01 +2.0012e-01 -4.2654e-01 -2.3228e+00
7303 0 +6.040107453e+01 +1.590810745e+02 +1.590810745e+02 -2.4579e-01 +9.9901e-01 -3.9148e-01 -1.0330e+00 -1.7486e+00 +5.0547e-01 -6.7010e-02 -2.5240e-01 -3.6363e-01 -2.8256e+00
% f evaluations | g evaluations | best noise-free fitness - Fopt (-3.705000000000e+01) + sum g_i+ | measured fitness | best measured fitness or single-digit g-values | x1 | x2...
1 0 +3.667996712e+02 +3.297496712e+02 +3.297496712e+02 -1.8242e+00 +2.9893e+00 -4.8576e+00 +2.4782e-01 +2.7658e+00 -4.4237e-01 -8.0344e-01 -1.9674e+00 +3.2849e-01 -4.1666e+00
18 0 +3.426839649e+02 +3.056339649e+02 +3.056339649e+02 -1.9820e+00 +3.9664e-02 +4.9812e+00 +4.8959e+00 +2.6831e+00 +1.6005e+00 -1.0752e+00 +2.0003e+00 +2.8672e+00 -3.4176e+00
69 0 +2.704767384e+02 +2.334267384e+02 +2.334267384e+02 -1.7947e+00 +3.6159e+00 +3.9825e+00 +4.5375e+00 +2.3979e+00 -3.9072e-01 +9.9037e-01 +4.9833e+00 -3.6495e-01 -1.3481e+00
127 0 +1.779205991e+02 +1.408705991e+02 +1.408705991e+02 -6.2247e-01 +2.6573e+00 +2.6810e+00 +1.2751e+00 +2.7871e+00 -8.3267e-01 +7.3268e-01 +3.3821e+00 -1.1783e+00 -8.8608e-01
129 0 +1.595034252e+02 +1.224534252e+02 +1.224534252e+02 -5.1764e-01 +2.1341e+00 +2.2716e+00 +1.0240e+00 +2.2383e+00 -6.2659e-01 +5.5927e-01 +2.8040e+00 -9.4627e-01 -6.2151e-01
156 0 +1.402358676e+02 +1.031858676e+02 +1.031858676e+02 -4.7105e-01 +2.5482e+00 +2.6002e+00 +1.2366e+00 +2.7321e+00 -8.0756e-01 +8.7420e-01 +3.3004e+00 -1.0827e+00 -7.5054e-01
920 0 +1.289117992e+02 +9.186179915e+01 +9.186179915e+01 -1.0255e+00 +1.7543e+00 +2.1175e+00 +5.6495e-01 +2.2543e+00 -6.4856e-01 +9.8041e-01 +2.8415e+00 -1.0298e+00 -7.5970e-01
1025 0 +1.270960410e+02 +9.004604103e+01 +9.004604103e+01 -7.5635e-01 +2.1326e+00 +1.9344e+00 +8.9861e-01 +2.2028e+00 -5.3398e-01 +7.0037e-01 +2.3159e+00 -8.1010e-01 -5.6398e-01
2506 0 +9.712798300e+01 +6.007798300e+01 +6.007798300e+01 -8.1294e-01 +1.6856e+00 +1.8782e+00 +1.0152e+00 +2.9671e+00 +1.1113e+00 +1.1129e+00 +2.4896e+00 -1.8595e+00 -1.0900e+00
4214 0 +8.315708479e+01 +4.610708479e+01 +4.610708479e+01 -1.1102e+00 +1.8958e+00 +2.0204e+00 +1.7052e+00 +3.0875e+00 +6.5595e-01 +9.0397e-01 +2.0421e+00 -1.7381e+00 -1.2167e+00
5661 0 +6.633508608e+01 +2.928508608e+01 +2.928508608e+01 -1.2414e+00 +1.4568e+00 +2.1864e+00 +1.2654e+00 +2.9898e+00 +7.7887e-01 +1.1949e+00 +1.9106e+00 -1.4396e+00 -8.7368e-01
9225 0 +6.586741556e+01 +2.881741556e+01 +2.881741556e+01 -1.3280e+00 +1.6790e+00 +2.5649e+00 +2.0213e+00 +2.6674e+00 +2.2542e-01 +2.4042e+00 +5.6214e-01 -2.3882e+00 -4.9048e-01
% f evaluations | g evaluations | best noise-free fitness - Fopt (1.324500000000e+02) + sum g_i+ | measured fitness | best measured fitness or single-digit g-values | x1 | x2...
1 0 +6.786425546e+02 +8.110925546e+02 +8.110925546e+02 -1.2024e+00 +3.5871e+00 +2.4989e+00 +1.2685e-01 +2.1226e+00 +1.5858e+00 +2.0670e+00 -4.2965e-01 +4.3391e+00 -3.7849e-01
4 0 +3.817529904e+02 +5.142029904e+02 +5.142029904e+02 -2.1980e+00 +3.2482e+00 +2.3071e+00 -3.9237e+00 -3.1490e+00 +1.6540e+00 +2.9641e+00 +7.2288e-01 -8.7911e-01 +4.0794e+00
18 0 +3.389460508e+02 +4.713960508e+02 +4.713960508e+02 -4.6571e+00 +2.6729e+00 -3.2081e+00 -2.2044e+00 -2.2882e+00 +1.3347e+00 -5.9762e-01 -3.3750e+00 +1.4297e+00 +4.5083e+00
61 0 +2.208653719e+02 +3.533153719e+02 +3.533153719e+02 -2.4757e+00 +3.7200e+00 -6.5791e-01 -3.9563e+00 -2.4976e+00 -6.4453e-02 -1.9592e+00 -7.2509e-01 -3.8319e-01 +4.9938e+00
128 0 +2.154636735e+02 +3.479136735e+02 +3.479136735e+02 -3.7429e-02 +1.1396e+00 +2.2724e-01 -2.9310e-01 -4.2954e-01 +3.5941e-01 -1.0244e+00 +1.0516e-01 -1.1573e-01 +1.3457e+00
130 0 +2.122756778e+02 +3.447256778e+02 +3.447256778e+02 +8.8291e-02 +1.7067e+00 +2.7467e-01 -6.0078e-01 -8.1209e-01 +4.8369e-01 -1.7597e+00 +1.8065e-01 -1.3922e-01 +2.5826e+00
222 0 +2.076850342e+02 +3.401350342e+02 +3.401350342e+02 +2.1376e-01 +1.7835e+00 +4.5557e-01 -5.1321e-01 -9.2372e-01 +6.6842e-01 -1.9714e+00 +1.2410e-01 -3.7133e-01 +2.6790e+00
229 0 +2.037264237e+02 +3.361764237e+02 +3.361764237e+02 +2.9352e-02 +3.2995e-01 +1.1584e-01 -7.0173e-02 -1.8630e-01 -8.7184e-03 -3.8728e-01 +3.0852e-02 -5.2298e-02 +3.7072e-01
246 0 +1.876149922e+02 +3.200649922e+02 +3.200649922e+02 +7.9854e-03 +3.6506e-01 -6.3773e-02 -1.2499e-01 -2.0007e-01 +3.3571e-02 -5.2442e-01 +4.7828e-02 -4.0802e-02 +5.7470e-01
298 0 +1.722527627e+02 +3.047027627e+02 +3.047027627e+02 -1.0846e-01 +9.9457e-01 +1.6375e-01 -3.4853e-01 -5.5786e-01 +2.7513e-01 -1.1021e+00 +1.3147e-01 -2.6436e-01 +1.6025e+00
2203 0 +1.584828282e+02 +2.909328282e+02 +2.909328282e+02 +3.0628e-01 +9.0308e-01 -4.3611e-01 -1.0330e+00 -7.6376e-01 +8.6417e-02 -6.4906e-01 +1.1836e+00 -9.8805e-01 +1.1226e+00
2307 0 +1.318455435e+02 +2.642955435e+02 +2.642955435e+02 +2.4250e-01 +1.2257e+00 -6.2235e-01 -1.3572e+00 -7.4096e-01 -8.0864e-02 -7.8434e-01 +1.4579e+00 -7.6507e-01 +1.6586e+00
4703 0 +1.302842183e+02 +2.627342183e+02 +2.627342183e+02 +6.8072e-01 +1.4026e+00 -1.7365e+00 -2.2708e+00 -1.8785e+00 -8.2476e-01 -2.2610e+00 +2.2782e-01 -1.8854e+00 +2.2171e+00
4705 0 +1.170362744e+02 +2.494862744e+02 +2.494862744e+02 +3.6806e-01 +1.1047e+00 -7.6232e-01 -1.5553e+00 -1.1578e+00 -7.1687e-01 -1.3254e+00 +4.0324e-01 -1.1242e+00 +1.3841e+00
5114 0 +1.146342001e+02 +2.470842001e+02 +2.470842001e+02 +4.3238e-02 +1.8086e+00 -4.9392e-01 -1.6478e+00 -1.2344e+00 -1.0526e+00 -1.1313e+00 +6.0505e-01 -1.6352e+00 +2.2452e+00
5201 0 +1.115548484e+02 +2.440048484e+02 +2.440048484e+02 -2.4812e-01 +2.2818e+00 -7.1980e-01 -1.7973e+00 -1.2990e+00 -1.3260e+00 -1.2334e+00 +6.7922e-01 -1.9645e+00 +2.8604e+00
5202 0 +1.094703683e+02 +2.419203683e+02 +2.419203683e+02 -1.1912e-01 +2.1567e+00 -7.9567e-01 -2.3370e+00 -1.6165e+00 -1.2571e+00 -1.4950e+00 +9.1344e-01 -2.1598e+00 +3.2790e+00
5267 0 +1.034552937e+02 +2.359052937e+02 +2.359052937e+02 -7.6564e-02 +1.3426e+00 -4.9342e-01 -1.4155e+00 -1.0090e+00 -8.1050e-01 -9.1470e-01 +4.1035e-01 -1.4536e+00 +1.8573e+00
5513 0 +8.552148033e+01 +2.179714803e+02 +2.179714803e+02 -4.6129e-01 +2.6030e+00 -8.9918e-01 -2.1310e+00 -1.6450e+00 -1.5711e+00 -1.4160e+00 +8.0205e-01 -2.3163e+00 +3.6363e+00
5712 0 +8.464800446e+01 +2.170980045e+02 +2.170980045e+02 +6.9544e-02 +1.5851e+00 -4.2755e-01 -1.4253e+00 -9.3461e-01 -8.2995e-01 -1.0806e+00 +5.0413e-01 -1.3694e+00 +1.9459e+00
