% f evaluations | g evaluations | best noise-free fitness - Fopt (-1.694000000000e+01) + sum g_i+ | measured fitness | best measured fitness or single-digit g-values | x1 | x2...
1 0 +4.963711870e+00 -1.197628813e+01 -1.197628813e+01 +4.0674e+00 +1.7239e+00 +8.1974e-01 -4.9742e-01 -8.2567e-01
126 0 +4.657861110e+00 -1.228213889e+01 -1.228213889e+01 +2.7515e+00 +1.2572e-01 -9.2571e-01 -7.7923e-02 -2.2469e-01
149 0 +3.843542158e+00 -1.309645784e+01 -1.309645784e+01 +3.3515e+00 +2.5251e-01 -1.0361e+00 -2.3955e-01 -1.8610e-01
174 0 +3.724040090e+00 -1.321595991e+01 -1.321595991e+01 +3.5397e+00 +2.6669e-01 -1.2474e+00 -2.1468e-01 -3.3794e-01
214 0 +3.522706266e+00 -1.341729373e+01 -1.341729373e+01 +3.7609e+00 +8.3274e-02 -1.1836e+00 -3.4951e-03 -2.5659e-01
317 0 +2.822678440e+00 -1.411732156e+01 -1.411732156e+01 +3.1481e+00 +1.2196e+00 -1.0680e+00 -2.4366e-01 +1.8047e-01
401 0 +1.689129299e+00 -1.525087070e+01 -1.525087070e+01 +3.6550e+00 +2.1575e+00 -1.1943e+00 -4.0995e-01 +5.5961e-01
1005 0 +1.623487165e+00 -1.531651283e+01 -1.531651283e+01 +3.0766e+00 +1.2790e+00 -1.3176e+00 -3.2504e-01 +5.3684e-01
1307 0 +1.578274369e+00 -1.536172563e+01 -1.536172563e+01 +4.1654e+00 +1.9643e+00 -9.1019e-01 -5.1059e-01 +9.2718e-01
1313 0 +1.512305045e+00 -1.542769496e+01 -1.542769496e+01 +3.1997e+00 +1.3045e+00 -1.3592e+00 -3.5289e-01 +4.8912e-01
2020 0 +1.439654690e+00 -1.550034531e+01 -1.550034531e+01 +3.5436e+00 +1.8021e+00 -1.4757e+00 -1.8853e-01 +5.3546e-01
2304 0 +1.250702988e+00 -1.568929701e+01 -1.568929701e+01 +3.2152e+00 +1.3196e+00 -1.3335e+00 -3.1442e-01 +3.1615e-01
2510 0 +1.008114476e+00 -1.593188552e+01 -1.593188552e+01 +3.3126e+00 +1.3120e+00 -1.2538e+00 -4.6268e-01 +5.2705e-01
% f evaluations | g evaluations | best noise-free fitness - Fopt (1.881000000000e+01) + sum g_i+ | measured fitness | best measured fitness or single-digit g-values | x1 | x2...
1 0 +1.998148999e+01 +3.879148999e+01 +3.879148999e+01 +3.2779e+00 +4.8715e+00 +3.0817e+00 -4.3039e+00 +3.9832e+00
4 0 +1.752676963e+01 +3.633676963e+01 +3.633676963e+01 +4.7093e+00 -2.2145e+00 -6.8076e-01 -2.0161e+00 +1.0151e+00
5 0 +1.135428651e+01 +3.016428651e+01 +3.016428651e+01 +1.2249e+00 +1.1107e+00 -3.1150e+00 +4.9907e+00 -3.8318e+00
7 0 +7.873527206e+00 +2.668352721e+01 +2.668352721e+01 +3.7925e+00 -2.5825e-01 -3.7569e-01 -1.3660e+00 +3.3010e+00
55 0 +6.273327592e+00 +2.508332759e+01 +2.508332759e+01 -2.2322e+00 -1.5126e+00 -7.6734e-01 +1.4300e+00 -1.1494e+00
66 0 +5.107700832e+00 +2.391770083e+01 +2.391770083e+01 +6.5056e-01 +2.0939e+00 +3.6199e-01 -6.7949e-01 +2.4400e+00
128 0 +4.215941727e+00 +2.302594173e+01 +2.302594173e+01 -9.6749e-01 -2.9816e-01 -1.6595e-01 +7.5223e-01 -3.6273e-01
224 0 +3.604043688e+00 +2.241404369e+01 +2.241404369e+01 -1.3138e+00 -2.4393e-01 -2.2535e-01 +8.6050e-01 -4.3072e-01
305 0 +3.450940087e+00 +2.226094009e+01 +2.226094009e+01 -3.0760e-01 -2.4302e-01 +1.7872e-02 +2.8304e-01 -1.1031e-01
322 0 +3.310985228e+00 +2.212098523e+01 +2.212098523e+01 -6.7411e-02 -1.9240e-01 -4.5767e-01 +2.3760e-01 -8.1185e-02
426 0 +3.131713635e+00 +2.194171363e+01 +2.194171363e+01 +4.6426e-02 +4.4887e-01 +3.5986e-02 +1.2621e-01 +5.7930e-01
432 0 +2.514295515e+00 +2.132429552e+01 +2.132429552e+01 +7.3757e-02 +6.0621e-01 -2.9438e-02 -1.1577e-01 +7.2348e-01
603 0 +2.446487921e+00 +2.125648792e+01 +2.125648792e+01 +2.9412e-02 +5.9788e-01 +1.4233e-03 -1.8133e-01 +7.3175e-01
1001 0 +2.336990313e+00 +2.114699031e+01 +2.114699031e+01 +2.9424e-01 +2.2782e+00 -1.0044e-01 -5.9212e-01 +1.8550e+00
1201 0 +1.915883199e+00 +2.072588320e+01 +2.072588320e+01 +2.3063e-01 +1.2525e+00 -7.9374e-02 -1.2278e-01 +1.5755e+00
1203 0 +1.746845760e+00 +2.055684576e+01 +2.055684576e+01 +4.8272e-01 +2.9479e+00 -1.2612e-01 -7.7094e-01 +2.3494e+00
1302 0 +9.871713438e-01 +1.979717134e+01 +1.979717134e+01 +4.1264e-02 +1.6290e+00 -2.3637e-01 -2.0772e-01 +1.5755e+00
1514 0 +8.380539410e-01 +1.964805394e+01 +1.964805394e+01 +1.0905e-01 +1.7601e+00 -5.6742e-01 -3.2807e-01 +1.8971e+00
1601 0 +6.836121008e-01 +1.949361210e+01 +1.949361210e+01 +1.1214e-01 +1.9012e+00 -6.4301e-01 -3.4271e-01 +2.0916e+00
1801 0 +5.027956638e-01 +1.931279566e+01 +1.931279566e+01 -6.3402e-02 +1.6526e+00 -4.6862e-01 -8.1595e-02 +1.6628e+00
2005 0 +2.921494885e-01 +1.910214949e+01 +1.910214949e+01 -6.3302e-02 +1.7974e+00 -8.4989e-01 -7.5788e-02 +1.6117e+00
4801 0 +1.910722695e-01 +1.900107227e+01 +1.900107227e+01 -2.2614e-01 +1.7035e+00 -8.8256e-01 -9.5417e-02 +1.7312e+00
% f evaluations | g evaluations | best noise-free fitness - Fopt (2.731500000000e+02) + sum g_i+ | measured fitness | best measured fitness or single-digit g-values | x1 | x2...
1 0 +3.643055838e+01 +3.095805584e+02 +3.095805584e+02 +1.8108e+00 -3.4061e+00 -3.2216e+00 +2.5189e+00 -7.4186e-01
2 0 +2.598463305e+01 +2.991346330e+02 +2.991346330e+02 +4.1608e-01 +4.0893e+00 -4.8590e+00 +2.9066e+00 +3.9293e+00
3 0 +2.386999020e+01 +2.970199902e+02 +2.970199902e+02 +2.9048e+00 -4.9083e+00 -1.5485e+00 -6.4651e-01 +7.5701e-01
5 0 +8.383925219e+00 +2.815339252e+02 +2.815339252e+02 +2.1762e+00 -1.5018e+00 -3.3719e+00 +3.4362e-02 +3.1294e+00
7 0 +5.614549097e+00 +2.787645491e+02 +2.787645491e+02 -2.3249e+00 +1.3706e+00 -3.0691e+00 +2.2770e+00 +3.4474e+00
97 0 +5.367209185e+00 +2.785172092e+02 +2.785172092e+02 -3.5031e+00 +4.5340e+00 -8.3578e-01 +2.9181e+00 +2.5849e-01
311 0 +4.978021753e+00 +2.781280218e+02 +2.781280218e+02 -3.1155e+00 +4.3706e-01 -1.4974e+00 +3.0655e+00 +2.6869e+00
321 0 +3.926422954e+00 +2.770764230e+02 +2.770764230e+02 -3.0860e+00 +3.5190e-01 -1.1473e+00 +2.0613e+00 +2.9837e+00
1021 0 +3.880757881e+00 +2.770307579e+02 +2.770307579e+02 -2.8432e+00 +5.4944e-01 -1.1765e+00 +3.1390e+00 +3.0621e+00
1409 0 +3.444887354e+00 +2.765948874e+02 +2.765948874e+02 -4.0356e+00 +1.5145e+00 -1.5822e+00 +3.1368e+00 +3.3522e+00
1701 0 +2.689299907e+00 +2.758392999e+02 +2.758392999e+02 -3.2920e+00 +1.4298e+00 -1.7468e+00 +2.4662e+00 +3.1566e+00
% f evaluations | g evaluations | best noise-free fitness - Fopt (3.718000000000e+01) + sum g_i+ | measured fitness | best measured fitness or single-digit g-values | x1 | x2...
1 0 +3.567355867e+01 +7.285355867e+01 +7.285355867e+01 +4.6207e+00 +4.9883e+00 +2.0551e+00 -4.1677e+00 -8.6596e-01
3 0 +1.989749105e+01 +5.707749105e+01 +5.707749105e+01 -4.6806e+00 -2.6163e+00 -1.8402e+00 +4.8687e+00 -3.8817e+00
12 0 +8.213999603e+00 +4.539399960e+01 +4.539399960e+01 -2.0153e+00 +3.3727e+00 -4.9692e-01 +3.1260e+00 -4.0436e+00
78 0 +5.063826564e+00 +4.224382656e+01 +4.224382656e+01 -4.5814e+00 +1.5071e+00 +2.6541e+00 +1.7687e+00 -1.2266e+00
104 0 +3.291380730e+00 +4.047138073e+01 +4.047138073e+01 -3.4351e+00 +2.3882e+00 +3.5121e+00 +1.8396e+00 -2.4963e+00
301 0 +2.847152849e+00 +4.002715285e+01 +4.002715285e+01 -2.4640e+00 +2.1713e+00 +2.9341e+00 +8.8733e-01 -3.2041e+00
306 0 +2.516423642e+00 +3.969642364e+01 +3.969642364e+01 -2.1991e+00 +2.2086e+00 +2.8494e+00 +1.3638e+00 -2.7290e+00
401 0 +2.138332175e+00 +3.931833217e+01 +3.931833217e+01 -2.2640e+00 +2.1313e+00 +3.0043e+00 +1.4531e+00 -2.8535e+00
403 0 +2.095559416e+00 +3.927555942e+01 +3.927555942e+01 -2.5997e+00 +2.5752e+00 +3.7731e+00 +1.0814e+00 -3.1641e+00
1005 0 +1.950844006e+00 +3.913084401e+01 +3.913084401e+01 -2.5405e+00 +2.7590e+00 +3.4947e+00 +1.9504e+00 -3.2462e+00
1607 0 +1.825982866e+00 +3.900598287e+01 +3.900598287e+01 -2.6447e+00 +1.8501e+00 +3.1143e+00 +1.0016e+00 -2.9625e+00
1701 0 +1.143485268e+00 +3.832348527e+01 +3.832348527e+01 -2.6450e+00 +1.8757e+00 +3.1499e+00 +8.8895e-01 -3.1029e+00
2807 0 +1.050009321e+00 +3.823000932e+01 +3.823000932e+01 -3.3195e+00 +2.0145e+00 +2.9762e+00 +1.3210e+00 -3.0526e+00
3303 0 +1.036106082e+00 +3.821610608e+01 +3.821610608e+01 -3.0730e+00 +1.8857e+00 +3.0905e+00 +1.2006e+00 -2.9597e+00
3318 0 +6.842116252e-01 +3.786421163e+01 +3.786421163e+01 -3.1161e+00 +2.1149e+00 +3.1162e+00 +1.4130e+00 -3.0975e+00
3724 0 +5.112554607e-01 +3.769125546e+01 +3.769125546e+01 -3.0919e+00 +1.9303e+00 +3.1206e+00 +1.1730e+00 -3.0980e+00
% f evaluations | g evaluations | best noise-free fitness - Fopt (-1.479000000000e+02) + sum g_i+ | measured fitness | best measured fitness or single-digit g-values | x1 | x2...
1 0 +2.432288470e+01 -1.235771153e+02 -1.235771153e+02 -1.3486e+00 +3.0429e+00 +2.4007e+00 -2.9366e+00 +4.1477e+00
2 0 +8.122388028e+00 -1.397776120e+02 -1.397776120e+02 +7.6061e-01 +4.6653e+00 -4.4996e-01 -4.5294e+00 -2.8211e+00
3 0 +5.525872393e+00 -1.423741276e+02 -1.423741276e+02 -2.3219e+00 +4.0640e+00 -7.0306e-01 -2.7125e+00 -2.8001e+00
17 0 +5.354976556e+00 -1.425450234e+02 -1.425450234e+02 -3.5434e-01 +3.7374e+00 -8.5212e-01 -2.4803e+00 -4.9772e+00
131 0 +4.930606901e+00 -1.429693931e+02 -1.429693931e+02 -2.6646e+00 -2.6972e-02 -5.9989e-01 +2.3142e-01 -1.6528e+00
134 0 +4.882292837e+00 -1.430177072e+02 -1.430177072e+02 -1.0056e+00 +3.1621e-04 -1.4939e-01 +8.0343e-02 -5.5744e-01
139 0 +4.167608424e+00 -1.437323916e+02 -1.437323916e+02 -2.5263e+00 +1.8769e-02 -5.6876e-01 +2.1941e-01 -1.5223e+00
182 0 +4.039344025e+00 -1.438606560e+02 -1.438606560e+02 -2.5793e+00 +1.9163e-02 -5.6091e-01 +2.2402e-01 -1.5543e+00
% f evaluations | g evaluations | best noise-free fitness - Fopt (1.699300000000e+02) + sum g_i+ | measured fitness | best measured fitness or single-digit g-values | x1 | x2...
1 0 +2.742731510e+01 +1.973573151e+02 +1.973573151e+02 +4.2649e+00 -3.8291e+00 -2.2518e+00 +1.5804e+00 -4.5817e+00
3 0 +1.016252335e+01 +1.800925233e+02 +1.800925233e+02 -2.4290e+00 +2.9502e+00 -5.0846e-01 -2.8436e+00 -2.7310e+00
9 0 +9.326808028e+00 +1.792568080e+02 +1.792568080e+02 -6.7063e-01 -7.9735e-01 -1.6070e-01 -1.5348e+00 -3.8121e-01
22 0 +7.981469249e+00 +1.779114692e+02 +1.779114692e+02 -2.2493e+00 +3.5960e+00 +1.4016e+00 -3.7701e-01 -8.6364e-01
54 0 +5.562624791e+00 +1.754926248e+02 +1.754926248e+02 -2.1042e+00 -2.4670e-01 -6.5369e-01 -1.5077e+00 -2.6188e+00
103 0 +5.122737607e+00 +1.750527376e+02 +1.750527376e+02 -1.5480e+00 +2.0896e+00 -1.1632e+00 -2.6968e+00 -4.6214e+00
203 0 +3.204588431e+00 +1.731345884e+02 +1.731345884e+02 -1.0751e+00 -9.3397e-01 +6.9905e-01 -2.4881e+00 -3.0161e+00
503 0 +2.714823857e+00 +1.726448239e+02 +1.726448239e+02 -1.3803e+00 -5.9886e-01 +5.9142e-01 -3.0116e+00 -3.5335e+00
802 0 +2.469061391e+00 +1.723990614e+02 +1.723990614e+02 -1.4370e+00 +2.0180e-01 +2.2282e-01 -2.1374e+00 -4.0136e+00
2304 0 +2.366775607e+00 +1.722967756e+02 +1.722967756e+02 -1.2409e+00 +1.1637e-01 -6.8663e-02 -2.4650e+00 -3.7141e+00
3003 0 +2.121931964e+00 +1.720519320e+02 +1.720519320e+02 -1.4518e+00 +1.8711e-01 -1.4665e+00 -3.1074e+00 -3.8192e+00
3319 0 +1.897876888e+00 +1.718278769e+02 +1.718278769e+02 -1.5234e+00 -1.1416e-01 -1.0614e+00 -3.1695e+00 -4.2401e+00
3512 0 +1.376542420e+00 +1.713065424e+02 +1.713065424e+02 -1.0839e+00 +3.3370e-01 -1.0753e+00 -2.5459e+00 -3.7682e+00
3603 0 +1.196651281e+00 +1.711266513e+02 +1.711266513e+02 -7.7914e-01 -2.3663e-01 -7.6251e-01 -2.8318e+00 -4.2245e+00
4005 0 +7.514851939e-01 +1.706814852e+02 +1.706814852e+02 -8.1859e-01 +3.1391e-01 -1.4168e+00 -2.5949e+00 -3.8803e+00
% f evaluations | g evaluations | best noise-free fitness - Fopt (1.181700000000e+02) + sum g_i+ | measured fitness | best measured fitness or single-digit g-values | x1 | x2...
1 0 +2.371742635e+01 +1.418874264e+02 +1.418874264e+02 +3.0373e+00 +7.0658e-02 -1.2066e+00 -3.6346e+00 -3.2571e+00
3 0 +2.191220044e+01 +1.400822004e+02 +1.400822004e+02 -3.8102e+00 +1.9238e+00 +3.0119e+00 +4.9986e+00 +2.8298e+00
4 0 +2.022670521e+01 +1.383967052e+02 +1.383967052e+02 +1.9094e+00 +7.0910e-01 -2.0372e+00 -7.6380e-01 -2.1291e+00
5 0 +1.932509680e+01 +1.374950968e+02 +1.374950968e+02 +4.1016e+00 -6.1239e-01 +2.8555e+00 -1.1174e+00 -3.4702e+00
6 0 +1.430086582e+01 +1.324708658e+02 +1.324708658e+02 -1.9117e+00 -3.3364e+00 +3.7293e-01 -2.3462e+00 +1.7356e+00
13 0 +1.284448375e+01 +1.310144838e+02 +1.310144838e+02 -6.9628e-01 -4.8902e+00 +3.9405e+00 +4.3091e+00 -2.1761e+00
23 0 +1.001446632e+01 +1.281844663e+02 +1.281844663e+02 +1.1712e+00 -4.2648e+00 +5.3389e-01 -1.1533e+00 -2.1916e+00
63 0 +9.160895606e+00 +1.273308956e+02 +1.273308956e+02 -4.5363e-01 -2.7225e+00 -1.2506e+00 +1.7903e+00 -2.9041e+00
75 0 +6.650935044e+00 +1.248209350e+02 +1.248209350e+02 -5.7057e-01 -7.0746e-01 -1.9743e-02 +3.1791e+00 +1.6991e+00
97 0 +5.511514045e+00 +1.236815140e+02 +1.236815140e+02 -3.3738e+00 -3.3469e+00 -1.7273e+00 +3.7456e+00 +8.2211e-03
103 0 +3.392004025e+00 +1.215620040e+02 +1.215620040e+02 -1.5966e+00 -3.5682e+00 -1.6589e+00 +3.7368e+00 -1.9810e+00
3808 0 +2.467308576e+00 +1.206373086e+02 +1.206373086e+02 +2.9329e-01 -2.8775e+00 -2.3333e+00 +1.4776e+00 -2.7193e+00
4622 0 +2.404127693e+00 +1.205741277e+02 +1.205741277e+02 +3.1118e-01 -2.5767e+00 -1.4933e+00 +1.7402e+00 -2.2295e+00
4813 0 +1.966544614e+00 +1.201365446e+02 +1.201365446e+02 +7.9535e-01 -2.9005e+00 -2.3744e+00 +1.9305e+00 -2.1635e+00
% f evaluations | g evaluations | best noise-free fitness - Fopt (-1.791300000000e+02) + sum g_i+ | measured fitness | best measured fitness or single-digit g-values | x1 | x2...
1 0 +5.810658476e+01 -1.210234152e+02 -1.210234152e+02 +2.9551e+00 -2.1122e+00 +3.2279e+00 +1.4716e+00 -3.3032e+00
3 0 +9.363684200e+00 -1.697663158e+02 -1.697663158e+02 +4.4892e+00 -4.7653e+00 +2.7730e+00 +1.1280e+00 +1.6934e+00
58 0 +8.309606288e+00 -1.708203937e+02 -1.708203937e+02 -2.0231e+00 -3.8855e+00 +2.4446e+00 -3.0539e+00 +1.4261e+00
101 0 +5.453358647e+00 -1.736766414e+02 -1.736766414e+02 -1.8895e+00 -4.1294e+00 +2.6136e+00 -2.7456e+00 +3.7939e+00
209 0 +4.460438476e+00 -1.746695615e+02 -1.746695615e+02 +1.0124e-02 -2.8568e+00 +5.7654e-01 -1.9015e+00 +1.7581e+00
212 0 +4.237601402e+00 -1.748923986e+02 -1.748923986e+02 -3.4761e-01 -3.3397e+00 +5.6790e-01 -2.6078e+00 +1.8517e+00
306 0 +3.746193127e+00 -1.753838069e+02 -1.753838069e+02 -6.5057e-01 -3.9474e+00 +1.5764e+00 -2.2239e+00 +2.6486e+00
419 0 +3.450951434e+00 -1.756790486e+02 -1.756790486e+02 -2.3307e-01 -2.8890e+00 +8.2847e-01 -1.9818e+00 +1.6312e+00
503 0 +3.056923600e+00 -1.760730764e+02 -1.760730764e+02 -6.7553e-01 -3.8955e+00 +1.5799e+00 -2.2271e+00 +2.5185e+00
1016 0 +2.760084551e+00 -1.763699154e+02 -1.763699154e+02 +8.8325e-01 -5.0000e+00 -4.1802e-01 -4.9449e+00 +2.9394e+00
2101 0 +2.693554422e+00 -1.764364456e+02 -1.764364456e+02 -1.6848e-01 -3.6919e+00 +1.0873e+00 -2.8975e+00 +2.0264e+00
2205 0 +2.568752209e+00 -1.765612478e+02 -1.765612478e+02 -3.0377e-02 -2.9798e+00 +8.1264e-01 -2.4037e+00 +1.6122e+00
2502 0 +2.332978369e+00 -1.767970216e+02 -1.767970216e+02 +5.5032e-01 -3.3010e+00 +1.5391e+00 -2.9750e+00 +1.5860e+00
2701 0 +1.897706911e+00 -1.772322931e+02 -1.772322931e+02 +1.6356e-01 -3.4279e+00 +1.2529e+00 -2.7704e+00 +1.6367e+00
2705 0 +1.379039008e+00 -1.777509610e+02 -1.777509610e+02 +7.1418e-01 -4.0235e+00 +1.0410e+00 -3.3837e+00 +1.9788e+00
3001 0 +1.093467424e+00 -1.780365326e+02 -1.780365326e+02 +4.7204e-01 -3.7444e+00 +1.2368e+00 -3.1797e+00 +1.9402e+00
3104 0 +9.722572737e-01 -1.781577427e+02 -1.781577427e+02 +7.6417e-01 -3.7703e+00 +1.1635e+00 -3.0379e+00 +1.6818e+00
3301 0 +9.152272228e-01 -1.782147728e+02 -1.782147728e+02 +8.4158e-01 -3.3264e+00 +1.6115e+00 -2.9258e+00 +1.5680e+00
3601 0 +7.401223095e-01 -1.783898777e+02 -1.783898777e+02 +1.0936e+00 -2.9643e+00 +1.6489e+00 -3.0210e+00 +1.1916e+00
4405 0 +6.258241355e-01 -1.785041759e+02 -1.785041759e+02 +1.2222e+00 -3.1877e+00 +1.1398e+00 -3.2892e+00 +1.2793e+00
4601 0 +5.699464739e-01 -1.785600535e+02 -1.785600535e+02 +1.1895e+00 -3.2093e+00 +1.3766e+00 -3.2702e+00 +8.2469e-01
4802 0 +4.658728852e-01 -1.786641271e+02 -1.786641271e+02 +1.4162e+00 -3.1289e+00 +1.1600e+00 -3.5110e+00 +9.2657e-01
% f evaluations | g evaluations | best noise-free fitness - Fopt (-5.784000000000e+02) + sum g_i+ | measured fitness | best measured fitness or single-digit g-values | x1 | x2...
1 0 +5.723368776e+00 -5.726766312e+02 -5.726766312e+02 -4.0439e+00 +3.4361e+00 +9.3065e-01 +5.3987e-01 -4.3168e+00
24 0 +2.585858587e+00 -5.758141414e+02 -5.758141414e+02 -2.7646e+00 +3.1737e+00 -1.3751e+00 +5.9943e-01 -8.9385e-01
101 0 +2.198743180e+00 -5.762012568e+02 -5.762012568e+02 -3.8572e+00 +3.3257e+00 -1.8719e+00 +1.0612e-01 -1.5745e+00
201 0 +1.937237832e+00 -5.764627622e+02 -5.764627622e+02 -4.1681e+00 +3.4424e+00 -1.8924e+00 -3.1442e-02 -1.8727e+00
810 0 +1.701426823e+00 -5.766985732e+02 -5.766985732e+02 -3.5095e+00 +3.4233e+00 -2.3176e+00 -1.4071e-01 -1.6089e+00
813 0 +9.412906627e-01 -5.774587093e+02 -5.774587093e+02 -3.9720e+00 +3.5277e+00 -2.3541e+00 +1.3351e-01 -1.4618e+00
901 0 +7.606997988e-01 -5.776393002e+02 -5.776393002e+02 -4.0769e+00 +3.6100e+00 -2.4176e+00 +1.3105e-01 -1.5055e+00
1609 0 +6.899844421e-01 -5.777100156e+02 -5.777100156e+02 -3.6097e+00 +4.1098e+00 -2.5686e+00 -2.5093e-01 -1.7465e+00
1701 0 +6.666232629e-01 -5.777333767e+02 -5.777333767e+02 -3.7655e+00 +4.1947e+00 -2.5917e+00 -3.7433e-01 -2.0320e+00
3204 0 +3.723659986e-01 -5.780276340e+02 -5.780276340e+02 -3.6328e+00 +3.9992e+00 -2.5908e+00 -1.4635e-01 -1.9436e+00
% f evaluations | g evaluations | best noise-free fitness - Fopt (1.000000000000e+03) + sum g_i+ | measured fitness | best measured fitness or single-digit g-values | x1 | x2...
1 0 +2.448484507e+02 +1.244848451e+03 +1.244848451e+03 +4.5980e+00 +4.3498e+00 +2.0081e+00 +3.4263e+00 +4.7489e+00
3 0 +1.502837527e+01 +1.015028375e+03 +1.015028375e+03 -8.2965e-01 -8.2985e-01 +3.4469e+00 -4.9163e+00 -1.9060e-01
10 0 +1.453135757e+01 +1.014531358e+03 +1.014531358e+03 -5.2772e-01 -2.4776e+00 -2.7144e+00 +4.2829e-01 +2.9524e-01
17 0 +8.715360073e+00 +1.008715360e+03 +1.008715360e+03 -7.0586e-01 +1.5519e-01 +1.5978e+00 -4.2662e+00 -4.8797e+00
66 0 +4.865031213e+00 +1.004865031e+03 +1.004865031e+03 -4.4318e+00 -2.6692e+00 -2.2789e+00 -4.8839e+00 +1.6862e+00
129 0 +4.398110163e+00 +1.004398110e+03 +1.004398110e+03 -1.1111e+00 -1.8290e+00 +5.2304e-01 -1.6033e+00 -4.9593e-01
134 0 +3.735287156e+00 +1.003735287e+03 +1.003735287e+03 -1.5628e+00 -2.4515e+00 +3.7040e-01 -2.1490e+00 -8.3268e-01
156 0 +2.582389495e+00 +1.002582389e+03 +1.002582389e+03 -1.5099e+00 -2.4262e+00 +4.1645e-01 -2.1268e+00 -7.2617e-01
216 0 +2.225828159e+00 +1.002225828e+03 +1.002225828e+03 -1.5922e+00 -3.0363e+00 +5.6539e-01 -2.7686e+00 -9.4530e-01
312 0 +1.576404894e+00 +1.001576405e+03 +1.001576405e+03 -1.7801e+00 -2.9750e+00 +2.6870e-01 -2.9252e+00 -9.2973e-01
857 0 +1.530160841e+00 +1.001530161e+03 +1.001530161e+03 -1.5005e+00 -2.8597e+00 +3.4360e-01 -2.3917e+00 -6.7699e-01
904 0 +1.493231584e+00 +1.001493232e+03 +1.001493232e+03 -1.0889e+00 -3.2355e+00 +2.9829e-01 -2.3892e+00 -1.0253e+00
1205 0 +1.237971100e+00 +1.001237971e+03 +1.001237971e+03 -1.8701e+00 -3.0420e+00 +1.4343e-01 -2.6968e+00 -8.4543e-01
1404 0 +9.928072909e-01 +1.000992807e+03 +1.000992807e+03 -1.8783e+00 -3.0472e+00 +8.0765e-02 -2.6649e+00 -9.4927e-01
2405 0 +9.467036877e-01 +1.000946704e+03 +1.000946704e+03 -1.4001e+00 -3.5743e+00 +2.6327e-01 -2.0567e+00 -6.1362e-01
3210 0 +8.849937195e-01 +1.000884994e+03 +1.000884994e+03 -2.0921e+00 -3.2985e+00 -2.9626e-01 -2.6959e+00 -7.2745e-01
4125 0 +6.936194637e-01 +1.000693619e+03 +1.000693619e+03 -2.4004e+00 -2.9442e+00 -2.4124e-01 -3.0323e+00 -8.0370e-01
4604 0 +6.676825462e-01 +1.000667683e+03 +1.000667683e+03 -2.4919e+00 -3.0783e+00 -6.5249e-01 -2.8841e+00 -6.0447e-01
4701 0 +5.762276528e-01 +1.000576228e+03 +1.000576228e+03 -2.5398e+00 -3.1479e+00 -6.7825e-01 -2.9150e+00 -4.9819e-01
% f evaluations | g evaluations | best noise-free fitness - Fopt (-3.427000000000e+01) + sum g_i+ | measured fitness | best measured fitness or single-digit g-values | x1 | x2...
1 0 +2.506812582e+01 -9.201874176e+00 -9.201874176e+00 +3.3621e+00 -3.7372e+00 -1.1779e+00 -3.7410e+00 +1.4637e+00
2 0 +1.144840987e+01 -2.282159013e+01 -2.282159013e+01 +2.1376e+00 -1.8693e+00 +1.2461e+00 +7.2662e-01 +4.5970e+00
24 0 +1.072234214e+01 -2.354765786e+01 -2.354765786e+01 +1.4646e+00 +3.6237e+00 +1.9218e+00 +3.9738e+00 +3.7195e+00
28 0 +9.866440014e+00 -2.440355999e+01 -2.440355999e+01 +2.8410e+00 +2.7677e+00 -2.6527e+00 +1.3932e+00 +1.7590e-01
44 0 +5.568968395e+00 -2.870103160e+01 -2.870103160e+01 +3.6544e+00 +1.3106e+00 +1.6491e+00 +1.0422e-01 -1.3202e+00
128 0 +4.973681335e+00 -2.929631866e+01 -2.929631866e+01 +2.1572e+00 +2.8434e-01 +5.0678e-02 -2.4599e-01 -5.2571e-01
135 0 +3.545528024e+00 -3.072447198e+01 -3.072447198e+01 +7.8312e-01 +2.9908e-01 -1.2909e-01 -9.6372e-02 -2.0596e-01
138 0 +3.161896188e+00 -3.110810381e+01 -3.110810381e+01 +2.1898e+00 +3.1473e-01 -6.8255e-02 -3.4776e-01 -5.8189e-01
168 0 +2.442265726e+00 -3.182773427e+01 -3.182773427e+01 +2.1261e+00 +3.0243e-01 -9.5754e-02 -3.6090e-01 -5.5916e-01
429 0 +2.374437180e+00 -3.189556282e+01 -3.189556282e+01 +1.9634e+00 +2.8468e-01 -8.9393e-02 -2.8406e-01 -2.6356e-01
676 0 +2.178251928e+00 -3.209174807e+01 -3.209174807e+01 +2.4531e+00 +1.2726e-01 -9.9144e-03 -3.0853e-01 -4.3030e-01
706 0 +2.073185562e+00 -3.219681444e+01 -3.219681444e+01 +4.2302e+00 -4.7418e-01 -6.6652e-02 -5.5294e-01 -7.5452e-01
1003 0 +2.006943825e+00 -3.226305617e+01 -3.226305617e+01 +3.2107e+00 -2.3208e-01 +4.9079e-01 -3.8069e-01 -4.2735e-01
1222 0 +1.834916890e+00 -3.243508311e+01 -3.243508311e+01 +3.3706e+00 +5.5347e-02 +3.0934e-01 -2.1740e-01 -6.1243e-01
1269 0 +1.770724026e+00 -3.249927597e+01 -3.249927597e+01 +2.6234e+00 +1.9270e-02 +3.3397e-01 -3.4216e-01 -3.5855e-01
1407 0 +1.252078273e+00 -3.301792173e+01 -3.301792173e+01 +3.5967e+00 +9.3319e-02 +2.9079e-01 -4.2594e-01 -7.3470e-02
2401 0 +1.194846780e+00 -3.307515322e+01 -3.307515322e+01 +3.5220e+00 -2.7171e-01 +2.3271e-01 -1.9347e-01 -4.4217e-02
2923 0 +1.159961348e+00 -3.311003865e+01 -3.311003865e+01 +3.6068e+00 -2.7563e-01 +2.7028e-01 -7.9022e-01 -2.8077e-03
3001 0 +1.076170436e+00 -3.319382956e+01 -3.319382956e+01 +3.5839e+00 -1.0909e-01 +2.9999e-01 -8.7275e-01 +2.9598e-01
3405 0 +3.388360485e-01 -3.393116395e+01 -3.393116395e+01 +2.8622e+00 +2.1488e-01 +8.8427e-01 -1.4529e-01 +7.1007e-01
3501 0 +3.275250832e-01 -3.394247492e+01 -3.394247492e+01 +2.9243e+00 +2.2243e-01 +9.1299e-01 -2.5968e-01 +8.2539e-01
4306 0 +3.095838022e-01 -3.396041620e+01 -3.396041620e+01 +3.1466e+00 +3.2514e-01 +7.5186e-01 -2.5825e-01 +7.9871e-01
4309 0 +2.207025729e-01 -3.404929743e+01 -3.404929743e+01 +3.0305e+00 +3.6764e-01 +8.6061e-01 -2.6102e-01 +7.1095e-01
% f evaluations | g evaluations | best noise-free fitness - Fopt (1.000000000000e+03) + sum g_i+ | measured fitness | best measured fitness or single-digit g-values | x1 | x2...
1 0 +2.957739178e+01 +1.029577392e+03 +1.029577392e+03 -3.0886e+00 +3.7277e+00 +2.4805e+00 +2.5779e+00 -2.1340e+00
2 0 +1.296994373e+01 +1.012969944e+03 +1.012969944e+03 -2.0096e+00 +5.8872e-02 +1.2717e+00 -1.4645e+00 +4.4986e+00
6 0 +1.277499555e+01 +1.012774996e+03 +1.012774996e+03 -1.3452e+00 +4.0273e+00 -2.3740e+00 +4.1692e-01 -2.9254e+00
10 0 +1.133095539e+01 +1.011330955e+03 +1.011330955e+03 +3.4815e+00 -7.3475e-01 -2.4361e+00 -4.7589e-01 -4.8047e+00
13 0 +9.453607500e+00 +1.009453607e+03 +1.009453607e+03 +4.2644e+00 +1.8101e-01 -2.6554e+00 +2.4953e+00 -2.0990e+00
18 0 +2.373661819e+00 +1.002373662e+03 +1.002373662e+03 -2.8110e-01 +7.0073e-01 +1.5674e+00 -7.9024e-01 -7.3184e-01
101 0 +1.802941872e+00 +1.001802942e+03 +1.001802942e+03 -8.1853e-01 +2.8216e-01 +1.5530e+00 -8.0427e-01 -1.3406e+00
% f evaluations | g evaluations | best noise-free fitness - Fopt (-1.700300000000e+02) + sum g_i+ | measured fitness | best measured fitness or single-digit g-values | x1 | x2...
1 0 +2.420543924e+01 -1.458245608e+02 -1.458245608e+02 -6.7840e-01 -3.7867e+00 -1.9272e+00 -3.6611e-01 -1.8205e+00
3 0 +1.913460085e+01 -1.508953991e+02 -1.508953991e+02 -3.7281e+00 +1.5181e+00 +3.7192e+00 -8.3694e-01 +2.6415e+00
4 0 +1.182483702e+01 -1.582051630e+02 -1.582051630e+02 +1.8364e+00 +1.5192e+00 -2.1117e+00 -1.7959e-02 +4.4333e+00
10 0 +8.313562757e+00 -1.617164372e+02 -1.617164372e+02 -2.3809e+00 +1.2113e+00 -3.4268e+00 -1.1164e+00 -4.4176e+00
11 0 +7.229189432e+00 -1.628008106e+02 -1.628008106e+02 -3.1668e+00 +3.6839e+00 -3.7090e+00 -4.5325e-01 -1.1626e+00
128 0 +6.770700088e+00 -1.632592999e+02 -1.632592999e+02 -1.7440e+00 +1.7085e+00 -1.0704e+00 +2.1177e-02 +1.0757e+00
134 0 +6.542811335e+00 -1.634871887e+02 -1.634871887e+02 -8.0183e-01 +1.1343e+00 -8.2798e-01 +1.7180e-02 +6.3175e-01
149 0 +5.191949790e+00 -1.648380502e+02 -1.648380502e+02 -1.6774e+00 +1.7451e+00 -1.0818e+00 +2.2793e-01 +8.0932e-01
308 0 +4.821876005e+00 -1.652081240e+02 -1.652081240e+02 -1.7234e+00 +1.7189e+00 -1.2365e+00 -3.2489e-01 +1.4173e+00
788 0 +4.462340363e+00 -1.655676596e+02 -1.655676596e+02 -5.9592e-01 +4.3481e-01 -7.1583e-01 -5.6900e-02 +6.2572e-01
860 0 +4.105361392e+00 -1.659246386e+02 -1.659246386e+02 -5.3252e-01 +3.8831e-01 -5.2721e-01 +1.1176e-01 +5.5310e-01
1036 0 +3.757388564e+00 -1.662726114e+02 -1.662726114e+02 -5.0914e-01 +1.8588e-01 -5.0660e-01 +9.5694e-02 +5.2289e-01
% f evaluations | g evaluations | best noise-free fitness - Fopt (2.567000000000e+01) + sum g_i+ | measured fitness | best measured fitness or single-digit g-values | x1 | x2...
1 0 +7.382312736e+01 +9.949312736e+01 +9.949312736e+01 -3.9107e+00 +1.0465e+00 +4.8995e+00 +8.9229e-01 -4.7500e+00
3 0 +6.771425632e+01 +9.338425632e+01 +9.338425632e+01 +7.9112e-01 +3.9116e+00 -3.0846e+00 +3.9690e+00 +1.2899e+00
4 0 +6.117586517e+01 +8.684586517e+01 +8.684586517e+01 +2.3975e+00 +3.3774e+00 +4.7916e+00 +3.3303e+00 -2.7564e+00
5 0 +4.563150947e+01 +7.130150947e+01 +7.130150947e+01 +2.5783e+00 -4.2885e+00 -1.0504e+00 -1.5170e+00 -4.0257e+00
6 0 +3.295729340e+01 +5.862729340e+01 +5.862729340e+01 +1.0099e+00 +2.8146e+00 +4.0658e+00 -2.6963e+00 -2.5934e+00
7 0 +2.036696653e+01 +4.603696653e+01 +4.603696653e+01 -1.9692e+00 -4.3111e+00 -1.5167e+00 -5.5365e-01 -3.6250e+00
17 0 +1.104772481e+01 +3.671772481e+01 +3.671772481e+01 +2.4880e+00 -6.5222e-01 -2.0396e+00 -3.2983e+00 +3.8621e+00
47 0 +5.239651073e+00 +3.090965107e+01 +3.090965107e+01 -1.9987e+00 -3.2201e+00 +4.2482e-01 -1.9409e+00 -8.2360e-01
142 0 +3.849081457e+00 +2.951908146e+01 +2.951908146e+01 -1.1813e+00 -5.7168e-01 +3.9349e-01 -1.5174e+00 +3.5096e-01
202 0 +3.555598814e+00 +2.922559881e+01 +2.922559881e+01 -1.4270e+00 -6.5140e-01 +4.8839e-01 -1.6966e+00 +7.9964e-02
704 0 +2.594995499e+00 +2.826499550e+01 +2.826499550e+01 -1.3910e+00 -6.8537e-01 +6.0633e-01 -1.6585e+00 -2.7185e-01
2401 0 +2.511065984e+00 +2.818106598e+01 +2.818106598e+01 -1.5474e+00 -5.9383e-01 +6.8249e-01 -1.8397e+00 -5.2858e-01
2919 0 +2.414908794e+00 +2.808490879e+01 +2.808490879e+01 -1.1870e+00 -9.7819e-01 +6.6334e-01 -2.0664e+00 -3.8593e-01
3003 0 +2.045176039e+00 +2.771517604e+01 +2.771517604e+01 -6.8728e-01 -1.3587e+00 +1.2555e+00 -3.0938e+00 -2.6900e-01
3408 0 +1.991211656e+00 +2.766121166e+01 +2.766121166e+01 -9.8710e-01 -1.0778e+00 +8.4417e-01 -2.3342e+00 -2.9391e-01
3709 0 +1.856514094e+00 +2.752651409e+01 +2.752651409e+01 -2.7022e-02 -1.4180e+00 +1.8425e+00 -3.1412e+00 -3.5495e-01
3841 0 +1.635862123e+00 +2.730586212e+01 +2.730586212e+01 -5.4000e-01 -9.9778e-01 +1.1554e+00 -2.5728e+00 -2.7822e-01
4424 0 +1.492954406e+00 +2.716295441e+01 +2.716295441e+01 -5.4958e-01 -1.1607e+00 +9.6653e-01 -2.4157e+00 -1.9128e-01
4601 0 +1.394334729e+00 +2.706433473e+01 +2.706433473e+01 +6.6807e-01 -1.9411e+00 +1.7724e+00 -4.0016e+00 -1.3189e-01
4702 0 +1.314099501e+00 +2.698409950e+01 +2.698409950e+01 +1.7749e+00 -2.0223e+00 +1.3599e+00 -4.3661e+00 -3.0911e-01
4802 0 +8.124043270e-01 +2.648240433e+01 +2.648240433e+01 +5.1918e-02 -1.6554e+00 +1.2288e+00 -3.2478e+00 -2.3639e-01
% f evaluations | g evaluations | best noise-free fitness - Fopt (2.081800000000e+02) + sum g_i+ | measured fitness | best measured fitness or single-digit g-values | x1 | x2...
1 0 +6.950666924e+00 +2.151306669e+02 +2.151306669e+02 -2.3879e+00 +1.5294e-01 +3.3871e+00 -3.4175e+00 -3.0626e+00
40 0 +6.455837399e+00 +2.146358374e+02 +2.146358374e+02 +1.6735e+00 -2.9258e+00 -1.2358e+00 -3.0212e+00 -1.4681e+00
59 0 +6.180488005e+00 +2.143604880e+02 +2.143604880e+02 +4.2718e-01 -3.5230e+00 -2.9181e-01 -3.9577e+00 -2.1464e+00
114 0 +5.080296558e+00 +2.132602966e+02 +2.132602966e+02 -1.0595e+00 -4.1099e-01 +8.9715e-01 -2.1198e+00 -1.4234e+00
128 0 +4.374381409e+00 +2.125543814e+02 +2.125543814e+02 -6.9207e-01 -2.7941e+00 +6.1503e-01 -3.3187e-01 -9.8679e-01
137 0 +2.952635271e+00 +2.111326353e+02 +2.111326353e+02 -4.9403e-01 -1.8225e+00 +4.3281e-01 -1.8412e-01 -4.6406e-01
161 0 +2.707818228e+00 +2.108878182e+02 +2.108878182e+02 -4.9097e-01 -1.9265e+00 +5.7614e-01 -2.6037e-01 -6.0461e-01
901 0 +2.592719143e+00 +2.107727191e+02 +2.107727191e+02 -3.7849e-01 -1.8365e+00 +5.0725e-01 -3.0275e-01 -6.0976e-01
1003 0 +2.536797428e+00 +2.107167974e+02 +2.107167974e+02 -4.2667e-01 -2.2333e+00 +1.0696e+00 -7.5750e-01 -8.1695e-01
1702 0 +2.370504505e+00 +2.105505045e+02 +2.105505045e+02 -5.2594e-01 -2.0363e+00 +7.3418e-01 -6.8640e-01 -3.4850e-01
1710 0 +2.233229914e+00 +2.104132299e+02 +2.104132299e+02 -3.7588e-01 -1.7253e+00 +5.6698e-01 -6.3000e-01 -4.8783e-01
1909 0 +1.886490857e+00 +2.100664909e+02 +2.100664909e+02 -5.4233e-01 -1.8554e+00 +8.4238e-01 -6.4271e-01 -4.2468e-01
2110 0 +1.859587392e+00 +2.100395874e+02 +2.100395874e+02 -6.9321e-01 -2.4619e+00 +9.9302e-01 -1.1549e+00 -5.2687e-01
2307 0 +1.570251581e+00 +2.097502516e+02 +2.097502516e+02 -4.5724e-01 -2.0732e+00 +8.6071e-01 -1.0525e+00 -4.1301e-01
3616 0 +1.546873339e+00 +2.097268733e+02 +2.097268733e+02 -5.4327e-01 -1.7147e+00 +9.1326e-01 -9.9832e-01 -3.3806e-01
3704 0 +1.381215627e+00 +2.095612156e+02 +2.095612156e+02 -5.0016e-01 -1.8609e+00 +8.2803e-01 -1.1649e+00 -2.9724e-01
