% f evaluations | g evaluations | best noise-free fitness - Fopt (-4.620900000000e+02) + sum g_i+ | measured fitness | best measured fitness or single-digit g-values | x1 | x2...
1 0 +3.592108000e+03 +3.130018000e+03 +3.130018000e+03
10 0 +3.503969065e+03 +3.041879065e+03 +3.041879065e+03
16 0 +3.274163422e+03 +2.812073422e+03 +2.812073422e+03
21 0 +2.758179241e+03 +2.296089241e+03 +2.296089241e+03
26 0 +1.960073055e+03 +1.497983055e+03 +1.497983055e+03
126 0 +1.416804309e+03 +9.547143093e+02 +9.547143093e+02
127 0 +1.320592397e+03 +8.585023972e+02 +8.585023972e+02
135 0 +1.271185254e+03 +8.090952537e+02 +8.090952537e+02
202 0 +1.254587868e+03 +7.924978676e+02 +7.924978676e+02
401 0 +1.207815543e+03 +7.457255430e+02 +7.457255430e+02
519 0 +1.195170024e+03 +7.330800243e+02 +7.330800243e+02
1302 0 +1.129740826e+03 +6.676508259e+02 +6.676508259e+02
1604 0 +1.053640097e+03 +5.915500969e+02 +5.915500969e+02
2301 0 +1.043085471e+03 +5.809954706e+02 +5.809954706e+02
2805 0 +9.644858184e+02 +5.023958184e+02 +5.023958184e+02
3473 0 +9.512027388e+02 +4.891127388e+02 +4.891127388e+02
3494 0 +9.317238152e+02 +4.696338152e+02 +4.696338152e+02
3503 0 +9.116264416e+02 +4.495364416e+02 +4.495364416e+02
4101 0 +8.759360655e+02 +4.138460655e+02 +4.138460655e+02
4303 0 +8.572745083e+02 +3.951845083e+02 +3.951845083e+02
4501 0 +8.490891586e+02 +3.869991586e+02 +3.869991586e+02
4701 0 +7.978281673e+02 +3.357381673e+02 +3.357381673e+02
4801 0 +7.616849678e+02 +2.995949678e+02 +2.995949678e+02
6180 0 +7.527980219e+02 +2.907080219e+02 +2.907080219e+02
6508 0 +7.384608240e+02 +2.763708240e+02 +2.763708240e+02
7020 0 +7.040475757e+02 +2.419575757e+02 +2.419575757e+02
7901 0 +6.719329094e+02 +2.098429094e+02 +2.098429094e+02
11306 0 +6.531926576e+02 +1.911026576e+02 +1.911026576e+02
11602 0 +6.411952894e+02 +1.791052894e+02 +1.791052894e+02
11706 0 +6.094654443e+02 +1.473754443e+02 +1.473754443e+02
12923 0 +5.775511702e+02 +1.154611702e+02 +1.154611702e+02
13605 0 +5.568703321e+02 +9.478033208e+01 +9.478033208e+01
13710 0 +5.385250646e+02 +7.643506462e+01 +7.643506462e+01
17715 0 +5.284135636e+02 +6.632356360e+01 +6.632356360e+01
18409 0 +5.219054150e+02 +5.981541503e+01 +5.981541503e+01
20606 0 +5.082736166e+02 +4.618361665e+01 +4.618361665e+01
20939 0 +4.972931625e+02 +3.520316254e+01 +3.520316254e+01
21022 0 +4.793862216e+02 +1.729622161e+01 +1.729622161e+01
21701 0 +4.711554687e+02 +9.065468722e+00 +9.065468722e+00
21819 0 +4.647343220e+02 +2.644322042e+00 +2.644322042e+00
26134 0 +4.561408736e+02 -5.949126383e+00 -5.949126383e+00
30501 0 +4.334817116e+02 -2.860828836e+01 -2.860828836e+01
36735 0 +4.162455033e+02 -4.584449666e+01 -4.584449666e+01
38901 0 +3.669533296e+02 -9.513667045e+01 -9.513667045e+01
% f evaluations | g evaluations | best noise-free fitness - Fopt (7.766000000000e+01) + sum g_i+ | measured fitness | best measured fitness or single-digit g-values | x1 | x2...
1 0 +8.092760212e+03 +8.170420212e+03 +8.170420212e+03
2 0 +4.642795065e+03 +4.720455065e+03 +4.720455065e+03
3 0 +3.009192641e+03 +3.086852641e+03 +3.086852641e+03
6 0 +2.450289093e+03 +2.527949093e+03 +2.527949093e+03
25 0 +1.747067175e+03 +1.824727175e+03 +1.824727175e+03
126 0 +1.430160165e+03 +1.507820165e+03 +1.507820165e+03
127 0 +1.409845024e+03 +1.487505024e+03 +1.487505024e+03
153 0 +1.373197573e+03 +1.450857573e+03 +1.450857573e+03
182 0 +1.281636234e+03 +1.359296234e+03 +1.359296234e+03
201 0 +1.257490114e+03 +1.335150114e+03 +1.335150114e+03
909 0 +1.212568498e+03 +1.290228498e+03 +1.290228498e+03
1442 0 +1.153457464e+03 +1.231117464e+03 +1.231117464e+03
1701 0 +1.100390170e+03 +1.178050170e+03 +1.178050170e+03
1801 0 +1.084638331e+03 +1.162298331e+03 +1.162298331e+03
2201 0 +1.037383670e+03 +1.115043670e+03 +1.115043670e+03
2405 0 +9.891267293e+02 +1.066786729e+03 +1.066786729e+03
2704 0 +9.626922708e+02 +1.040352271e+03 +1.040352271e+03
2904 0 +9.449026362e+02 +1.022562636e+03 +1.022562636e+03
3309 0 +9.086122123e+02 +9.862722123e+02 +9.862722123e+02
3712 0 +8.779211152e+02 +9.555811152e+02 +9.555811152e+02
4514 0 +8.706128887e+02 +9.482728887e+02 +9.482728887e+02
4827 0 +8.472280491e+02 +9.248880491e+02 +9.248880491e+02
5203 0 +7.296672208e+02 +8.073272208e+02 +8.073272208e+02
6001 0 +7.214188094e+02 +7.990788094e+02 +7.990788094e+02
6712 0 +6.947114369e+02 +7.723714369e+02 +7.723714369e+02
7501 0 +6.907112704e+02 +7.683712704e+02 +7.683712704e+02
8104 0 +6.161995874e+02 +6.938595874e+02 +6.938595874e+02
9277 0 +5.977840111e+02 +6.754440111e+02 +6.754440111e+02
9508 0 +5.817421798e+02 +6.594021798e+02 +6.594021798e+02
9902 0 +5.535012134e+02 +6.311612134e+02 +6.311612134e+02
10201 0 +5.474205714e+02 +6.250805714e+02 +6.250805714e+02
10457 0 +5.267638654e+02 +6.044238654e+02 +6.044238654e+02
12301 0 +5.237113865e+02 +6.013713865e+02 +6.013713865e+02
14805 0 +5.112641885e+02 +5.889241885e+02 +5.889241885e+02
15502 0 +4.661569570e+02 +5.438169570e+02 +5.438169570e+02
18707 0 +4.568783203e+02 +5.345383203e+02 +5.345383203e+02
19411 0 +4.202450132e+02 +4.979050132e+02 +4.979050132e+02
20301 0 +3.818746759e+02 +4.595346759e+02 +4.595346759e+02
27004 0 +3.749664781e+02 +4.526264781e+02 +4.526264781e+02
27514 0 +3.612220479e+02 +4.388820479e+02 +4.388820479e+02
29802 0 +3.242465505e+02 +4.019065505e+02 +4.019065505e+02
30344 0 +3.235328954e+02 +4.011928954e+02 +4.011928954e+02
% f evaluations | g evaluations | best noise-free fitness - Fopt (1.156800000000e+02) + sum g_i+ | measured fitness | best measured fitness or single-digit g-values | x1 | x2...
1 0 +3.881019670e+03 +3.996699670e+03 +3.996699670e+03
8 0 +3.456144851e+03 +3.571824851e+03 +3.571824851e+03
20 0 +2.176482776e+03 +2.292162776e+03 +2.292162776e+03
126 0 +1.675666409e+03 +1.791346409e+03 +1.791346409e+03
127 0 +1.641658076e+03 +1.757338076e+03 +1.757338076e+03
130 0 +1.581251189e+03 +1.696931189e+03 +1.696931189e+03
175 0 +1.543673337e+03 +1.659353337e+03 +1.659353337e+03
278 0 +1.451163873e+03 +1.566843873e+03 +1.566843873e+03
301 0 +1.427380023e+03 +1.543060023e+03 +1.543060023e+03
704 0 +1.402890528e+03 +1.518570528e+03 +1.518570528e+03
801 0 +1.361082424e+03 +1.476762424e+03 +1.476762424e+03
1005 0 +1.323580782e+03 +1.439260782e+03 +1.439260782e+03
1101 0 +1.304833952e+03 +1.420513952e+03 +1.420513952e+03
1602 0 +1.238437508e+03 +1.354117508e+03 +1.354117508e+03
2802 0 +1.229315130e+03 +1.344995130e+03 +1.344995130e+03
2815 0 +1.200079553e+03 +1.315759553e+03 +1.315759553e+03
3134 0 +1.170681550e+03 +1.286361550e+03 +1.286361550e+03
4012 0 +1.146582675e+03 +1.262262675e+03 +1.262262675e+03
4501 0 +1.059259655e+03 +1.174939655e+03 +1.174939655e+03
6604 0 +1.010609598e+03 +1.126289598e+03 +1.126289598e+03
6962 0 +9.895163200e+02 +1.105196320e+03 +1.105196320e+03
7401 0 +9.680665221e+02 +1.083746522e+03 +1.083746522e+03
7501 0 +9.432371912e+02 +1.058917191e+03 +1.058917191e+03
8019 0 +8.999089534e+02 +1.015588953e+03 +1.015588953e+03
9001 0 +8.785286599e+02 +9.942086599e+02 +9.942086599e+02
9302 0 +8.308183422e+02 +9.464983422e+02 +9.464983422e+02
9801 0 +8.061070446e+02 +9.217870446e+02 +9.217870446e+02
10206 0 +7.871213832e+02 +9.028013832e+02 +9.028013832e+02
10401 0 +7.727962644e+02 +8.884762644e+02 +8.884762644e+02
10805 0 +7.504727932e+02 +8.661527932e+02 +8.661527932e+02
11601 0 +7.190259641e+02 +8.347059641e+02 +8.347059641e+02
11814 0 +6.871021656e+02 +8.027821656e+02 +8.027821656e+02
12403 0 +6.691409283e+02 +7.848209283e+02 +7.848209283e+02
12673 0 +6.587599784e+02 +7.744399784e+02 +7.744399784e+02
13131 0 +6.322069064e+02 +7.478869064e+02 +7.478869064e+02
13150 0 +6.207677813e+02 +7.364477813e+02 +7.364477813e+02
13471 0 +6.018650594e+02 +7.175450594e+02 +7.175450594e+02
15504 0 +5.783158920e+02 +6.939958920e+02 +6.939958920e+02
16424 0 +5.617741943e+02 +6.774541943e+02 +6.774541943e+02
20511 0 +5.260874278e+02 +6.417674278e+02 +6.417674278e+02
27003 0 +5.039520233e+02 +6.196320233e+02 +6.196320233e+02
27106 0 +4.991456854e+02 +6.148256854e+02 +6.148256854e+02
28001 0 +4.887652099e+02 +6.044452099e+02 +6.044452099e+02
28106 0 +4.765497669e+02 +5.922297669e+02 +5.922297669e+02
28490 0 +4.465034503e+02 +5.621834503e+02 +5.621834503e+02
32901 0 +4.360542095e+02 +5.517342095e+02 +5.517342095e+02
33102 0 +4.219848089e+02 +5.376648089e+02 +5.376648089e+02
37220 0 +4.082216571e+02 +5.239016571e+02 +5.239016571e+02
37914 0 +4.048605002e+02 +5.205405002e+02 +5.205405002e+02
% f evaluations | g evaluations | best noise-free fitness - Fopt (-3.710000000000e+00) + sum g_i+ | measured fitness | best measured fitness or single-digit g-values | x1 | x2...
1 0 +3.560293837e+03 +3.556583837e+03 +3.556583837e+03
2 0 +2.707008559e+03 +2.703298559e+03 +2.703298559e+03
3 0 +2.599615718e+03 +2.595905718e+03 +2.595905718e+03
7 0 +1.794987291e+03 +1.791277291e+03 +1.791277291e+03
62 0 +1.768124880e+03 +1.764414880e+03 +1.764414880e+03
126 0 +1.266147222e+03 +1.262437222e+03 +1.262437222e+03
128 0 +1.225791814e+03 +1.222081814e+03 +1.222081814e+03
134 0 +1.153993770e+03 +1.150283770e+03 +1.150283770e+03
135 0 +1.144696973e+03 +1.140986973e+03 +1.140986973e+03
215 0 +1.116228349e+03 +1.112518349e+03 +1.112518349e+03
704 0 +1.095987658e+03 +1.092277658e+03 +1.092277658e+03
803 0 +1.057296618e+03 +1.053586618e+03 +1.053586618e+03
1101 0 +1.037100271e+03 +1.033390271e+03 +1.033390271e+03
1209 0 +9.833778879e+02 +9.796678879e+02 +9.796678879e+02
1503 0 +9.678764239e+02 +9.641664239e+02 +9.641664239e+02
3318 0 +9.351459741e+02 +9.314359741e+02 +9.314359741e+02
3613 0 +9.118826036e+02 +9.081726036e+02 +9.081726036e+02
4201 0 +8.848038841e+02 +8.810938841e+02 +8.810938841e+02
4411 0 +8.558757733e+02 +8.521657733e+02 +8.521657733e+02
5611 0 +8.322600348e+02 +8.285500348e+02 +8.285500348e+02
5702 0 +8.265709567e+02 +8.228609567e+02 +8.228609567e+02
5901 0 +8.109104248e+02 +8.072004248e+02 +8.072004248e+02
6122 0 +7.900631902e+02 +7.863531902e+02 +7.863531902e+02
6302 0 +7.696510196e+02 +7.659410196e+02 +7.659410196e+02
6310 0 +7.434237909e+02 +7.397137909e+02 +7.397137909e+02
6605 0 +7.298937200e+02 +7.261837200e+02 +7.261837200e+02
6713 0 +6.972681976e+02 +6.935581976e+02 +6.935581976e+02
7004 0 +6.722139582e+02 +6.685039582e+02 +6.685039582e+02
7101 0 +6.534485073e+02 +6.497385073e+02 +6.497385073e+02
7103 0 +6.347691148e+02 +6.310591148e+02 +6.310591148e+02
9808 0 +6.276149916e+02 +6.239049916e+02 +6.239049916e+02
11009 0 +5.928378376e+02 +5.891278376e+02 +5.891278376e+02
11471 0 +5.863139901e+02 +5.826039901e+02 +5.826039901e+02
12195 0 +5.647548730e+02 +5.610448730e+02 +5.610448730e+02
12702 0 +5.537145809e+02 +5.500045809e+02 +5.500045809e+02
14153 0 +5.152249215e+02 +5.115149215e+02 +5.115149215e+02
15369 0 +5.088535986e+02 +5.051435986e+02 +5.051435986e+02
16806 0 +4.995987744e+02 +4.958887744e+02 +4.958887744e+02
16901 0 +4.886556320e+02 +4.849456320e+02 +4.849456320e+02
17203 0 +4.770004449e+02 +4.732904449e+02 +4.732904449e+02
21303 0 +4.339697399e+02 +4.302597399e+02 +4.302597399e+02
% f evaluations | g evaluations | best noise-free fitness - Fopt (1.321800000000e+02) + sum g_i+ | measured fitness | best measured fitness or single-digit g-values | x1 | x2...
1 0 +9.912630487e+03 +1.004481049e+04 +1.004481049e+04
2 0 +5.582252685e+03 +5.714432685e+03 +5.714432685e+03
5 0 +2.724834048e+03 +2.857014048e+03 +2.857014048e+03
33 0 +2.512810651e+03 +2.644990651e+03 +2.644990651e+03
67 0 +2.461085279e+03 +2.593265279e+03 +2.593265279e+03
126 0 +2.041092783e+03 +2.173272783e+03 +2.173272783e+03
127 0 +1.618291316e+03 +1.750471316e+03 +1.750471316e+03
129 0 +1.383279667e+03 +1.515459667e+03 +1.515459667e+03
204 0 +1.376045748e+03 +1.508225748e+03 +1.508225748e+03
312 0 +1.339357095e+03 +1.471537095e+03 +1.471537095e+03
403 0 +1.300851661e+03 +1.433031661e+03 +1.433031661e+03
704 0 +1.252136525e+03 +1.384316525e+03 +1.384316525e+03
1103 0 +1.129039934e+03 +1.261219934e+03 +1.261219934e+03
2003 0 +1.060949530e+03 +1.193129530e+03 +1.193129530e+03
2401 0 +9.570517148e+02 +1.089231715e+03 +1.089231715e+03
3301 0 +9.197195544e+02 +1.051899554e+03 +1.051899554e+03
3502 0 +9.107466120e+02 +1.042926612e+03 +1.042926612e+03
4001 0 +8.830702393e+02 +1.015250239e+03 +1.015250239e+03
4301 0 +8.449734693e+02 +9.771534693e+02 +9.771534693e+02
4854 0 +8.153852545e+02 +9.475652545e+02 +9.475652545e+02
4902 0 +7.804628640e+02 +9.126428640e+02 +9.126428640e+02
5001 0 +7.531006482e+02 +8.852806482e+02 +8.852806482e+02
5101 0 +7.222731606e+02 +8.544531606e+02 +8.544531606e+02
6901 0 +7.059134690e+02 +8.380934690e+02 +8.380934690e+02
7254 0 +6.897088590e+02 +8.218888590e+02 +8.218888590e+02
8001 0 +6.758382202e+02 +8.080182202e+02 +8.080182202e+02
9202 0 +6.578111281e+02 +7.899911281e+02 +7.899911281e+02
10216 0 +6.411830467e+02 +7.733630467e+02 +7.733630467e+02
10301 0 +6.294874826e+02 +7.616674826e+02 +7.616674826e+02
10302 0 +6.129356558e+02 +7.451156558e+02 +7.451156558e+02
10707 0 +5.938672195e+02 +7.260472195e+02 +7.260472195e+02
11912 0 +5.815799495e+02 +7.137599495e+02 +7.137599495e+02
12905 0 +5.744630649e+02 +7.066430649e+02 +7.066430649e+02
13488 0 +5.478094521e+02 +6.799894521e+02 +6.799894521e+02
14901 0 +5.296158830e+02 +6.617958830e+02 +6.617958830e+02
15415 0 +5.152082957e+02 +6.473882957e+02 +6.473882957e+02
19064 0 +5.003498439e+02 +6.325298439e+02 +6.325298439e+02
20551 0 +4.842097539e+02 +6.163897539e+02 +6.163897539e+02
22421 0 +4.737295009e+02 +6.059095009e+02 +6.059095009e+02
23606 0 +4.415055425e+02 +5.736855425e+02 +5.736855425e+02
24215 0 +4.341762811e+02 +5.663562811e+02 +5.663562811e+02
29707 0 +4.025305711e+02 +5.347105711e+02 +5.347105711e+02
31006 0 +3.908093547e+02 +5.229893547e+02 +5.229893547e+02
31107 0 +3.888944994e+02 +5.210744994e+02 +5.210744994e+02
33302 0 +3.766783775e+02 +5.088583775e+02 +5.088583775e+02
34701 0 +3.612360839e+02 +4.934160839e+02 +4.934160839e+02
% f evaluations | g evaluations | best noise-free fitness - Fopt (1.104800000000e+02) + sum g_i+ | measured fitness | best measured fitness or single-digit g-values | x1 | x2...
1 0 +4.175152313e+03 +4.285632313e+03 +4.285632313e+03
8 0 +3.034861345e+03 +3.145341345e+03 +3.145341345e+03
23 0 +2.946843985e+03 +3.057323985e+03 +3.057323985e+03
29 0 +2.687807330e+03 +2.798287330e+03 +2.798287330e+03
43 0 +2.041784258e+03 +2.152264258e+03 +2.152264258e+03
126 0 +1.349320247e+03 +1.459800247e+03 +1.459800247e+03
127 0 +1.283254424e+03 +1.393734424e+03 +1.393734424e+03
159 0 +1.253450855e+03 +1.363930855e+03 +1.363930855e+03
161 0 +1.229889629e+03 +1.340369629e+03 +1.340369629e+03
179 0 +1.201934579e+03 +1.312414579e+03 +1.312414579e+03
601 0 +1.162070700e+03 +1.272550700e+03 +1.272550700e+03
816 0 +1.137284304e+03 +1.247764304e+03 +1.247764304e+03
1704 0 +1.110455717e+03 +1.220935717e+03 +1.220935717e+03
1825 0 +1.083673259e+03 +1.194153259e+03 +1.194153259e+03
1921 0 +1.055981004e+03 +1.166461004e+03 +1.166461004e+03
2401 0 +1.021343964e+03 +1.131823964e+03 +1.131823964e+03
2501 0 +9.930889363e+02 +1.103568936e+03 +1.103568936e+03
3304 0 +9.649339276e+02 +1.075413928e+03 +1.075413928e+03
3901 0 +9.173247930e+02 +1.027804793e+03 +1.027804793e+03
4404 0 +8.995793176e+02 +1.010059318e+03 +1.010059318e+03
4902 0 +8.691130572e+02 +9.795930572e+02 +9.795930572e+02
5403 0 +8.391987574e+02 +9.496787574e+02 +9.496787574e+02
5501 0 +7.925870058e+02 +9.030670058e+02 +9.030670058e+02
5601 0 +7.298735288e+02 +8.403535288e+02 +8.403535288e+02
7313 0 +7.208858132e+02 +8.313658132e+02 +8.313658132e+02
7904 0 +6.895820359e+02 +8.000620359e+02 +8.000620359e+02
8138 0 +6.558845256e+02 +7.663645256e+02 +7.663645256e+02
9002 0 +6.454389961e+02 +7.559189961e+02 +7.559189961e+02
9020 0 +6.192622917e+02 +7.297422917e+02 +7.297422917e+02
9101 0 +6.023697996e+02 +7.128497996e+02 +7.128497996e+02
9304 0 +5.774818561e+02 +6.879618561e+02 +6.879618561e+02
9902 0 +5.466420228e+02 +6.571220228e+02 +6.571220228e+02
10806 0 +5.311620786e+02 +6.416420786e+02 +6.416420786e+02
11422 0 +4.884987700e+02 +5.989787700e+02 +5.989787700e+02
13130 0 +4.765319313e+02 +5.870119313e+02 +5.870119313e+02
14602 0 +4.511813247e+02 +5.616613247e+02 +5.616613247e+02
14805 0 +4.302329596e+02 +5.407129596e+02 +5.407129596e+02
20505 0 +4.246472233e+02 +5.351272233e+02 +5.351272233e+02
24639 0 +4.122020726e+02 +5.226820726e+02 +5.226820726e+02
28827 0 +3.974596004e+02 +5.079396004e+02 +5.079396004e+02
% f evaluations | g evaluations | best noise-free fitness - Fopt (-1.509000000000e+01) + sum g_i+ | measured fitness | best measured fitness or single-digit g-values | x1 | x2...
1 0 +3.286691326e+03 +3.271601326e+03 +3.271601326e+03
4 0 +3.154492299e+03 +3.139402299e+03 +3.139402299e+03
5 0 +2.633545562e+03 +2.618455562e+03 +2.618455562e+03
21 0 +2.262195760e+03 +2.247105760e+03 +2.247105760e+03
62 0 +2.134349095e+03 +2.119259095e+03 +2.119259095e+03
95 0 +1.746288037e+03 +1.731198037e+03 +1.731198037e+03
126 0 +1.237665637e+03 +1.222575637e+03 +1.222575637e+03
127 0 +1.215758931e+03 +1.200668931e+03 +1.200668931e+03
143 0 +1.186515991e+03 +1.171425991e+03 +1.171425991e+03
203 0 +1.143951253e+03 +1.128861253e+03 +1.128861253e+03
402 0 +1.101665766e+03 +1.086575766e+03 +1.086575766e+03
403 0 +1.085386669e+03 +1.070296669e+03 +1.070296669e+03
601 0 +1.053297513e+03 +1.038207513e+03 +1.038207513e+03
805 0 +1.013542372e+03 +9.984523717e+02 +9.984523717e+02
1001 0 +9.814102966e+02 +9.663202966e+02 +9.663202966e+02
1003 0 +9.221181670e+02 +9.070281670e+02 +9.070281670e+02
2401 0 +9.032765729e+02 +8.881865729e+02 +8.881865729e+02
3006 0 +8.879607946e+02 +8.728707946e+02 +8.728707946e+02
3450 0 +8.661990776e+02 +8.511090776e+02 +8.511090776e+02
4003 0 +8.325575928e+02 +8.174675928e+02 +8.174675928e+02
4301 0 +8.234705384e+02 +8.083805384e+02 +8.083805384e+02
4722 0 +8.003725498e+02 +7.852825498e+02 +7.852825498e+02
4805 0 +6.599251692e+02 +6.448351692e+02 +6.448351692e+02
5801 0 +6.114726432e+02 +5.963826432e+02 +5.963826432e+02
7603 0 +5.976622218e+02 +5.825722218e+02 +5.825722218e+02
11001 0 +5.575757647e+02 +5.424857647e+02 +5.424857647e+02
18312 0 +5.299745551e+02 +5.148845551e+02 +5.148845551e+02
18603 0 +5.098377628e+02 +4.947477628e+02 +4.947477628e+02
20707 0 +4.959135846e+02 +4.808235846e+02 +4.808235846e+02
26002 0 +4.886851379e+02 +4.735951379e+02 +4.735951379e+02
26878 0 +4.708035718e+02 +4.557135718e+02 +4.557135718e+02
27301 0 +4.668927806e+02 +4.518027806e+02 +4.518027806e+02
35810 0 +4.562305110e+02 +4.411405110e+02 +4.411405110e+02
38105 0 +4.341433030e+02 +4.190533030e+02 +4.190533030e+02
39302 0 +4.235752148e+02 +4.084852148e+02 +4.084852148e+02
% f evaluations | g evaluations | best noise-free fitness - Fopt (-1.583000000000e+02) + sum g_i+ | measured fitness | best measured fitness or single-digit g-values | x1 | x2...
1 0 +9.180986309e+03 +9.022686309e+03 +9.022686309e+03
2 0 +7.669588732e+03 +7.511288732e+03 +7.511288732e+03
5 0 +3.451022987e+03 +3.292722987e+03 +3.292722987e+03
55 0 +3.187845320e+03 +3.029545320e+03 +3.029545320e+03
126 0 +1.702667594e+03 +1.544367594e+03 +1.544367594e+03
128 0 +1.631473080e+03 +1.473173080e+03 +1.473173080e+03
130 0 +1.590836407e+03 +1.432536407e+03 +1.432536407e+03
131 0 +1.512706113e+03 +1.354406113e+03 +1.354406113e+03
155 0 +1.474426398e+03 +1.316126398e+03 +1.316126398e+03
208 0 +1.440460424e+03 +1.282160424e+03 +1.282160424e+03
701 0 +1.400460283e+03 +1.242160283e+03 +1.242160283e+03
901 0 +1.338223738e+03 +1.179923738e+03 +1.179923738e+03
909 0 +1.306974370e+03 +1.148674370e+03 +1.148674370e+03
1501 0 +1.235410049e+03 +1.077110049e+03 +1.077110049e+03
1801 0 +1.204646917e+03 +1.046346917e+03 +1.046346917e+03
1902 0 +1.200806108e+03 +1.042506108e+03 +1.042506108e+03
2101 0 +1.154654464e+03 +9.963544643e+02 +9.963544643e+02
2104 0 +1.136194298e+03 +9.778942985e+02 +9.778942985e+02
2602 0 +1.120554575e+03 +9.622545755e+02 +9.622545755e+02
3001 0 +1.085201896e+03 +9.269018957e+02 +9.269018957e+02
3201 0 +1.070997845e+03 +9.126978450e+02 +9.126978450e+02
3505 0 +1.030690601e+03 +8.723906007e+02 +8.723906007e+02
3604 0 +1.018978519e+03 +8.606785193e+02 +8.606785193e+02
3805 0 +9.998302831e+02 +8.415302831e+02 +8.415302831e+02
4601 0 +9.576452293e+02 +7.993452293e+02 +7.993452293e+02
5210 0 +9.476027911e+02 +7.893027911e+02 +7.893027911e+02
5301 0 +8.978420983e+02 +7.395420983e+02 +7.395420983e+02
6524 0 +8.758386606e+02 +7.175386606e+02 +7.175386606e+02
6621 0 +8.524905670e+02 +6.941905670e+02 +6.941905670e+02
7105 0 +8.192944570e+02 +6.609944570e+02 +6.609944570e+02
8107 0 +8.031297371e+02 +6.448297371e+02 +6.448297371e+02
8402 0 +7.873022380e+02 +6.290022380e+02 +6.290022380e+02
8424 0 +7.695166300e+02 +6.112166300e+02 +6.112166300e+02
8615 0 +7.578383561e+02 +5.995383561e+02 +5.995383561e+02
8703 0 +7.391795614e+02 +5.808795614e+02 +5.808795614e+02
9164 0 +7.127267565e+02 +5.544267565e+02 +5.544267565e+02
9302 0 +6.872710707e+02 +5.289710707e+02 +5.289710707e+02
9314 0 +6.748698292e+02 +5.165698292e+02 +5.165698292e+02
10046 0 +6.593890056e+02 +5.010890056e+02 +5.010890056e+02
12312 0 +6.433945555e+02 +4.850945555e+02 +4.850945555e+02
12903 0 +6.202293068e+02 +4.619293068e+02 +4.619293068e+02
12953 0 +6.126376885e+02 +4.543376885e+02 +4.543376885e+02
13826 0 +5.902863191e+02 +4.319863191e+02 +4.319863191e+02
16846 0 +5.794295523e+02 +4.211295523e+02 +4.211295523e+02
17001 0 +5.696234596e+02 +4.113234596e+02 +4.113234596e+02
18309 0 +5.602853430e+02 +4.019853430e+02 +4.019853430e+02
18668 0 +5.372886981e+02 +3.789886981e+02 +3.789886981e+02
20088 0 +5.332292071e+02 +3.749292071e+02 +3.749292071e+02
20320 0 +5.140266191e+02 +3.557266191e+02 +3.557266191e+02
26599 0 +5.105507616e+02 +3.522507616e+02 +3.522507616e+02
31704 0 +4.981832935e+02 +3.398832935e+02 +3.398832935e+02
33905 0 +4.661518791e+02 +3.078518791e+02 +3.078518791e+02
35723 0 +4.354450065e+02 +2.771450065e+02 +2.771450065e+02
% f evaluations | g evaluations | best noise-free fitness - Fopt (-4.071000000000e+01) + sum g_i+ | measured fitness | best measured fitness or single-digit g-values | x1 | x2...
1 0 +2.302972713e+03 +2.262262713e+03 +2.262262713e+03
126 0 +1.292095541e+03 +1.251385541e+03 +1.251385541e+03
137 0 +1.265309931e+03 +1.224599931e+03 +1.224599931e+03
138 0 +1.236339379e+03 +1.195629379e+03 +1.195629379e+03
182 0 +1.207437930e+03 +1.166727930e+03 +1.166727930e+03
206 0 +1.187716972e+03 +1.147006972e+03 +1.147006972e+03
217 0 +1.174427950e+03 +1.133717950e+03 +1.133717950e+03
505 0 +1.131643775e+03 +1.090933775e+03 +1.090933775e+03
712 0 +1.112842935e+03 +1.072132935e+03 +1.072132935e+03
902 0 +1.088127937e+03 +1.047417937e+03 +1.047417937e+03
1180 0 +1.061857951e+03 +1.021147951e+03 +1.021147951e+03
1504 0 +1.032050873e+03 +9.913408727e+02 +9.913408727e+02
1802 0 +1.020047386e+03 +9.793373865e+02 +9.793373865e+02
2304 0 +9.879927333e+02 +9.472827333e+02 +9.472827333e+02
2802 0 +8.746054097e+02 +8.338954097e+02 +8.338954097e+02
3601 0 +8.668983915e+02 +8.261883915e+02 +8.261883915e+02
4117 0 +8.474193930e+02 +8.067093930e+02 +8.067093930e+02
4812 0 +8.185739197e+02 +7.778639197e+02 +7.778639197e+02
5301 0 +7.959647125e+02 +7.552547125e+02 +7.552547125e+02
5811 0 +7.530656083e+02 +7.123556083e+02 +7.123556083e+02
6002 0 +7.282853732e+02 +6.875753732e+02 +6.875753732e+02
6187 0 +7.155573225e+02 +6.748473225e+02 +6.748473225e+02
6233 0 +6.985008516e+02 +6.577908516e+02 +6.577908516e+02
7492 0 +6.734809438e+02 +6.327709438e+02 +6.327709438e+02
8623 0 +6.590117029e+02 +6.183017029e+02 +6.183017029e+02
10101 0 +6.362466664e+02 +5.955366664e+02 +5.955366664e+02
10113 0 +6.204920915e+02 +5.797820915e+02 +5.797820915e+02
12403 0 +6.080509565e+02 +5.673409565e+02 +5.673409565e+02
13224 0 +5.961797193e+02 +5.554697193e+02 +5.554697193e+02
14101 0 +5.662415857e+02 +5.255315857e+02 +5.255315857e+02
14243 0 +5.590008474e+02 +5.182908474e+02 +5.182908474e+02
14801 0 +5.427851340e+02 +5.020751340e+02 +5.020751340e+02
18909 0 +5.318868992e+02 +4.911768992e+02 +4.911768992e+02
19103 0 +5.195772212e+02 +4.788672212e+02 +4.788672212e+02
19287 0 +4.892606264e+02 +4.485506264e+02 +4.485506264e+02
23701 0 +4.779883835e+02 +4.372783835e+02 +4.372783835e+02
26226 0 +4.605120285e+02 +4.198020285e+02 +4.198020285e+02
26701 0 +4.421166770e+02 +4.014066770e+02 +4.014066770e+02
28619 0 +4.268529913e+02 +3.861429913e+02 +3.861429913e+02
30901 0 +3.919283368e+02 +3.512183368e+02 +3.512183368e+02
35422 0 +3.850889915e+02 +3.443789915e+02 +3.443789915e+02
38964 0 +3.313283588e+02 +2.906183588e+02 +2.906183588e+02
% f evaluations | g evaluations | best noise-free fitness - Fopt (8.139000000000e+01) + sum g_i+ | measured fitness | best measured fitness or single-digit g-values | x1 | x2...
1 0 +4.986189845e+03 +5.067579845e+03 +5.067579845e+03
3 0 +3.080094181e+03 +3.161484181e+03 +3.161484181e+03
8 0 +2.450505111e+03 +2.531895111e+03 +2.531895111e+03
33 0 +1.865851235e+03 +1.947241235e+03 +1.947241235e+03
126 0 +1.378901831e+03 +1.460291831e+03 +1.460291831e+03
127 0 +1.275719660e+03 +1.357109660e+03 +1.357109660e+03
132 0 +1.205171472e+03 +1.286561472e+03 +1.286561472e+03
147 0 +1.160913319e+03 +1.242303319e+03 +1.242303319e+03
303 0 +1.140113117e+03 +1.221503117e+03 +1.221503117e+03
404 0 +1.111519548e+03 +1.192909548e+03 +1.192909548e+03
605 0 +1.067082053e+03 +1.148472053e+03 +1.148472053e+03
902 0 +1.034887523e+03 +1.116277523e+03 +1.116277523e+03
1103 0 +9.965968806e+02 +1.077986881e+03 +1.077986881e+03
2443 0 +9.747552333e+02 +1.056145233e+03 +1.056145233e+03
3205 0 +9.537136365e+02 +1.035103637e+03 +1.035103637e+03
3301 0 +9.168156133e+02 +9.982056133e+02 +9.982056133e+02
3805 0 +9.086111737e+02 +9.900011737e+02 +9.900011737e+02
4520 0 +8.589392700e+02 +9.403292700e+02 +9.403292700e+02
5528 0 +7.889911731e+02 +8.703811731e+02 +8.703811731e+02
5908 0 +7.630779021e+02 +8.444679021e+02 +8.444679021e+02
6111 0 +7.432169695e+02 +8.246069695e+02 +8.246069695e+02
6307 0 +6.957507894e+02 +7.771407894e+02 +7.771407894e+02
8012 0 +6.781478839e+02 +7.595378839e+02 +7.595378839e+02
9614 0 +6.618548597e+02 +7.432448597e+02 +7.432448597e+02
10514 0 +6.565180890e+02 +7.379080890e+02 +7.379080890e+02
10926 0 +6.365769008e+02 +7.179669008e+02 +7.179669008e+02
10934 0 +6.293147223e+02 +7.107047223e+02 +7.107047223e+02
10944 0 +6.162627257e+02 +6.976527257e+02 +6.976527257e+02
22603 0 +5.997727305e+02 +6.811627305e+02 +6.811627305e+02
23816 0 +5.799598393e+02 +6.613498393e+02 +6.613498393e+02
24212 0 +5.679592710e+02 +6.493492710e+02 +6.493492710e+02
24503 0 +5.536542206e+02 +6.350442206e+02 +6.350442206e+02
24514 0 +5.377038709e+02 +6.190938709e+02 +6.190938709e+02
27347 0 +5.286826473e+02 +6.100726473e+02 +6.100726473e+02
27367 0 +5.084850689e+02 +5.898750689e+02 +5.898750689e+02
29917 0 +4.950854992e+02 +5.764754992e+02 +5.764754992e+02
34733 0 +4.796609397e+02 +5.610509397e+02 +5.610509397e+02
35305 0 +4.730550199e+02 +5.544450199e+02 +5.544450199e+02
36111 0 +4.622365542e+02 +5.436265542e+02 +5.436265542e+02
36201 0 +4.155434793e+02 +4.969334793e+02 +4.969334793e+02
36905 0 +4.059728814e+02 +4.873628814e+02 +4.873628814e+02
38305 0 +3.942194384e+02 +4.756094384e+02 +4.756094384e+02
% f evaluations | g evaluations | best noise-free fitness - Fopt (4.144000000000e+01) + sum g_i+ | measured fitness | best measured fitness or single-digit g-values | x1 | x2...
1 0 +3.839023430e+03 +3.880463430e+03 +3.880463430e+03
2 0 +2.438656482e+03 +2.480096482e+03 +2.480096482e+03
18 0 +2.267306077e+03 +2.308746077e+03 +2.308746077e+03
22 0 +2.120338530e+03 +2.161778530e+03 +2.161778530e+03
36 0 +1.999761524e+03 +2.041201524e+03 +2.041201524e+03
52 0 +1.825892268e+03 +1.867332268e+03 +1.867332268e+03
126 0 +9.142236908e+02 +9.556636908e+02 +9.556636908e+02
161 0 +9.117262419e+02 +9.531662419e+02 +9.531662419e+02
180 0 +8.716371771e+02 +9.130771771e+02 +9.130771771e+02
203 0 +8.548387185e+02 +8.962787185e+02 +8.962787185e+02
415 0 +8.442507768e+02 +8.856907768e+02 +8.856907768e+02
601 0 +8.092677044e+02 +8.507077044e+02 +8.507077044e+02
704 0 +7.707611606e+02 +8.122011606e+02 +8.122011606e+02
1901 0 +7.495767149e+02 +7.910167149e+02 +7.910167149e+02
2001 0 +7.068028456e+02 +7.482428456e+02 +7.482428456e+02
4365 0 +6.598485330e+02 +7.012885330e+02 +7.012885330e+02
6003 0 +6.424450580e+02 +6.838850580e+02 +6.838850580e+02
6216 0 +6.027446668e+02 +6.441846668e+02 +6.441846668e+02
6403 0 +5.801033047e+02 +6.215433047e+02 +6.215433047e+02
7602 0 +5.408656345e+02 +5.823056345e+02 +5.823056345e+02
8717 0 +5.315767899e+02 +5.730167899e+02 +5.730167899e+02
9023 0 +5.135414608e+02 +5.549814608e+02 +5.549814608e+02
9402 0 +5.028938312e+02 +5.443338312e+02 +5.443338312e+02
9408 0 +4.509625381e+02 +4.924025381e+02 +4.924025381e+02
9639 0 +4.431965837e+02 +4.846365837e+02 +4.846365837e+02
10394 0 +4.297687694e+02 +4.712087694e+02 +4.712087694e+02
10605 0 +4.138117433e+02 +4.552517433e+02 +4.552517433e+02
14539 0 +4.067561560e+02 +4.481961560e+02 +4.481961560e+02
40003 0 +3.913073804e+02 +4.327473804e+02 +4.327473804e+02
% f evaluations | g evaluations | best noise-free fitness - Fopt (-2.709000000000e+01) + sum g_i+ | measured fitness | best measured fitness or single-digit g-values | x1 | x2...
1 0 +7.839177054e+03 +7.812087054e+03 +7.812087054e+03
3 0 +3.798220287e+03 +3.771130287e+03 +3.771130287e+03
6 0 +2.275351065e+03 +2.248261065e+03 +2.248261065e+03
46 0 +1.842493727e+03 +1.815403727e+03 +1.815403727e+03
126 0 +1.306293325e+03 +1.279203325e+03 +1.279203325e+03
128 0 +1.245358263e+03 +1.218268263e+03 +1.218268263e+03
129 0 +1.173901430e+03 +1.146811430e+03 +1.146811430e+03
131 0 +1.087902675e+03 +1.060812675e+03 +1.060812675e+03
183 0 +1.068902319e+03 +1.041812319e+03 +1.041812319e+03
702 0 +1.043125127e+03 +1.016035127e+03 +1.016035127e+03
904 0 +1.017346539e+03 +9.902565392e+02 +9.902565392e+02
1302 0 +9.634039718e+02 +9.363139718e+02 +9.363139718e+02
2107 0 +9.367357189e+02 +9.096457189e+02 +9.096457189e+02
2301 0 +9.322284372e+02 +9.051384372e+02 +9.051384372e+02
2447 0 +8.970708497e+02 +8.699808497e+02 +8.699808497e+02
2614 0 +8.778362123e+02 +8.507462123e+02 +8.507462123e+02
3602 0 +8.702386012e+02 +8.431486012e+02 +8.431486012e+02
4244 0 +8.447430056e+02 +8.176530056e+02 +8.176530056e+02
5202 0 +8.184438627e+02 +7.913538627e+02 +7.913538627e+02
6290 0 +7.970966422e+02 +7.700066422e+02 +7.700066422e+02
6501 0 +7.772734825e+02 +7.501834825e+02 +7.501834825e+02
6510 0 +7.372068736e+02 +7.101168736e+02 +7.101168736e+02
6602 0 +6.692720793e+02 +6.421820793e+02 +6.421820793e+02
8313 0 +6.547938711e+02 +6.277038711e+02 +6.277038711e+02
9211 0 +6.348918659e+02 +6.078018659e+02 +6.078018659e+02
11205 0 +6.184880178e+02 +5.913980178e+02 +5.913980178e+02
11422 0 +6.128687305e+02 +5.857787305e+02 +5.857787305e+02
12604 0 +5.803882227e+02 +5.532982227e+02 +5.532982227e+02
12807 0 +5.643355158e+02 +5.372455158e+02 +5.372455158e+02
13101 0 +5.485038186e+02 +5.214138186e+02 +5.214138186e+02
13301 0 +5.318814664e+02 +5.047914664e+02 +5.047914664e+02
13325 0 +5.029780657e+02 +4.758880657e+02 +4.758880657e+02
13932 0 +4.795792105e+02 +4.524892105e+02 +4.524892105e+02
19110 0 +4.711900923e+02 +4.441000923e+02 +4.441000923e+02
20107 0 +4.599741487e+02 +4.328841487e+02 +4.328841487e+02
21304 0 +4.339030480e+02 +4.068130480e+02 +4.068130480e+02
26301 0 +4.115524503e+02 +3.844624503e+02 +3.844624503e+02
26462 0 +4.047499089e+02 +3.776599089e+02 +3.776599089e+02
27408 0 +3.971105362e+02 +3.700205362e+02 +3.700205362e+02
27811 0 +3.788594705e+02 +3.517694705e+02 +3.517694705e+02
32202 0 +3.678406188e+02 +3.407506188e+02 +3.407506188e+02
39943 0 +3.243801067e+02 +2.972901067e+02 +2.972901067e+02
% f evaluations | g evaluations | best noise-free fitness - Fopt (5.175000000000e+01) + sum g_i+ | measured fitness | best measured fitness or single-digit g-values | x1 | x2...
1 0 +2.327009788e+03 +2.378759788e+03 +2.378759788e+03
26 0 +2.305593559e+03 +2.357343559e+03 +2.357343559e+03
39 0 +2.173523929e+03 +2.225273929e+03 +2.225273929e+03
59 0 +1.796686116e+03 +1.848436116e+03 +1.848436116e+03
87 0 +1.690294877e+03 +1.742044877e+03 +1.742044877e+03
126 0 +1.043049337e+03 +1.094799337e+03 +1.094799337e+03
128 0 +8.962356714e+02 +9.479856714e+02 +9.479856714e+02
147 0 +8.819647871e+02 +9.337147871e+02 +9.337147871e+02
203 0 +8.646729878e+02 +9.164229878e+02 +9.164229878e+02
508 0 +8.445580167e+02 +8.963080167e+02 +8.963080167e+02
804 0 +8.119888910e+02 +8.637388910e+02 +8.637388910e+02
1409 0 +7.764171792e+02 +8.281671792e+02 +8.281671792e+02
2006 0 +7.757641856e+02 +8.275141856e+02 +8.275141856e+02
2303 0 +7.564085573e+02 +8.081585573e+02 +8.081585573e+02
2708 0 +7.132354020e+02 +7.649854020e+02 +7.649854020e+02
2801 0 +7.076654748e+02 +7.594154748e+02 +7.594154748e+02
3601 0 +6.737459840e+02 +7.254959840e+02 +7.254959840e+02
5812 0 +6.344046759e+02 +6.861546759e+02 +6.861546759e+02
5817 0 +5.983291582e+02 +6.500791582e+02 +6.500791582e+02
5901 0 +5.701086127e+02 +6.218586127e+02 +6.218586127e+02
8512 0 +5.586479341e+02 +6.103979341e+02 +6.103979341e+02
9207 0 +5.172478695e+02 +5.689978695e+02 +5.689978695e+02
9903 0 +4.847824745e+02 +5.365324745e+02 +5.365324745e+02
15201 0 +4.731392381e+02 +5.248892381e+02 +5.248892381e+02
16503 0 +4.554983647e+02 +5.072483647e+02 +5.072483647e+02
16905 0 +4.206568301e+02 +4.724068301e+02 +4.724068301e+02
19604 0 +4.112569730e+02 +4.630069730e+02 +4.630069730e+02
28705 0 +3.927661386e+02 +4.445161386e+02 +4.445161386e+02
32560 0 +3.843312295e+02 +4.360812295e+02 +4.360812295e+02
33106 0 +3.748881912e+02 +4.266381912e+02 +4.266381912e+02
% f evaluations | g evaluations | best noise-free fitness - Fopt (-5.541400000000e+02) + sum g_i+ | measured fitness | best measured fitness or single-digit g-values | x1 | x2...
1 0 +3.697465962e+03 +3.143325962e+03 +3.143325962e+03
2 0 +3.640028976e+03 +3.085888976e+03 +3.085888976e+03
4 0 +2.788388699e+03 +2.234248699e+03 +2.234248699e+03
6 0 +2.685912403e+03 +2.131772403e+03 +2.131772403e+03
8 0 +1.988907661e+03 +1.434767661e+03 +1.434767661e+03
126 0 +1.107156387e+03 +5.530163867e+02 +5.530163867e+02
134 0 +1.089884638e+03 +5.357446381e+02 +5.357446381e+02
166 0 +1.067891105e+03 +5.137511050e+02 +5.137511050e+02
202 0 +1.017588074e+03 +4.634480738e+02 +4.634480738e+02
501 0 +9.561462387e+02 +4.020062387e+02 +4.020062387e+02
602 0 +9.445971555e+02 +3.904571555e+02 +3.904571555e+02
1259 0 +9.175295317e+02 +3.633895317e+02 +3.633895317e+02
1701 0 +9.101390980e+02 +3.559990980e+02 +3.559990980e+02
3101 0 +8.792597834e+02 +3.251197834e+02 +3.251197834e+02
3507 0 +8.614629520e+02 +3.073229520e+02 +3.073229520e+02
3701 0 +8.165258395e+02 +2.623858395e+02 +2.623858395e+02
3902 0 +7.806400071e+02 +2.265000071e+02 +2.265000071e+02
5002 0 +7.645956430e+02 +2.104556430e+02 +2.104556430e+02
6153 0 +7.560271465e+02 +2.018871465e+02 +2.018871465e+02
6201 0 +7.338045006e+02 +1.796645006e+02 +1.796645006e+02
6301 0 +7.238189205e+02 +1.696789205e+02 +1.696789205e+02
7712 0 +6.912151227e+02 +1.370751227e+02 +1.370751227e+02
7801 0 +6.646848016e+02 +1.105448016e+02 +1.105448016e+02
10604 0 +6.579937106e+02 +1.038537106e+02 +1.038537106e+02
11103 0 +6.425400228e+02 +8.840002278e+01 +8.840002278e+01
11625 0 +6.309153833e+02 +7.677538330e+01 +7.677538330e+01
11911 0 +5.676126263e+02 +1.347262633e+01 +1.347262633e+01
13001 0 +5.613611586e+02 +7.221158572e+00 +7.221158572e+00
13593 0 +5.443145948e+02 -9.825405164e+00 -9.825405164e+00
15283 0 +5.144166322e+02 -3.972336782e+01 -3.972336782e+01
23716 0 +5.017012061e+02 -5.243879392e+01 -5.243879392e+01
24503 0 +4.968519383e+02 -5.728806171e+01 -5.728806171e+01
24909 0 +4.896943436e+02 -6.444565639e+01 -6.444565639e+01
25310 0 +4.574833240e+02 -9.665667604e+01 -9.665667604e+01
28023 0 +4.504066469e+02 -1.037333531e+02 -1.037333531e+02
28103 0 +4.459472323e+02 -1.081927677e+02 -1.081927677e+02
28402 0 +4.262681085e+02 -1.278718915e+02 -1.278718915e+02
31410 0 +4.160342340e+02 -1.381057660e+02 -1.381057660e+02
32402 0 +4.062161551e+02 -1.479238449e+02 -1.479238449e+02
% f evaluations | g evaluations | best noise-free fitness - Fopt (1.774000000000e+01) + sum g_i+ | measured fitness | best measured fitness or single-digit g-values | x1 | x2...
1 0 +9.974533055e+03 +9.992273055e+03 +9.992273055e+03
2 0 +4.669155782e+03 +4.686895782e+03 +4.686895782e+03
3 0 +4.205285809e+03 +4.223025809e+03 +4.223025809e+03
7 0 +3.961701253e+03 +3.979441253e+03 +3.979441253e+03
8 0 +3.282708239e+03 +3.300448239e+03 +3.300448239e+03
17 0 +2.689559202e+03 +2.707299202e+03 +2.707299202e+03
26 0 +2.475166728e+03 +2.492906728e+03 +2.492906728e+03
53 0 +2.295731579e+03 +2.313471579e+03 +2.313471579e+03
126 0 +1.404289794e+03 +1.422029794e+03 +1.422029794e+03
128 0 +1.263613195e+03 +1.281353195e+03 +1.281353195e+03
202 0 +1.221759957e+03 +1.239499957e+03 +1.239499957e+03
419 0 +1.200083182e+03 +1.217823182e+03 +1.217823182e+03
1119 0 +1.156474407e+03 +1.174214407e+03 +1.174214407e+03
1301 0 +1.141417096e+03 +1.159157096e+03 +1.159157096e+03
1510 0 +1.113291867e+03 +1.131031867e+03 +1.131031867e+03
1803 0 +1.074338626e+03 +1.092078626e+03 +1.092078626e+03
1906 0 +1.049885560e+03 +1.067625560e+03 +1.067625560e+03
2255 0 +1.039473368e+03 +1.057213368e+03 +1.057213368e+03
2401 0 +9.786924205e+02 +9.964324205e+02 +9.964324205e+02
2601 0 +9.572693798e+02 +9.750093798e+02 +9.750093798e+02
2701 0 +9.238537423e+02 +9.415937423e+02 +9.415937423e+02
3069 0 +8.922210427e+02 +9.099610427e+02 +9.099610427e+02
3408 0 +8.789408654e+02 +8.966808654e+02 +8.966808654e+02
3502 0 +8.516784104e+02 +8.694184104e+02 +8.694184104e+02
5432 0 +8.338814327e+02 +8.516214327e+02 +8.516214327e+02
6004 0 +8.308026026e+02 +8.485426026e+02 +8.485426026e+02
6407 0 +8.076708129e+02 +8.254108129e+02 +8.254108129e+02
6724 0 +7.778182960e+02 +7.955582960e+02 +7.955582960e+02
6801 0 +7.715150280e+02 +7.892550280e+02 +7.892550280e+02
7207 0 +6.928307853e+02 +7.105707853e+02 +7.105707853e+02
8201 0 +6.915059796e+02 +7.092459796e+02 +7.092459796e+02
9721 0 +6.659350569e+02 +6.836750569e+02 +6.836750569e+02
10002 0 +6.368589765e+02 +6.545989765e+02 +6.545989765e+02
10425 0 +6.227327598e+02 +6.404727598e+02 +6.404727598e+02
10859 0 +5.989800907e+02 +6.167200907e+02 +6.167200907e+02
11001 0 +5.806311769e+02 +5.983711769e+02 +5.983711769e+02
14304 0 +5.707543834e+02 +5.884943834e+02 +5.884943834e+02
14901 0 +5.365892659e+02 +5.543292659e+02 +5.543292659e+02
15602 0 +5.108368789e+02 +5.285768789e+02 +5.285768789e+02
19212 0 +4.816556271e+02 +4.993956271e+02 +4.993956271e+02
23193 0 +4.735860498e+02 +4.913260498e+02 +4.913260498e+02
24201 0 +4.592497315e+02 +4.769897315e+02 +4.769897315e+02
28402 0 +4.299818031e+02 +4.477218031e+02 +4.477218031e+02
28701 0 +4.261820671e+02 +4.439220671e+02 +4.439220671e+02
29002 0 +4.018793559e+02 +4.196193559e+02 +4.196193559e+02
29402 0 +3.902406995e+02 +4.079806995e+02 +4.079806995e+02
