% f evaluations | g evaluations | best noise-free fitness - Fopt (4.078000000000e+01) + sum g_i+ | measured fitness | best measured fitness or single-digit g-values | x1 | x2...
1 0 +4.088926229e+01 +8.166926229e+01 +8.166926229e+01 +3.2446e+00 +1.6321e-01 +5.4834e-01 -2.9084e+00 -2.3169e+00
4 0 +3.418473675e+01 +7.496473675e+01 +7.496473675e+01 -1.0292e+00 -3.4561e+00 +4.4688e+00 -2.6675e+00 -2.7211e+00
28 0 +2.727835877e+01 +6.805835877e+01 +6.805835877e+01 -5.7261e-01 +1.0573e+00 +6.7800e-03 -3.5996e+00 -2.4477e+00
29 0 +2.402677691e+01 +6.480677691e+01 +6.480677691e+01 +3.4649e+00 +8.0453e-01 +1.8272e+00 +2.6826e+00 -6.8517e-01
40 0 +1.425959881e+01 +5.503959881e+01 +5.503959881e+01 -1.5616e+00 -4.1246e+00 +4.6307e+00 -2.4093e+00 -4.2709e+00
108 0 +1.329990066e+01 +5.407990066e+01 +5.407990066e+01 +6.3471e-01 -3.3087e-01 -3.7469e+00 -9.3594e-01 +1.6973e+00
141 0 +1.298148094e+01 +5.376148094e+01 +5.376148094e+01 -1.5616e+00 -4.1018e+00 +4.6307e+00 -2.4093e+00 -4.0728e+00
182 0 +2.930177429e+00 +4.371017743e+01 +4.371017743e+01 -1.7957e+00 +6.4327e-02 +1.7139e+00 -2.4291e+00 -2.4128e+00
229 0 +8.874428929e-01 +4.166744289e+01 +4.166744289e+01 -1.6786e+00 -2.0717e+00 +3.1723e+00 -2.3317e+00 -3.3083e+00
301 0 +4.712662745e-01 +4.125126627e+01 +4.125126627e+01 -1.7252e+00 -1.8439e+00 +3.1628e+00 -2.2881e+00 -3.2495e+00
560 0 +3.897003386e-01 +4.116970034e+01 +4.116970034e+01 -1.7736e+00 -1.2532e+00 +2.8005e+00 -2.3233e+00 -2.9898e+00
610 0 +3.501321349e-01 +4.113013213e+01 +4.113013213e+01 -1.7736e+00 -1.1775e+00 +2.8005e+00 -2.3233e+00 -2.9661e+00
719 0 +1.882907507e-01 +4.096829075e+01 +4.096829075e+01 -1.7669e+00 -1.7303e+00 +3.1475e+00 -2.2083e+00 -3.0402e+00
845 0 +1.538810465e-01 +4.093388105e+01 +4.093388105e+01 -1.7929e+00 -1.5635e+00 +3.0863e+00 -2.1956e+00 -2.9596e+00
886 0 +1.348977535e-01 +4.091489775e+01 +4.091489775e+01 -1.7500e+00 -1.5280e+00 +3.1750e+00 -2.0277e+00 -3.0551e+00
898 0 +1.285893327e-01 +4.090858933e+01 +4.090858933e+01 -1.7753e+00 -1.5119e+00 +3.1056e+00 -2.1545e+00 -3.0395e+00
914 0 +6.343840612e-02 +4.084343841e+01 +4.084343841e+01 -1.9569e+00 -1.6091e+00 +3.4581e+00 -2.1838e+00 -3.1171e+00
992 0 +4.036095052e-02 +4.082036095e+01 +4.082036095e+01 -1.9802e+00 -1.6254e+00 +3.4194e+00 -2.2477e+00 -3.2356e+00
1110 0 +2.028290634e-02 +4.080028291e+01 +4.080028291e+01 -2.1487e+00 -1.3612e+00 +3.3966e+00 -2.2030e+00 -3.2181e+00
1196 0 +1.621288768e-02 +4.079621289e+01 +4.079621289e+01 -2.1487e+00 -1.4706e+00 +3.3966e+00 -2.1342e+00 -3.2181e+00
1303 0 +1.394638922e-02 +4.079394639e+01 +4.079394639e+01 -2.2818e+00 -1.4923e+00 +3.3777e+00 -2.2030e+00 -3.2842e+00
1506 0 +1.285177981e-02 +4.079285178e+01 +4.079285178e+01 -2.3725e+00 -1.4203e+00 +3.3777e+00 -2.2030e+00 -3.3374e+00
1595 0 +1.171167253e-02 +4.079171167e+01 +4.079171167e+01 -2.3585e+00 -1.4697e+00 +3.3929e+00 -2.2030e+00 -3.4032e+00
1630 0 +4.318021572e-03 +4.078431802e+01 +4.078431802e+01 -2.3725e+00 -1.4203e+00 +3.5070e+00 -2.2030e+00 -3.3906e+00
1789 0 +4.002720048e-03 +4.078400272e+01 +4.078400272e+01 -2.2826e+00 -1.4307e+00 +3.5905e+00 -2.2668e+00 -3.4484e+00
1884 0 +3.836137043e-03 +4.078383614e+01 +4.078383614e+01 -2.2374e+00 -1.5723e+00 +3.6111e+00 -2.1184e+00 -3.3763e+00
2027 0 +3.647579937e-03 +4.078364758e+01 +4.078364758e+01 -2.4131e+00 -1.4625e+00 +3.5597e+00 -2.2063e+00 -3.4124e+00
2030 0 +3.625114100e-03 +4.078362511e+01 +4.078362511e+01 -2.4200e+00 -1.5189e+00 +3.5212e+00 -2.1455e+00 -3.4369e+00
2046 0 +3.518629161e-03 +4.078351863e+01 +4.078351863e+01 -2.2875e+00 -1.5569e+00 +3.5582e+00 -2.1622e+00 -3.4427e+00
2137 0 +3.182835897e-03 +4.078318284e+01 +4.078318284e+01 -2.3407e+00 -1.5271e+00 +3.5599e+00 -2.2014e+00 -3.4086e+00
2154 0 +3.116393046e-03 +4.078311639e+01 +4.078311639e+01 -2.3430e+00 -1.4822e+00 +3.5756e+00 -2.2432e+00 -3.4612e+00
2158 0 +1.787232838e-03 +4.078178723e+01 +4.078178723e+01 -2.3590e+00 -1.5699e+00 +3.5896e+00 -2.2365e+00 -3.4991e+00
2189 0 +1.733357883e-03 +4.078173336e+01 +4.078173336e+01 -2.3475e+00 -1.5328e+00 +3.6024e+00 -2.2404e+00 -3.4709e+00
2261 0 +1.688112755e-03 +4.078168811e+01 +4.078168811e+01 -2.4511e+00 -1.6363e+00 +3.6418e+00 -2.2668e+00 -3.5483e+00
2267 0 +1.029077713e-03 +4.078102908e+01 +4.078102908e+01 -2.4016e+00 -1.6393e+00 +3.7013e+00 -2.2098e+00 -3.4734e+00
2294 0 +7.286377613e-04 +4.078072864e+01 +4.078072864e+01 -2.4552e+00 -1.6058e+00 +3.6543e+00 -2.1984e+00 -3.5570e+00
2376 0 +3.442784013e-04 +4.078034428e+01 +4.078034428e+01 -2.3899e+00 -1.6393e+00 +3.7013e+00 -2.2098e+00 -3.5224e+00
2506 0 +1.886128964e-04 +4.078018861e+01 +4.078018861e+01 -2.4323e+00 -1.6409e+00 +3.7668e+00 -2.2221e+00 -3.6132e+00
2953 0 +6.115861435e-05 +4.078006116e+01 +4.078006116e+01 -2.4825e+00 -1.7534e+00 +3.8688e+00 -2.2245e+00 -3.6917e+00
2997 0 +5.961380179e-05 +4.078005961e+01 +4.078005961e+01 -2.4569e+00 -1.7009e+00 +3.8258e+00 -2.2262e+00 -3.6213e+00
3113 0 +4.381983627e-05 +4.078004382e+01 +4.078004382e+01 -2.4441e+00 -1.7213e+00 +3.8019e+00 -2.1864e+00 -3.6301e+00
3329 0 +2.224056833e-05 +4.078002224e+01 +4.078002224e+01 -2.5499e+00 -1.7388e+00 +3.8408e+00 -2.1961e+00 -3.6750e+00
3541 0 +2.165418258e-05 +4.078002165e+01 +4.078002165e+01 -2.4956e+00 -1.7657e+00 +3.8123e+00 -2.1341e+00 -3.6170e+00
3692 0 +7.647065772e-06 +4.078000765e+01 +4.078000765e+01 -2.4622e+00 -1.7509e+00 +3.8267e+00 -2.1771e+00 -3.6355e+00
3810 0 +6.071984508e-06 +4.078000607e+01 +4.078000607e+01 -2.5117e+00 -1.7509e+00 +3.8267e+00 -2.1771e+00 -3.6355e+00
3870 0 +6.885304558e-07 +4.078000069e+01 +4.078000069e+01 -2.5271e+00 -1.7475e+00 +3.8815e+00 -2.1764e+00 -3.6629e+00
% f evaluations | g evaluations | best noise-free fitness - Fopt (-1.600000000000e+00) + sum g_i+ | measured fitness | best measured fitness or single-digit g-values | x1 | x2...
1 0 +6.777142487e+01 +6.617142487e+01 +6.617142487e+01 +2.3346e+00 -3.9381e+00 +1.3785e+00 +4.3815e+00 +2.7797e+00
2 0 +2.977832578e+01 +2.817832578e+01 +2.817832578e+01 +3.3258e+00 -1.6872e+00 -2.2948e+00 +2.0327e+00 +2.7059e+00
4 0 +2.095865381e+01 +1.935865381e+01 +1.935865381e+01 -3.3353e+00 +2.8436e+00 -4.8433e+00 +1.2845e+00 +5.5310e-01
9 0 +1.646760843e+01 +1.486760843e+01 +1.486760843e+01 +4.4503e+00 -2.5640e+00 -3.4753e+00 +2.0094e-02 +3.2480e+00
95 0 +1.520714661e+01 +1.360714661e+01 +1.360714661e+01 -4.2500e+00 -3.6381e+00 -4.2524e+00 -4.1786e+00 +3.3237e+00
107 0 +1.477345552e+01 +1.317345552e+01 +1.317345552e+01 -4.2302e+00 -3.6381e+00 -4.2524e+00 -4.1786e+00 +3.3237e+00
146 0 +1.137962588e+00 -4.620374124e-01 -4.620374124e-01 +1.1103e+00 -1.9303e+00 +2.3437e-01 +3.4702e+00 -2.8934e+00
423 0 +9.758843713e-01 -6.241156287e-01 -6.241156287e-01 +1.1103e+00 -1.9303e+00 +2.3437e-01 +3.4287e+00 -2.9747e+00
515 0 +9.076521051e-01 -6.923478949e-01 -6.923478949e-01 +1.1103e+00 -1.9292e+00 +2.4033e-01 +3.4161e+00 -2.9870e+00
521 0 +5.384912232e-01 -1.061508777e+00 -1.061508777e+00 +1.1103e+00 -1.9292e+00 +1.5311e-01 +3.4388e+00 -2.7673e+00
554 0 +4.584998907e-01 -1.141500109e+00 -1.141500109e+00 +1.1131e+00 -2.1473e+00 +2.1301e-02 +3.3816e+00 -2.7754e+00
629 0 +1.157428977e-01 -1.484257102e+00 -1.484257102e+00 +1.0957e+00 -2.1473e+00 +2.1301e-02 +3.2256e+00 -2.7754e+00
685 0 +1.010757011e-01 -1.498924299e+00 -1.498924299e+00 +1.3960e+00 -2.1214e+00 +2.1301e-02 +3.3134e+00 -2.7585e+00
743 0 +6.115855459e-02 -1.538841445e+00 -1.538841445e+00 +1.3966e+00 -1.9749e+00 +6.9157e-02 +3.1964e+00 -2.7628e+00
753 0 +1.920904745e-02 -1.580790953e+00 -1.580790953e+00 +9.1846e-01 -1.8131e+00 +6.5560e-01 +2.9506e+00 -1.9631e+00
895 0 +1.724019586e-02 -1.582759804e+00 -1.582759804e+00 +8.6705e-01 -1.9815e+00 +8.7625e-01 +2.9058e+00 -2.0216e+00
909 0 +4.401421518e-03 -1.595598578e+00 -1.595598578e+00 +9.6672e-01 -1.9894e+00 +4.7816e-01 +2.9208e+00 -2.0232e+00
994 0 +1.802451703e-03 -1.598197548e+00 -1.598197548e+00 +1.2953e+00 -2.0680e+00 +4.1442e-01 +3.0411e+00 -2.2831e+00
1098 0 +5.317001700e-04 -1.599468300e+00 -1.599468300e+00 +1.1206e+00 -2.0182e+00 +5.1207e-01 +3.0924e+00 -2.0550e+00
1125 0 +1.231788439e-04 -1.599876821e+00 -1.599876821e+00 +1.0477e+00 -1.9685e+00 +6.4082e-01 +3.0071e+00 -2.0000e+00
1195 0 +1.081375128e-04 -1.599891862e+00 -1.599891862e+00 +1.1244e+00 -2.0030e+00 +5.6961e-01 +3.0562e+00 -2.1638e+00
1215 0 +7.008758935e-05 -1.599929912e+00 -1.599929912e+00 +1.0828e+00 -1.9710e+00 +5.6839e-01 +3.0242e+00 -2.0308e+00
1309 0 +4.143996869e-05 -1.599958560e+00 -1.599958560e+00 +1.1299e+00 -1.9998e+00 +6.0556e-01 +3.0054e+00 -1.9992e+00
1370 0 +2.276292702e-05 -1.599977237e+00 -1.599977237e+00 +1.0953e+00 -1.9744e+00 +6.3298e-01 +3.0192e+00 -2.0662e+00
1451 0 +1.349904181e-06 -1.599998650e+00 -1.599998650e+00 +1.0980e+00 -2.0373e+00 +5.6406e-01 +2.9948e+00 -2.0984e+00
1843 0 +8.680886645e-07 -1.599999132e+00 -1.599999132e+00 +1.1079e+00 -2.0281e+00 +5.6913e-01 +3.0107e+00 -2.0893e+00
2258 0 +3.273546179e-07 -1.599999673e+00 -1.599999673e+00 +1.1079e+00 -2.0156e+00 +5.6913e-01 +3.0107e+00 -2.0893e+00
2810 0 +3.089868561e-07 -1.599999691e+00 -1.599999691e+00 +1.1083e+00 -2.0156e+00 +5.6913e-01 +3.0107e+00 -2.0893e+00
% f evaluations | g evaluations | best noise-free fitness - Fopt (-3.708400000000e+02) + sum g_i+ | measured fitness | best measured fitness or single-digit g-values | x1 | x2...
1 0 +7.251962052e+01 -2.983203795e+02 -2.983203795e+02 -6.3803e-01 -2.6613e+00 -4.7776e+00 +2.5503e+00 -3.6332e+00
2 0 +5.516654132e+01 -3.156734587e+02 -3.156734587e+02 -1.5424e+00 +4.5513e+00 +4.0999e+00 +3.9416e+00 -3.4183e-01
7 0 +4.428285891e+01 -3.265571411e+02 -3.265571411e+02 +2.1885e+00 -2.9585e+00 -1.7423e+00 +4.4288e+00 +3.9391e-01
17 0 +2.551304651e+01 -3.453269535e+02 -3.453269535e+02 -3.0610e+00 +2.9083e+00 -1.6761e+00 +1.2174e+00 +2.6036e+00
95 0 +2.455331415e+01 -3.462866858e+02 -3.462866858e+02 +3.8463e+00 -3.9399e+00 +4.8323e+00 +3.7754e+00 +2.0111e-01
112 0 +1.291306850e+01 -3.579269315e+02 -3.579269315e+02 -2.0110e+00 -1.9455e+00 -6.5457e-01 -4.7034e+00 +1.2214e+00
138 0 +9.610844206e+00 -3.612291558e+02 -3.612291558e+02 +4.1151e+00 -3.9017e-01 +2.5620e-01 +3.5372e+00 +5.4749e-01
142 0 +9.396361455e+00 -3.614436385e+02 -3.614436385e+02 -1.9384e+00 +1.6120e+00 -1.5370e+00 +2.6154e+00 +2.9081e+00
212 0 +4.129687513e+00 -3.667103125e+02 -3.667103125e+02 +2.6458e+00 -1.4290e+00 -1.6105e+00 +1.5266e+00 +3.1212e-01
402 0 +2.928141659e+00 -3.679118583e+02 -3.679118583e+02 +2.6458e+00 -1.4290e+00 -1.6098e+00 +1.5266e+00 +3.9291e-01
406 0 +1.995851641e+00 -3.688441484e+02 -3.688441484e+02 +2.7794e+00 -1.4290e+00 -1.6098e+00 +1.5266e+00 +3.8807e-01
500 0 +5.012144985e-01 -3.703387855e+02 -3.703387855e+02 +2.8184e+00 -5.2417e-01 -1.3343e+00 +1.7159e+00 +7.6544e-01
506 0 +2.136544695e-01 -3.706263455e+02 -3.706263455e+02 +3.3822e+00 -9.0959e-01 -7.5534e-01 +2.4766e+00 +2.9393e-01
613 0 +1.980195251e-01 -3.706419805e+02 -3.706419805e+02 +3.5803e+00 -4.4990e-01 -6.9358e-01 +2.2575e+00 +5.8555e-01
645 0 +6.468746702e-02 -3.707753125e+02 -3.707753125e+02 +3.3292e+00 -7.2455e-01 -9.4468e-01 +2.1681e+00 +6.5036e-01
699 0 +1.469263820e-02 -3.708253074e+02 -3.708253074e+02 +3.0631e+00 -8.8588e-01 -1.3916e+00 +1.9386e+00 +5.7670e-01
798 0 +1.248368994e-02 -3.708275163e+02 -3.708275163e+02 +3.0604e+00 -8.8588e-01 -1.4715e+00 +1.9390e+00 +5.1025e-01
842 0 +1.127657902e-02 -3.708287234e+02 -3.708287234e+02 +3.2786e+00 -1.1562e+00 -1.1922e+00 +2.1921e+00 +4.9916e-01
850 0 +3.293929219e-03 -3.708367061e+02 -3.708367061e+02 +3.1493e+00 -8.8882e-01 -1.4000e+00 +2.1405e+00 +5.4268e-01
951 0 +5.922659251e-04 -3.708394077e+02 -3.708394077e+02 +3.2262e+00 -8.8588e-01 -1.4715e+00 +1.9390e+00 +5.1025e-01
1016 0 +6.672852368e-05 -3.708399333e+02 -3.708399333e+02 +3.1446e+00 -8.8588e-01 -1.5504e+00 +2.0240e+00 +5.6100e-01
1228 0 +4.114440776e-05 -3.708399589e+02 -3.708399589e+02 +3.1644e+00 -7.8012e-01 -1.4729e+00 +1.9358e+00 +5.9318e-01
1355 0 +2.967398638e-05 -3.708399703e+02 -3.708399703e+02 +3.1427e+00 -8.3534e-01 -1.6088e+00 +1.9099e+00 +6.0602e-01
1469 0 +7.429310813e-06 -3.708399926e+02 -3.708399926e+02 +3.1656e+00 -8.4655e-01 -1.5005e+00 +1.9684e+00 +5.9967e-01
1534 0 +6.691167300e-06 -3.708399933e+02 -3.708399933e+02 +3.1087e+00 -8.3191e-01 -1.6399e+00 +1.9341e+00 +6.0630e-01
1608 0 +6.428851236e-06 -3.708399936e+02 -3.708399936e+02 +3.1438e+00 -8.1236e-01 -1.5587e+00 +1.9819e+00 +5.8098e-01
2510 0 +2.465488933e-07 -3.708399998e+02 -3.708399998e+02 +3.1280e+00 -8.1939e-01 -1.5844e+00 +1.9440e+00 +5.9148e-01
3727 0 +2.331841529e-07 -3.708399998e+02 -3.708399998e+02 +3.1048e+00 -8.0271e-01 -1.6061e+00 +1.9292e+00 +5.9576e-01
% f evaluations | g evaluations | best noise-free fitness - Fopt (-3.256000000000e+01) + sum g_i+ | measured fitness | best measured fitness or single-digit g-values | x1 | x2...
1 0 +7.322931485e+01 +4.066931485e+01 +4.066931485e+01 +2.7914e+00 +3.0370e+00 +3.4033e+00 -8.5501e-01 +1.2038e+00
3 0 +6.355838868e+01 +3.099838868e+01 +3.099838868e+01 -1.8329e+00 +1.5131e+00 +2.2379e+00 +9.1597e-01 +4.7140e+00
4 0 +4.333529892e+01 +1.077529892e+01 +1.077529892e+01 -3.0268e+00 +2.0318e+00 +2.5770e+00 -3.7012e+00 -1.2975e+00
14 0 +2.814105500e+01 -4.418945003e+00 -4.418945003e+00 +3.1589e+00 -2.2099e+00 -3.3505e+00 +3.6290e+00 -3.2383e+00
22 0 +1.977710962e+01 -1.278289038e+01 -1.278289038e+01 -4.2932e+00 -3.4951e+00 -2.1428e+00 +4.2357e-01 +3.8978e+00
91 0 +8.244359113e+00 -2.431564089e+01 -2.431564089e+01 -3.5101e+00 -4.2065e+00 +1.8698e+00 -2.2703e+00 -3.1988e+00
228 0 +7.815264029e+00 -2.474473597e+01 -2.474473597e+01 -3.5583e+00 -4.2065e+00 +1.9546e+00 -2.2703e+00 -3.4613e+00
240 0 +7.745424246e+00 -2.481457575e+01 -2.481457575e+01 -3.5563e+00 -4.2065e+00 +1.9214e+00 -2.2203e+00 -3.3785e+00
350 0 +7.300156926e+00 -2.525984307e+01 -2.525984307e+01 -3.6303e+00 -4.3087e+00 +1.9546e+00 -2.2703e+00 -3.4613e+00
519 0 +7.229807526e+00 -2.533019247e+01 -2.533019247e+01 -3.6778e+00 -4.1758e+00 +1.8725e+00 -2.2071e+00 -3.4534e+00
667 0 +6.952877542e+00 -2.560712246e+01 -2.560712246e+01 -1.4250e+00 -1.4381e+00 +1.6157e-01 -7.6861e-01 -2.8747e+00
745 0 +6.841372493e+00 -2.571862751e+01 -2.571862751e+01 -1.4250e+00 -1.4381e+00 +1.6157e-01 -7.6861e-01 -2.9166e+00
845 0 +6.679922243e+00 -2.588007776e+01 -2.588007776e+01 -1.4250e+00 -1.4381e+00 +2.8052e-01 -7.1690e-01 -2.8747e+00
950 0 +6.298558322e+00 -2.626144168e+01 -2.626144168e+01 -1.3697e+00 -1.4381e+00 +1.6157e-01 -7.6861e-01 -3.1701e+00
1133 0 +5.814510765e+00 -2.674548924e+01 -2.674548924e+01 -1.3697e+00 -1.4381e+00 +3.1610e-01 -7.2191e-01 -3.1701e+00
1329 0 +5.671019079e+00 -2.688898092e+01 -2.688898092e+01 -1.3037e+00 -1.5728e+00 +3.1610e-01 -7.2191e-01 -3.1701e+00
1497 0 +5.619831066e+00 -2.694016893e+01 -2.694016893e+01 -1.4238e+00 -1.5839e+00 +5.0898e-01 -6.7348e-01 -3.2475e+00
1650 0 +5.420981686e+00 -2.713901831e+01 -2.713901831e+01 -1.2944e+00 -1.4848e+00 +4.2891e-01 -7.4234e-01 -3.2128e+00
1795 0 +5.353612244e+00 -2.720638776e+01 -2.720638776e+01 -1.2772e+00 -1.4501e+00 +5.5012e-01 -7.1473e-01 -3.2066e+00
% f evaluations | g evaluations | best noise-free fitness - Fopt (5.154000000000e+02) + sum g_i+ | measured fitness | best measured fitness or single-digit g-values | x1 | x2...
1 0 +5.011994089e+01 +5.655199409e+02 +5.655199409e+02 -3.0734e-01 +1.2762e+00 -4.7259e+00 +1.2268e+00 -2.1644e+00
2 0 +3.875526551e+01 +5.541552655e+02 +5.541552655e+02 +4.1116e+00 -1.4751e+00 +4.7277e+00 -4.8977e+00 -1.9029e-01
15 0 +9.297645792e+00 +5.246976458e+02 +5.246976458e+02 +6.4057e-01 +3.4130e+00 -4.6672e+00 +2.6944e+00 -3.0530e+00
293 0 +8.655671248e+00 +5.240556712e+02 +5.240556712e+02 +6.4057e-01 +3.4130e+00 -4.6672e+00 +2.7546e+00 -3.1246e+00
409 0 +8.334237515e+00 +5.237342375e+02 +5.237342375e+02 +6.7227e-01 +3.4130e+00 -4.6672e+00 +2.7546e+00 -3.1663e+00
433 0 +8.222069290e+00 +5.236220693e+02 +5.236220693e+02 +6.4057e-01 +3.4223e+00 -4.7866e+00 +2.7546e+00 -3.1988e+00
498 0 +6.734442924e+00 +5.221344429e+02 +5.221344429e+02 +2.6050e+00 +3.2731e+00 -2.1849e+00 +2.7841e+00 -4.4384e+00
894 0 +6.289738937e+00 +5.216897389e+02 +5.216897389e+02 +1.0479e+00 +3.4685e+00 -4.2181e+00 +2.5747e+00 -3.5909e+00
1055 0 +5.234220707e+00 +5.206342207e+02 +5.206342207e+02 +1.1575e+00 +3.6489e+00 -4.1339e+00 +2.6572e+00 -3.9465e+00
1359 0 +4.559245833e+00 +5.199592458e+02 +5.199592458e+02 +1.0447e+00 +3.5632e+00 -4.0914e+00 +2.7959e+00 -4.0436e+00
1399 0 +3.437670997e+00 +5.188376710e+02 +5.188376710e+02 +1.0854e+00 +3.5132e+00 -4.1802e+00 +2.4885e+00 -4.1098e+00
1499 0 +3.229291046e+00 +5.186292910e+02 +5.186292910e+02 +1.0854e+00 +3.5390e+00 -4.2092e+00 +2.4885e+00 -4.1939e+00
1617 0 +3.116559989e+00 +5.185165600e+02 +5.185165600e+02 +1.0929e+00 +3.5390e+00 -4.2773e+00 +2.4885e+00 -4.1863e+00
1622 0 +3.065899400e+00 +5.184658994e+02 +5.184658994e+02 +1.0733e+00 +3.3969e+00 -4.2092e+00 +2.3520e+00 -4.1073e+00
1666 0 +2.558439237e+00 +5.179584392e+02 +5.179584392e+02 +9.0276e-01 +3.5390e+00 -4.3359e+00 +2.4885e+00 -4.3047e+00
1894 0 +2.500603885e+00 +5.179006039e+02 +5.179006039e+02 +8.5610e-01 +3.3934e+00 -4.4057e+00 +2.5189e+00 -4.0649e+00
1928 0 +2.349370828e+00 +5.177493708e+02 +5.177493708e+02 +8.7484e-01 +3.3560e+00 -4.2343e+00 +2.4169e+00 -4.2720e+00
2029 0 +2.147259436e+00 +5.175472594e+02 +5.175472594e+02 +7.7956e-01 +3.2839e+00 -4.5505e+00 +2.5189e+00 -4.2405e+00
2210 0 +2.106496730e+00 +5.175064967e+02 +5.175064967e+02 +6.8464e-01 +3.2687e+00 -4.4106e+00 +2.5055e+00 -4.3376e+00
2289 0 +2.059785426e+00 +5.174597854e+02 +5.174597854e+02 +6.9205e-01 +3.0681e+00 -4.3805e+00 +2.4863e+00 -4.4772e+00
% f evaluations | g evaluations | best noise-free fitness - Fopt (-1.000000000000e+03) + sum g_i+ | measured fitness | best measured fitness or single-digit g-values | x1 | x2...
1 0 +3.115380010e+01 -9.688461999e+02 -9.688461999e+02 -1.3493e+00 -4.3603e+00 -2.1734e+00 -8.3191e-01 -3.4219e+00
3 0 +2.212244437e+01 -9.778775556e+02 -9.778775556e+02 -2.6776e+00 -1.5894e+00 -2.6018e+00 -6.6713e-01 -4.6978e+00
9 0 +4.552339982e+00 -9.954476600e+02 -9.954476600e+02 -2.2424e+00 -4.4498e+00 +3.9873e+00 +4.0364e+00 -3.5698e+00
164 0 +3.441268629e+00 -9.965587314e+02 -9.965587314e+02 -1.5784e-01 -8.7754e-01 -7.8282e-01 -2.4211e+00 -2.1134e+00
364 0 +2.269483930e+00 -9.977305161e+02 -9.977305161e+02 +8.5290e-02 -1.5001e+00 -6.8878e-01 -1.9966e+00 -1.8634e+00
402 0 +2.113311406e+00 -9.978866886e+02 -9.978866886e+02 -3.1590e-01 -1.1987e+00 -8.0409e-01 -1.9996e+00 -2.2203e+00
520 0 +2.033304940e+00 -9.979666951e+02 -9.979666951e+02 -1.6268e-01 -1.1663e+00 -7.9822e-01 -2.1550e+00 -2.1567e+00
556 0 +1.931225434e+00 -9.980687746e+02 -9.980687746e+02 -4.6680e-03 -1.0555e+00 -6.7109e-01 -1.6377e+00 -2.0822e+00
710 0 +1.904723144e+00 -9.980952769e+02 -9.980952769e+02 +7.1427e-02 -4.6268e-01 -6.4811e-01 -1.2823e+00 -2.0316e+00
759 0 +1.852947513e+00 -9.981470525e+02 -9.981470525e+02 -9.2883e-02 -1.0555e+00 -8.2602e-01 -1.6742e+00 -2.0822e+00
775 0 +1.720397392e+00 -9.982796026e+02 -9.982796026e+02 -1.0665e-01 -8.0888e-01 -7.1556e-01 -1.4005e+00 -2.0248e+00
791 0 +1.687913669e+00 -9.983120863e+02 -9.983120863e+02 -4.6680e-03 -9.6334e-01 -8.0967e-01 -1.6780e+00 -2.1077e+00
867 0 +1.618032020e+00 -9.983819680e+02 -9.983819680e+02 +2.7615e-02 -5.6341e-01 -6.8183e-01 -1.3266e+00 -2.1402e+00
957 0 +1.241156221e+00 -9.987588438e+02 -9.987588438e+02 -6.7534e-02 -7.4200e-01 -9.5419e-01 -1.6414e+00 -2.1006e+00
1192 0 +9.427053984e-01 -9.990572946e+02 -9.990572946e+02 -1.4201e-02 -4.6028e-01 -9.3818e-01 -1.4499e+00 -2.0955e+00
1491 0 +8.568239635e-01 -9.991431760e+02 -9.991431760e+02 +5.6081e-02 -4.6028e-01 -9.3818e-01 -1.3091e+00 -2.0955e+00
1517 0 +8.424076069e-01 -9.991575924e+02 -9.991575924e+02 -1.4201e-02 -4.4611e-01 -1.0174e+00 -1.4499e+00 -2.0955e+00
1612 0 +7.682724232e-01 -9.992317276e+02 -9.992317276e+02 -1.0530e-02 -3.4347e-01 -1.0692e+00 -1.2779e+00 -2.1756e+00
2126 0 +7.362454141e-01 -9.992637546e+02 -9.992637546e+02 +2.9048e-02 -3.0009e-01 -1.0225e+00 -1.2601e+00 -2.0943e+00
2194 0 +7.166427169e-01 -9.992833573e+02 -9.992833573e+02 +5.6114e-02 -2.5342e-01 -1.0691e+00 -1.2651e+00 -2.1133e+00
2516 0 +7.048952971e-01 -9.992951047e+02 -9.992951047e+02 +4.4844e-02 -1.6263e-01 -1.0459e+00 -1.1308e+00 -2.1341e+00
% f evaluations | g evaluations | best noise-free fitness - Fopt (3.070000000000e+01) + sum g_i+ | measured fitness | best measured fitness or single-digit g-values | x1 | x2...
1 0 +4.425903213e+01 +7.495903213e+01 +7.495903213e+01 -3.1512e+00 +4.8304e-01 +1.0786e+00 +4.2164e+00 +1.0060e+00
6 0 +8.311216449e+00 +3.901121645e+01 +3.901121645e+01 -7.1126e-01 +6.3233e-01 +8.6361e-01 -3.3587e+00 +8.2781e-01
159 0 +1.757208399e+00 +3.245720840e+01 +3.245720840e+01 -2.3548e+00 -2.1421e+00 -1.9075e+00 -1.8969e+00 -1.3943e+00
262 0 +4.858586691e-01 +3.118585867e+01 +3.118585867e+01 -2.3548e+00 -2.1421e+00 -1.6674e+00 -1.9569e+00 -1.4188e+00
399 0 +4.676454619e-01 +3.116764546e+01 +3.116764546e+01 -1.9066e+00 -1.5938e+00 -1.6440e+00 -1.8362e+00 -9.8429e-01
407 0 +3.850120268e-01 +3.108501203e+01 +3.108501203e+01 -2.1070e+00 -1.9421e+00 -1.7057e+00 -2.2158e+00 -1.2992e+00
422 0 +1.888526796e-01 +3.088885268e+01 +3.088885268e+01 -2.4146e+00 -2.1061e+00 -1.5930e+00 -2.4130e+00 -9.4273e-01
426 0 +1.193533758e-01 +3.081935338e+01 +3.081935338e+01 -2.1341e+00 -2.1855e+00 -1.5589e+00 -2.5327e+00 -8.1015e-01
611 0 +9.927321697e-02 +3.079927322e+01 +3.079927322e+01 -2.0621e+00 -1.8833e+00 -1.2575e+00 -2.0985e+00 -9.4740e-01
679 0 +6.354333696e-02 +3.076354334e+01 +3.076354334e+01 -2.0427e+00 -2.1061e+00 -1.5238e+00 -2.4130e+00 -8.3851e-01
787 0 +3.102078838e-02 +3.073102079e+01 +3.073102079e+01 -2.2444e+00 -2.1733e+00 -1.4231e+00 -2.3571e+00 -9.8031e-01
954 0 +2.992985523e-02 +3.072992986e+01 +3.072992986e+01 -2.2444e+00 -2.1733e+00 -1.4231e+00 -2.3027e+00 -8.5621e-01
976 0 +2.855434633e-02 +3.072855435e+01 +3.072855435e+01 -1.9468e+00 -2.1214e+00 -1.4487e+00 -2.3560e+00 -9.0875e-01
990 0 +1.743225690e-02 +3.071743226e+01 +3.071743226e+01 -2.0695e+00 -2.1945e+00 -1.4412e+00 -2.4097e+00 -1.0960e+00
1094 0 +1.531919561e-02 +3.071531920e+01 +3.071531920e+01 -2.1518e+00 -2.1061e+00 -1.4041e+00 -2.3114e+00 -9.0697e-01
1156 0 +1.422120704e-02 +3.071422121e+01 +3.071422121e+01 -2.1064e+00 -2.0611e+00 -1.4141e+00 -2.3604e+00 -9.4528e-01
1217 0 +1.370324222e-02 +3.071370324e+01 +3.071370324e+01 -2.0665e+00 -2.1441e+00 -1.3863e+00 -2.2949e+00 -9.1772e-01
1265 0 +4.860334239e-03 +3.070486033e+01 +3.070486033e+01 -2.1064e+00 -2.1923e+00 -1.3608e+00 -2.5096e+00 -9.4528e-01
1407 0 +3.657640381e-03 +3.070365764e+01 +3.070365764e+01 -2.0119e+00 -2.1230e+00 -1.2763e+00 -2.4215e+00 -7.2440e-01
1635 0 +3.591383909e-03 +3.070359138e+01 +3.070359138e+01 -2.0603e+00 -2.1457e+00 -1.3187e+00 -2.5074e+00 -8.6591e-01
1646 0 +3.517951133e-03 +3.070351795e+01 +3.070351795e+01 -2.0015e+00 -2.2019e+00 -1.3341e+00 -2.4453e+00 -8.4474e-01
1702 0 +2.425615178e-03 +3.070242562e+01 +3.070242562e+01 -1.9926e+00 -2.2019e+00 -1.3341e+00 -2.5252e+00 -8.0953e-01
1918 0 +1.080567290e-03 +3.070108057e+01 +3.070108057e+01 -1.9569e+00 -2.1745e+00 -1.3126e+00 -2.5258e+00 -8.6985e-01
1991 0 +9.622926711e-04 +3.070096229e+01 +3.070096229e+01 -1.9569e+00 -2.1745e+00 -1.3126e+00 -2.5812e+00 -8.6985e-01
2007 0 +8.722593797e-04 +3.070087226e+01 +3.070087226e+01 -1.9230e+00 -2.2112e+00 -1.2955e+00 -2.5969e+00 -8.2422e-01
2130 0 +5.553323103e-04 +3.070055533e+01 +3.070055533e+01 -1.9116e+00 -2.2089e+00 -1.2354e+00 -2.6036e+00 -7.8197e-01
2132 0 +3.141467537e-04 +3.070031415e+01 +3.070031415e+01 -1.9230e+00 -2.2112e+00 -1.2312e+00 -2.6512e+00 -8.5896e-01
2382 0 +2.082999789e-04 +3.070020830e+01 +3.070020830e+01 -1.8969e+00 -2.2691e+00 -1.2371e+00 -2.6525e+00 -9.5408e-01
2637 0 +2.878291719e-05 +3.070002878e+01 +3.070002878e+01 -1.9076e+00 -2.3519e+00 -1.2237e+00 -2.7326e+00 -8.7216e-01
3229 0 +1.318344520e-05 +3.070001318e+01 +3.070001318e+01 -1.8484e+00 -2.3348e+00 -1.1962e+00 -2.8210e+00 -8.8549e-01
3360 0 +3.657942418e-06 +3.070000366e+01 +3.070000366e+01 -1.8788e+00 -2.3738e+00 -1.2127e+00 -2.8008e+00 -9.0049e-01
3946 0 +3.275437969e-06 +3.070000328e+01 +3.070000328e+01 -1.8473e+00 -2.3521e+00 -1.2103e+00 -2.8379e+00 -9.5407e-01
4207 0 +1.500535021e-07 +3.070000015e+01 +3.070000015e+01 -1.8746e+00 -2.3663e+00 -1.2020e+00 -2.8430e+00 -9.3078e-01
% f evaluations | g evaluations | best noise-free fitness - Fopt (2.284000000000e+01) + sum g_i+ | measured fitness | best measured fitness or single-digit g-values | x1 | x2...
1 0 +4.319460102e+01 +6.603460102e+01 +6.603460102e+01 +2.5335e-01 -4.0715e+00 +1.1968e-01 +1.3427e-01 +3.7782e+00
3 0 +2.421324464e+01 +4.705324464e+01 +4.705324464e+01 +2.0960e+00 +1.9480e+00 -4.4736e-02 -3.8728e+00 +3.4052e+00
32 0 +1.785145882e+01 +4.069145882e+01 +4.069145882e+01 -1.2979e+00 +3.2279e+00 -3.4122e+00 -3.1605e+00 +2.7027e+00
114 0 +1.749531057e+01 +4.033531057e+01 +4.033531057e+01 -1.3964e+00 +3.3842e+00 -3.3941e+00 -3.1605e+00 +2.7027e+00
137 0 +1.063741731e+01 +3.347741731e+01 +3.347741731e+01 +8.2955e-01 +1.5987e+00 -4.0016e-02 -1.3963e+00 -7.1780e-01
226 0 +9.643491841e+00 +3.248349184e+01 +3.248349184e+01 +3.3244e+00 +1.8175e+00 +1.1590e-01 -1.3128e+00 +3.9135e+00
289 0 +9.391582609e+00 +3.223158261e+01 +3.223158261e+01 +8.1039e-01 +1.7591e+00 +3.2075e-01 -4.2579e-01 +2.2300e+00
308 0 +8.834681820e+00 +3.167468182e+01 +3.167468182e+01 -6.0856e-01 -2.0779e+00 -1.5423e+00 -4.3542e-01 +2.9362e+00
364 0 +8.653973541e+00 +3.149397354e+01 +3.149397354e+01 +8.1039e-01 +1.7591e+00 +1.6112e-01 -3.8526e-01 +2.2180e+00
510 0 +8.473637925e+00 +3.131363793e+01 +3.131363793e+01 +7.7576e-01 +1.7891e+00 -3.1562e-02 -9.0037e-01 +6.6105e-01
549 0 +7.595053544e+00 +3.043505354e+01 +3.043505354e+01 -6.8889e-01 -2.4622e+00 -9.1190e-01 -2.1647e-01 +3.0012e+00
660 0 +7.241499206e+00 +3.008149921e+01 +3.008149921e+01 -6.8889e-01 -2.4622e+00 -8.7490e-01 -2.4747e-01 +3.0713e+00
716 0 +6.686977803e+00 +2.952697780e+01 +2.952697780e+01 -7.3045e-01 -2.3732e+00 -8.7490e-01 -2.4747e-01 +3.0713e+00
802 0 +5.647078412e+00 +2.848707841e+01 +2.848707841e+01 -6.8889e-01 -2.3686e+00 -8.2906e-01 -1.5093e-01 +3.2327e+00
853 0 +4.615417305e+00 +2.745541730e+01 +2.745541730e+01 -6.8889e-01 -2.2952e+00 -8.7490e-01 -1.7658e-01 +3.3069e+00
1097 0 +4.114809918e+00 +2.695480992e+01 +2.695480992e+01 -5.6720e-01 -1.9955e+00 -9.3834e-01 -3.2828e-01 +3.2923e+00
1191 0 +3.994334131e+00 +2.683433413e+01 +2.683433413e+01 -7.5623e-01 -2.4581e+00 -9.2545e-01 -2.3306e-01 +3.6216e+00
1195 0 +3.735679753e+00 +2.657567975e+01 +2.657567975e+01 -6.5847e-01 -1.9459e+00 -9.0731e-01 -3.0991e-01 +3.2447e+00
1205 0 +2.932199727e+00 +2.577219973e+01 +2.577219973e+01 -6.6073e-01 -1.8965e+00 -8.4516e-01 -2.4987e-01 +3.3328e+00
1289 0 +2.775003424e+00 +2.561500342e+01 +2.561500342e+01 -6.4738e-01 -2.1995e+00 -7.4819e-01 -1.8081e-01 +3.5344e+00
1293 0 +2.599423409e+00 +2.543942341e+01 +2.543942341e+01 -6.6171e-01 -2.1352e+00 -8.0068e-01 -2.7095e-01 +3.5394e+00
1341 0 +2.542925340e+00 +2.538292534e+01 +2.538292534e+01 -6.7440e-01 -2.2465e+00 -8.2738e-01 -2.8791e-01 +3.6944e+00
1391 0 +2.060139342e+00 +2.490013934e+01 +2.490013934e+01 -8.1143e-01 -2.0424e+00 -8.2738e-01 -2.8428e-01 +3.6944e+00
1690 0 +2.031619085e+00 +2.487161909e+01 +2.487161909e+01 -7.9365e-01 -2.0124e+00 -8.1362e-01 -1.7908e-01 +3.7128e+00
1788 0 +1.990180879e+00 +2.483018088e+01 +2.483018088e+01 -7.6569e-01 -2.0144e+00 -9.0169e-01 -2.4984e-01 +4.0623e+00
1904 0 +1.887752805e+00 +2.472775280e+01 +2.472775280e+01 -9.7841e-01 -1.8508e+00 -7.3382e-01 -1.0643e-01 +3.7548e+00
1993 0 +1.830277176e+00 +2.467027718e+01 +2.467027718e+01 -9.4720e-01 -2.0134e+00 -8.5247e-01 -2.1446e-01 +4.0945e+00
2172 0 +1.772267250e+00 +2.461226725e+01 +2.461226725e+01 -9.1729e-01 -1.9413e+00 -7.4241e-01 -1.3931e-01 +3.9760e+00
2192 0 +1.654065043e+00 +2.449406504e+01 +2.449406504e+01 -9.8757e-01 -1.9766e+00 -7.4757e-01 -1.1104e-01 +4.0768e+00
2268 0 +1.572920055e+00 +2.441292006e+01 +2.441292006e+01 -1.1810e+00 -1.8690e+00 -5.9902e-01 -1.5727e-01 +3.9464e+00
2305 0 +1.456024154e+00 +2.429602415e+01 +2.429602415e+01 -1.0922e+00 -1.7911e+00 -7.2527e-01 -1.1485e-01 +4.0125e+00
2406 0 +1.424833436e+00 +2.426483344e+01 +2.426483344e+01 -1.1518e+00 -1.7911e+00 -6.5345e-01 -1.1485e-01 +4.0125e+00
2419 0 +1.353514360e+00 +2.419351436e+01 +2.419351436e+01 -1.1621e+00 -1.8513e+00 -7.4114e-01 -1.1735e-01 +4.1116e+00
2468 0 +1.343376193e+00 +2.418337619e+01 +2.418337619e+01 -1.2211e+00 -1.7718e+00 -7.8511e-01 -1.2796e-01 +4.1151e+00
2682 0 +1.269278349e+00 +2.410927835e+01 +2.410927835e+01 -1.1976e+00 -1.7522e+00 -6.8598e-01 -9.4440e-02 +4.1788e+00
2973 0 +1.255632542e+00 +2.409563254e+01 +2.409563254e+01 -1.2239e+00 -1.7632e+00 -6.8198e-01 -1.3368e-01 +4.2733e+00
% f evaluations | g evaluations | best noise-free fitness - Fopt (2.473000000000e+01) + sum g_i+ | measured fitness | best measured fitness or single-digit g-values | x1 | x2...
1 0 +7.054462140e+01 +9.527462140e+01 +9.527462140e+01 +3.5185e+00 -4.6485e+00 -3.1360e+00 +1.3991e+00 +3.3517e+00
3 0 +6.473590672e+01 +8.946590672e+01 +8.946590672e+01 -1.6361e+00 -4.0211e+00 +4.0544e+00 -9.8809e-01 -2.3844e+00
5 0 +4.354252593e+01 +6.827252593e+01 +6.827252593e+01 +2.9689e+00 -2.3400e+00 -4.5657e+00 +1.6188e+00 +1.6899e+00
7 0 +3.726293638e+01 +6.199293638e+01 +6.199293638e+01 +3.6191e+00 +1.0857e+00 +1.7714e+00 +1.6536e+00 -4.3023e-01
17 0 +2.970011577e+01 +5.443011577e+01 +5.443011577e+01 -3.9756e+00 +2.6784e+00 -1.2675e+00 +4.0675e+00 +3.6922e+00
30 0 +2.799305347e+01 +5.272305347e+01 +5.272305347e+01 -3.1103e+00 -2.0635e+00 -3.5895e+00 +2.8475e+00 -3.1549e+00
49 0 +2.647102190e+01 +5.120102190e+01 +5.120102190e+01 -2.4884e+00 -3.6656e-01 -4.0027e+00 +2.2141e+00 +1.3627e+00
56 0 +2.266636798e+01 +4.739636798e+01 +4.739636798e+01 -3.1051e+00 -4.6390e+00 -4.5370e+00 -4.3763e+00 -1.1151e+00
71 0 +1.789852221e+01 +4.262852221e+01 +4.262852221e+01 -1.7130e+00 -2.7531e+00 +5.6657e-01 +2.1251e+00 -7.4368e-01
85 0 +1.681488537e+01 +4.154488537e+01 +4.154488537e+01 -1.9024e+00 -1.5954e+00 -3.3455e+00 +1.4498e+00 -3.4954e+00
148 0 +6.875791569e+00 +3.160579157e+01 +3.160579157e+01 -2.4380e+00 +1.5901e+00 -9.1315e-01 +2.7273e+00 +2.5796e+00
189 0 +4.369552348e-01 +2.516695523e+01 +2.516695523e+01 -4.3643e+00 +2.2794e+00 +3.3955e-01 +2.2055e+00 +2.7933e+00
214 0 +3.247832776e-01 +2.505478328e+01 +2.505478328e+01 -4.3182e+00 +2.2794e+00 +3.3955e-01 +2.2438e+00 +2.7998e+00
300 0 +2.757673998e-01 +2.500576740e+01 +2.500576740e+01 -4.3182e+00 +2.2273e+00 +3.3955e-01 +2.2438e+00 +2.7998e+00
332 0 +1.212307577e-01 +2.485123076e+01 +2.485123076e+01 -4.3182e+00 +2.0893e+00 +2.9457e-01 +2.3999e+00 +2.7852e+00
598 0 +6.737821880e-02 +2.479737822e+01 +2.479737822e+01 -4.1034e+00 +2.0206e+00 +3.9542e-01 +2.4090e+00 +2.8397e+00
714 0 +4.964901953e-02 +2.477964902e+01 +2.477964902e+01 -3.7890e+00 +2.0868e+00 +1.2153e-01 +2.4841e+00 +2.8452e+00
776 0 +1.388993774e-02 +2.474388994e+01 +2.474388994e+01 -4.1259e+00 +2.0003e+00 +2.7918e-01 +2.5809e+00 +2.9082e+00
829 0 +9.750982080e-03 +2.473975098e+01 +2.473975098e+01 -3.6766e+00 +1.9138e+00 +4.5073e-02 +2.4391e+00 +2.9780e+00
830 0 +3.835234129e-03 +2.473383523e+01 +2.473383523e+01 -3.9699e+00 +2.0003e+00 +2.5673e-01 +2.5809e+00 +2.9082e+00
896 0 +3.161773954e-03 +2.473316177e+01 +2.473316177e+01 -4.0241e+00 +2.0776e+00 +2.1803e-01 +2.6794e+00 +2.9546e+00
970 0 +2.377332709e-03 +2.473237733e+01 +2.473237733e+01 -3.8481e+00 +2.0003e+00 +8.1368e-02 +2.5809e+00 +3.0429e+00
1068 0 +1.600248563e-03 +2.473160025e+01 +2.473160025e+01 -4.0690e+00 +2.0712e+00 +2.5559e-01 +2.7652e+00 +3.0151e+00
1096 0 +3.575163366e-04 +2.473035752e+01 +2.473035752e+01 -3.8951e+00 +1.9691e+00 +1.1601e-01 +2.6691e+00 +2.9458e+00
1130 0 +2.716210053e-04 +2.473027162e+01 +2.473027162e+01 -3.9809e+00 +1.9947e+00 +2.5559e-01 +2.7652e+00 +3.0151e+00
1200 0 +1.058653567e-04 +2.473010587e+01 +2.473010587e+01 -3.7924e+00 +1.9332e+00 +1.5499e-01 +2.6625e+00 +3.0034e+00
1398 0 +7.875263734e-05 +2.473007875e+01 +2.473007875e+01 -3.8998e+00 +2.0143e+00 +1.7572e-01 +2.7529e+00 +3.0246e+00
1478 0 +2.561343020e-05 +2.473002561e+01 +2.473002561e+01 -3.8885e+00 +2.0012e+00 +2.1425e-01 +2.7345e+00 +3.0298e+00
1522 0 +1.839725411e-05 +2.473001840e+01 +2.473001840e+01 -3.8009e+00 +1.9883e+00 +1.6039e-01 +2.7195e+00 +3.0371e+00
1809 0 +6.632107421e-06 +2.473000663e+01 +2.473000663e+01 -3.8596e+00 +1.8993e+00 +9.3208e-02 +2.7476e+00 +2.9750e+00
2108 0 +3.687195665e-06 +2.473000369e+01 +2.473000369e+01 -3.7992e+00 +1.8707e+00 +8.2777e-02 +2.7729e+00 +2.9666e+00
2247 0 +1.688733185e-06 +2.473000169e+01 +2.473000169e+01 -3.8151e+00 +1.8707e+00 +8.2777e-02 +2.7729e+00 +2.9666e+00
2432 0 +9.931118754e-07 +2.473000099e+01 +2.473000099e+01 -3.8192e+00 +1.9357e+00 +1.1240e-01 +2.7642e+00 +3.0123e+00
2610 0 +5.089035469e-07 +2.473000051e+01 +2.473000051e+01 -3.8044e+00 +1.9203e+00 +1.0920e-01 +2.7607e+00 +2.9987e+00
2797 0 +4.922895869e-07 +2.473000049e+01 +2.473000049e+01 -3.8354e+00 +1.9221e+00 +1.0567e-01 +2.7613e+00 +2.9964e+00
4491 0 +1.223787720e-07 +2.473000012e+01 +2.473000012e+01 -3.8041e+00 +1.9203e+00 +1.2755e-01 +2.7551e+00 +3.0095e+00
% f evaluations | g evaluations | best noise-free fitness - Fopt (1.000000000000e+03) + sum g_i+ | measured fitness | best measured fitness or single-digit g-values | x1 | x2...
1 0 +7.351330268e+01 +1.073513303e+03 +1.073513303e+03 -4.4020e+00 +1.4184e+00 +4.2783e+00 +2.1306e+00 +9.5449e-01
2 0 +7.175462797e+01 +1.071754628e+03 +1.071754628e+03 -1.4483e+00 +3.4443e+00 -3.7556e+00 +2.8671e+00 -2.2772e+00
3 0 +6.886555171e+01 +1.068865552e+03 +1.068865552e+03 +4.7984e+00 -3.0402e-02 -2.7007e+00 +4.0004e+00 -1.4232e+00
5 0 +2.507577431e+01 +1.025075774e+03 +1.025075774e+03 +1.1291e-02 -4.6749e+00 +2.0306e+00 -1.3929e-01 -4.2838e+00
17 0 +1.264400252e+01 +1.012644003e+03 +1.012644003e+03 +2.7598e+00 -3.0881e-02 -3.7188e-01 +2.3069e+00 +2.0352e+00
72 0 +5.174085149e+00 +1.005174085e+03 +1.005174085e+03 -8.9468e-01 -2.6271e-01 -1.7823e+00 +2.8400e+00 -3.8184e-01
176 0 +5.023008309e+00 +1.005023008e+03 +1.005023008e+03 -8.3449e-01 -2.6271e-01 -1.7823e+00 +2.8400e+00 -3.8184e-01
197 0 +1.045560992e+00 +1.001045561e+03 +1.001045561e+03 +8.9618e-01 -1.3632e-01 -1.0771e+00 +2.5735e+00 +8.2669e-01
204 0 +7.647060776e-01 +1.000764706e+03 +1.000764706e+03 +1.1232e-01 -2.3808e-01 -1.0048e+00 +2.8518e+00 +6.4090e-01
308 0 +5.506003367e-01 +1.000550600e+03 +1.000550600e+03 +2.7657e-01 -3.2471e-01 -1.0048e+00 +2.8518e+00 +7.0404e-01
383 0 +5.078324204e-01 +1.000507832e+03 +1.000507832e+03 -1.0231e-01 -1.8237e-01 -1.5932e+00 +2.7151e+00 +3.5721e-01
393 0 +4.931655689e-01 +1.000493166e+03 +1.000493166e+03 +5.0425e-01 -1.8720e-01 -1.1376e+00 +2.7126e+00 +7.3379e-01
414 0 +1.941793222e-01 +1.000194179e+03 +1.000194179e+03 +5.0425e-01 -1.8720e-01 -1.2834e+00 +2.7126e+00 +7.3379e-01
507 0 +1.467293555e-01 +1.000146729e+03 +1.000146729e+03 +1.0132e+00 -2.0059e-01 -1.2957e+00 +2.6468e+00 +8.9871e-01
513 0 +1.162695280e-01 +1.000116270e+03 +1.000116270e+03 +5.3613e-01 -5.9534e-02 -1.2097e+00 +2.2466e+00 +1.2331e+00
528 0 +9.370577566e-02 +1.000093706e+03 +1.000093706e+03 +5.0425e-01 -1.8720e-01 -1.4638e+00 +2.7126e+00 +7.5118e-01
574 0 +8.595505293e-02 +1.000085955e+03 +1.000085955e+03 +4.3187e-01 -4.6402e-02 -1.4100e+00 +2.2864e+00 +1.0004e+00
611 0 +6.679732269e-02 +1.000066797e+03 +1.000066797e+03 +3.8086e-01 -1.3215e-01 -1.5003e+00 +2.4568e+00 +8.4598e-01
618 0 +6.193064948e-02 +1.000061931e+03 +1.000061931e+03 +5.3021e-01 -1.4780e-01 -1.3462e+00 +2.6211e+00 +8.9708e-01
621 0 +2.778049697e-02 +1.000027780e+03 +1.000027780e+03 +2.2655e-01 +2.3083e-02 -1.5032e+00 +2.4901e+00 +9.5217e-01
756 0 +2.270823505e-02 +1.000022708e+03 +1.000022708e+03 +4.3187e-01 -4.6402e-02 -1.4100e+00 +2.4347e+00 +1.0332e+00
794 0 +1.729851922e-02 +1.000017299e+03 +1.000017299e+03 +2.7560e-01 +3.3264e-02 -1.4895e+00 +2.6375e+00 +1.0168e+00
858 0 +1.575213856e-02 +1.000015752e+03 +1.000015752e+03 +5.2927e-01 -1.5257e-01 -1.2766e+00 +2.4414e+00 +1.2008e+00
902 0 +1.263680706e-02 +1.000012637e+03 +1.000012637e+03 +3.7543e-01 -4.2850e-03 -1.5604e+00 +2.4996e+00 +1.0162e+00
911 0 +4.675562333e-03 +1.000004676e+03 +1.000004676e+03 +5.3114e-01 -7.5703e-02 -1.3850e+00 +2.3456e+00 +1.2154e+00
959 0 +3.519897996e-03 +1.000003520e+03 +1.000003520e+03 +6.4263e-01 -8.4521e-02 -1.4370e+00 +2.5310e+00 +1.1559e+00
976 0 +2.225167064e-03 +1.000002225e+03 +1.000002225e+03 +5.3610e-01 -6.0953e-02 -1.3647e+00 +2.5498e+00 +1.3375e+00
987 0 +1.230039423e-03 +1.000001230e+03 +1.000001230e+03 +3.5916e-01 +3.9915e-02 -1.4998e+00 +2.4567e+00 +1.2102e+00
1007 0 +9.435526561e-04 +1.000000944e+03 +1.000000944e+03 +4.2134e-01 -2.3520e-02 -1.5140e+00 +2.4226e+00 +1.1893e+00
1123 0 +9.055452838e-04 +1.000000906e+03 +1.000000906e+03 +4.2646e-01 -5.7096e-02 -1.4227e+00 +2.4127e+00 +1.2484e+00
1136 0 +8.900542347e-04 +1.000000890e+03 +1.000000890e+03 +7.9612e-01 -1.0775e-01 -1.3502e+00 +2.3584e+00 +1.4366e+00
1138 0 +7.993269841e-04 +1.000000799e+03 +1.000000799e+03 +5.2034e-01 +6.2449e-02 -1.4507e+00 +2.4058e+00 +1.3600e+00
1195 0 +6.385099317e-04 +1.000000639e+03 +1.000000639e+03 +4.2646e-01 -5.7096e-02 -1.4227e+00 +2.4127e+00 +1.3424e+00
1222 0 +5.981378421e-04 +1.000000598e+03 +1.000000598e+03 +3.8328e-01 -8.6766e-03 -1.4567e+00 +2.4192e+00 +1.2523e+00
1236 0 +5.003020975e-04 +1.000000500e+03 +1.000000500e+03 +6.2733e-01 -1.1216e-01 -1.4337e+00 +2.3808e+00 +1.3459e+00
1338 0 +3.540657088e-04 +1.000000354e+03 +1.000000354e+03 +5.5808e-01 -6.3745e-02 -1.5019e+00 +2.4161e+00 +1.3113e+00
1362 0 +2.711229630e-04 +1.000000271e+03 +1.000000271e+03 +7.0766e-01 -1.1216e-01 -1.4337e+00 +2.3808e+00 +1.3459e+00
1411 0 +1.794570121e-04 +1.000000179e+03 +1.000000179e+03 +5.6231e-01 +3.2086e-02 -1.4790e+00 +2.4009e+00 +1.3447e+00
1490 0 +1.185157375e-04 +1.000000119e+03 +1.000000119e+03 +5.5177e-01 -3.3930e-02 -1.4618e+00 +2.3318e+00 +1.3134e+00
1576 0 +3.448951088e-05 +1.000000034e+03 +1.000000034e+03 +4.5570e-01 +4.8611e-03 -1.4764e+00 +2.3482e+00 +1.3484e+00
1689 0 +2.183016682e-05 +1.000000022e+03 +1.000000022e+03 +6.5881e-01 -5.8309e-03 -1.4998e+00 +2.3609e+00 +1.3785e+00
1942 0 +1.662584918e-05 +1.000000017e+03 +1.000000017e+03 +6.1644e-01 -2.9867e-02 -1.4551e+00 +2.3780e+00 +1.3476e+00
2084 0 +2.028341328e-06 +1.000000002e+03 +1.000000002e+03 +6.1644e-01 -2.9867e-02 -1.4551e+00 +2.3556e+00 +1.3814e+00
2490 0 +1.963371005e-06 +1.000000002e+03 +1.000000002e+03 +6.8738e-01 -1.8717e-02 -1.4706e+00 +2.3095e+00 +1.4054e+00
2515 0 +2.798133210e-07 +1.000000000e+03 +1.000000000e+03 +6.4896e-01 -1.2938e-02 -1.4774e+00 +2.3251e+00 +1.3934e+00
4874 0 +9.962661807e-08 +1.000000000e+03 +1.000000000e+03 +6.4606e-01 -1.2938e-02 -1.4704e+00 +2.3251e+00 +1.4183e+00
% f evaluations | g evaluations | best noise-free fitness - Fopt (-3.153700000000e+02) + sum g_i+ | measured fitness | best measured fitness or single-digit g-values | x1 | x2...
1 0 +6.089052811e+01 -2.544794719e+02 -2.544794719e+02 -1.4545e+00 +1.6754e+00 +4.0852e+00 +2.1501e+00 -3.5757e+00
3 0 +5.674160758e+01 -2.586283924e+02 -2.586283924e+02 +4.6076e+00 -8.0419e-01 +1.1511e+00 -5.2266e-01 +4.1889e+00
5 0 +3.143636903e+01 -2.839336310e+02 -2.839336310e+02 +2.1194e+00 -3.0215e+00 -2.2590e+00 -1.3556e+00 +8.6706e-01
8 0 +2.989794061e+01 -2.854720594e+02 -2.854720594e+02 +3.3589e+00 +9.1284e-01 +2.9009e+00 -2.9510e-01 +4.8204e+00
36 0 +2.415121435e+01 -2.912187857e+02 -2.912187857e+02 +1.1033e+00 +4.0347e+00 -8.3296e-01 -3.4612e+00 -3.2699e+00
48 0 +2.058952242e+00 -3.133110478e+02 -3.133110478e+02 -8.2332e-01 -4.1610e+00 -1.8180e+00 +4.2663e+00 -3.7592e+00
420 0 +2.010737593e+00 -3.133592624e+02 -3.133592624e+02 -7.4248e-01 -4.1409e+00 -1.8180e+00 +4.2663e+00 -3.7362e+00
580 0 +1.974343175e+00 -3.133956568e+02 -3.133956568e+02 -8.2332e-01 -4.1610e+00 -1.7921e+00 +4.1950e+00 -3.7686e+00
621 0 +1.775242089e+00 -3.135947579e+02 -3.135947579e+02 -8.2332e-01 -4.0531e+00 -1.7921e+00 +4.1950e+00 -3.7686e+00
631 0 +1.515725159e+00 -3.138542748e+02 -3.138542748e+02 -8.2332e-01 -4.1610e+00 -1.7406e+00 +4.0709e+00 -3.7686e+00
752 0 +6.712498213e-01 -3.146987502e+02 -3.146987502e+02 -8.2332e-01 -4.1610e+00 -1.8115e+00 +3.9319e+00 -3.7686e+00
924 0 +6.334543104e-01 -3.147365457e+02 -3.147365457e+02 -7.8994e-01 -4.0571e+00 -1.5940e+00 +3.9319e+00 -3.7686e+00
992 0 +4.983530544e-01 -3.148716469e+02 -3.148716469e+02 -7.8994e-01 -4.0571e+00 -1.5940e+00 +3.8185e+00 -3.7686e+00
1299 0 +4.852909764e-01 -3.148847090e+02 -3.148847090e+02 -7.9028e-01 -3.9493e+00 -1.6622e+00 +3.7793e+00 -4.0286e+00
1355 0 +4.368493180e-01 -3.149331507e+02 -3.149331507e+02 -7.8994e-01 -4.0027e+00 -1.6115e+00 +3.7600e+00 -3.7741e+00
1407 0 +3.113541508e-01 -3.150586458e+02 -3.150586458e+02 -7.5247e-01 -3.9037e+00 -1.6119e+00 +3.6185e+00 -3.7276e+00
1509 0 +2.952586804e-01 -3.150747413e+02 -3.150747413e+02 -9.5858e-01 -3.9709e+00 -1.7887e+00 +3.7146e+00 -3.7820e+00
1586 0 +2.594937188e-01 -3.151105063e+02 -3.151105063e+02 -8.7922e-01 -3.9334e+00 -1.7367e+00 +3.6841e+00 -3.8738e+00
1614 0 +1.829578541e-01 -3.151870421e+02 -3.151870421e+02 -9.6780e-01 -3.9319e+00 -1.7487e+00 +3.6659e+00 -3.8903e+00
1621 0 +1.679825379e-01 -3.152020175e+02 -3.152020175e+02 -9.7305e-01 -3.9211e+00 -1.6848e+00 +3.6536e+00 -3.9657e+00
1636 0 +1.331887949e-01 -3.152368112e+02 -3.152368112e+02 -9.8371e-01 -3.7436e+00 -1.7202e+00 +3.6128e+00 -3.7997e+00
1768 0 +8.531958217e-02 -3.152846804e+02 -3.152846804e+02 -1.1023e+00 -3.7436e+00 -1.7202e+00 +3.5190e+00 -3.7128e+00
1844 0 +7.882489707e-02 -3.152911751e+02 -3.152911751e+02 -1.1023e+00 -3.7436e+00 -1.7126e+00 +3.4414e+00 -3.8082e+00
1994 0 +5.174365939e-02 -3.153182563e+02 -3.153182563e+02 -1.0708e+00 -3.6661e+00 -1.5134e+00 +3.4505e+00 -3.6673e+00
2048 0 +4.047797086e-02 -3.153295220e+02 -3.153295220e+02 -1.2648e+00 -3.7436e+00 -1.7126e+00 +3.3479e+00 -3.8082e+00
2104 0 +2.314552624e-02 -3.153468545e+02 -3.153468545e+02 -1.2649e+00 -3.6453e+00 -1.6764e+00 +3.3886e+00 -3.8424e+00
2308 0 +2.076906523e-02 -3.153492309e+02 -3.153492309e+02 -1.2556e+00 -3.5881e+00 -1.6583e+00 +3.3860e+00 -3.8130e+00
2338 0 +1.463751409e-02 -3.153553625e+02 -3.153553625e+02 -1.3919e+00 -3.4073e+00 -1.6755e+00 +3.5204e+00 -3.7831e+00
2366 0 +1.357746703e-02 -3.153564225e+02 -3.153564225e+02 -1.2834e+00 -3.5421e+00 -1.5611e+00 +3.4217e+00 -3.7583e+00
2374 0 +1.278974661e-02 -3.153572103e+02 -3.153572103e+02 -1.4316e+00 -3.4073e+00 -1.6755e+00 +3.4536e+00 -3.8605e+00
2495 0 +1.237521805e-02 -3.153576248e+02 -3.153576248e+02 -1.4316e+00 -3.3003e+00 -1.6755e+00 +3.4377e+00 -3.7840e+00
2503 0 +3.573498348e-03 -3.153664265e+02 -3.153664265e+02 -1.4539e+00 -3.5231e+00 -1.5544e+00 +3.2413e+00 -3.8682e+00
2599 0 +1.420550143e-03 -3.153685794e+02 -3.153685794e+02 -1.5030e+00 -3.4073e+00 -1.5239e+00 +3.3026e+00 -3.7907e+00
2732 0 +1.358877917e-03 -3.153686411e+02 -3.153686411e+02 -1.4734e+00 -3.3907e+00 -1.5575e+00 +3.2252e+00 -3.7375e+00
2915 0 +8.473820508e-04 -3.153691526e+02 -3.153691526e+02 -1.4925e+00 -3.3542e+00 -1.5676e+00 +3.3021e+00 -3.7423e+00
2973 0 +8.252045327e-04 -3.153691748e+02 -3.153691748e+02 -1.6240e+00 -3.3079e+00 -1.5526e+00 +3.2837e+00 -3.8382e+00
3102 0 +6.506980394e-04 -3.153693493e+02 -3.153693493e+02 -1.5404e+00 -3.3454e+00 -1.5395e+00 +3.3007e+00 -3.7394e+00
3275 0 +5.219288394e-04 -3.153694781e+02 -3.153694781e+02 -1.5035e+00 -3.2907e+00 -1.4881e+00 +3.2725e+00 -3.6954e+00
3287 0 +4.559708745e-04 -3.153695440e+02 -3.153695440e+02 -1.5614e+00 -3.3031e+00 -1.4951e+00 +3.2709e+00 -3.7358e+00
3338 0 +3.721935245e-04 -3.153696278e+02 -3.153696278e+02 -1.5291e+00 -3.2907e+00 -1.4881e+00 +3.2725e+00 -3.6954e+00
3411 0 +3.062485799e-04 -3.153696938e+02 -3.153696938e+02 -1.5469e+00 -3.2282e+00 -1.5519e+00 +3.3126e+00 -3.5744e+00
3425 0 +1.811316514e-04 -3.153698189e+02 -3.153698189e+02 -1.6247e+00 -3.1990e+00 -1.5895e+00 +3.2786e+00 -3.7209e+00
3452 0 +9.751197837e-05 -3.153699025e+02 -3.153699025e+02 -1.6436e+00 -3.1589e+00 -1.5516e+00 +3.3224e+00 -3.7113e+00
3521 0 +3.574011822e-05 -3.153699643e+02 -3.153699643e+02 -1.6247e+00 -3.1990e+00 -1.5510e+00 +3.2786e+00 -3.7209e+00
4023 0 +1.535710322e-05 -3.153699846e+02 -3.153699846e+02 -1.5932e+00 -3.1506e+00 -1.5291e+00 +3.3006e+00 -3.6037e+00
4209 0 +1.980719787e-06 -3.153699980e+02 -3.153699980e+02 -1.6538e+00 -3.0768e+00 -1.4986e+00 +3.2786e+00 -3.6248e+00
4366 0 +6.969262927e-07 -3.153699993e+02 -3.153699993e+02 -1.6514e+00 -3.0965e+00 -1.5182e+00 +3.2520e+00 -3.6074e+00
4464 0 +3.077428232e-07 -3.153699997e+02 -3.153699997e+02 -1.6747e+00 -3.0734e+00 -1.5182e+00 +3.2520e+00 -3.6074e+00
% f evaluations | g evaluations | best noise-free fitness - Fopt (7.019000000000e+01) + sum g_i+ | measured fitness | best measured fitness or single-digit g-values | x1 | x2...
1 0 +6.545488321e+01 +1.356448832e+02 +1.356448832e+02 -3.4626e+00 +4.7525e+00 +1.6710e+00 -3.3172e+00 +1.6869e+00
2 0 +3.315465257e+01 +1.033446526e+02 +1.033446526e+02 -3.9704e+00 +2.4578e+00 -3.6298e-01 +1.9782e+00 -9.7108e-01
24 0 +2.917817872e+01 +9.936817872e+01 +9.936817872e+01 +8.8512e-01 +1.9375e+00 -1.9226e-01 -3.2629e+00 -2.3349e+00
45 0 +2.033589148e+01 +9.052589148e+01 +9.052589148e+01 +1.8143e+00 -3.3548e+00 -2.6235e-01 -2.0063e-01 -3.0729e+00
64 0 +1.081651063e+01 +8.100651063e+01 +8.100651063e+01 -7.7369e-01 -1.8802e+00 -8.0584e-01 +6.9409e-01 -2.8759e+00
124 0 +9.901065765e+00 +8.009106577e+01 +8.009106577e+01 -7.7369e-01 -1.8802e+00 -8.1088e-01 +8.0060e-01 -2.8941e+00
221 0 +9.058652626e+00 +7.924865263e+01 +7.924865263e+01 -6.7072e-01 -1.9184e+00 -8.1088e-01 +8.9963e-01 -2.8941e+00
321 0 +8.448973904e+00 +7.863897390e+01 +7.863897390e+01 -1.7965e+00 -3.4996e-01 +1.6188e-02 +2.2310e+00 -2.9512e+00
382 0 +4.423705178e+00 +7.461370518e+01 +7.461370518e+01 -1.8212e+00 -7.2946e-01 -5.2080e-01 +1.8723e+00 -2.3310e+00
439 0 +4.025379503e+00 +7.421537950e+01 +7.421537950e+01 -1.8212e+00 -7.0942e-01 -5.2080e-01 +1.9828e+00 -2.4696e+00
509 0 +3.275640253e+00 +7.346564025e+01 +7.346564025e+01 -1.4724e+00 -9.1554e-01 -6.6842e-01 +1.6753e+00 -2.7998e+00
577 0 +2.666064057e+00 +7.285606406e+01 +7.285606406e+01 -1.3153e+00 -6.4098e-01 -6.3962e-01 +1.2137e+00 -2.6241e+00
703 0 +2.416666715e+00 +7.260666672e+01 +7.260666672e+01 -1.4951e+00 -6.7520e-01 -6.3515e-01 +1.5982e+00 -2.6983e+00
884 0 +2.360989560e+00 +7.255098956e+01 +7.255098956e+01 -1.4258e+00 -6.7520e-01 -5.5213e-01 +1.5957e+00 -2.6983e+00
917 0 +2.332752306e+00 +7.252275231e+01 +7.252275231e+01 -1.5141e+00 -5.0416e-01 -5.6619e-01 +1.4275e+00 -2.6121e+00
925 0 +2.257927744e+00 +7.244792774e+01 +7.244792774e+01 -1.5018e+00 -6.8673e-01 -7.5435e-01 +1.3262e+00 -2.8409e+00
1005 0 +2.226713785e+00 +7.241671379e+01 +7.241671379e+01 -1.3873e+00 -7.0187e-01 -6.8596e-01 +1.2973e+00 -2.8389e+00
1113 0 +2.156587869e+00 +7.234658787e+01 +7.234658787e+01 -1.4844e+00 -5.7849e-01 -6.5354e-01 +1.5073e+00 -2.8223e+00
1156 0 +2.098397968e+00 +7.228839797e+01 +7.228839797e+01 -1.7075e+00 -4.6075e-01 -6.4131e-01 +1.6009e+00 -2.8228e+00
1190 0 +2.077765384e+00 +7.226776538e+01 +7.226776538e+01 -1.7075e+00 -2.4685e-01 -6.4131e-01 +1.5469e+00 -2.8228e+00
1248 0 +2.029238285e+00 +7.221923829e+01 +7.221923829e+01 -1.5121e+00 -5.0932e-01 -6.8150e-01 +1.4579e+00 -3.0727e+00
1723 0 +1.992170038e+00 +7.218217004e+01 +7.218217004e+01 -1.7469e+00 -2.1476e-01 -6.8277e-01 +1.3669e+00 -3.1761e+00
2295 0 +1.941478846e+00 +7.213147885e+01 +7.213147885e+01 -1.8575e+00 -1.5955e-01 -7.2697e-01 +1.4565e+00 -3.3425e+00
2417 0 +1.901160371e+00 +7.209116037e+01 +7.209116037e+01 -1.7046e+00 -3.2973e-01 -8.0529e-01 +1.4098e+00 -3.5299e+00
2776 0 +1.861241460e+00 +7.205124146e+01 +7.205124146e+01 -1.7461e+00 -2.7581e-01 -8.5896e-01 +1.2009e+00 -3.4799e+00
2937 0 +1.786342194e+00 +7.197634219e+01 +7.197634219e+01 -1.7629e+00 -1.0598e-01 -8.8243e-01 +1.2594e+00 -3.6036e+00
2994 0 +1.777965284e+00 +7.196796528e+01 +7.196796528e+01 -1.8426e+00 -1.0213e-01 -8.6195e-01 +1.2920e+00 -3.7194e+00
3183 0 +1.698427760e+00 +7.188842776e+01 +7.188842776e+01 -1.7739e+00 -1.8262e-01 -9.6601e-01 +1.1075e+00 -3.6512e+00
3351 0 +1.684352263e+00 +7.187435226e+01 +7.187435226e+01 -1.7205e+00 -2.0106e-01 -9.4640e-01 +1.1958e+00 -3.7149e+00
3667 0 +1.633909204e+00 +7.182390920e+01 +7.182390920e+01 -1.7383e+00 -1.5622e-01 -9.5852e-01 +1.1890e+00 -3.8346e+00
3841 0 +1.589807276e+00 +7.177980728e+01 +7.177980728e+01 -1.7811e+00 -1.3330e-01 -1.0166e+00 +1.0425e+00 -3.7995e+00
4057 0 +1.560292758e+00 +7.175029276e+01 +7.175029276e+01 -1.7811e+00 -1.1063e-01 -1.0734e+00 +1.0293e+00 -3.8893e+00
4067 0 +1.548089228e+00 +7.173808923e+01 +7.173808923e+01 -1.7688e+00 -1.1063e-01 -1.0129e+00 +1.0293e+00 -3.8893e+00
4163 0 +1.495815601e+00 +7.168581560e+01 +7.168581560e+01 -1.5908e+00 -2.3708e-01 -1.0922e+00 +9.4517e-01 -4.0054e+00
4522 0 +1.451670886e+00 +7.164167089e+01 +7.164167089e+01 -1.7480e+00 -1.2647e-01 -1.0841e+00 +1.0259e+00 -4.1591e+00
4869 0 +1.436474417e+00 +7.162647442e+01 +7.162647442e+01 -1.6725e+00 -2.3105e-01 -1.1382e+00 +8.6505e-01 -4.0399e+00
4935 0 +1.388126639e+00 +7.157812664e+01 +7.157812664e+01 -1.7366e+00 -1.3312e-01 -1.1582e+00 +8.6505e-01 -4.1260e+00
4987 0 +1.353593901e+00 +7.154359390e+01 +7.154359390e+01 -1.7366e+00 -1.2070e-01 -1.1582e+00 +8.5975e-01 -4.2324e+00
% f evaluations | g evaluations | best noise-free fitness - Fopt (-1.123100000000e+02) + sum g_i+ | measured fitness | best measured fitness or single-digit g-values | x1 | x2...
1 0 +6.407081488e+01 -4.823918512e+01 -4.823918512e+01 -2.7861e+00 -2.9974e+00 +2.7624e+00 -1.3724e+00 -3.0802e+00
2 0 +5.003753652e+01 -6.227246348e+01 -6.227246348e+01 -4.0145e+00 -1.6963e-01 +4.2210e+00 -1.7353e-01 +3.5449e+00
3 0 +4.353834131e+01 -6.877165869e+01 -6.877165869e+01 -4.2917e+00 +3.4753e+00 +3.1214e+00 +4.7640e+00 +4.1821e-01
8 0 +3.088097804e+01 -8.142902196e+01 -8.142902196e+01 +4.7205e+00 -3.0423e-01 +1.9537e+00 +4.5536e+00 -1.8773e+00
51 0 +1.441850105e+01 -9.789149895e+01 -9.789149895e+01 +2.6068e+00 -2.5491e+00 -9.5724e-01 +3.2823e+00 -5.7629e-01
106 0 +1.035207084e+01 -1.019579292e+02 -1.019579292e+02 +1.3861e+00 -3.3048e+00 +1.6608e+00 +4.1010e+00 -1.8792e+00
109 0 +5.568023558e+00 -1.067419764e+02 -1.067419764e+02 +1.0830e+00 +1.8725e-01 -9.4535e-01 +1.0670e+00 -9.6217e-01
295 0 +5.471508154e+00 -1.068384918e+02 -1.068384918e+02 +1.0830e+00 +1.8725e-01 -1.1159e+00 +1.0670e+00 -9.9839e-01
340 0 +5.223407884e+00 -1.070865921e+02 -1.070865921e+02 +1.0830e+00 +1.8725e-01 -1.0926e+00 +1.1448e+00 -8.9461e-01
357 0 +3.566889536e+00 -1.087431105e+02 -1.087431105e+02 +1.0556e+00 +5.2411e-02 -9.4535e-01 +1.0552e+00 -9.6217e-01
367 0 +1.561280064e+00 -1.107487199e+02 -1.107487199e+02 +1.2346e+00 -9.8479e-01 -1.2474e+00 +5.2707e-01 -1.8007e+00
443 0 +6.471122928e-01 -1.116628877e+02 -1.116628877e+02 +1.8032e+00 -5.9746e-01 -4.8734e-01 +3.1933e-01 -4.9628e-01
604 0 +6.054293630e-01 -1.117045706e+02 -1.117045706e+02 +1.2828e+00 -3.9877e-01 -1.1695e+00 +7.5459e-01 -1.5117e+00
633 0 +5.565932797e-01 -1.117534067e+02 -1.117534067e+02 +1.8032e+00 -5.9746e-01 -4.8734e-01 +2.1295e-01 -5.7409e-01
643 0 +5.113193798e-01 -1.117986806e+02 -1.117986806e+02 +1.4713e+00 -3.0900e-01 -7.4760e-01 +6.9029e-01 -8.5314e-01
694 0 +4.962827925e-01 -1.118137172e+02 -1.118137172e+02 +1.7759e+00 -4.5757e-01 -4.9327e-01 +2.9436e-01 -4.9628e-01
701 0 +1.467668496e-01 -1.121632332e+02 -1.121632332e+02 +1.5321e+00 -4.1309e-01 -9.9014e-01 +6.6898e-01 -8.5351e-01
808 0 +1.326828227e-01 -1.121773172e+02 -1.121773172e+02 +1.5435e+00 -4.1690e-01 -1.0493e+00 +6.7673e-01 -8.9943e-01
909 0 +6.825989777e-02 -1.122417401e+02 -1.122417401e+02 +1.4382e+00 -5.1215e-01 -1.0694e+00 +4.9370e-01 -7.8461e-01
921 0 +4.100822227e-02 -1.122689918e+02 -1.122689918e+02 +1.5063e+00 -5.7544e-01 -9.9848e-01 +2.8269e-01 -8.2635e-01
1083 0 +2.897354221e-02 -1.122810265e+02 -1.122810265e+02 +1.5779e+00 -5.4122e-01 -1.1183e+00 +4.0589e-01 -8.7162e-01
1100 0 +2.467355801e-02 -1.122853264e+02 -1.122853264e+02 +1.6480e+00 -5.5978e-01 -1.0573e+00 +3.7465e-01 -1.0316e+00
1189 0 +1.776633677e-02 -1.122922337e+02 -1.122922337e+02 +1.4945e+00 -5.6429e-01 -1.1617e+00 +2.9256e-01 -9.3159e-01
1303 0 +1.346685785e-02 -1.122965331e+02 -1.122965331e+02 +1.5158e+00 -6.3048e-01 -1.2649e+00 +3.8358e-01 -1.0437e+00
1522 0 +7.508949459e-03 -1.123024911e+02 -1.123024911e+02 +1.5158e+00 -6.3048e-01 -1.2815e+00 +2.0542e-01 -1.1995e+00
1715 0 +3.723868093e-03 -1.123062761e+02 -1.123062761e+02 +1.5257e+00 -6.9005e-01 -1.2625e+00 +2.3250e-01 -1.0936e+00
1799 0 +3.005160386e-03 -1.123069948e+02 -1.123069948e+02 +1.6079e+00 -7.7842e-01 -1.2815e+00 +2.0542e-01 -1.2704e+00
1900 0 +2.287591705e-03 -1.123077124e+02 -1.123077124e+02 +1.6079e+00 -7.5879e-01 -1.2815e+00 +2.0542e-01 -1.2704e+00
1947 0 +2.156732479e-03 -1.123078433e+02 -1.123078433e+02 +1.4539e+00 -7.3080e-01 -1.3364e+00 +2.6028e-01 -1.2319e+00
2004 0 +1.875495723e-03 -1.123081245e+02 -1.123081245e+02 +1.5560e+00 -7.7842e-01 -1.2815e+00 +2.0542e-01 -1.2704e+00
2027 0 +1.005113561e-03 -1.123089949e+02 -1.123089949e+02 +1.4539e+00 -7.3080e-01 -1.3364e+00 +1.7827e-01 -1.2319e+00
2181 0 +9.449869052e-04 -1.123090550e+02 -1.123090550e+02 +1.3774e+00 -7.7968e-01 -1.3474e+00 +1.6513e-01 -1.2608e+00
2355 0 +8.803351138e-04 -1.123091197e+02 -1.123091197e+02 +1.3848e+00 -7.6335e-01 -1.4283e+00 +1.5493e-01 -1.3145e+00
2404 0 +7.847355636e-04 -1.123092153e+02 -1.123092153e+02 +1.4546e+00 -7.8146e-01 -1.3245e+00 +1.6933e-01 -1.2919e+00
2469 0 +7.292498908e-04 -1.123092708e+02 -1.123092708e+02 +1.4470e+00 -8.0753e-01 -1.3416e+00 +9.6044e-02 -1.2479e+00
2477 0 +1.663578864e-04 -1.123098336e+02 -1.123098336e+02 +1.3943e+00 -8.3901e-01 -1.3888e+00 +7.1119e-02 -1.3830e+00
2690 0 +1.232411188e-04 -1.123098768e+02 -1.123098768e+02 +1.5151e+00 -8.2953e-01 -1.3773e+00 +8.6900e-02 -1.4073e+00
2838 0 +9.826826491e-05 -1.123099017e+02 -1.123099017e+02 +1.4472e+00 -8.2953e-01 -1.4500e+00 +8.6900e-02 -1.4073e+00
3032 0 +8.462801713e-05 -1.123099154e+02 -1.123099154e+02 +1.3984e+00 -8.4673e-01 -1.4117e+00 +9.1888e-02 -1.4023e+00
3190 0 +4.229344520e-05 -1.123099577e+02 -1.123099577e+02 +1.4782e+00 -8.2808e-01 -1.3983e+00 +1.2785e-01 -1.4406e+00
3330 0 +3.596186552e-05 -1.123099640e+02 -1.123099640e+02 +1.4070e+00 -8.8233e-01 -1.4414e+00 +3.4386e-02 -1.4381e+00
3383 0 +1.713124819e-05 -1.123099829e+02 -1.123099829e+02 +1.4780e+00 -8.8233e-01 -1.4414e+00 +3.4386e-02 -1.5148e+00
3680 0 +1.537501301e-05 -1.123099846e+02 -1.123099846e+02 +1.4157e+00 -8.5663e-01 -1.4416e+00 +6.7277e-02 -1.5370e+00
3693 0 +6.582239507e-06 -1.123099934e+02 -1.123099934e+02 +1.4464e+00 -8.4307e-01 -1.4577e+00 +1.0782e-01 -1.5155e+00
4106 0 +1.606455783e-06 -1.123099984e+02 -1.123099984e+02 +1.4565e+00 -8.7874e-01 -1.4534e+00 +5.0025e-02 -1.5210e+00
4675 0 +1.371979067e-06 -1.123099986e+02 -1.123099986e+02 +1.4484e+00 -8.7788e-01 -1.4497e+00 +6.4861e-02 -1.5146e+00
% f evaluations | g evaluations | best noise-free fitness - Fopt (4.463000000000e+01) + sum g_i+ | measured fitness | best measured fitness or single-digit g-values | x1 | x2...
1 0 +4.654130600e+01 +9.117130600e+01 +9.117130600e+01 +3.7770e-01 +2.3768e+00 -2.6039e+00 +3.5158e+00 +5.7922e-01
5 0 +1.036514603e+01 +5.499514603e+01 +5.499514603e+01 -2.9775e+00 -4.7770e+00 -3.4724e+00 -6.7814e-01 +5.4734e-01
102 0 +1.003666223e+01 +5.466666223e+01 +5.466666223e+01 +1.6449e-01 +8.1615e-01 -2.8863e+00 +2.5222e+00 -9.3853e-01
118 0 +7.556011293e+00 +5.218601129e+01 +5.218601129e+01 -2.6578e-01 +5.0054e-01 +1.9719e-01 -1.0889e+00 -2.0265e+00
389 0 +7.369096181e+00 +5.199909618e+01 +5.199909618e+01 -3.1527e-01 +4.8294e-01 +1.9719e-01 -1.1214e+00 -2.1415e+00
497 0 +7.032089103e+00 +5.166208910e+01 +5.166208910e+01 -4.3960e-01 +4.2892e-01 +1.9719e-01 -1.2322e+00 -2.1568e+00
652 0 +6.558456319e+00 +5.118845632e+01 +5.118845632e+01 -2.0923e-01 +6.1679e-01 +3.8732e-01 -1.2314e+00 -2.0025e+00
672 0 +6.393161732e+00 +5.102316173e+01 +5.102316173e+01 -4.3960e-01 +4.2892e-01 +4.0845e-01 -1.2325e+00 -2.1568e+00
740 0 +4.306804069e+00 +4.893680407e+01 +4.893680407e+01 -4.3960e-01 +3.6562e-01 +4.3203e-01 -1.6231e+00 -2.4303e+00
925 0 +3.942524110e+00 +4.857252411e+01 +4.857252411e+01 -4.3960e-01 +3.6562e-01 +4.9111e-01 -1.6776e+00 -2.4303e+00
995 0 +3.659445800e+00 +4.828944580e+01 +4.828944580e+01 -3.2321e-01 +4.1270e-01 +5.6047e-01 -1.5673e+00 -2.2756e+00
1057 0 +3.613356111e+00 +4.824335611e+01 +4.824335611e+01 -3.9385e-01 +3.5402e-01 +5.1985e-01 -1.6776e+00 -2.3895e+00
1217 0 +3.387705948e+00 +4.801770595e+01 +4.801770595e+01 -3.8750e-01 +3.9187e-01 +4.8037e-01 -1.8150e+00 -2.3564e+00
1266 0 +3.030098514e+00 +4.766009851e+01 +4.766009851e+01 -1.0211e-01 +2.6647e-01 +6.0631e-01 -1.6200e+00 -2.0995e+00
1301 0 +2.833758872e+00 +4.746375887e+01 +4.746375887e+01 -1.5480e-01 +3.3138e-01 +6.2496e-01 -1.7088e+00 -2.1207e+00
1510 0 +2.786689803e+00 +4.741668980e+01 +4.741668980e+01 -2.4696e-01 +3.9564e-01 +5.8377e-01 -1.8507e+00 -2.2336e+00
1590 0 +2.739233892e+00 +4.736923389e+01 +4.736923389e+01 -1.4576e-01 +3.2651e-01 +5.9726e-01 -1.7510e+00 -2.1983e+00
1603 0 +2.590330143e+00 +4.722033014e+01 +4.722033014e+01 -1.2173e-01 +3.2421e-01 +6.0696e-01 -2.0041e+00 -2.3347e+00
1787 0 +2.565446672e+00 +4.719544667e+01 +4.719544667e+01 -5.6580e-02 +3.6317e-01 +6.1257e-01 -1.9157e+00 -2.2116e+00
1886 0 +2.500250180e+00 +4.713025018e+01 +4.713025018e+01 -4.0552e-02 +2.9585e-01 +6.7707e-01 -1.9321e+00 -2.1852e+00
% f evaluations | g evaluations | best noise-free fitness - Fopt (-9.422000000000e+01) + sum g_i+ | measured fitness | best measured fitness or single-digit g-values | x1 | x2...
1 0 +3.601344319e+01 -5.820655681e+01 -5.820655681e+01 +2.6726e+00 -3.1180e+00 -2.1613e+00 +3.3917e+00 +3.9106e+00
6 0 +2.641357631e+01 -6.780642369e+01 -6.780642369e+01 -2.2452e+00 +2.3105e+00 -1.2092e+00 +4.8797e-01 -2.5866e+00
24 0 +1.781603806e+01 -7.640396194e+01 -7.640396194e+01 +1.4158e+00 +3.2225e+00 -1.2326e+00 -1.3317e-02 +1.0609e+00
25 0 +1.601137955e+01 -7.820862045e+01 -7.820862045e+01 -1.5182e+00 -3.6201e+00 +5.9873e-01 -2.3200e+00 +4.7571e+00
112 0 +1.576027045e+01 -7.845972955e+01 -7.845972955e+01 -1.5182e+00 -3.6201e+00 +5.4728e-01 -2.3200e+00 +4.7571e+00
136 0 +1.276549514e+01 -8.145450486e+01 -8.145450486e+01 -1.2102e+00 -2.7352e+00 -9.9275e-01 -1.9899e+00 -7.9933e-01
200 0 +4.363523631e+00 -8.985647637e+01 -8.985647637e+01 +3.9124e-01 -3.2028e+00 +4.2356e-01 -3.6561e+00 -1.1050e-01
403 0 +3.602376687e+00 -9.061762331e+01 -9.061762331e+01 +4.4539e-02 -3.3348e+00 +7.9889e-01 -4.2380e+00 -2.8083e-01
573 0 +3.295821474e+00 -9.092417853e+01 -9.092417853e+01 +4.4539e-02 -3.3348e+00 +7.9889e-01 -4.2008e+00 -2.8083e-01
598 0 +2.425916659e+00 -9.179408334e+01 -9.179408334e+01 +2.8170e-03 -3.4132e+00 +7.5408e-01 -4.2405e+00 -2.0192e-01
624 0 +2.090184674e+00 -9.212981533e+01 -9.212981533e+01 +1.1153e-01 -3.3648e+00 +5.2234e-01 -3.9761e+00 -1.4667e-01
688 0 +2.020440829e+00 -9.219955917e+01 -9.219955917e+01 -3.7295e-01 -3.1893e+00 -4.0513e-01 -3.1376e+00 -2.3677e-01
786 0 +1.941059800e+00 -9.227894020e+01 -9.227894020e+01 -8.0720e-02 -3.3159e+00 +3.3608e-01 -3.7182e+00 -1.2289e-01
875 0 +1.820052298e+00 -9.239994770e+01 -9.239994770e+01 -4.4567e-02 -3.3159e+00 +3.3608e-01 -3.7182e+00 +2.7847e-02
902 0 +1.470339760e+00 -9.274966024e+01 -9.274966024e+01 -8.0008e-02 -3.4269e+00 +3.4514e-01 -3.8967e+00 -1.1712e-02
1012 0 +1.181891396e+00 -9.303810860e+01 -9.303810860e+01 -3.0367e-01 -3.2201e+00 +2.3640e-02 -3.6207e+00 -2.4539e-02
1038 0 +1.041975655e+00 -9.317802435e+01 -9.317802435e+01 -1.0873e-01 -3.4269e+00 +3.4514e-01 -3.8699e+00 +8.5293e-02
1053 0 +9.463804804e-01 -9.327361952e+01 -9.327361952e+01 -3.4788e-01 -3.4488e+00 -4.7477e-02 -3.4422e+00 -1.0905e-01
1118 0 +6.087678122e-01 -9.361123219e+01 -9.361123219e+01 -3.9973e-01 -3.4378e+00 +1.4883e-01 -3.7645e+00 -4.2393e-02
1199 0 +5.162760472e-01 -9.370372395e+01 -9.370372395e+01 -5.0494e-01 -3.3507e+00 -1.0590e-01 -3.4553e+00 -5.1823e-03
1292 0 +5.031113298e-01 -9.371688867e+01 -9.371688867e+01 -4.9602e-01 -3.4350e+00 +2.1464e-02 -3.6099e+00 -2.2389e-02
1319 0 +4.898764460e-01 -9.373012355e+01 -9.373012355e+01 -4.7162e-01 -3.3474e+00 +9.3365e-02 -3.7917e+00 +1.3428e-01
1420 0 +4.868160051e-01 -9.373318399e+01 -9.373318399e+01 -4.2528e-01 -3.3474e+00 +1.3951e-01 -3.8908e+00 +2.1690e-01
1510 0 +4.675134293e-01 -9.375248657e+01 -9.375248657e+01 -5.4470e-01 -3.3725e+00 +1.7261e-01 -3.6734e+00 +2.1286e-01
1529 0 +4.231001392e-01 -9.379689986e+01 -9.379689986e+01 -5.5336e-01 -3.2842e+00 -2.1563e-01 -3.5102e+00 +1.5895e-01
1582 0 +3.559685006e-01 -9.386403150e+01 -9.386403150e+01 -5.6943e-01 -3.4831e+00 -8.6694e-02 -3.5895e+00 +8.8662e-02
1603 0 +3.546225273e-01 -9.386537747e+01 -9.386537747e+01 -4.7678e-01 -3.3711e+00 +1.0819e-01 -3.8038e+00 +3.7853e-01
1668 0 +3.433234930e-01 -9.387667651e+01 -9.387667651e+01 -6.0467e-01 -3.4184e+00 -3.7096e-01 -3.4821e+00 +9.9720e-02
1699 0 +3.376159913e-01 -9.388238401e+01 -9.388238401e+01 -4.8367e-01 -3.4160e+00 -4.8549e-02 -3.6508e+00 +3.6545e-01
1730 0 +2.956704350e-01 -9.392432957e+01 -9.392432957e+01 -7.6908e-01 -3.4831e+00 -8.6694e-02 -3.5895e+00 +9.2944e-03
1774 0 +2.274488816e-01 -9.399255112e+01 -9.399255112e+01 -6.7512e-01 -3.4344e+00 -2.6177e-01 -3.6803e+00 +1.6614e-01
1813 0 +1.924394368e-01 -9.402756056e+01 -9.402756056e+01 -6.2093e-01 -3.4207e+00 +3.7651e-02 -3.7717e+00 +2.6620e-01
1827 0 +1.397181095e-01 -9.408028189e+01 -9.408028189e+01 -6.1765e-01 -3.5253e+00 -6.8672e-02 -3.7873e+00 +3.6179e-01
1927 0 +1.368659686e-01 -9.408313403e+01 -9.408313403e+01 -9.6419e-01 -3.4746e+00 -1.9837e-01 -3.5282e+00 +7.0980e-02
1993 0 +1.314335709e-01 -9.408856643e+01 -9.408856643e+01 -8.7595e-01 -3.5003e+00 -1.0571e-01 -3.5986e+00 +1.2199e-01
1994 0 +1.189904481e-01 -9.410100955e+01 -9.410100955e+01 -8.2017e-01 -3.4661e+00 -1.0988e-01 -3.6166e+00 +2.0929e-01
2009 0 +9.698258217e-02 -9.412301742e+01 -9.412301742e+01 -8.6358e-01 -3.4955e+00 -7.5589e-02 -3.6297e+00 +3.0320e-01
2112 0 +8.883737834e-02 -9.413116262e+01 -9.413116262e+01 -8.6358e-01 -3.4955e+00 -7.5589e-02 -3.6942e+00 +3.2100e-01
2188 0 +8.421650482e-02 -9.413578350e+01 -9.413578350e+01 -7.4675e-01 -3.4919e+00 -3.0772e-01 -3.6518e+00 +3.4651e-01
2279 0 +8.253855477e-02 -9.413746145e+01 -9.413746145e+01 -8.7157e-01 -3.5520e+00 -6.9321e-02 -3.7883e+00 +4.3832e-01
2306 0 +7.749428411e-02 -9.414250572e+01 -9.414250572e+01 -8.6995e-01 -3.4946e+00 -8.7177e-02 -3.7689e+00 +4.1063e-01
2336 0 +6.805759411e-02 -9.415194241e+01 -9.415194241e+01 -9.0334e-01 -3.5493e+00 -1.5693e-01 -3.6081e+00 +3.8195e-01
2373 0 +4.724748062e-02 -9.417275252e+01 -9.417275252e+01 -1.0795e+00 -3.5254e+00 -2.4456e-01 -3.5346e+00 +2.3402e-01
2393 0 +4.580558687e-02 -9.417419441e+01 -9.417419441e+01 -9.4767e-01 -3.5433e+00 -2.7135e-01 -3.5426e+00 +3.8178e-01
2450 0 +4.457764711e-02 -9.417542235e+01 -9.417542235e+01 -8.9698e-01 -3.4955e+00 -2.5716e-01 -3.6607e+00 +3.9243e-01
2515 0 +4.261778063e-02 -9.417738222e+01 -9.417738222e+01 -9.8144e-01 -3.4358e+00 -2.5134e-01 -3.5753e+00 +3.8186e-01
2523 0 +3.988998902e-02 -9.418011001e+01 -9.418011001e+01 -9.4784e-01 -3.4845e+00 -2.5680e-01 -3.6235e+00 +3.7641e-01
2619 0 +2.479918742e-02 -9.419520081e+01 -9.419520081e+01 -9.1113e-01 -3.5009e+00 -5.4060e-01 -3.6017e+00 +4.9596e-01
2689 0 +1.654259054e-02 -9.420345741e+01 -9.420345741e+01 -1.1001e+00 -3.5881e+00 -4.4097e-01 -3.5261e+00 +3.7113e-01
2777 0 +1.539427239e-02 -9.420460573e+01 -9.420460573e+01 -9.9896e-01 -3.4863e+00 -4.9078e-01 -3.5465e+00 +4.3354e-01
2823 0 +1.213305284e-02 -9.420786695e+01 -9.420786695e+01 -1.0729e+00 -3.5301e+00 -5.3069e-01 -3.5153e+00 +4.9596e-01
2891 0 +7.242187282e-03 -9.421275781e+01 -9.421275781e+01 -1.0725e+00 -3.3845e+00 -6.8907e-01 -3.4201e+00 +4.6336e-01
3048 0 +4.718066953e-03 -9.421528193e+01 -9.421528193e+01 -1.0778e+00 -3.3845e+00 -6.8907e-01 -3.4201e+00 +5.0753e-01
3143 0 +4.398244683e-03 -9.421560176e+01 -9.421560176e+01 -1.0778e+00 -3.4114e+00 -6.8907e-01 -3.4201e+00 +5.0753e-01
3189 0 +3.706614062e-03 -9.421629339e+01 -9.421629339e+01 -1.3518e+00 -3.4725e+00 -6.3786e-01 -3.3994e+00 +5.8178e-01
3401 0 +3.346968969e-03 -9.421665303e+01 -9.421665303e+01 -1.1833e+00 -3.4072e+00 -6.6478e-01 -3.4119e+00 +5.2826e-01
3427 0 +8.793087435e-04 -9.421912069e+01 -9.421912069e+01 -1.3099e+00 -3.4841e+00 -7.2001e-01 -3.3995e+00 +5.0881e-01
3534 0 +8.649950235e-04 -9.421913500e+01 -9.421913500e+01 -1.3099e+00 -3.4841e+00 -7.2001e-01 -3.3995e+00 +5.2315e-01
3796 0 +7.727536210e-04 -9.421922725e+01 -9.421922725e+01 -1.3803e+00 -3.4866e+00 -7.7183e-01 -3.3633e+00 +4.8265e-01
3824 0 +3.057431116e-04 -9.421969426e+01 -9.421969426e+01 -1.3636e+00 -3.4943e+00 -8.4246e-01 -3.3403e+00 +5.0593e-01
4088 0 +1.240086835e-04 -9.421987599e+01 -9.421987599e+01 -1.3529e+00 -3.4062e+00 -8.7217e-01 -3.3403e+00 +6.1913e-01
4405 0 +1.009639343e-04 -9.421989904e+01 -9.421989904e+01 -1.4127e+00 -3.4543e+00 -8.6144e-01 -3.3371e+00 +5.5331e-01
4429 0 +6.146374388e-05 -9.421993854e+01 -9.421993854e+01 -1.3925e+00 -3.4346e+00 -9.0734e-01 -3.3387e+00 +6.3314e-01
4588 0 +5.421129612e-05 -9.421994579e+01 -9.421994579e+01 -1.3358e+00 -3.4346e+00 -9.0734e-01 -3.3398e+00 +5.8654e-01
4836 0 +2.503187380e-05 -9.421997497e+01 -9.421997497e+01 -1.3691e+00 -3.4330e+00 -9.1683e-01 -3.3198e+00 +5.7771e-01
