% f evaluations | g evaluations | best noise-free fitness - Fopt (4.078000000000e+01) + sum g_i+ | measured fitness | best measured fitness or single-digit g-values | x1 | x2...
1 0 +9.352413133e+00 +5.013241313e+01 +5.013241313e+01 -7.7013e-01 +3.4945e+00
4 0 +8.747908356e+00 +4.952790836e+01 +4.952790836e+01 -3.2764e+00 +4.9986e+00
13 0 +7.548287735e+00 +4.832828773e+01 +4.832828773e+01 +2.3064e+00 +1.6209e+00
17 0 +1.944668467e+00 +4.272466847e+01 +4.272466847e+01 -3.5140e+00 -2.2661e+00
44 0 +1.372577012e+00 +4.215257701e+01 +4.215257701e+01 -3.7288e+00 -2.6021e+00
100 0 +1.063357246e+00 +4.184335725e+01 +4.184335725e+01 +4.3448e+00 +1.5899e-01
101 0 +9.265388794e-01 +4.170653888e+01 +4.170653888e+01 -3.4988e+00 -2.3389e+00
120 0 +8.461590963e-01 +4.162615910e+01 +4.162615910e+01 -3.5596e+00 -2.4218e+00
170 0 +1.392062985e-01 +4.091920630e+01 +4.091920630e+01 -2.9371e+00 -1.9325e+00
206 0 +3.922649320e-02 +4.081922649e+01 +4.081922649e+01 -2.9371e+00 -2.0190e+00
334 0 +1.242185051e-02 +4.079242185e+01 +4.079242185e+01 -2.8865e+00 -2.0446e+00
449 0 +5.424969412e-03 +4.078542497e+01 +4.078542497e+01 -2.7803e+00 -1.9325e+00
498 0 +4.831867123e-03 +4.078483187e+01 +4.078483187e+01 -2.8371e+00 -2.0451e+00
555 0 +9.445800780e-04 +4.078094458e+01 +4.078094458e+01 -2.5330e+00 -1.8624e+00
616 0 +2.828269871e-05 +4.078002828e+01 +4.078002828e+01 -2.5952e+00 -1.8587e+00
670 0 +1.657102864e-06 +4.078000166e+01 +4.078000166e+01 -2.5498e+00 -1.8068e+00
1026 0 +4.619511600e-07 +4.078000046e+01 +4.078000046e+01 -2.5442e+00 -1.8068e+00
1096 0 +2.668288559e-07 +4.078000027e+01 +4.078000027e+01 -2.5203e+00 -1.7840e+00
1105 0 +9.933835088e-09 +4.078000001e+01 +4.078000001e+01 -2.5064e+00 -1.7789e+00
% f evaluations | g evaluations | best noise-free fitness - Fopt (-1.600000000000e+00) + sum g_i+ | measured fitness | best measured fitness or single-digit g-values | x1 | x2...
1 0 +4.784549499e+00 +3.184549499e+00 +3.184549499e+00 -2.3983e+00 -4.4688e+00
3 0 +2.523826037e+00 +9.238260374e-01 +9.238260374e-01 +2.2567e+00 -1.7820e+00
27 0 +1.907324067e+00 +3.073240671e-01 +3.073240671e-01 -3.5603e+00 +1.7689e-01
29 0 +1.510556894e+00 -8.944310610e-02 -8.944310610e-02 -2.6573e+00 -1.5827e+00
147 0 +1.338609751e+00 -2.613902490e-01 -2.613902490e-01 -2.6573e+00 -1.6456e+00
227 0 +8.654980836e-01 -7.345019164e-01 -7.345019164e-01 -3.0596e-01 -1.8335e+00
303 0 +6.923617355e-01 -9.076382645e-01 -9.076382645e-01 -2.1118e-01 -1.8205e+00
442 0 +5.033460679e-01 -1.096653932e+00 -1.096653932e+00 -5.1291e-02 -1.8319e+00
514 0 +4.676817479e-01 -1.132318252e+00 -1.132318252e+00 -8.9439e-03 -1.8574e+00
567 0 +4.298907485e-01 -1.170109252e+00 -1.170109252e+00 -5.1291e-02 -1.9249e+00
673 0 +3.696424894e-01 -1.230357511e+00 -1.230357511e+00 -8.9439e-03 -1.9499e+00
830 0 +3.425838078e-01 -1.257416192e+00 -1.257416192e+00 +6.3874e-03 -1.9499e+00
912 0 +2.867413441e-01 -1.313258656e+00 -1.313258656e+00 +3.6888e-02 -1.9296e+00
1004 0 +1.697275563e-01 -1.430272444e+00 -1.430272444e+00 +1.4255e-01 -1.9161e+00
1205 0 +1.259109472e-01 -1.474089053e+00 -1.474089053e+00 +2.2370e-01 -1.9522e+00
1241 0 +1.235356338e-01 -1.476464366e+00 -1.476464366e+00 +2.7206e-01 -1.9062e+00
1292 0 +1.190947575e-01 -1.480905242e+00 -1.480905242e+00 +2.7955e-01 -1.9985e+00
1314 0 +8.620558258e-02 -1.513794417e+00 -1.513794417e+00 +3.6037e-01 -1.9161e+00
1378 0 +6.201298155e-02 -1.537987018e+00 -1.537987018e+00 +3.7783e-01 -1.9649e+00
1502 0 +4.399246562e-02 -1.556007534e+00 -1.556007534e+00 +4.4401e-01 -1.9569e+00
1601 0 +2.876433519e-02 -1.571235665e+00 -1.571235665e+00 +5.6308e-01 -1.9285e+00
1694 0 +2.387775706e-02 -1.576122243e+00 -1.576122243e+00 +5.3063e-01 -1.9722e+00
1718 0 +2.093261766e-02 -1.579067382e+00 -1.579067382e+00 +5.6007e-01 -1.9963e+00
1736 0 +1.773475916e-02 -1.582265241e+00 -1.582265241e+00 +6.7508e-01 -2.0403e+00
1833 0 +1.543345111e-02 -1.584566549e+00 -1.584566549e+00 +5.9474e-01 -1.9722e+00
1911 0 +1.036088809e-02 -1.589639112e+00 -1.589639112e+00 +6.7495e-01 -1.9644e+00
1949 0 +4.036459818e-03 -1.595963540e+00 -1.595963540e+00 +7.3857e-01 -1.9749e+00
2021 0 +3.142715666e-03 -1.596857284e+00 -1.596857284e+00 +7.9948e-01 -1.9764e+00
% f evaluations | g evaluations | best noise-free fitness - Fopt (-3.708400000000e+02) + sum g_i+ | measured fitness | best measured fitness or single-digit g-values | x1 | x2...
1 0 +1.382648480e+01 -3.570135152e+02 -3.570135152e+02 +3.3318e+00 +1.5184e-01
3 0 +5.955487540e+00 -3.648845125e+02 -3.648845125e+02 +2.7667e-01 -4.6589e+00
8 0 +4.045100387e+00 -3.667948996e+02 -3.667948996e+02 -4.2395e+00 -2.4672e+00
11 0 +3.762549881e+00 -3.670774501e+02 -3.670774501e+02 +2.7113e+00 -1.0698e+00
23 0 +2.183960910e+00 -3.686560391e+02 -3.686560391e+02 +4.2428e+00 -4.8751e+00
38 0 +1.099817158e+00 -3.697401828e+02 -3.697401828e+02 -6.8261e-01 -4.5363e+00
54 0 +1.860835259e-02 -3.708213916e+02 -3.708213916e+02 +3.3719e+00 -1.0026e+00
270 0 +6.550772980e-06 -3.708399934e+02 -3.708399934e+02 +3.0617e+00 -7.9791e-01
344 0 +1.408714922e-06 -3.708399986e+02 -3.708399986e+02 +3.0741e+00 -7.9791e-01
564 0 +3.539977342e-07 -3.708399996e+02 -3.708399996e+02 +3.1036e+00 -7.9791e-01
579 0 +1.229628310e-07 -3.708399999e+02 -3.708399999e+02 +3.0896e+00 -7.9791e-01
794 0 +4.775029083e-08 -3.708400000e+02 -3.708400000e+02 +3.1124e+00 -8.1208e-01
1166 0 +4.646324214e-09 -3.708400000e+02 -3.708400000e+02 +3.1037e+00 -8.0363e-01
% f evaluations | g evaluations | best noise-free fitness - Fopt (-3.256000000000e+01) + sum g_i+ | measured fitness | best measured fitness or single-digit g-values | x1 | x2...
1 0 +5.857571690e+00 -2.670242831e+01 -2.670242831e+01 +2.6227e+00 +3.0144e+00
13 0 +4.398278758e+00 -2.816172124e+01 -2.816172124e+01 +2.9340e-01 +2.7729e+00
31 0 +2.284144375e+00 -3.027585562e+01 -3.027585562e+01 -3.2372e+00 +2.5364e-01
40 0 +1.402287398e+00 -3.115771260e+01 -3.115771260e+01 -4.3858e+00 +3.0601e+00
171 0 +1.222480211e+00 -3.133751979e+01 -3.133751979e+01 -4.4085e+00 +3.0983e+00
206 0 +8.463838060e-01 -3.171361619e+01 -3.171361619e+01 -4.5380e+00 +3.1766e+00
447 0 +7.549220435e-01 -3.180507796e+01 -3.180507796e+01 -4.5380e+00 +3.2486e+00
524 0 +7.102434236e-01 -3.184975658e+01 -3.184975658e+01 -4.6033e+00 +3.2780e+00
708 0 +7.043535653e-01 -3.185564643e+01 -3.185564643e+01 -4.5851e+00 +3.3322e+00
% f evaluations | g evaluations | best noise-free fitness - Fopt (5.154000000000e+02) + sum g_i+ | measured fitness | best measured fitness or single-digit g-values | x1 | x2...
1 0 +2.140460381e+00 +5.175404604e+02 +5.175404604e+02 -1.3710e+00 +5.1009e-01
30 0 +2.020912634e+00 +5.174209126e+02 +5.174209126e+02 +4.7438e+00 -1.7696e+00
46 0 +1.906983452e+00 +5.173069835e+02 +5.173069835e+02 -3.4111e+00 -1.0367e+00
75 0 +1.857719589e+00 +5.172577196e+02 +5.172577196e+02 +3.8520e+00 +3.3065e+00
92 0 +7.436510064e-01 +5.161436510e+02 +5.161436510e+02 -3.1008e+00 -8.7775e-01
145 0 +1.278989995e-01 +5.155278990e+02 +5.155278990e+02 -3.1453e+00 -4.6843e-01
255 0 +8.244436864e-02 +5.154824444e+02 +5.154824444e+02 -3.0290e+00 -4.6843e-01
304 0 +6.931634854e-02 +5.154693163e+02 +5.154693163e+02 -2.9844e+00 -4.6843e-01
357 0 +6.333702816e-02 +5.154633370e+02 +5.154633370e+02 -2.7544e+00 -4.9244e-01
375 0 +2.315221730e-02 +5.154231522e+02 +5.154231522e+02 -3.3552e+00 -5.8321e-01
503 0 +2.192936162e-02 +5.154219294e+02 +5.154219294e+02 -2.9130e+00 -5.4461e-01
516 0 +1.089128697e-03 +5.154010891e+02 +5.154010891e+02 -3.4280e+00 -7.6729e-01
583 0 +6.882276955e-04 +5.154006882e+02 +5.154006882e+02 -3.2685e+00 -6.4693e-01
679 0 +1.006014149e-04 +5.154001006e+02 +5.154001006e+02 -3.4315e+00 -7.4263e-01
896 0 +3.861115863e-05 +5.154000386e+02 +5.154000386e+02 -3.5727e+00 -7.7117e-01
963 0 +2.105425665e-06 +5.154000021e+02 +5.154000021e+02 -3.4187e+00 -7.0835e-01
1038 0 +5.247784429e-10 +5.154000000e+02 +5.154000000e+02 -3.4708e+00 -7.2939e-01
% f evaluations | g evaluations | best noise-free fitness - Fopt (-1.000000000000e+03) + sum g_i+ | measured fitness | best measured fitness or single-digit g-values | x1 | x2...
1 0 +8.189421489e+00 -9.918105785e+02 -9.918105785e+02 +2.0548e+00 +1.2033e-01
3 0 +6.599837017e+00 -9.934001630e+02 -9.934001630e+02 +3.6508e+00 -9.0572e-01
7 0 +1.863478575e+00 -9.981365214e+02 -9.981365214e+02 +4.2178e+00 +8.1923e-01
160 0 +7.263891474e-01 -9.992736109e+02 -9.992736109e+02 +1.2532e+00 +5.2877e-01
318 0 +7.217052682e-01 -9.992782947e+02 -9.992782947e+02 +1.2562e+00 +5.2877e-01
406 0 +6.995042395e-01 -9.993004958e+02 -9.993004958e+02 +1.3476e+00 +5.9489e-01
% f evaluations | g evaluations | best noise-free fitness - Fopt (3.070000000000e+01) + sum g_i+ | measured fitness | best measured fitness or single-digit g-values | x1 | x2...
1 0 +2.231367764e+01 +5.301367764e+01 +5.301367764e+01 +1.4189e+00 -2.6878e+00
2 0 +7.080463096e+00 +3.778046310e+01 +3.778046310e+01 -4.0246e+00 +4.9079e+00
4 0 +4.193971465e+00 +3.489397146e+01 +3.489397146e+01 +3.4108e+00 +4.0874e+00
11 0 +4.851294416e-01 +3.118512944e+01 +3.118512944e+01 -1.1789e+00 -1.5060e+00
130 0 +3.518769300e-01 +3.105187693e+01 +3.105187693e+01 -2.1465e+00 -3.0727e+00
134 0 +3.202577079e-01 +3.102025771e+01 +3.102025771e+01 -1.2401e+00 -1.5060e+00
197 0 +5.828892868e-02 +3.075828893e+01 +3.075828893e+01 -2.2165e+00 -2.9838e+00
210 0 +4.652832070e-02 +3.074652832e+01 +3.074652832e+01 -1.6724e+00 -2.2894e+00
275 0 +3.621070765e-03 +3.070362107e+01 +3.070362107e+01 -1.7625e+00 -2.1285e+00
299 0 +6.850117141e-04 +3.070068501e+01 +3.070068501e+01 -1.7742e+00 -2.2894e+00
441 0 +2.035387289e-04 +3.070020354e+01 +3.070020354e+01 -1.9647e+00 -2.5280e+00
566 0 +6.719964407e-06 +3.070000672e+01 +3.070000672e+01 -1.8999e+00 -2.3933e+00
723 0 +1.270085903e-08 +3.070000001e+01 +3.070000001e+01 -1.8829e+00 -2.3926e+00
823 0 +8.174961152e-09 +3.070000001e+01 +3.070000001e+01 -1.8741e+00 -2.3823e+00
% f evaluations | g evaluations | best noise-free fitness - Fopt (2.284000000000e+01) + sum g_i+ | measured fitness | best measured fitness or single-digit g-values | x1 | x2...
1 0 +4.594263651e+00 +2.743426365e+01 +2.743426365e+01 +1.3215e+00 +4.8346e+00
2 0 +2.508735738e+00 +2.534873574e+01 +2.534873574e+01 -3.7033e+00 -4.8045e+00
7 0 +2.313844753e+00 +2.515384475e+01 +2.515384475e+01 -1.4497e+00 -4.5981e+00
27 0 +2.064162952e+00 +2.490416295e+01 +2.490416295e+01 +1.2423e-02 -3.7122e+00
32 0 +2.002070134e+00 +2.484207013e+01 +2.484207013e+01 +2.7854e+00 -2.0800e+00
33 0 +1.945082935e+00 +2.478508294e+01 +2.478508294e+01 +2.7706e+00 +1.9858e+00
77 0 +3.411971228e-01 +2.318119712e+01 +2.318119712e+01 +1.2127e+00 +8.7618e-01
149 0 +5.626465038e-02 +2.289626465e+01 +2.289626465e+01 +1.2598e+00 +8.2284e-01
253 0 +9.556250014e-07 +2.284000096e+01 +2.284000096e+01 +1.4446e+00 +8.2284e-01
419 0 +5.714824880e-08 +2.284000006e+01 +2.284000006e+01 +1.4591e+00 +8.3931e-01
937 0 +1.669748073e-08 +2.284000002e+01 +2.284000002e+01 +1.4889e+00 +8.6794e-01
1037 0 +1.185621912e-08 +2.284000001e+01 +2.284000001e+01 +1.4653e+00 +8.4454e-01
1277 0 +3.678920280e-09 +2.284000000e+01 +2.284000000e+01 +1.4827e+00 +8.5873e-01
% f evaluations | g evaluations | best noise-free fitness - Fopt (2.473000000000e+01) + sum g_i+ | measured fitness | best measured fitness or single-digit g-values | x1 | x2...
1 0 +2.035039571e+01 +4.508039571e+01 +4.508039571e+01 +3.1581e+00 -4.2702e+00
2 0 +2.077971894e-03 +2.473207797e+01 +2.473207797e+01 -4.0233e+00 +1.9881e+00
202 0 +4.248918185e-05 +2.473004249e+01 +2.473004249e+01 -3.6982e+00 +1.9118e+00
606 0 +3.530527540e-06 +2.473000353e+01 +2.473000353e+01 -3.7556e+00 +1.9162e+00
607 0 +1.509180120e-06 +2.473000151e+01 +2.473000151e+01 -3.8440e+00 +1.9170e+00
664 0 +5.869974338e-07 +2.473000059e+01 +2.473000059e+01 -3.8181e+00 +1.9297e+00
815 0 +2.687606937e-08 +2.473000003e+01 +2.473000003e+01 -3.8381e+00 +1.9244e+00
831 0 +5.910568035e-09 +2.473000001e+01 +2.473000001e+01 -3.8097e+00 +1.9228e+00
% f evaluations | g evaluations | best noise-free fitness - Fopt (1.000000000000e+03) + sum g_i+ | measured fitness | best measured fitness or single-digit g-values | x1 | x2...
1 0 +1.941752012e+01 +1.019417520e+03 +1.019417520e+03 +1.7680e+00 +2.4533e+00
2 0 +1.366456652e+01 +1.013664567e+03 +1.013664567e+03 +1.9116e+00 -4.7017e+00
3 0 +4.816712958e+00 +1.004816713e+03 +1.004816713e+03 -1.9662e+00 +3.4805e+00
8 0 +4.749635252e+00 +1.004749635e+03 +1.004749635e+03 -3.4920e+00 -2.5691e-02
32 0 +2.752397706e+00 +1.002752398e+03 +1.002752398e+03 -4.8382e+00 +6.0027e-01
33 0 +1.041150639e+00 +1.001041151e+03 +1.001041151e+03 +1.2827e+00 +5.4812e-01
47 0 +4.859055355e-01 +1.000485906e+03 +1.000485906e+03 +1.4611e+00 +1.9486e-01
155 0 +5.075107571e-03 +1.000005075e+03 +1.000005075e+03 +3.1276e-01 -1.9039e-01
359 0 +2.131946419e-04 +1.000000213e+03 +1.000000213e+03 +7.4176e-01 +2.1330e-02
450 0 +1.061915380e-04 +1.000000106e+03 +1.000000106e+03 +4.9148e-01 -7.5791e-02
537 0 +1.988488532e-05 +1.000000020e+03 +1.000000020e+03 +5.3243e-01 -4.4344e-02
603 0 +1.055908228e-05 +1.000000011e+03 +1.000000011e+03 +6.6490e-01 +2.5579e-02
660 0 +6.273196277e-06 +1.000000006e+03 +1.000000006e+03 +6.6377e-01 +4.5038e-04
730 0 +4.417665878e-08 +1.000000000e+03 +1.000000000e+03 +6.3655e-01 +1.0391e-03
986 0 +3.054060471e-08 +1.000000000e+03 +1.000000000e+03 +6.2721e-01 -8.4422e-03
1006 0 +8.276401786e-11 +1.000000000e+03 +1.000000000e+03 +6.2371e-01 -6.7836e-03
% f evaluations | g evaluations | best noise-free fitness - Fopt (-3.153700000000e+02) + sum g_i+ | measured fitness | best measured fitness or single-digit g-values | x1 | x2...
1 0 +2.393057833e+01 -2.914394217e+02 -2.914394217e+02 +4.3626e+00 +4.9838e+00
2 0 +1.880591774e+01 -2.965640823e+02 -2.965640823e+02 +9.6807e-02 +9.0018e-01
10 0 +1.714643233e+01 -2.982235677e+02 -2.982235677e+02 +2.1695e+00 -3.1017e+00
11 0 +4.493439770e+00 -3.108765602e+02 -3.108765602e+02 +4.1652e+00 -4.2469e+00
29 0 +2.095828822e+00 -3.132741712e+02 -3.132741712e+02 +1.0813e+00 -2.3989e+00
36 0 +2.044826426e+00 -3.133251736e+02 -3.133251736e+02 -7.5095e-01 -1.9583e+00
42 0 +1.999574380e+00 -3.133704256e+02 -3.133704256e+02 +2.2473e+00 -4.8064e-01
51 0 +5.288061708e-01 -3.148411938e+02 -3.148411938e+02 -2.0162e+00 -3.3367e+00
59 0 +4.718966599e-01 -3.148981033e+02 -3.148981033e+02 -1.6057e+00 -2.4577e+00
232 0 +2.587076019e-01 -3.151112924e+02 -3.151112924e+02 -1.6057e+00 -2.5215e+00
281 0 +5.554909067e-02 -3.153144509e+02 -3.153144509e+02 -1.6003e+00 -2.6608e+00
323 0 +4.480494522e-02 -3.153251951e+02 -3.153251951e+02 -1.4538e+00 -2.4735e+00
339 0 +3.379901294e-03 -3.153666201e+02 -3.153666201e+02 -1.5215e+00 -2.8486e+00
445 0 +3.113096780e-03 -3.153668869e+02 -3.153668869e+02 -1.5450e+00 -2.7772e+00
485 0 +3.059285239e-03 -3.153669407e+02 -3.153669407e+02 -1.5215e+00 -2.8203e+00
504 0 +2.854793502e-03 -3.153671452e+02 -3.153671452e+02 -1.5234e+00 -2.8091e+00
554 0 +9.339119962e-04 -3.153690661e+02 -3.153690661e+02 -1.5779e+00 -2.8460e+00
746 0 +8.677882096e-04 -3.153691322e+02 -3.153691322e+02 -1.5647e+00 -2.8539e+00
759 0 +2.189083259e-04 -3.153697811e+02 -3.153697811e+02 -1.5915e+00 -2.9194e+00
947 0 +8.396299586e-05 -3.153699160e+02 -3.153699160e+02 -1.6114e+00 -3.0221e+00
978 0 +6.362988074e-06 -3.153699936e+02 -3.153699936e+02 -1.6337e+00 -3.0466e+00
1091 0 +1.363254682e-07 -3.153699999e+02 -3.153699999e+02 -1.6518e+00 -3.0621e+00
1813 0 +3.347508937e-10 -3.153700000e+02 -3.153700000e+02 -1.6614e+00 -3.0853e+00
% f evaluations | g evaluations | best noise-free fitness - Fopt (7.019000000000e+01) + sum g_i+ | measured fitness | best measured fitness or single-digit g-values | x1 | x2...
1 0 +2.454121433e+01 +9.473121433e+01 +9.473121433e+01 +4.7112e+00 -1.9130e+00
2 0 +1.483964514e+01 +8.502964514e+01 +8.502964514e+01 +7.9375e-01 +2.3224e+00
3 0 +4.721320647e+00 +7.491132065e+01 +7.491132065e+01 +2.1182e+00 +2.4445e-01
6 0 +4.891121433e-01 +7.067911214e+01 +7.067911214e+01 +3.9644e+00 +1.5391e+00
98 0 +1.656631353e-01 +7.035566314e+01 +7.035566314e+01 +3.3663e+00 +2.3141e+00
106 0 +6.273453127e-02 +7.025273453e+01 +7.025273453e+01 +3.2969e+00 +2.3141e+00
229 0 +2.540471546e-02 +7.021540472e+01 +7.021540472e+01 +3.3518e+00 +2.2308e+00
274 0 +4.635167183e-03 +7.019463517e+01 +7.019463517e+01 +3.2538e+00 +2.1110e+00
307 0 +3.604181124e-03 +7.019360418e+01 +7.019360418e+01 +3.3783e+00 +2.0969e+00
335 0 +9.465972148e-04 +7.019094660e+01 +7.019094660e+01 +3.2969e+00 +2.1744e+00
416 0 +8.620631763e-05 +7.019008621e+01 +7.019008621e+01 +3.1804e+00 +2.2597e+00
512 0 +5.995811455e-05 +7.019005996e+01 +7.019005996e+01 +3.1909e+00 +2.2303e+00
533 0 +5.703890447e-05 +7.019005704e+01 +7.019005704e+01 +3.0532e+00 +2.3601e+00
564 0 +5.573191402e-07 +7.019000056e+01 +7.019000056e+01 +3.0744e+00 +2.3262e+00
660 0 +4.761398600e-07 +7.019000048e+01 +7.019000048e+01 +3.1159e+00 +2.2910e+00
712 0 +1.512323990e-07 +7.019000015e+01 +7.019000015e+01 +3.0820e+00 +2.3059e+00
822 0 +4.752870097e-08 +7.019000005e+01 +7.019000005e+01 +3.0749e+00 +2.3136e+00
977 0 +1.863611487e-10 +7.019000000e+01 +7.019000000e+01 +3.0899e+00 +2.3059e+00
% f evaluations | g evaluations | best noise-free fitness - Fopt (-1.123100000000e+02) + sum g_i+ | measured fitness | best measured fitness or single-digit g-values | x1 | x2...
1 0 +2.495106130e+00 -1.098148939e+02 -1.098148939e+02 +1.6347e+00 +2.6000e+00
6 0 +2.251132080e+00 -1.100588679e+02 -1.100588679e+02 +4.7874e+00 +3.6294e-01
13 0 +2.223199024e+00 -1.100868010e+02 -1.100868010e+02 +2.1158e+00 +4.6149e+00
24 0 +4.735923278e-01 -1.118364077e+02 -1.118364077e+02 +7.3401e-01 -1.2132e+00
132 0 +3.549996161e-02 -1.122745000e+02 -1.122745000e+02 +8.8758e-01 -9.4289e-01
201 0 +4.134199301e-04 -1.123095866e+02 -1.123095866e+02 +1.2938e+00 -9.4311e-01
409 0 +1.500866904e-04 -1.123098499e+02 -1.123098499e+02 +1.5081e+00 -8.9805e-01
470 0 +1.349433498e-04 -1.123098651e+02 -1.123098651e+02 +1.3727e+00 -8.7260e-01
512 0 +5.706009530e-05 -1.123099429e+02 -1.123099429e+02 +1.3165e+00 -9.1333e-01
530 0 +3.603759222e-05 -1.123099640e+02 -1.123099640e+02 +1.3348e+00 -8.9859e-01
549 0 +2.765597687e-05 -1.123099723e+02 -1.123099723e+02 +1.3445e+00 -8.9659e-01
561 0 +6.592544409e-06 -1.123099934e+02 -1.123099934e+02 +1.4422e+00 -8.7042e-01
631 0 +4.357149379e-06 -1.123099956e+02 -1.123099956e+02 +1.3781e+00 -8.9659e-01
656 0 +1.034374534e-06 -1.123099990e+02 -1.123099990e+02 +1.4804e+00 -8.7149e-01
735 0 +5.474989564e-07 -1.123099995e+02 -1.123099995e+02 +1.4048e+00 -8.9485e-01
738 0 +5.140677217e-09 -1.123100000e+02 -1.123100000e+02 +1.4318e+00 -8.8535e-01
% f evaluations | g evaluations | best noise-free fitness - Fopt (4.463000000000e+01) + sum g_i+ | measured fitness | best measured fitness or single-digit g-values | x1 | x2...
1 0 +5.029614087e+00 +4.965961409e+01 +4.965961409e+01 -2.0794e+00 +9.5653e-01
5 0 +2.015206907e+00 +4.664520691e+01 +4.664520691e+01 +3.2954e+00 +3.8062e-01
17 0 +3.035769945e-04 +4.463030358e+01 +4.463030358e+01 +9.1575e-01 +3.0339e+00
212 0 +2.053072621e-04 +4.463020531e+01 +4.463020531e+01 +8.8510e-01 +3.0339e+00
317 0 +6.243496173e-05 +4.463006243e+01 +4.463006243e+01 +8.0784e-01 +3.0339e+00
476 0 +4.393885369e-05 +4.463004394e+01 +4.463004394e+01 +7.2374e-01 +3.0339e+00
544 0 +4.287766048e-05 +4.463004288e+01 +4.463004288e+01 +7.8072e-01 +3.0339e+00
586 0 +6.526690910e-06 +4.463000653e+01 +4.463000653e+01 +7.1998e-01 +3.0654e+00
614 0 +1.816090574e-06 +4.463000182e+01 +4.463000182e+01 +7.7857e-01 +3.0654e+00
622 0 +1.617819699e-06 +4.463000162e+01 +4.463000162e+01 +7.5773e-01 +3.0647e+00
705 0 +1.154722895e-08 +4.463000001e+01 +4.463000001e+01 +7.7937e-01 +3.0558e+00
1087 0 +1.075616751e-08 +4.463000001e+01 +4.463000001e+01 +7.7250e-01 +3.0576e+00
1131 0 +2.698826052e-09 +4.463000000e+01 +4.463000000e+01 +7.7430e-01 +3.0549e+00
% f evaluations | g evaluations | best noise-free fitness - Fopt (-9.422000000000e+01) + sum g_i+ | measured fitness | best measured fitness or single-digit g-values | x1 | x2...
1 0 +7.580597746e+00 -8.663940225e+01 -8.663940225e+01 +2.0239e+00 -1.1764e+00
3 0 +1.486982677e-01 -9.407130173e+01 -9.407130173e+01 -2.1032e+00 -4.0630e+00
35 0 +9.692841863e-02 -9.412307158e+01 -9.412307158e+01 -1.7563e+00 -3.8423e+00
282 0 +4.543586017e-05 -9.421995456e+01 -9.421995456e+01 -1.4009e+00 -3.3504e+00
468 0 +1.406031627e-05 -9.421998594e+01 -9.421998594e+01 -1.4009e+00 -3.3929e+00
532 0 +1.747789398e-06 -9.421999825e+01 -9.421999825e+01 -1.4684e+00 -3.4218e+00
662 0 +2.090341269e-07 -9.421999979e+01 -9.421999979e+01 -1.4237e+00 -3.3994e+00
731 0 +1.345526357e-08 -9.421999999e+01 -9.421999999e+01 -1.4317e+00 -3.4026e+00
862 0 +8.986390299e-09 -9.421999999e+01 -9.421999999e+01 -1.4456e+00 -3.4169e+00
