% f evaluations | g evaluations | best noise-free fitness - Fopt (7.135000000000e+01) + sum g_i+ | measured fitness | best measured fitness or single-digit g-values | x1 | x2...
1 0 +7.690137107e+01 +1.482513711e+02 +1.482513711e+02
4 0 +6.559653254e+01 +1.369465325e+02 +1.369465325e+02
8 0 +6.247515184e+01 +1.338251518e+02 +1.338251518e+02
32 0 +5.552685355e+01 +1.268768535e+02 +1.268768535e+02
46 0 +5.300173018e+01 +1.243517302e+02 +1.243517302e+02
82 0 +4.678219338e+01 +1.181321934e+02 +1.181321934e+02
97 0 +4.375523220e+01 +1.151052322e+02 +1.151052322e+02
232 0 +4.112312265e+01 +1.124731227e+02 +1.124731227e+02
578 0 +3.945615963e+01 +1.108061596e+02 +1.108061596e+02
627 0 +3.759000227e+01 +1.089400023e+02 +1.089400023e+02
641 0 +3.429793572e+01 +1.056479357e+02 +1.056479357e+02
758 0 +3.386872217e+01 +1.052187222e+02 +1.052187222e+02
981 0 +3.172104574e+01 +1.030710457e+02 +1.030710457e+02
1029 0 +2.901464005e+01 +1.003646400e+02 +1.003646400e+02
1195 0 +2.806024303e+01 +9.941024303e+01 +9.941024303e+01
1643 0 +2.525954303e+01 +9.660954303e+01 +9.660954303e+01
2237 0 +2.447629801e+01 +9.582629801e+01 +9.582629801e+01
2491 0 +2.299887633e+01 +9.434887633e+01 +9.434887633e+01
2506 0 +2.289246622e+01 +9.424246622e+01 +9.424246622e+01
2539 0 +2.088687829e+01 +9.223687829e+01 +9.223687829e+01
2863 0 +1.943934383e+01 +9.078934383e+01 +9.078934383e+01
3423 0 +1.840454724e+01 +8.975454724e+01 +8.975454724e+01
3550 0 +1.782780585e+01 +8.917780585e+01 +8.917780585e+01
3566 0 +1.718781042e+01 +8.853781042e+01 +8.853781042e+01
3679 0 +1.673243032e+01 +8.808243032e+01 +8.808243032e+01
3904 0 +1.612467423e+01 +8.747467423e+01 +8.747467423e+01
4364 0 +1.552209475e+01 +8.687209475e+01 +8.687209475e+01
4623 0 +1.489995665e+01 +8.624995665e+01 +8.624995665e+01
4954 0 +1.389773592e+01 +8.524773592e+01 +8.524773592e+01
5190 0 +1.308285466e+01 +8.443285466e+01 +8.443285466e+01
5649 0 +1.264066643e+01 +8.399066643e+01 +8.399066643e+01
6098 0 +1.258460616e+01 +8.393460616e+01 +8.393460616e+01
6357 0 +1.073763028e+01 +8.208763028e+01 +8.208763028e+01
7208 0 +1.056585141e+01 +8.191585141e+01 +8.191585141e+01
7360 0 +1.027366204e+01 +8.162366204e+01 +8.162366204e+01
7693 0 +9.252225748e+00 +8.060222575e+01 +8.060222575e+01
8986 0 +9.025474776e+00 +8.037547478e+01 +8.037547478e+01
9084 0 +8.640514777e+00 +7.999051478e+01 +7.999051478e+01
9455 0 +8.138850141e+00 +7.948885014e+01 +7.948885014e+01
9941 0 +7.935312039e+00 +7.928531204e+01 +7.928531204e+01
10491 0 +7.250718108e+00 +7.860071811e+01 +7.860071811e+01
10933 0 +7.202698420e+00 +7.855269842e+01 +7.855269842e+01
11472 0 +6.968468981e+00 +7.831846898e+01 +7.831846898e+01
12217 0 +6.899355913e+00 +7.824935591e+01 +7.824935591e+01
13123 0 +6.684163962e+00 +7.803416396e+01 +7.803416396e+01
14310 0 +6.535126497e+00 +7.788512650e+01 +7.788512650e+01
15326 0 +6.305050462e+00 +7.765505046e+01 +7.765505046e+01
17598 0 +6.075194485e+00 +7.742519448e+01 +7.742519448e+01
18603 0 +5.826816076e+00 +7.717681608e+01 +7.717681608e+01
19299 0 +5.082144193e+00 +7.643214419e+01 +7.643214419e+01
24478 0 +4.939774863e+00 +7.628977486e+01 +7.628977486e+01
25503 0 +4.411737040e+00 +7.576173704e+01 +7.576173704e+01
29131 0 +4.299850297e+00 +7.564985030e+01 +7.564985030e+01
% f evaluations | g evaluations | best noise-free fitness - Fopt (-3.552200000000e+02) + sum g_i+ | measured fitness | best measured fitness or single-digit g-values | x1 | x2...
1 0 +9.453982028e+01 -2.606801797e+02 -2.606801797e+02
3 0 +8.897545909e+01 -2.662445409e+02 -2.662445409e+02
4 0 +5.428490900e+01 -3.009350910e+02 -3.009350910e+02
27 0 +4.483009291e+01 -3.103899071e+02 -3.103899071e+02
55 0 +4.429787811e+01 -3.109221219e+02 -3.109221219e+02
88 0 +4.299820721e+01 -3.122217928e+02 -3.122217928e+02
136 0 +3.987998052e+01 -3.153400195e+02 -3.153400195e+02
244 0 +3.859834707e+01 -3.166216529e+02 -3.166216529e+02
317 0 +3.653067265e+01 -3.186893274e+02 -3.186893274e+02
451 0 +3.601828479e+01 -3.192017152e+02 -3.192017152e+02
676 0 +3.544225611e+01 -3.197777439e+02 -3.197777439e+02
719 0 +2.839732516e+01 -3.268226748e+02 -3.268226748e+02
907 0 +2.779305600e+01 -3.274269440e+02 -3.274269440e+02
1046 0 +2.509681897e+01 -3.301231810e+02 -3.301231810e+02
1281 0 +2.446570295e+01 -3.307542971e+02 -3.307542971e+02
1401 0 +2.256123856e+01 -3.326587614e+02 -3.326587614e+02
1518 0 +2.187188499e+01 -3.333481150e+02 -3.333481150e+02
1926 0 +1.989971865e+01 -3.353202813e+02 -3.353202813e+02
1930 0 +1.697311783e+01 -3.382468822e+02 -3.382468822e+02
2386 0 +1.469885110e+01 -3.405211489e+02 -3.405211489e+02
3396 0 +1.297777105e+01 -3.422422290e+02 -3.422422290e+02
4292 0 +1.263427625e+01 -3.425857238e+02 -3.425857238e+02
5554 0 +1.224547449e+01 -3.429745255e+02 -3.429745255e+02
6378 0 +1.103889195e+01 -3.441811080e+02 -3.441811080e+02
8722 0 +1.065493794e+01 -3.445650621e+02 -3.445650621e+02
9011 0 +1.040693837e+01 -3.448130616e+02 -3.448130616e+02
10287 0 +9.735881353e+00 -3.454841186e+02 -3.454841186e+02
18408 0 +8.731925595e+00 -3.464880744e+02 -3.464880744e+02
22794 0 +8.582029001e+00 -3.466379710e+02 -3.466379710e+02
24996 0 +7.981326924e+00 -3.472386731e+02 -3.472386731e+02
% f evaluations | g evaluations | best noise-free fitness - Fopt (9.917000000000e+01) + sum g_i+ | measured fitness | best measured fitness or single-digit g-values | x1 | x2...
1 0 +6.448166470e+01 +1.636516647e+02 +1.636516647e+02
5 0 +6.080134290e+01 +1.599713429e+02 +1.599713429e+02
8 0 +5.633155804e+01 +1.555015580e+02 +1.555015580e+02
58 0 +3.709165757e+01 +1.362616576e+02 +1.362616576e+02
288 0 +2.979273262e+01 +1.289627326e+02 +1.289627326e+02
898 0 +2.819355794e+01 +1.273635579e+02 +1.273635579e+02
1074 0 +2.637923929e+01 +1.255492393e+02 +1.255492393e+02
1240 0 +2.593083756e+01 +1.251008376e+02 +1.251008376e+02
1277 0 +2.561370846e+01 +1.247837085e+02 +1.247837085e+02
1634 0 +2.483167694e+01 +1.240016769e+02 +1.240016769e+02
1649 0 +2.344529425e+01 +1.226152942e+02 +1.226152942e+02
1666 0 +2.272956714e+01 +1.218995671e+02 +1.218995671e+02
1972 0 +2.146034599e+01 +1.206303460e+02 +1.206303460e+02
2135 0 +1.990643391e+01 +1.190764339e+02 +1.190764339e+02
2732 0 +1.854279110e+01 +1.177127911e+02 +1.177127911e+02
2745 0 +1.762987657e+01 +1.167998766e+02 +1.167998766e+02
3546 0 +1.688512763e+01 +1.160551276e+02 +1.160551276e+02
3746 0 +1.547849826e+01 +1.146484983e+02 +1.146484983e+02
5485 0 +1.494845406e+01 +1.141184541e+02 +1.141184541e+02
6901 0 +1.475761562e+01 +1.139276156e+02 +1.139276156e+02
8174 0 +1.438084793e+01 +1.135508479e+02 +1.135508479e+02
8206 0 +1.385447488e+01 +1.130244749e+02 +1.130244749e+02
8393 0 +1.335316520e+01 +1.125231652e+02 +1.125231652e+02
8829 0 +1.300105364e+01 +1.121710536e+02 +1.121710536e+02
10845 0 +1.230064647e+01 +1.114706465e+02 +1.114706465e+02
10944 0 +1.120452824e+01 +1.103745282e+02 +1.103745282e+02
12136 0 +1.086423489e+01 +1.100342349e+02 +1.100342349e+02
12780 0 +1.046407854e+01 +1.096340785e+02 +1.096340785e+02
13139 0 +1.003306472e+01 +1.092030647e+02 +1.092030647e+02
13156 0 +9.115341968e+00 +1.082853420e+02 +1.082853420e+02
14056 0 +8.411358970e+00 +1.075813590e+02 +1.075813590e+02
17191 0 +8.281607778e+00 +1.074516078e+02 +1.074516078e+02
20532 0 +8.048996156e+00 +1.072189962e+02 +1.072189962e+02
20754 0 +7.822326739e+00 +1.069923267e+02 +1.069923267e+02
22663 0 +7.276171747e+00 +1.064461717e+02 +1.064461717e+02
23459 0 +6.897881132e+00 +1.060678811e+02 +1.060678811e+02
24244 0 +6.680753688e+00 +1.058507537e+02 +1.058507537e+02
26805 0 +6.013224718e+00 +1.051832247e+02 +1.051832247e+02
29511 0 +5.709227802e+00 +1.048792278e+02 +1.048792278e+02
37832 0 +5.484297727e+00 +1.046542977e+02 +1.046542977e+02
% f evaluations | g evaluations | best noise-free fitness - Fopt (-5.179100000000e+02) + sum g_i+ | measured fitness | best measured fitness or single-digit g-values | x1 | x2...
1 0 +7.098125055e+01 -4.469287494e+02 -4.469287494e+02
6 0 +6.519179248e+01 -4.527182075e+02 -4.527182075e+02
13 0 +6.063894449e+01 -4.572710555e+02 -4.572710555e+02
17 0 +5.020542614e+01 -4.677045739e+02 -4.677045739e+02
281 0 +4.892378388e+01 -4.689862161e+02 -4.689862161e+02
302 0 +4.754696814e+01 -4.703630319e+02 -4.703630319e+02
386 0 +4.570451392e+01 -4.722054861e+02 -4.722054861e+02
468 0 +3.980229130e+01 -4.781077087e+02 -4.781077087e+02
1376 0 +3.509790013e+01 -4.828120999e+02 -4.828120999e+02
1599 0 +3.453973987e+01 -4.833702601e+02 -4.833702601e+02
1785 0 +3.209620784e+01 -4.858137922e+02 -4.858137922e+02
1956 0 +2.924904061e+01 -4.886609594e+02 -4.886609594e+02
2245 0 +2.678180059e+01 -4.911281994e+02 -4.911281994e+02
2305 0 +2.519029152e+01 -4.927197085e+02 -4.927197085e+02
2390 0 +2.394110821e+01 -4.939688918e+02 -4.939688918e+02
2619 0 +2.292797626e+01 -4.949820237e+02 -4.949820237e+02
2666 0 +2.193241261e+01 -4.959775874e+02 -4.959775874e+02
2827 0 +2.117997373e+01 -4.967300263e+02 -4.967300263e+02
2855 0 +2.039013596e+01 -4.975198640e+02 -4.975198640e+02
2932 0 +1.972623579e+01 -4.981837642e+02 -4.981837642e+02
3004 0 +1.628093509e+01 -5.016290649e+02 -5.016290649e+02
3368 0 +1.605935480e+01 -5.018506452e+02 -5.018506452e+02
3401 0 +1.555181985e+01 -5.023581801e+02 -5.023581801e+02
3816 0 +1.537370903e+01 -5.025362910e+02 -5.025362910e+02
4278 0 +1.452878461e+01 -5.033812154e+02 -5.033812154e+02
4393 0 +1.421357637e+01 -5.036964236e+02 -5.036964236e+02
4471 0 +1.361032760e+01 -5.042996724e+02 -5.042996724e+02
4484 0 +1.319768185e+01 -5.047123182e+02 -5.047123182e+02
4685 0 +1.229014664e+01 -5.056198534e+02 -5.056198534e+02
5577 0 +1.194407430e+01 -5.059659257e+02 -5.059659257e+02
6652 0 +1.130195615e+01 -5.066080439e+02 -5.066080439e+02
6806 0 +1.084720967e+01 -5.070627903e+02 -5.070627903e+02
7524 0 +1.030037524e+01 -5.076096248e+02 -5.076096248e+02
8977 0 +1.000071275e+01 -5.079092872e+02 -5.079092872e+02
11125 0 +9.925012746e+00 -5.079849873e+02 -5.079849873e+02
11463 0 +9.742704545e+00 -5.081672955e+02 -5.081672955e+02
12494 0 +8.364916738e+00 -5.095450833e+02 -5.095450833e+02
14197 0 +8.094285085e+00 -5.098157149e+02 -5.098157149e+02
14531 0 +7.715455632e+00 -5.101945444e+02 -5.101945444e+02
15282 0 +7.212871169e+00 -5.106971288e+02 -5.106971288e+02
15603 0 +7.006887137e+00 -5.109031129e+02 -5.109031129e+02
16713 0 +6.569581878e+00 -5.113404181e+02 -5.113404181e+02
17275 0 +5.630409825e+00 -5.122795902e+02 -5.122795902e+02
21480 0 +5.303030908e+00 -5.126069691e+02 -5.126069691e+02
22625 0 +5.162426455e+00 -5.127475735e+02 -5.127475735e+02
23476 0 +4.558979065e+00 -5.133510209e+02 -5.133510209e+02
25118 0 +4.423101292e+00 -5.134868987e+02 -5.134868987e+02
25471 0 +3.407173955e+00 -5.145028260e+02 -5.145028260e+02
35197 0 +3.387371445e+00 -5.145226286e+02 -5.145226286e+02
% f evaluations | g evaluations | best noise-free fitness - Fopt (-5.721000000000e+01) + sum g_i+ | measured fitness | best measured fitness or single-digit g-values | x1 | x2...
1 0 +9.557407874e+01 +3.836407874e+01 +3.836407874e+01
2 0 +7.607721353e+01 +1.886721353e+01 +1.886721353e+01
3 0 +5.938987994e+01 +2.179879941e+00 +2.179879941e+00
36 0 +5.451330390e+01 -2.696696101e+00 -2.696696101e+00
69 0 +4.990461995e+01 -7.305380053e+00 -7.305380053e+00
169 0 +4.615461896e+01 -1.105538104e+01 -1.105538104e+01
338 0 +4.382633120e+01 -1.338366880e+01 -1.338366880e+01
456 0 +4.183258460e+01 -1.537741540e+01 -1.537741540e+01
481 0 +3.878829292e+01 -1.842170708e+01 -1.842170708e+01
770 0 +3.698857780e+01 -2.022142220e+01 -2.022142220e+01
897 0 +3.522392640e+01 -2.198607360e+01 -2.198607360e+01
1006 0 +3.305254860e+01 -2.415745140e+01 -2.415745140e+01
1231 0 +3.091363961e+01 -2.629636039e+01 -2.629636039e+01
1514 0 +3.026945747e+01 -2.694054253e+01 -2.694054253e+01
1614 0 +2.985047428e+01 -2.735952572e+01 -2.735952572e+01
1822 0 +2.808560543e+01 -2.912439457e+01 -2.912439457e+01
1829 0 +2.696699541e+01 -3.024300459e+01 -3.024300459e+01
1856 0 +2.584532221e+01 -3.136467779e+01 -3.136467779e+01
2054 0 +2.563887237e+01 -3.157112763e+01 -3.157112763e+01
2097 0 +2.509125419e+01 -3.211874581e+01 -3.211874581e+01
2193 0 +2.326164616e+01 -3.394835384e+01 -3.394835384e+01
2309 0 +2.189179377e+01 -3.531820623e+01 -3.531820623e+01
2398 0 +2.175345116e+01 -3.545654884e+01 -3.545654884e+01
2481 0 +2.045071580e+01 -3.675928420e+01 -3.675928420e+01
2691 0 +2.002025525e+01 -3.718974475e+01 -3.718974475e+01
2743 0 +1.990680715e+01 -3.730319285e+01 -3.730319285e+01
2828 0 +1.882595902e+01 -3.838404098e+01 -3.838404098e+01
3004 0 +1.858630860e+01 -3.862369140e+01 -3.862369140e+01
3195 0 +1.780676766e+01 -3.940323234e+01 -3.940323234e+01
3557 0 +1.757372489e+01 -3.963627511e+01 -3.963627511e+01
3719 0 +1.559445600e+01 -4.161554400e+01 -4.161554400e+01
4166 0 +1.487236265e+01 -4.233763735e+01 -4.233763735e+01
4601 0 +1.432892821e+01 -4.288107179e+01 -4.288107179e+01
4806 0 +1.385234233e+01 -4.335765767e+01 -4.335765767e+01
4881 0 +1.338462073e+01 -4.382537927e+01 -4.382537927e+01
5423 0 +1.244744020e+01 -4.476255980e+01 -4.476255980e+01
8603 0 +1.187391584e+01 -4.533608416e+01 -4.533608416e+01
9477 0 +1.066905441e+01 -4.654094559e+01 -4.654094559e+01
27745 0 +1.019077502e+01 -4.701922498e+01 -4.701922498e+01
39600 0 +9.924315331e+00 -4.728568467e+01 -4.728568467e+01
% f evaluations | g evaluations | best noise-free fitness - Fopt (-9.250000000000e+00) + sum g_i+ | measured fitness | best measured fitness or single-digit g-values | x1 | x2...
1 0 +7.476990396e+01 +6.551990396e+01 +6.551990396e+01
10 0 +6.468038848e+01 +5.543038848e+01 +5.543038848e+01
13 0 +6.317992882e+01 +5.392992882e+01 +5.392992882e+01
14 0 +6.267948116e+01 +5.342948116e+01 +5.342948116e+01
23 0 +5.810424368e+01 +4.885424368e+01 +4.885424368e+01
34 0 +5.716013365e+01 +4.791013365e+01 +4.791013365e+01
44 0 +5.395697826e+01 +4.470697826e+01 +4.470697826e+01
59 0 +5.224545672e+01 +4.299545672e+01 +4.299545672e+01
69 0 +4.388051844e+01 +3.463051844e+01 +3.463051844e+01
155 0 +4.347861999e+01 +3.422861999e+01 +3.422861999e+01
219 0 +3.853066976e+01 +2.928066976e+01 +2.928066976e+01
430 0 +3.725739136e+01 +2.800739136e+01 +2.800739136e+01
551 0 +3.618619977e+01 +2.693619977e+01 +2.693619977e+01
650 0 +3.361706899e+01 +2.436706899e+01 +2.436706899e+01
777 0 +3.269380436e+01 +2.344380436e+01 +2.344380436e+01
859 0 +3.105352498e+01 +2.180352498e+01 +2.180352498e+01
901 0 +3.057031779e+01 +2.132031779e+01 +2.132031779e+01
1109 0 +3.018886666e+01 +2.093886666e+01 +2.093886666e+01
1187 0 +2.863683003e+01 +1.938683003e+01 +1.938683003e+01
1224 0 +2.620951563e+01 +1.695951563e+01 +1.695951563e+01
1267 0 +2.553760495e+01 +1.628760495e+01 +1.628760495e+01
1499 0 +2.318978351e+01 +1.393978351e+01 +1.393978351e+01
1726 0 +2.280455630e+01 +1.355455630e+01 +1.355455630e+01
1813 0 +2.125034058e+01 +1.200034058e+01 +1.200034058e+01
1974 0 +2.078207546e+01 +1.153207546e+01 +1.153207546e+01
2432 0 +2.038207677e+01 +1.113207677e+01 +1.113207677e+01
2490 0 +1.839160784e+01 +9.141607842e+00 +9.141607842e+00
2491 0 +1.777270051e+01 +8.522700513e+00 +8.522700513e+00
3001 0 +1.643121076e+01 +7.181210759e+00 +7.181210759e+00
4037 0 +1.607236057e+01 +6.822360570e+00 +6.822360570e+00
4123 0 +1.527455588e+01 +6.024555884e+00 +6.024555884e+00
4267 0 +1.468461669e+01 +5.434616690e+00 +5.434616690e+00
5385 0 +1.429776207e+01 +5.047762071e+00 +5.047762071e+00
5749 0 +1.341419449e+01 +4.164194491e+00 +4.164194491e+00
6518 0 +1.296066555e+01 +3.710665550e+00 +3.710665550e+00
7332 0 +1.174242718e+01 +2.492427177e+00 +2.492427177e+00
10111 0 +1.147314926e+01 +2.223149257e+00 +2.223149257e+00
10837 0 +1.118422206e+01 +1.934222061e+00 +1.934222061e+00
10939 0 +1.084594157e+01 +1.595941574e+00 +1.595941574e+00
11325 0 +1.063772176e+01 +1.387721761e+00 +1.387721761e+00
11329 0 +1.028869468e+01 +1.038694680e+00 +1.038694680e+00
11368 0 +9.954677824e+00 +7.046778244e-01 +7.046778244e-01
11674 0 +8.949401241e+00 -3.005987592e-01 -3.005987592e-01
12885 0 +8.803078508e+00 -4.469214920e-01 -4.469214920e-01
13445 0 +8.527773536e+00 -7.222264641e-01 -7.222264641e-01
13753 0 +8.128997971e+00 -1.121002029e+00 -1.121002029e+00
13895 0 +7.854069341e+00 -1.395930659e+00 -1.395930659e+00
14180 0 +7.625322135e+00 -1.624677865e+00 -1.624677865e+00
14664 0 +7.468935873e+00 -1.781064127e+00 -1.781064127e+00
14977 0 +7.050857019e+00 -2.199142981e+00 -2.199142981e+00
15882 0 +6.878877527e+00 -2.371122473e+00 -2.371122473e+00
16272 0 +6.742709590e+00 -2.507290410e+00 -2.507290410e+00
16361 0 +6.090374670e+00 -3.159625330e+00 -3.159625330e+00
18095 0 +5.502839563e+00 -3.747160437e+00 -3.747160437e+00
19943 0 +5.407605925e+00 -3.842394075e+00 -3.842394075e+00
23357 0 +5.245759291e+00 -4.004240709e+00 -4.004240709e+00
23533 0 +5.103462033e+00 -4.146537967e+00 -4.146537967e+00
25598 0 +4.974439588e+00 -4.275560412e+00 -4.275560412e+00
25743 0 +4.645956661e+00 -4.604043339e+00 -4.604043339e+00
27809 0 +4.047325156e+00 -5.202674844e+00 -5.202674844e+00
28239 0 +3.825121585e+00 -5.424878415e+00 -5.424878415e+00
28336 0 +3.136473991e+00 -6.113526009e+00 -6.113526009e+00
34354 0 +2.708265177e+00 -6.541734823e+00 -6.541734823e+00
34960 0 +2.672011050e+00 -6.577988950e+00 -6.577988950e+00
37210 0 +2.306746412e+00 -6.943253588e+00 -6.943253588e+00
% f evaluations | g evaluations | best noise-free fitness - Fopt (4.206100000000e+02) + sum g_i+ | measured fitness | best measured fitness or single-digit g-values | x1 | x2...
1 0 +8.649043751e+01 +5.071004375e+02 +5.071004375e+02
3 0 +8.384801111e+01 +5.044580111e+02 +5.044580111e+02
5 0 +7.056911627e+01 +4.911791163e+02 +4.911791163e+02
8 0 +6.279110947e+01 +4.834011095e+02 +4.834011095e+02
9 0 +5.444511014e+01 +4.750551101e+02 +4.750551101e+02
117 0 +4.590974281e+01 +4.665197428e+02 +4.665197428e+02
395 0 +3.793169670e+01 +4.585416967e+02 +4.585416967e+02
825 0 +3.663787120e+01 +4.572478712e+02 +4.572478712e+02
881 0 +3.452408993e+01 +4.551340899e+02 +4.551340899e+02
1165 0 +3.359769202e+01 +4.542076920e+02 +4.542076920e+02
1202 0 +3.061819156e+01 +4.512281916e+02 +4.512281916e+02
1277 0 +3.001284001e+01 +4.506228400e+02 +4.506228400e+02
1305 0 +2.945727048e+01 +4.500672705e+02 +4.500672705e+02
1558 0 +2.634667240e+01 +4.469566724e+02 +4.469566724e+02
1779 0 +2.494836764e+01 +4.455583676e+02 +4.455583676e+02
1905 0 +2.438278651e+01 +4.449927865e+02 +4.449927865e+02
2193 0 +2.336194195e+01 +4.439719419e+02 +4.439719419e+02
2318 0 +2.148842465e+01 +4.420984246e+02 +4.420984246e+02
2382 0 +1.957594557e+01 +4.401859456e+02 +4.401859456e+02
2387 0 +1.801728931e+01 +4.386272893e+02 +4.386272893e+02
2775 0 +1.657897570e+01 +4.371889757e+02 +4.371889757e+02
2917 0 +1.617371731e+01 +4.367837173e+02 +4.367837173e+02
3058 0 +1.399818205e+01 +4.346081820e+02 +4.346081820e+02
3774 0 +1.336463843e+01 +4.339746384e+02 +4.339746384e+02
3823 0 +1.257280048e+01 +4.331828005e+02 +4.331828005e+02
4220 0 +1.048549219e+01 +4.310954922e+02 +4.310954922e+02
5442 0 +1.037134494e+01 +4.309813449e+02 +4.309813449e+02
6314 0 +9.770657758e+00 +4.303806578e+02 +4.303806578e+02
6317 0 +9.017107572e+00 +4.296271076e+02 +4.296271076e+02
6937 0 +7.652441241e+00 +4.282624412e+02 +4.282624412e+02
8465 0 +7.524003908e+00 +4.281340039e+02 +4.281340039e+02
9413 0 +7.282178776e+00 +4.278921788e+02 +4.278921788e+02
9733 0 +6.906979950e+00 +4.275169799e+02 +4.275169799e+02
9900 0 +6.580034072e+00 +4.271900341e+02 +4.271900341e+02
10966 0 +6.370568818e+00 +4.269805688e+02 +4.269805688e+02
11617 0 +6.211878081e+00 +4.268218781e+02 +4.268218781e+02
11723 0 +6.142400451e+00 +4.267524005e+02 +4.267524005e+02
12451 0 +5.965133563e+00 +4.265751336e+02 +4.265751336e+02
12870 0 +5.451332762e+00 +4.260613328e+02 +4.260613328e+02
15352 0 +5.339802222e+00 +4.259498022e+02 +4.259498022e+02
20988 0 +5.177450733e+00 +4.257874507e+02 +4.257874507e+02
27776 0 +4.904413438e+00 +4.255144134e+02 +4.255144134e+02
28184 0 +4.837137543e+00 +4.254471375e+02 +4.254471375e+02
30157 0 +4.479675340e+00 +4.250896753e+02 +4.250896753e+02
35409 0 +4.144420648e+00 +4.247544206e+02 +4.247544206e+02
35618 0 +3.663215505e+00 +4.242732155e+02 +4.242732155e+02
% f evaluations | g evaluations | best noise-free fitness - Fopt (2.088100000000e+02) + sum g_i+ | measured fitness | best measured fitness or single-digit g-values | x1 | x2...
1 0 +8.831734843e+01 +2.971273484e+02 +2.971273484e+02
2 0 +7.580488808e+01 +2.846148881e+02 +2.846148881e+02
3 0 +6.943723649e+01 +2.782472365e+02 +2.782472365e+02
4 0 +5.401318723e+01 +2.628231872e+02 +2.628231872e+02
68 0 +4.954828200e+01 +2.583582820e+02 +2.583582820e+02
130 0 +4.621372982e+01 +2.550237298e+02 +2.550237298e+02
211 0 +3.852041399e+01 +2.473304140e+02 +2.473304140e+02
722 0 +3.543737885e+01 +2.442473789e+02 +2.442473789e+02
856 0 +3.412851116e+01 +2.429385112e+02 +2.429385112e+02
1179 0 +3.290983151e+01 +2.417198315e+02 +2.417198315e+02
1221 0 +3.165868268e+01 +2.404686827e+02 +2.404686827e+02
1247 0 +3.133796363e+01 +2.401479636e+02 +2.401479636e+02
1330 0 +3.083466635e+01 +2.396446663e+02 +2.396446663e+02
1482 0 +3.003982882e+01 +2.388498288e+02 +2.388498288e+02
1488 0 +2.685323115e+01 +2.356632312e+02 +2.356632312e+02
1761 0 +2.501925449e+01 +2.338292545e+02 +2.338292545e+02
2319 0 +2.305772188e+01 +2.318677219e+02 +2.318677219e+02
2479 0 +2.166161997e+01 +2.304716200e+02 +2.304716200e+02
3254 0 +2.104394286e+01 +2.298539429e+02 +2.298539429e+02
3407 0 +1.978582294e+01 +2.285958229e+02 +2.285958229e+02
3789 0 +1.949383689e+01 +2.283038369e+02 +2.283038369e+02
4113 0 +1.848090217e+01 +2.272909022e+02 +2.272909022e+02
4164 0 +1.792546180e+01 +2.267354618e+02 +2.267354618e+02
4527 0 +1.697684229e+01 +2.257868423e+02 +2.257868423e+02
4839 0 +1.638511950e+01 +2.251951195e+02 +2.251951195e+02
5080 0 +1.567781021e+01 +2.244878102e+02 +2.244878102e+02
5509 0 +1.539584227e+01 +2.242058423e+02 +2.242058423e+02
5668 0 +1.484133303e+01 +2.236513330e+02 +2.236513330e+02
5715 0 +1.471484320e+01 +2.235248432e+02 +2.235248432e+02
6312 0 +1.433092845e+01 +2.231409284e+02 +2.231409284e+02
6396 0 +1.391908296e+01 +2.227290830e+02 +2.227290830e+02
6668 0 +1.309077244e+01 +2.219007724e+02 +2.219007724e+02
6937 0 +1.183366396e+01 +2.206436640e+02 +2.206436640e+02
7305 0 +1.147954374e+01 +2.202895437e+02 +2.202895437e+02
7621 0 +9.862706291e+00 +2.186727063e+02 +2.186727063e+02
8667 0 +9.709907387e+00 +2.185199074e+02 +2.185199074e+02
8680 0 +9.010053545e+00 +2.178200535e+02 +2.178200535e+02
10285 0 +8.750967545e+00 +2.175609675e+02 +2.175609675e+02
10854 0 +8.284992103e+00 +2.170949921e+02 +2.170949921e+02
11276 0 +8.033325455e+00 +2.168433255e+02 +2.168433255e+02
11376 0 +7.893691674e+00 +2.167036917e+02 +2.167036917e+02
12463 0 +7.568890965e+00 +2.163788910e+02 +2.163788910e+02
13112 0 +7.020526711e+00 +2.158305267e+02 +2.158305267e+02
13248 0 +6.484327707e+00 +2.152943277e+02 +2.152943277e+02
17051 0 +6.386483706e+00 +2.151964837e+02 +2.151964837e+02
17784 0 +6.208920089e+00 +2.150189201e+02 +2.150189201e+02
18911 0 +5.868861232e+00 +2.146788612e+02 +2.146788612e+02
19658 0 +5.468334639e+00 +2.142783346e+02 +2.142783346e+02
21695 0 +5.006833410e+00 +2.138168334e+02 +2.138168334e+02
22388 0 +4.589718394e+00 +2.133997184e+02 +2.133997184e+02
34827 0 +4.339715118e+00 +2.131497151e+02 +2.131497151e+02
% f evaluations | g evaluations | best noise-free fitness - Fopt (-1.310000000000e+01) + sum g_i+ | measured fitness | best measured fitness or single-digit g-values | x1 | x2...
1 0 +8.408662637e+01 +7.098662637e+01 +7.098662637e+01
2 0 +8.197806726e+01 +6.887806726e+01 +6.887806726e+01
3 0 +5.975464977e+01 +4.665464977e+01 +4.665464977e+01
8 0 +5.064467931e+01 +3.754467931e+01 +3.754467931e+01
39 0 +5.009598029e+01 +3.699598029e+01 +3.699598029e+01
61 0 +4.484239424e+01 +3.174239424e+01 +3.174239424e+01
405 0 +4.420415666e+01 +3.110415666e+01 +3.110415666e+01
474 0 +3.931669431e+01 +2.621669431e+01 +2.621669431e+01
657 0 +3.749010340e+01 +2.439010340e+01 +2.439010340e+01
868 0 +3.681269406e+01 +2.371269406e+01 +2.371269406e+01
876 0 +3.368158244e+01 +2.058158244e+01 +2.058158244e+01
950 0 +3.270605388e+01 +1.960605388e+01 +1.960605388e+01
1098 0 +2.797434627e+01 +1.487434627e+01 +1.487434627e+01
1291 0 +2.484586610e+01 +1.174586610e+01 +1.174586610e+01
1302 0 +2.324596371e+01 +1.014596371e+01 +1.014596371e+01
1583 0 +2.279114258e+01 +9.691142579e+00 +9.691142579e+00
1601 0 +2.135209699e+01 +8.252096985e+00 +8.252096985e+00
1710 0 +1.918611571e+01 +6.086115711e+00 +6.086115711e+00
1789 0 +1.621016091e+01 +3.110160914e+00 +3.110160914e+00
1949 0 +1.583336989e+01 +2.733369887e+00 +2.733369887e+00
2680 0 +1.521038343e+01 +2.110383427e+00 +2.110383427e+00
2752 0 +1.217410860e+01 -9.258914049e-01 -9.258914049e-01
3821 0 +1.163470470e+01 -1.465295295e+00 -1.465295295e+00
5299 0 +1.140992752e+01 -1.690072481e+00 -1.690072481e+00
6275 0 +1.009537588e+01 -3.004624119e+00 -3.004624119e+00
7521 0 +9.762052551e+00 -3.337947449e+00 -3.337947449e+00
7872 0 +9.020374350e+00 -4.079625650e+00 -4.079625650e+00
8593 0 +8.890267361e+00 -4.209732639e+00 -4.209732639e+00
9003 0 +8.690447048e+00 -4.409552952e+00 -4.409552952e+00
9289 0 +8.290906915e+00 -4.809093085e+00 -4.809093085e+00
11926 0 +8.045738380e+00 -5.054261620e+00 -5.054261620e+00
13897 0 +7.188234334e+00 -5.911765666e+00 -5.911765666e+00
16276 0 +6.214605273e+00 -6.885394727e+00 -6.885394727e+00
30941 0 +6.107825776e+00 -6.992174224e+00 -6.992174224e+00
33512 0 +6.006075761e+00 -7.093924239e+00 -7.093924239e+00
34005 0 +5.799390048e+00 -7.300609952e+00 -7.300609952e+00
34159 0 +5.366801678e+00 -7.733198322e+00 -7.733198322e+00
% f evaluations | g evaluations | best noise-free fitness - Fopt (1.311800000000e+02) + sum g_i+ | measured fitness | best measured fitness or single-digit g-values | x1 | x2...
1 0 +7.690174726e+01 +2.080817473e+02 +2.080817473e+02
4 0 +7.657461872e+01 +2.077546187e+02 +2.077546187e+02
8 0 +6.600618717e+01 +1.971861872e+02 +1.971861872e+02
18 0 +6.269791149e+01 +1.938779115e+02 +1.938779115e+02
23 0 +5.166310859e+01 +1.828431086e+02 +1.828431086e+02
37 0 +5.000692614e+01 +1.811869261e+02 +1.811869261e+02
113 0 +4.740625215e+01 +1.785862521e+02 +1.785862521e+02
264 0 +4.524344343e+01 +1.764234434e+02 +1.764234434e+02
396 0 +4.011285299e+01 +1.712928530e+02 +1.712928530e+02
450 0 +3.758491867e+01 +1.687649187e+02 +1.687649187e+02
811 0 +3.694160735e+01 +1.681216074e+02 +1.681216074e+02
1069 0 +3.584003194e+01 +1.670200319e+02 +1.670200319e+02
1090 0 +3.470032258e+01 +1.658803226e+02 +1.658803226e+02
1253 0 +3.421261059e+01 +1.653926106e+02 +1.653926106e+02
1302 0 +3.063723830e+01 +1.618172383e+02 +1.618172383e+02
2049 0 +2.751381159e+01 +1.586938116e+02 +1.586938116e+02
2463 0 +2.447624022e+01 +1.556562402e+02 +1.556562402e+02
2820 0 +2.232671870e+01 +1.535067187e+02 +1.535067187e+02
3186 0 +2.156528450e+01 +1.527452845e+02 +1.527452845e+02
3374 0 +2.068073162e+01 +1.518607316e+02 +1.518607316e+02
3460 0 +1.993574018e+01 +1.511157402e+02 +1.511157402e+02
3792 0 +1.921201497e+01 +1.503920150e+02 +1.503920150e+02
3794 0 +1.903049941e+01 +1.502104994e+02 +1.502104994e+02
3891 0 +1.853547311e+01 +1.497154731e+02 +1.497154731e+02
3939 0 +1.607005604e+01 +1.472500560e+02 +1.472500560e+02
4189 0 +1.549078096e+01 +1.466707810e+02 +1.466707810e+02
4372 0 +1.544791005e+01 +1.466279100e+02 +1.466279100e+02
4650 0 +1.402955646e+01 +1.452095565e+02 +1.452095565e+02
5189 0 +1.235334297e+01 +1.435333430e+02 +1.435333430e+02
5750 0 +1.124684443e+01 +1.424268444e+02 +1.424268444e+02
6379 0 +1.117715053e+01 +1.423571505e+02 +1.423571505e+02
8927 0 +1.094976779e+01 +1.421297678e+02 +1.421297678e+02
9322 0 +1.061351557e+01 +1.417935156e+02 +1.417935156e+02
9579 0 +1.013071747e+01 +1.413107175e+02 +1.413107175e+02
10642 0 +9.661086094e+00 +1.408410861e+02 +1.408410861e+02
12075 0 +8.803817216e+00 +1.399838172e+02 +1.399838172e+02
25942 0 +8.467490870e+00 +1.396474909e+02 +1.396474909e+02
27480 0 +8.250891506e+00 +1.394308915e+02 +1.394308915e+02
28766 0 +7.732296144e+00 +1.389122961e+02 +1.389122961e+02
33317 0 +7.176869744e+00 +1.383568697e+02 +1.383568697e+02
% f evaluations | g evaluations | best noise-free fitness - Fopt (-2.984000000000e+01) + sum g_i+ | measured fitness | best measured fitness or single-digit g-values | x1 | x2...
1 0 +7.579841503e+01 +4.595841503e+01 +4.595841503e+01
4 0 +7.333576477e+01 +4.349576477e+01 +4.349576477e+01
5 0 +4.935569292e+01 +1.951569292e+01 +1.951569292e+01
23 0 +4.624072731e+01 +1.640072731e+01 +1.640072731e+01
338 0 +4.330459404e+01 +1.346459404e+01 +1.346459404e+01
763 0 +4.037837063e+01 +1.053837063e+01 +1.053837063e+01
857 0 +3.791125731e+01 +8.071257306e+00 +8.071257306e+00
1432 0 +3.545560207e+01 +5.615602068e+00 +5.615602068e+00
1712 0 +3.444770945e+01 +4.607709448e+00 +4.607709448e+00
1768 0 +3.132354363e+01 +1.483543627e+00 +1.483543627e+00
1905 0 +3.087380068e+01 +1.033800676e+00 +1.033800676e+00
2068 0 +2.968115036e+01 -1.588496429e-01 -1.588496429e-01
2128 0 +2.514100320e+01 -4.698996802e+00 -4.698996802e+00
3245 0 +2.506711301e+01 -4.772886988e+00 -4.772886988e+00
3520 0 +2.351066949e+01 -6.329330506e+00 -6.329330506e+00
3942 0 +2.245864787e+01 -7.381352127e+00 -7.381352127e+00
4075 0 +2.150508073e+01 -8.334919268e+00 -8.334919268e+00
4313 0 +2.077796165e+01 -9.062038349e+00 -9.062038349e+00
4427 0 +1.937545480e+01 -1.046454520e+01 -1.046454520e+01
4668 0 +1.880064823e+01 -1.103935177e+01 -1.103935177e+01
4918 0 +1.767728316e+01 -1.216271684e+01 -1.216271684e+01
5503 0 +1.630907621e+01 -1.353092379e+01 -1.353092379e+01
6149 0 +1.616227271e+01 -1.367772729e+01 -1.367772729e+01
6373 0 +1.579534086e+01 -1.404465914e+01 -1.404465914e+01
7093 0 +1.460695942e+01 -1.523304058e+01 -1.523304058e+01
7538 0 +1.438719239e+01 -1.545280761e+01 -1.545280761e+01
7614 0 +1.396860452e+01 -1.587139548e+01 -1.587139548e+01
7804 0 +1.367778579e+01 -1.616221421e+01 -1.616221421e+01
7913 0 +1.330909097e+01 -1.653090903e+01 -1.653090903e+01
8076 0 +1.291283036e+01 -1.692716964e+01 -1.692716964e+01
8322 0 +1.228121977e+01 -1.755878023e+01 -1.755878023e+01
8344 0 +1.093528632e+01 -1.890471368e+01 -1.890471368e+01
11770 0 +1.053315258e+01 -1.930684742e+01 -1.930684742e+01
11798 0 +9.790411315e+00 -2.004958868e+01 -2.004958868e+01
13232 0 +9.594107445e+00 -2.024589256e+01 -2.024589256e+01
13615 0 +8.774680589e+00 -2.106531941e+01 -2.106531941e+01
16065 0 +8.449493631e+00 -2.139050637e+01 -2.139050637e+01
16330 0 +8.040485078e+00 -2.179951492e+01 -2.179951492e+01
22329 0 +7.936562764e+00 -2.190343724e+01 -2.190343724e+01
25960 0 +7.701792864e+00 -2.213820714e+01 -2.213820714e+01
26334 0 +7.482721531e+00 -2.235727847e+01 -2.235727847e+01
26390 0 +6.763602048e+00 -2.307639795e+01 -2.307639795e+01
29921 0 +6.283264833e+00 -2.355673517e+01 -2.355673517e+01
31287 0 +5.875523644e+00 -2.396447636e+01 -2.396447636e+01
32587 0 +4.654464545e+00 -2.518553545e+01 -2.518553545e+01
36561 0 +4.114211670e+00 -2.572578833e+01 -2.572578833e+01
38099 0 +4.072025097e+00 -2.576797490e+01 -2.576797490e+01
% f evaluations | g evaluations | best noise-free fitness - Fopt (-2.972800000000e+02) + sum g_i+ | measured fitness | best measured fitness or single-digit g-values | x1 | x2...
1 0 +7.309423604e+01 -2.241857640e+02 -2.241857640e+02
2 0 +6.976369850e+01 -2.275163015e+02 -2.275163015e+02
6 0 +5.256722881e+01 -2.447127712e+02 -2.447127712e+02
42 0 +5.177805399e+01 -2.455019460e+02 -2.455019460e+02
235 0 +4.506125877e+01 -2.522187412e+02 -2.522187412e+02
280 0 +4.433364443e+01 -2.529463556e+02 -2.529463556e+02
452 0 +4.229445052e+01 -2.549855495e+02 -2.549855495e+02
790 0 +4.116743662e+01 -2.561125634e+02 -2.561125634e+02
859 0 +4.035861569e+01 -2.569213843e+02 -2.569213843e+02
1013 0 +3.828738010e+01 -2.589926199e+02 -2.589926199e+02
1267 0 +3.784181268e+01 -2.594381873e+02 -2.594381873e+02
1384 0 +3.528236242e+01 -2.619976376e+02 -2.619976376e+02
1490 0 +3.174504680e+01 -2.655349532e+02 -2.655349532e+02
2011 0 +3.035617861e+01 -2.669238214e+02 -2.669238214e+02
2191 0 +2.986245092e+01 -2.674175491e+02 -2.674175491e+02
2217 0 +2.917415694e+01 -2.681058431e+02 -2.681058431e+02
2243 0 +2.629308279e+01 -2.709869172e+02 -2.709869172e+02
2578 0 +2.567726057e+01 -2.716027394e+02 -2.716027394e+02
2750 0 +2.424944730e+01 -2.730305527e+02 -2.730305527e+02
2985 0 +2.268143972e+01 -2.745985603e+02 -2.745985603e+02
3308 0 +2.203379945e+01 -2.752462005e+02 -2.752462005e+02
3529 0 +2.044649381e+01 -2.768335062e+02 -2.768335062e+02
3782 0 +2.022173325e+01 -2.770582667e+02 -2.770582667e+02
4243 0 +1.961089797e+01 -2.776691020e+02 -2.776691020e+02
4681 0 +1.887757550e+01 -2.784024245e+02 -2.784024245e+02
4717 0 +1.860282445e+01 -2.786771755e+02 -2.786771755e+02
5801 0 +1.767266920e+01 -2.796073308e+02 -2.796073308e+02
6079 0 +1.520300747e+01 -2.820769925e+02 -2.820769925e+02
8381 0 +1.496050095e+01 -2.823194990e+02 -2.823194990e+02
9335 0 +1.463063169e+01 -2.826493683e+02 -2.826493683e+02
9671 0 +1.442195324e+01 -2.828580468e+02 -2.828580468e+02
11101 0 +1.385244146e+01 -2.834275585e+02 -2.834275585e+02
11602 0 +1.377578524e+01 -2.835042148e+02 -2.835042148e+02
11776 0 +1.207071084e+01 -2.852092892e+02 -2.852092892e+02
11995 0 +1.155980098e+01 -2.857201990e+02 -2.857201990e+02
13899 0 +1.006424670e+01 -2.872157533e+02 -2.872157533e+02
19913 0 +9.749874899e+00 -2.875301251e+02 -2.875301251e+02
21680 0 +9.506873388e+00 -2.877731266e+02 -2.877731266e+02
23438 0 +8.493921254e+00 -2.887860787e+02 -2.887860787e+02
% f evaluations | g evaluations | best noise-free fitness - Fopt (6.878000000000e+01) + sum g_i+ | measured fitness | best measured fitness or single-digit g-values | x1 | x2...
1 0 +9.528416866e+01 +1.640641687e+02 +1.640641687e+02
2 0 +6.730359351e+01 +1.360835935e+02 +1.360835935e+02
5 0 +6.553610516e+01 +1.343161052e+02 +1.343161052e+02
8 0 +6.136314617e+01 +1.301431462e+02 +1.301431462e+02
12 0 +5.822013742e+01 +1.270001374e+02 +1.270001374e+02
18 0 +4.857849376e+01 +1.173584938e+02 +1.173584938e+02
119 0 +4.638582597e+01 +1.151658260e+02 +1.151658260e+02
257 0 +4.255781376e+01 +1.113378138e+02 +1.113378138e+02
396 0 +4.120536823e+01 +1.099853682e+02 +1.099853682e+02
475 0 +3.883872064e+01 +1.076187206e+02 +1.076187206e+02
971 0 +3.451957616e+01 +1.032995762e+02 +1.032995762e+02
1088 0 +3.271144255e+01 +1.014914425e+02 +1.014914425e+02
1378 0 +3.225469209e+01 +1.010346921e+02 +1.010346921e+02
1486 0 +3.112355468e+01 +9.990355468e+01 +9.990355468e+01
1510 0 +3.050221217e+01 +9.928221217e+01 +9.928221217e+01
1800 0 +3.001985573e+01 +9.879985573e+01 +9.879985573e+01
2252 0 +2.895990973e+01 +9.773990973e+01 +9.773990973e+01
2266 0 +2.717531343e+01 +9.595531343e+01 +9.595531343e+01
2580 0 +2.594254040e+01 +9.472254040e+01 +9.472254040e+01
2726 0 +2.436783908e+01 +9.314783908e+01 +9.314783908e+01
3316 0 +2.352503966e+01 +9.230503966e+01 +9.230503966e+01
3484 0 +2.311089148e+01 +9.189089148e+01 +9.189089148e+01
3505 0 +2.268169883e+01 +9.146169883e+01 +9.146169883e+01
3698 0 +2.085001622e+01 +8.963001622e+01 +8.963001622e+01
4257 0 +1.833754962e+01 +8.711754962e+01 +8.711754962e+01
5616 0 +1.785542193e+01 +8.663542193e+01 +8.663542193e+01
5674 0 +1.562811312e+01 +8.440811312e+01 +8.440811312e+01
6449 0 +1.518275423e+01 +8.396275423e+01 +8.396275423e+01
6495 0 +1.499884349e+01 +8.377884349e+01 +8.377884349e+01
7199 0 +1.474233767e+01 +8.352233767e+01 +8.352233767e+01
7428 0 +1.406540796e+01 +8.284540796e+01 +8.284540796e+01
7713 0 +1.270450560e+01 +8.148450560e+01 +8.148450560e+01
8283 0 +1.215974489e+01 +8.093974489e+01 +8.093974489e+01
8568 0 +1.191955312e+01 +8.069955312e+01 +8.069955312e+01
9473 0 +1.154377296e+01 +8.032377296e+01 +8.032377296e+01
10061 0 +1.112788449e+01 +7.990788449e+01 +7.990788449e+01
11651 0 +1.090890290e+01 +7.968890290e+01 +7.968890290e+01
12314 0 +1.027091485e+01 +7.905091485e+01 +7.905091485e+01
12315 0 +9.413767503e+00 +7.819376750e+01 +7.819376750e+01
14025 0 +9.173029512e+00 +7.795302951e+01 +7.795302951e+01
15870 0 +8.893460544e+00 +7.767346054e+01 +7.767346054e+01
16566 0 +8.642957884e+00 +7.742295788e+01 +7.742295788e+01
18567 0 +8.221730974e+00 +7.700173097e+01 +7.700173097e+01
18773 0 +7.392691454e+00 +7.617269145e+01 +7.617269145e+01
19940 0 +6.724407474e+00 +7.550440747e+01 +7.550440747e+01
22750 0 +6.520068351e+00 +7.530006835e+01 +7.530006835e+01
24925 0 +6.141193350e+00 +7.492119335e+01 +7.492119335e+01
26043 0 +5.983730311e+00 +7.476373031e+01 +7.476373031e+01
26314 0 +5.386704621e+00 +7.416670462e+01 +7.416670462e+01
27650 0 +5.181244773e+00 +7.396124477e+01 +7.396124477e+01
28121 0 +4.814551663e+00 +7.359455166e+01 +7.359455166e+01
29178 0 +4.451373302e+00 +7.323137330e+01 +7.323137330e+01
% f evaluations | g evaluations | best noise-free fitness - Fopt (-8.021800000000e+02) + sum g_i+ | measured fitness | best measured fitness or single-digit g-values | x1 | x2...
1 0 +4.584751731e+01 -7.563324827e+02 -7.563324827e+02
29 0 +4.375317319e+01 -7.584268268e+02 -7.584268268e+02
56 0 +3.649981571e+01 -7.656801843e+02 -7.656801843e+02
421 0 +3.382449026e+01 -7.683555097e+02 -7.683555097e+02
715 0 +3.065549213e+01 -7.715245079e+02 -7.715245079e+02
995 0 +2.992299035e+01 -7.722570097e+02 -7.722570097e+02
1184 0 +2.925416853e+01 -7.729258315e+02 -7.729258315e+02
1200 0 +2.683286177e+01 -7.753471382e+02 -7.753471382e+02
1324 0 +2.494474381e+01 -7.772352562e+02 -7.772352562e+02
1554 0 +2.352337850e+01 -7.786566215e+02 -7.786566215e+02
1797 0 +2.302140757e+01 -7.791585924e+02 -7.791585924e+02
1931 0 +2.288114495e+01 -7.792988550e+02 -7.792988550e+02
1983 0 +2.222536391e+01 -7.799546361e+02 -7.799546361e+02
2096 0 +2.116872706e+01 -7.810112729e+02 -7.810112729e+02
2564 0 +2.058209256e+01 -7.815979074e+02 -7.815979074e+02
2905 0 +1.943380713e+01 -7.827461929e+02 -7.827461929e+02
3745 0 +1.817917767e+01 -7.840008223e+02 -7.840008223e+02
4574 0 +1.774887468e+01 -7.844311253e+02 -7.844311253e+02
5200 0 +1.687908978e+01 -7.853009102e+02 -7.853009102e+02
5202 0 +1.552241275e+01 -7.866575873e+02 -7.866575873e+02
5516 0 +1.483587722e+01 -7.873441228e+02 -7.873441228e+02
7078 0 +1.427073355e+01 -7.879092665e+02 -7.879092665e+02
7300 0 +1.359033673e+01 -7.885896633e+02 -7.885896633e+02
8298 0 +1.299080200e+01 -7.891891980e+02 -7.891891980e+02
9568 0 +1.254217389e+01 -7.896378261e+02 -7.896378261e+02
10182 0 +1.220169990e+01 -7.899783001e+02 -7.899783001e+02
10760 0 +1.165897267e+01 -7.905210273e+02 -7.905210273e+02
19113 0 +1.130848441e+01 -7.908715156e+02 -7.908715156e+02
20341 0 +1.096848992e+01 -7.912115101e+02 -7.912115101e+02
24014 0 +1.095098873e+01 -7.912290113e+02 -7.912290113e+02
24100 0 +1.052713948e+01 -7.916528605e+02 -7.916528605e+02
25914 0 +1.004728921e+01 -7.921327108e+02 -7.921327108e+02
30462 0 +9.658345234e+00 -7.925216548e+02 -7.925216548e+02
% f evaluations | g evaluations | best noise-free fitness - Fopt (1.611200000000e+02) + sum g_i+ | measured fitness | best measured fitness or single-digit g-values | x1 | x2...
1 0 +7.670030814e+01 +2.378203081e+02 +2.378203081e+02
2 0 +6.151317723e+01 +2.226331772e+02 +2.226331772e+02
6 0 +4.457707210e+01 +2.056970721e+02 +2.056970721e+02
354 0 +4.247682335e+01 +2.035968233e+02 +2.035968233e+02
441 0 +3.832694481e+01 +1.994469448e+02 +1.994469448e+02
663 0 +3.778128446e+01 +1.989012845e+02 +1.989012845e+02
690 0 +3.436887362e+01 +1.954888736e+02 +1.954888736e+02
944 0 +3.150284767e+01 +1.926228477e+02 +1.926228477e+02
1005 0 +3.063296357e+01 +1.917529636e+02 +1.917529636e+02
1012 0 +2.731021631e+01 +1.884302163e+02 +1.884302163e+02
1219 0 +2.498775619e+01 +1.861077562e+02 +1.861077562e+02
1475 0 +2.437760539e+01 +1.854976054e+02 +1.854976054e+02
1691 0 +2.238675643e+01 +1.835067564e+02 +1.835067564e+02
1963 0 +2.166430612e+01 +1.827843061e+02 +1.827843061e+02
1985 0 +2.082398974e+01 +1.819439897e+02 +1.819439897e+02
2122 0 +2.014675630e+01 +1.812667563e+02 +1.812667563e+02
2125 0 +1.963721466e+01 +1.807572147e+02 +1.807572147e+02
2231 0 +1.873621077e+01 +1.798562108e+02 +1.798562108e+02
2269 0 +1.789868702e+01 +1.790186870e+02 +1.790186870e+02
2680 0 +1.762701197e+01 +1.787470120e+02 +1.787470120e+02
2734 0 +1.708205206e+01 +1.782020521e+02 +1.782020521e+02
3281 0 +1.643864742e+01 +1.775586474e+02 +1.775586474e+02
3589 0 +1.550050819e+01 +1.766205082e+02 +1.766205082e+02
4236 0 +1.411501393e+01 +1.752350139e+02 +1.752350139e+02
5041 0 +1.377968223e+01 +1.748996822e+02 +1.748996822e+02
5882 0 +1.335406575e+01 +1.744740657e+02 +1.744740657e+02
6478 0 +1.299289587e+01 +1.741128959e+02 +1.741128959e+02
6554 0 +1.251511884e+01 +1.736351188e+02 +1.736351188e+02
6749 0 +1.199952547e+01 +1.731195255e+02 +1.731195255e+02
7360 0 +1.166226972e+01 +1.727822697e+02 +1.727822697e+02
8436 0 +1.040294731e+01 +1.715229473e+02 +1.715229473e+02
8935 0 +1.015505488e+01 +1.712750549e+02 +1.712750549e+02
11268 0 +9.723182822e+00 +1.708431828e+02 +1.708431828e+02
12430 0 +9.168752608e+00 +1.702887526e+02 +1.702887526e+02
12629 0 +9.047616335e+00 +1.701676163e+02 +1.701676163e+02
13256 0 +8.711905818e+00 +1.698319058e+02 +1.698319058e+02
13441 0 +8.675679497e+00 +1.697956795e+02 +1.697956795e+02
13471 0 +8.083260679e+00 +1.692032607e+02 +1.692032607e+02
13579 0 +7.606226424e+00 +1.687262264e+02 +1.687262264e+02
13596 0 +7.218049260e+00 +1.683380493e+02 +1.683380493e+02
13743 0 +6.648912972e+00 +1.677689130e+02 +1.677689130e+02
13749 0 +6.154881146e+00 +1.672748811e+02 +1.672748811e+02
14538 0 +5.826517374e+00 +1.669465174e+02 +1.669465174e+02
14922 0 +5.066054711e+00 +1.661860547e+02 +1.661860547e+02
17544 0 +4.807606388e+00 +1.659276064e+02 +1.659276064e+02
20086 0 +4.586868028e+00 +1.657068680e+02 +1.657068680e+02
20207 0 +4.556916378e+00 +1.656769164e+02 +1.656769164e+02
20214 0 +4.204960210e+00 +1.653249602e+02 +1.653249602e+02
20481 0 +4.003342489e+00 +1.651233425e+02 +1.651233425e+02
24579 0 +3.960732762e+00 +1.650807328e+02 +1.650807328e+02
36866 0 +3.796719852e+00 +1.649167199e+02 +1.649167199e+02
