% f evaluations | g evaluations | best noise-free fitness - Fopt (9.294000000000e+01) + sum g_i+ | measured fitness | best measured fitness or single-digit g-values | x1 | x2...
1 0 +4.006497153e+01 +1.330049715e+02 +1.330049715e+02 +9.2213e-02 +2.1277e+00
24 0 +2.217677485e+01 +1.151167749e+02 +1.151167749e+02 +2.1333e+00 -8.2408e-01
25 0 +2.068633887e+00 +9.500863389e+01 +9.500863389e+01 -1.0278e+00 +1.0333e+00
85 0 +1.683498053e+00 +9.462349805e+01 +9.462349805e+01 -1.7882e+00 +2.4614e+00
121 0 +6.009155901e-01 +9.354091559e+01 +9.354091559e+01 +2.8582e-01 +2.9708e-01
206 0 +3.315793955e-01 +9.327157940e+01 +9.327157940e+01 -3.6508e-01 +1.0518e+00
306 0 +1.683498053e-02 +9.295683498e+01 +9.295683498e+01 -8.7988e-02 +5.9887e-01
454 0 +2.084396300e-07 +9.294000021e+01 +9.294000021e+01 -2.2286e-01 +7.1480e-01
533 0 +1.383798605e-07 +9.294000014e+01 +9.294000014e+01 -2.3241e-01 +7.1875e-01
728 0 +8.538361840e-08 +9.294000009e+01 +9.294000009e+01 -2.4269e-01 +7.3881e-01
843 0 +1.018010209e-08 +9.294000001e+01 +9.294000001e+01 -2.2126e-01 +7.3868e-01
1005 0 +7.573646599e-09 +9.294000001e+01 +9.294000001e+01 -2.1464e-01 +7.4084e-01
% f evaluations | g evaluations | best noise-free fitness - Fopt (3.535000000000e+01) + sum g_i+ | measured fitness | best measured fitness or single-digit g-values | x1 | x2...
1 0 +3.920434468e+02 +4.273934468e+02 +4.273934468e+02 -3.4696e+00 +3.7773e+00
2 0 +8.914073972e+01 +1.244907397e+02 +1.244907397e+02 -4.9142e+00 -4.4766e+00
3 0 +1.781996901e+01 +5.316996901e+01 +5.316996901e+01 -1.2691e+00 -2.0552e+00
7 0 +3.260153181e+00 +3.861015318e+01 +3.861015318e+01 +2.3060e+00 +2.9827e+00
15 0 +2.792089887e+00 +3.814208989e+01 +3.814208989e+01 +2.9529e+00 +3.0841e+00
45 0 +1.161253326e+00 +3.651125333e+01 +3.651125333e+01 +1.5173e+00 +9.2068e-01
122 0 +6.019305555e-01 +3.595193056e+01 +3.595193056e+01 +1.2138e+00 +1.1211e+00
181 0 +5.361163034e-01 +3.588611630e+01 +3.588611630e+01 +1.6180e+00 +1.6972e+00
204 0 +1.504826389e-01 +3.550048264e+01 +3.550048264e+01 +1.3523e+00 +1.2265e+00
310 0 +1.116835955e-01 +3.546168360e+01 +3.546168360e+01 +2.0857e+00 +1.7667e+00
315 0 +9.716390508e-02 +3.544716391e+01 +3.544716391e+01 +1.7450e+00 +1.5679e+00
383 0 +1.533403164e-07 +3.535000015e+01 +3.535000015e+01 +1.7612e+00 +1.4693e+00
661 0 +1.096115838e-07 +3.535000011e+01 +3.535000011e+01 +1.7670e+00 +1.4758e+00
785 0 +4.325615777e-08 +3.535000004e+01 +3.535000004e+01 +1.7483e+00 +1.4765e+00
797 0 +1.768946589e-08 +3.535000002e+01 +3.535000002e+01 +1.7545e+00 +1.4813e+00
799 0 +1.270299776e-08 +3.535000001e+01 +3.535000001e+01 +1.7666e+00 +1.4860e+00
851 0 +1.051317611e-08 +3.535000001e+01 +3.535000001e+01 +1.7512e+00 +1.4809e+00
1077 0 +9.051511540e-09 +3.535000001e+01 +3.535000001e+01 +1.7654e+00 +1.4859e+00
% f evaluations | g evaluations | best noise-free fitness - Fopt (3.820000000000e+00) + sum g_i+ | measured fitness | best measured fitness or single-digit g-values | x1 | x2...
1 0 +6.361344593e+02 +6.399544593e+02 +6.399544593e+02 +9.3070e-01 -9.0616e-01
3 0 +5.686702303e+02 +5.724902303e+02 +5.724902303e+02 +1.2296e+00 +5.7386e-01
10 0 +4.894021695e+01 +5.276021695e+01 +5.276021695e+01 +4.8638e+00 +2.0029e+00
21 0 +3.440337096e+00 +7.260337096e+00 +7.260337096e+00 +4.4035e+00 +4.4937e+00
37 0 +1.996759007e+00 +5.816759007e+00 +5.816759007e+00 +4.2590e+00 +1.6764e+00
247 0 +7.560682661e-01 +4.576068266e+00 +4.576068266e+00 +3.9692e+00 +1.5347e+00
269 0 +5.122905424e-01 +4.332290542e+00 +4.332290542e+00 +3.7289e+00 -5.5513e-01
314 0 +2.279599107e-01 +4.047959911e+00 +4.047959911e+00 +4.1347e+00 +1.8328e+00
378 0 +2.049162170e-02 +3.840491622e+00 +3.840491622e+00 +4.0663e+00 +1.5347e+00
534 0 +5.122905424e-03 +3.825122905e+00 +3.825122905e+00 +3.9558e+00 +9.6218e-01
717 0 +9.947061841e-09 +3.820000010e+00 +3.820000010e+00 +3.9928e+00 +1.1767e+00
% f evaluations | g evaluations | best noise-free fitness - Fopt (2.175000000000e+01) + sum g_i+ | measured fitness | best measured fitness or single-digit g-values | x1 | x2...
1 0 +5.796698434e+01 +7.971698434e+01 +7.971698434e+01 +2.1769e+00 +5.8198e-02
14 0 +1.469823782e+00 +2.321982378e+01 +2.321982378e+01 +2.5848e+00 +1.8289e+00
20 0 +7.629821235e-01 +2.251298212e+01 +2.251298212e+01 +3.1884e+00 +1.2899e+00
81 0 +2.929797354e-02 +2.177929797e+01 +2.177929797e+01 +3.9609e+00 +7.0938e-01
396 0 +1.535814456e-02 +2.176535814e+01 +2.176535814e+01 +3.7238e+00 +8.9081e-01
476 0 +1.469823782e-02 +2.176469824e+01 +2.176469824e+01 +3.6557e+00 +9.5041e-01
511 0 +3.473571795e-07 +2.175000035e+01 +2.175000035e+01 +3.7550e+00 +9.2290e-01
545 0 +3.279618994e-07 +2.175000033e+01 +2.175000033e+01 +3.7761e+00 +8.5843e-01
736 0 +1.649120236e-07 +2.175000016e+01 +2.175000016e+01 +3.7544e+00 +9.0408e-01
837 0 +3.820655792e-08 +2.175000004e+01 +2.175000004e+01 +3.7685e+00 +8.8641e-01
905 0 +2.721408165e-08 +2.175000003e+01 +2.175000003e+01 +3.7634e+00 +8.8641e-01
938 0 +2.427491097e-09 +2.175000000e+01 +2.175000000e+01 +3.7644e+00 +8.8968e-01
% f evaluations | g evaluations | best noise-free fitness - Fopt (6.479000000000e+01) + sum g_i+ | measured fitness | best measured fitness or single-digit g-values | x1 | x2...
1 0 +7.691022664e+01 +1.417002266e+02 +1.417002266e+02 -4.6100e+00 +2.6851e+00
2 0 +1.605039404e+01 +8.084039404e+01 +8.084039404e+01 -4.1287e-01 -4.1784e+00
3 0 +6.303766521e-01 +6.542037665e+01 +6.542037665e+01 -1.0207e+00 -3.0674e+00
23 0 +4.949682067e-01 +6.528496821e+01 +6.528496821e+01 -1.5299e+00 -2.5262e+00
229 0 +4.664891609e-02 +6.483664892e+01 +6.483664892e+01 -2.1667e+00 -1.7265e+00
330 0 +2.509132044e-02 +6.481509132e+01 +6.481509132e+01 -2.1667e+00 -1.7730e+00
387 0 +1.979872827e-02 +6.480979873e+01 +6.480979873e+01 -1.7418e+00 -2.2364e+00
461 0 +6.449616308e-08 +6.479000006e+01 +6.479000006e+01 -1.8617e+00 -2.1158e+00
715 0 +8.073172353e-09 +6.479000001e+01 +6.479000001e+01 -1.8560e+00 -2.0959e+00
% f evaluations | g evaluations | best noise-free fitness - Fopt (-4.947000000000e+01) + sum g_i+ | measured fitness | best measured fitness or single-digit g-values | x1 | x2...
1 0 +3.322287433e+03 +3.272817433e+03 +3.272817433e+03 +2.9637e+00 -4.4418e+00
2 0 +9.545324382e+02 +9.050624382e+02 +9.050624382e+02 -3.8777e+00 -4.6275e+00
3 0 +5.274516219e+02 +4.779816219e+02 +4.779816219e+02 +1.4455e+00 -5.3556e-02
4 0 +3.864269891e-01 -4.908357301e+01 -4.908357301e+01 +7.3036e-01 +2.9144e+00
31 0 +2.388105888e-01 -4.923118941e+01 -4.923118941e+01 -1.1415e-01 +2.3247e+00
185 0 +5.970264720e-02 -4.941029735e+01 -4.941029735e+01 +6.5790e-01 +2.9694e+00
227 0 +3.820969421e-02 -4.943179031e+01 -4.943179031e+01 +1.4403e+00 +3.4359e+00
301 0 +2.149295299e-02 -4.944850705e+01 -4.944850705e+01 +8.5276e-01 +3.1013e+00
370 0 +3.354565834e-07 -4.946999966e+01 -4.946999966e+01 +1.1189e+00 +3.2600e+00
400 0 +1.484093772e-07 -4.946999985e+01 -4.946999985e+01 +1.0882e+00 +3.2227e+00
405 0 +7.312792860e-08 -4.946999993e+01 -4.946999993e+01 +1.0957e+00 +3.2260e+00
876 0 +3.130828929e-08 -4.946999997e+01 -4.946999997e+01 +1.0957e+00 +3.2400e+00
1307 0 +2.562800461e-08 -4.946999997e+01 -4.946999997e+01 +1.1107e+00 +3.2259e+00
1352 0 +1.400093907e-08 -4.946999999e+01 -4.946999999e+01 +1.0979e+00 +3.2357e+00
1487 0 +2.634791940e-09 -4.947000000e+01 -4.947000000e+01 +1.0904e+00 +3.2409e+00
% f evaluations | g evaluations | best noise-free fitness - Fopt (-4.225000000000e+01) + sum g_i+ | measured fitness | best measured fitness or single-digit g-values | x1 | x2...
1 0 +1.848498494e+02 +1.425998494e+02 +1.425998494e+02 +4.4815e+00 -3.2868e+00
2 0 +3.990183941e+01 -2.348160594e+00 -2.348160594e+00 +4.3637e+00 +6.6317e-01
10 0 +3.944401665e+01 -2.805983345e+00 -2.805983345e+00 +2.3808e+00 +1.7208e+00
12 0 +3.421662315e+01 -8.033376846e+00 -8.033376846e+00 +4.3342e+00 +2.1747e+00
13 0 +2.165486045e+01 -2.059513955e+01 -2.059513955e+01 +1.2091e+00 -4.5576e+00
18 0 +1.436923781e+01 -2.788076219e+01 -2.788076219e+01 +2.8501e+00 +4.5523e-01
28 0 +1.309314511e+00 -4.094068549e+01 -4.094068549e+01 +2.7588e+00 -1.2199e+00
45 0 +8.980773628e-01 -4.135192264e+01 -4.135192264e+01 +2.1221e+00 -4.8853e+00
330 0 +2.901753060e-01 -4.195982469e+01 -4.195982469e+01 +2.3852e+00 -3.3969e+00
337 0 +8.287592623e-02 -4.216712407e+01 -4.216712407e+01 +2.2301e+00 -3.5112e+00
413 0 +1.368664926e-02 -4.223631335e+01 -4.223631335e+01 +2.2374e+00 -3.4677e+00
473 0 +8.980773628e-03 -4.224101923e+01 -4.224101923e+01 +2.2620e+00 -3.4647e+00
522 0 +2.395578917e-07 -4.224999976e+01 -4.224999976e+01 +2.2851e+00 -3.3483e+00
708 0 +1.935684324e-07 -4.224999981e+01 -4.224999981e+01 +2.2988e+00 -3.3897e+00
715 0 +1.418513946e-07 -4.224999986e+01 -4.224999986e+01 +2.2962e+00 -3.3849e+00
749 0 +7.079627551e-08 -4.224999993e+01 -4.224999993e+01 +2.2952e+00 -3.3635e+00
883 0 +6.769118244e-08 -4.224999993e+01 -4.224999993e+01 +2.2967e+00 -3.3635e+00
886 0 +6.255699248e-08 -4.224999994e+01 -4.224999994e+01 +2.2718e+00 -3.3691e+00
1151 0 +6.007174136e-08 -4.224999994e+01 -4.224999994e+01 +2.2864e+00 -3.3786e+00
1210 0 +3.941710247e-08 -4.224999996e+01 -4.224999996e+01 +2.2705e+00 -3.3717e+00
1279 0 +2.481187522e-08 -4.224999998e+01 -4.224999998e+01 +2.2934e+00 -3.3736e+00
1300 0 +3.320593578e-09 -4.225000000e+01 -4.225000000e+01 +2.2892e+00 -3.3722e+00
% f evaluations | g evaluations | best noise-free fitness - Fopt (-1.295600000000e+02) + sum g_i+ | measured fitness | best measured fitness or single-digit g-values | x1 | x2...
1 0 +3.389194662e+02 +2.093594662e+02 +2.093594662e+02 -4.3253e+00 -3.9590e-01
2 0 +2.050452864e+01 -1.090554714e+02 -1.090554714e+02 -3.2316e-01 +1.4594e+00
6 0 +1.531752451e+01 -1.142424755e+02 -1.142424755e+02 +8.4013e-01 -3.8538e+00
8 0 +2.000082661e+00 -1.275599173e+02 -1.275599173e+02 +1.1271e+00 -2.3697e+00
53 0 +9.839161544e-01 -1.285760838e+02 -1.285760838e+02 -6.3574e-01 -3.8559e-01
76 0 +5.000206654e-01 -1.290599793e+02 -1.290599793e+02 +4.4832e-01 -1.5673e+00
102 0 +4.281582156e-01 -1.291318418e+02 -1.291318418e+02 -1.6796e-01 -7.4036e-01
209 0 +3.475728972e-01 -1.292124271e+02 -1.292124271e+02 -7.4391e-02 -6.6724e-01
250 0 +1.964328891e-01 -1.293635671e+02 -1.293635671e+02 -5.2772e-01 +1.4870e-01
330 0 +1.250051663e-01 -1.294349948e+02 -1.294349948e+02 -2.3677e-02 -7.3268e-01
354 0 +2.085119817e-02 -1.295391488e+02 -1.295391488e+02 -3.6485e-01 -4.3516e-01
485 0 +2.311811897e-07 -1.295599998e+02 -1.295599998e+02 -3.9059e-01 -3.6474e-01
612 0 +7.012462788e-08 -1.295599999e+02 -1.295599999e+02 -3.8592e-01 -3.9419e-01
677 0 +3.571747698e-08 -1.295600000e+02 -1.295600000e+02 -3.7250e-01 -3.7215e-01
1181 0 +1.227331836e-08 -1.295600000e+02 -1.295600000e+02 -3.7029e-01 -3.7907e-01
1285 0 +1.172207931e-08 -1.295600000e+02 -1.295600000e+02 -3.7140e-01 -3.7561e-01
1301 0 +9.494414144e-09 -1.295600000e+02 -1.295600000e+02 -3.7746e-01 -3.9471e-01
% f evaluations | g evaluations | best noise-free fitness - Fopt (-2.774000000000e+01) + sum g_i+ | measured fitness | best measured fitness or single-digit g-values | x1 | x2...
1 0 +2.483523048e+02 +2.206123048e+02 +2.206123048e+02 -2.8310e+00 +1.2344e+00
6 0 +1.855569986e+02 +1.578169986e+02 +1.578169986e+02 +1.1769e+00 +1.3778e-02
7 0 +1.106826740e+02 +8.294267398e+01 +8.294267398e+01 +1.1478e+00 -7.1119e-01
12 0 +3.936565877e+01 +1.162565877e+01 +1.162565877e+01 -9.2627e-01 +2.4050e+00
15 0 +1.377522171e+01 -1.396477829e+01 -1.396477829e+01 +1.2567e+00 -3.9012e+00
19 0 +1.118895443e+01 -1.655104557e+01 -1.655104557e+01 +1.0565e+00 -2.1674e+00
21 0 +3.077477502e+00 -2.466252250e+01 -2.466252250e+01 -4.5877e-01 +4.4261e-01
34 0 +9.177161173e-01 -2.682228388e+01 -2.682228388e+01 +7.7875e-01 -1.9378e+00
39 0 +6.424778288e-02 -2.767575222e+01 -2.767575222e+01 +1.1900e+00 -2.7213e+00
250 0 +1.814925035e-02 -2.772185075e+01 -2.772185075e+01 +1.1790e+00 -2.7655e+00
434 0 +4.289599396e-07 -2.773999957e+01 -2.773999957e+01 +1.0687e+00 -2.5980e+00
515 0 +1.485852366e-07 -2.773999985e+01 -2.773999985e+01 +1.1138e+00 -2.6402e+00
1064 0 +1.068688640e-07 -2.773999989e+01 -2.773999989e+01 +1.0800e+00 -2.6283e+00
1381 0 +1.717425846e-08 -2.773999998e+01 -2.773999998e+01 +1.1020e+00 -2.6275e+00
% f evaluations | g evaluations | best noise-free fitness - Fopt (5.073300000000e+02) + sum g_i+ | measured fitness | best measured fitness or single-digit g-values | x1 | x2...
1 0 +4.177544221e+01 +5.491054422e+02 +5.491054422e+02 +9.2921e-01 -1.9675e+00
3 0 +8.173974662e+00 +5.155039747e+02 +5.155039747e+02 -8.1153e-01 +2.3863e+00
19 0 +5.067447049e-01 +5.078367447e+02 +5.078367447e+02 -3.2575e+00 +4.2133e+00
122 0 +1.839144299e-01 +5.075139144e+02 +5.075139144e+02 -2.4103e+00 +3.3538e+00
225 0 +2.026978820e-02 +5.073502698e+02 +5.073502698e+02 -2.5365e+00 +3.3538e+00
535 0 +5.067447049e-03 +5.073350674e+02 +5.073350674e+02 -2.6781e+00 +3.4510e+00
836 0 +2.667840135e-07 +5.073300003e+02 +5.073300003e+02 -2.6895e+00 +3.5207e+00
1408 0 +1.027681265e-07 +5.073300001e+02 +5.073300001e+02 -2.7027e+00 +3.5333e+00
1887 0 +7.251981060e-08 +5.073300001e+02 +5.073300001e+02 -2.7027e+00 +3.5435e+00
2017 0 +1.076585932e-08 +5.073300000e+02 +5.073300000e+02 -2.7064e+00 +3.5524e+00
% f evaluations | g evaluations | best noise-free fitness - Fopt (5.029000000000e+01) + sum g_i+ | measured fitness | best measured fitness or single-digit g-values | x1 | x2...
1 0 +2.621000495e+01 +7.650000495e+01 +7.650000495e+01 +1.3312e+00 -6.6574e-01
2 0 +7.685487994e+00 +5.797548799e+01 +5.797548799e+01 +2.1737e+00 -1.8378e+00
25 0 +7.369888593e+00 +5.765988859e+01 +5.765988859e+01 +4.2845e+00 +4.6674e-01
28 0 +7.127736155e+00 +5.741773616e+01 +5.741773616e+01 +1.3242e+00 -2.5994e+00
29 0 +1.239078980e+00 +5.152907898e+01 +5.152907898e+01 +2.4914e+00 -4.7268e-01
127 0 +1.037250764e+00 +5.132725076e+01 +5.132725076e+01 +4.7242e-01 -2.3363e+00
180 0 +3.153071307e-01 +5.060530713e+01 +5.060530713e+01 +1.3237e+00 -1.6480e+00
263 0 +1.337791533e-01 +5.042377915e+01 +5.042377915e+01 +2.0124e+00 -1.2086e+00
392 0 +1.087362590e-01 +5.039873626e+01 +5.039873626e+01 +1.5712e+00 -1.4897e+00
419 0 +8.891819344e-02 +5.037891819e+01 +5.037891819e+01 +1.6496e+00 -1.5644e+00
436 0 +1.208180656e-02 +5.030208181e+01 +5.030208181e+01 +1.6461e+00 -1.4882e+00
534 0 +1.037250764e-02 +5.030037251e+01 +5.030037251e+01 +1.5382e+00 -1.6217e+00
705 0 +1.029061565e-07 +5.029000010e+01 +5.029000010e+01 +1.6711e+00 -1.5103e+00
976 0 +3.637161683e-09 +5.029000000e+01 +5.029000000e+01 +1.6781e+00 -1.5009e+00
% f evaluations | g evaluations | best noise-free fitness - Fopt (-1.000000000000e+03) + sum g_i+ | measured fitness | best measured fitness or single-digit g-values | x1 | x2...
1 0 +2.157057136e+02 -7.842942864e+02 -7.842942864e+02 +1.4960e+00 +4.9093e+00
2 0 +8.653255116e+01 -9.134674488e+02 -9.134674488e+02 -1.7942e+00 +5.9304e-01
5 0 +5.392642840e+01 -9.460735716e+02 -9.460735716e+02 +4.8062e-01 +2.9869e+00
9 0 +9.075761819e+00 -9.909242382e+02 -9.909242382e+02 +7.7389e-01 -4.7734e+00
10 0 +1.327204937e+00 -9.986727951e+02 -9.986727951e+02 +3.9244e-01 -4.3684e-01
31 0 +2.056710136e-01 -9.997943290e+02 -9.997943290e+02 -3.6705e-01 +1.3636e+00
316 0 +5.308819746e-02 -9.999469118e+02 -9.999469118e+02 -2.0127e-01 +6.3853e-01
372 0 +1.543686588e-02 -9.999845631e+02 -9.999845631e+02 -2.8585e-01 +1.0106e+00
467 0 +8.226840545e-03 -9.999917732e+02 -9.999917732e+02 -2.8069e-01 +7.4336e-01
611 0 +3.086480547e-07 -9.999999997e+02 -9.999999997e+02 -2.5138e-01 +7.9728e-01
717 0 +1.401795089e-07 -9.999999999e+02 -9.999999999e+02 -2.8958e-01 +8.2473e-01
786 0 +9.279551705e-08 -9.999999999e+02 -9.999999999e+02 -2.8260e-01 +8.2405e-01
840 0 +3.343291155e-08 -1.000000000e+03 -1.000000000e+03 -2.6606e-01 +8.2068e-01
875 0 +4.057028491e-09 -1.000000000e+03 -1.000000000e+03 -2.6119e-01 +8.2902e-01
% f evaluations | g evaluations | best noise-free fitness - Fopt (6.074000000000e+01) + sum g_i+ | measured fitness | best measured fitness or single-digit g-values | x1 | x2...
1 0 +5.013057602e+02 +5.620457602e+02 +5.620457602e+02 +2.5339e+00 -2.9341e+00
5 0 +3.225859718e+02 +3.833259718e+02 +3.833259718e+02 +2.1041e+00 -1.2760e+00
6 0 +2.125030102e+01 +8.199030102e+01 +8.199030102e+01 +4.1685e+00 +1.0995e+00
15 0 +5.619418227e+00 +6.635941823e+01 +6.635941823e+01 +4.0664e+00 +2.6382e-01
34 0 +2.006346790e-01 +6.094063468e+01 +6.094063468e+01 +2.3465e+00 +2.6152e+00
274 0 +7.849963508e-02 +6.081849964e+01 +6.081849964e+01 +2.9017e+00 +1.6599e+00
301 0 +7.065268787e-02 +6.081065269e+01 +6.081065269e+01 +3.3354e+00 +1.1201e+00
399 0 +5.619418227e-02 +6.079619418e+01 +6.079619418e+01 +3.0407e+00 +1.4925e+00
414 0 +4.993950377e-02 +6.078993950e+01 +6.078993950e+01 +3.1639e+00 +1.3665e+00
416 0 +2.006346790e-03 +6.074200635e+01 +6.074200635e+01 +3.1706e+00 +1.3641e+00
672 0 +2.989667465e-07 +6.074000030e+01 +6.074000030e+01 +3.1294e+00 +1.4143e+00
705 0 +7.580912609e-08 +6.074000008e+01 +6.074000008e+01 +3.1255e+00 +1.4365e+00
917 0 +6.471994851e-08 +6.074000006e+01 +6.074000006e+01 +3.1241e+00 +1.4372e+00
1065 0 +3.862439257e-10 +6.074000000e+01 +6.074000000e+01 +3.1317e+00 +1.4466e+00
% f evaluations | g evaluations | best noise-free fitness - Fopt (1.284000000000e+01) + sum g_i+ | measured fitness | best measured fitness or single-digit g-values | x1 | x2...
1 0 +1.793360624e+03 +1.806200624e+03 +1.806200624e+03 -1.7695e+00 +4.7071e+00
2 0 +8.569056733e+00 +2.140905673e+01 +2.140905673e+01 +1.1110e+00 -9.8844e-01
5 0 +8.088487193e-01 +1.364884872e+01 +1.364884872e+01 +2.0337e+00 +1.2912e-01
105 0 +2.022121798e-01 +1.304221218e+01 +1.304221218e+01 +7.2903e-01 -2.3872e+00
228 0 +4.945362212e-02 +1.288945362e+01 +1.288945362e+01 +1.0229e+00 -1.6810e+00
317 0 +2.632833684e-08 +1.284000003e+01 +1.284000003e+01 +1.0600e+00 -1.7350e+00
414 0 +2.012095557e-08 +1.284000002e+01 +1.284000002e+01 +1.0567e+00 -1.7350e+00
900 0 +1.813148742e-09 +1.284000000e+01 +1.284000000e+01 +1.0492e+00 -1.7358e+00
% f evaluations | g evaluations | best noise-free fitness - Fopt (-2.626000000000e+01) + sum g_i+ | measured fitness | best measured fitness or single-digit g-values | x1 | x2...
1 0 +3.595038314e+02 +3.332438314e+02 +3.332438314e+02 -3.6414e+00 +4.6868e+00
2 0 +1.212660939e+02 +9.500609394e+01 +9.500609394e+01 -2.7195e+00 +3.0959e+00
3 0 +1.080174239e+02 +8.175742386e+01 +8.175742386e+01 -1.2739e+00 +2.2541e+00
6 0 +7.381233872e+01 +4.755233872e+01 +4.755233872e+01 +3.7531e+00 -3.0839e+00
10 0 +4.521750962e+01 +1.895750962e+01 +1.895750962e+01 +4.9515e+00 -3.3547e+00
14 0 +7.584082838e+00 -1.867591716e+01 -1.867591716e+01 +9.9816e-01 -6.2150e-01
71 0 +4.155693817e+00 -2.210430618e+01 -2.210430618e+01 -2.5680e-01 +5.1106e-01
84 0 +3.641968844e+00 -2.261803116e+01 -2.261803116e+01 +2.7968e+00 -1.6707e+00
122 0 +1.846975030e+00 -2.441302497e+01 -2.441302497e+01 +5.6547e-01 -1.8998e-01
186 0 +1.052901457e+00 -2.520709854e+01 -2.520709854e+01 +1.2256e+00 -6.9533e-01
211 0 +4.617437575e-01 -2.579825624e+01 -2.579825624e+01 +1.5050e+00 -5.4689e-01
220 0 +2.581358779e-02 -2.623418641e+01 -2.623418641e+01 +2.8540e+00 -1.2561e+00
454 0 +2.166914652e-02 -2.623833085e+01 -2.623833085e+01 +2.9211e+00 -1.3167e+00
502 0 +4.617437575e-03 -2.625538256e+01 -2.625538256e+01 +2.5260e+00 -1.1141e+00
601 0 +4.411983809e-07 -2.625999956e+01 -2.625999956e+01 +2.6001e+00 -1.1838e+00
677 0 +7.730693952e-08 -2.625999992e+01 -2.625999992e+01 +2.6420e+00 -1.1651e+00
1018 0 +1.367084224e-10 -2.626000000e+01 -2.626000000e+01 +2.6436e+00 -1.1914e+00
