% f evaluations | g evaluations | best noise-free fitness - Fopt (-4.620900000000e+02) + sum g_i+ | measured fitness | best measured fitness or single-digit g-values | x1 | x2...
1 0 +8.176001901e+02 +3.555101901e+02 +3.555101901e+02 +1.4395e+00 +2.2323e+00 -2.8100e+00 +2.0517e+00 -2.6803e+00 -2.8803e+00 -4.5585e+00 +3.4277e+00 -4.7217e+00 -1.5203e+00
12 0 +4.546869219e+02 -7.403078070e+00 -7.403078070e+00 -2.4045e+00 +3.2930e-01 -1.9479e+00 +4.0579e+00 -3.1621e+00 +2.1583e+00 +8.5008e-01 +1.1958e+00 -2.1441e+00 -2.6252e+00
23 0 +3.983423005e+02 -6.374769946e+01 -6.374769946e+01 +2.5934e+00 -1.1746e+00 -6.3943e-01 +1.9271e+00 -8.3832e-02 +3.5072e+00 +3.0458e+00 -1.0059e+00 +3.0832e-01 +1.7051e+00
126 0 +2.856086501e+02 -1.764813499e+02 -1.764813499e+02 +3.1476e-01 -4.5396e-01 -5.9243e-01 +4.5492e-01 -5.5417e-01 +5.8512e-01 +1.3243e-01 -5.7357e-01 +3.0278e-02 +1.1429e+00
130 0 +2.706806077e+02 -1.914093923e+02 -1.914093923e+02 +2.1756e-01 -3.7673e-01 -4.5608e-01 +3.1614e-01 -4.2330e-01 +3.3903e-01 +1.0116e-01 -4.4683e-01 +1.1346e-01 +8.9229e-01
132 0 +2.291325606e+02 -2.329574394e+02 -2.329574394e+02 +7.4820e-02 -3.8998e-02 -1.3045e-01 +1.0814e-01 -3.2721e-02 +1.0550e-01 +1.2014e-01 -1.3905e-01 +1.7515e-03 +2.7974e-01
139 0 +2.221494823e+02 -2.399405177e+02 -2.399405177e+02 +1.6427e-01 -3.0963e-01 -2.8640e-01 +6.0058e-02 -2.8921e-01 +2.4101e-01 +7.3057e-02 -3.0529e-01 -2.0021e-03 +5.5597e-01
146 0 +2.139891722e+02 -2.481008278e+02 -2.481008278e+02 +1.9385e-01 -2.7957e-01 -3.3798e-01 +1.9025e-01 -3.4129e-01 +1.6035e-01 +8.1560e-02 -3.0992e-01 +4.5380e-03 +6.3105e-01
155 0 +1.936799079e+02 -2.684100921e+02 -2.684100921e+02 +1.8332e-01 -1.6500e-01 -1.9947e-01 +3.3156e-02 -2.0142e-01 +1.6132e-01 +1.2407e-01 -2.1262e-01 +5.1007e-02 +4.1926e-01
316 0 +1.845283124e+02 -2.775616876e+02 -2.775616876e+02 +1.8373e-01 -5.1314e-01 -6.8688e-02 -7.4852e-02 -1.4161e-01 +1.2891e-01 +1.7433e-01 -2.8319e-01 +7.7196e-02 +1.5729e-01
626 0 +1.809340493e+02 -2.811559507e+02 -2.811559507e+02 +5.1897e-03 -1.9432e-01 -6.7581e-02 +1.4704e-02 -2.0330e-01 +5.3811e-02 +1.0610e-01 +1.3595e-01 +1.1815e-02 +6.3800e-02
703 0 +1.711904850e+02 -2.908995150e+02 -2.908995150e+02 +2.7336e-01 -5.2052e-02 -1.5589e-01 +1.1896e-02 -4.9228e-02 +4.4367e-02 +1.4618e-01 +8.8641e-02 +2.3218e-02 +5.1616e-02
806 0 +1.680074937e+02 -2.940825063e+02 -2.940825063e+02 +3.2460e-01 -3.5689e-01 +2.0455e-01 +9.2860e-03 -2.8126e-02 +9.7458e-02 +1.3815e-01 +7.7585e-02 +1.0908e-01 +1.6373e-02
1397 0 +1.622461546e+02 -2.998438454e+02 -2.998438454e+02 +1.3592e-01 -3.7975e-01 -1.6113e-01 +6.3646e-02 -9.6924e-02 +4.8597e-02 +1.6397e-01 +3.6365e-02 +2.8099e-02 +2.4617e-02
1517 0 +1.598553250e+02 -3.022346750e+02 -3.022346750e+02 +1.0690e-01 -4.1497e-01 +6.6642e-03 -6.3412e-03 -1.6709e-01 +2.8329e-02 +1.4766e-01 +3.1620e-02 +1.0426e-01 -2.7882e-01
2802 0 +1.579961198e+02 -3.040938802e+02 -3.040938802e+02 +2.5838e-01 -3.4714e-01 -9.8548e-02 +1.0218e-01 -7.1483e-02 +6.8430e-02 +1.6308e-01 +1.1574e-01 +8.1765e-02 +1.0581e-02
4102 0 +1.456209549e+02 -3.164690451e+02 -3.164690451e+02 +4.7180e-01 -3.2316e-01 -9.2621e-02 +6.3357e-02 -9.2815e-02 +1.5508e-01 +2.5700e-01 +5.2296e-01 +1.3949e-01 +5.9329e-02
% f evaluations | g evaluations | best noise-free fitness - Fopt (7.766000000000e+01) + sum g_i+ | measured fitness | best measured fitness or single-digit g-values | x1 | x2...
1 0 +9.261897404e+03 +9.339557404e+03 +9.339557404e+03 -4.1554e-01 -8.3270e-01 -2.3668e+00 -2.2496e+00 -6.3475e-01 +2.6064e+00 +4.9555e+00 +4.8331e+00 -1.9383e+00 -4.5954e+00
2 0 +2.877460383e+03 +2.955120383e+03 +2.955120383e+03 +4.0301e+00 +3.8544e+00 +3.8266e+00 -2.7913e+00 +4.3713e+00 -3.1588e+00 -4.6876e+00 +4.3025e+00 -2.5539e+00 -4.8305e+00
3 0 +3.858773715e+02 +4.635373715e+02 +4.635373715e+02 -5.0847e-01 +3.2770e+00 -4.6912e+00 +9.6372e-02 -2.2649e+00 -3.1281e+00 -1.2487e+00 -2.2478e+00 -2.2978e+00 -3.6003e+00
127 0 +3.147597016e+02 +3.924197016e+02 +3.924197016e+02 -8.1471e-01 +2.4689e-01 -1.0792e+00 +1.6969e-01 +7.7306e-02 +2.1649e-02 -8.4088e-01 +3.7571e-01 -9.4348e-01 -2.2528e-02
132 0 +3.001860569e+02 +3.778460569e+02 +3.778460569e+02 -7.5406e-01 +2.2851e-01 -9.9884e-01 +2.2734e-02 -5.4138e-02 +2.0037e-02 -9.3108e-01 +4.4356e-01 -8.7325e-01 +3.8179e-02
134 0 +2.935891931e+02 +3.712491931e+02 +3.712491931e+02 -2.8737e-01 -3.8470e-02 -3.8777e-01 -6.5177e-02 +2.7797e-01 +7.1912e-02 -3.3183e-01 +1.0569e-01 -3.2459e-01 +1.4822e-02
137 0 +2.563811463e+02 +3.340411463e+02 +3.340411463e+02 -9.9208e-02 +3.0064e-02 -1.3141e-01 +2.5202e-04 -3.4813e-02 -8.3311e-02 -2.2519e-01 +4.5751e-02 -1.1927e-01 -5.3259e-02
233 0 +2.504586502e+02 +3.281186502e+02 +3.281186502e+02 -1.3003e-01 -4.4374e-02 -2.2632e-01 -1.1254e-01 +9.5676e-03 +3.5172e-02 -1.0141e-02 +6.8048e-02 -1.1021e-01 -7.4385e-02
334 0 +2.378198354e+02 +3.154798354e+02 +3.154798354e+02 -8.4065e-02 +1.5871e-03 -7.5777e-02 -8.5429e-03 -1.6431e-02 +2.7679e-02 +1.1967e-01 +1.1818e-01 -1.3103e-01 -5.8453e-03
443 0 +2.288575449e+02 +3.065175449e+02 +3.065175449e+02 -4.4149e-02 -8.1551e-03 -1.1451e-01 -3.4427e-02 +3.5895e-03 +7.3481e-03 +1.2088e-01 +3.4142e-02 -1.5506e-01 -3.5602e-02
517 0 +2.205678748e+02 +2.982278748e+02 +2.982278748e+02 +2.1836e-01 -1.4030e-02 -2.3427e-01 +8.7692e-04 -4.6765e-02 -1.2437e-03 +1.7202e-01 +1.3828e-01 +1.0187e-01 -2.1124e-01
629 0 +2.186286674e+02 +2.962886674e+02 +2.962886674e+02 +2.0418e-01 -2.5550e-02 -1.5581e-01 -3.0840e-02 -2.1634e-02 +1.7478e-02 +7.4098e-02 +1.1246e-01 +5.0879e-03 -2.5843e-01
706 0 +2.122695076e+02 +2.899295076e+02 +2.899295076e+02 +3.4283e-01 +1.7140e-03 -1.6091e-01 -4.8253e-02 +1.1210e-02 +6.2908e-02 +6.9483e-02 +9.6392e-02 +1.1118e-01 -2.2880e-01
801 0 +2.025910709e+02 +2.802510709e+02 +2.802510709e+02 +4.0896e-01 +2.9302e-02 -1.8039e-01 -5.4085e-02 +1.2721e-02 +8.2183e-02 +6.8083e-02 +1.0641e-01 +1.3427e-01 -2.5205e-01
901 0 +1.980521432e+02 +2.757121432e+02 +2.757121432e+02 +3.7159e-01 +3.5951e-02 -2.1254e-01 -6.1858e-02 +2.8547e-02 -1.7721e-01 +7.7131e-02 +1.0378e-01 +1.6926e-01 -2.7157e-01
1101 0 +1.889026824e+02 +2.665626824e+02 +2.665626824e+02 -4.9629e-01 +6.3192e-01 -1.1353e+00 -2.8171e-01 +1.3815e-01 +1.4809e+00 -6.7865e-01 +7.9757e-01 -1.5841e-01 -2.5332e+00
1903 0 +1.771624987e+02 +2.548224987e+02 +2.548224987e+02 +3.0833e-01 -6.9955e-02 -2.6860e-01 -8.1449e-02 +1.2184e-01 +1.1020e-02 +5.1516e-02 +2.6133e-01 +1.4489e-01 -9.6392e-01
2404 0 +1.689653289e+02 +2.466253289e+02 +2.466253289e+02 -4.6682e-01 +1.6403e-01 -6.2914e-01 -2.4447e-01 -4.8912e-02 +3.5702e-01 +1.5554e-01 +1.0873e+00 -1.2478e-01 -3.0679e+00
2424 0 +1.656480484e+02 +2.433080484e+02 +2.433080484e+02 -1.9851e-01 +1.0563e-01 -5.5311e-01 -3.1558e-02 +3.9964e-02 +1.0274e-02 +3.3922e-03 +5.4950e-01 -9.4281e-02 -1.8786e+00
2608 0 +1.510724072e+02 +2.287324072e+02 +2.287324072e+02 -7.5363e-01 +2.2247e-01 -9.5732e-01 +1.5311e-04 -6.1914e-02 +1.9658e-01 -1.5335e-02 +8.1466e-01 +1.5676e-01 -2.6613e+00
2701 0 +1.303386131e+02 +2.079986131e+02 +2.079986131e+02 -9.5726e-01 +1.6804e-01 -1.1498e+00 +1.8869e-02 -2.2602e-02 +1.2709e-01 -3.4515e-02 +9.6446e-01 +1.2052e-01 -3.2712e+00
3102 0 +1.281414241e+02 +2.058014241e+02 +2.058014241e+02 -7.7784e-01 -1.5558e-01 -1.1828e+00 -3.4834e-02 -1.0105e-01 +4.3026e-01 +1.0933e-01 +6.0666e-01 +1.5629e-01 -2.6264e+00
4172 0 +1.257444135e+02 +2.034044135e+02 +2.034044135e+02 -5.7553e-01 +3.6465e-02 -8.2537e-01 -8.1198e-02 -3.7796e-02 -2.8689e-02 +1.0910e-01 +5.7891e-01 +7.3655e-02 -1.9114e+00
5801 0 +1.211713906e+02 +1.988313906e+02 +1.988313906e+02 -4.4600e-01 -2.2621e+00 -3.0943e-01 -1.2643e-02 +3.1653e-01 -9.5410e-01 +6.8064e-01 +5.7919e-01 -6.2401e-01 -3.8565e+00
5807 0 +1.171001789e+02 +1.947601789e+02 +1.947601789e+02 -5.6996e-01 -9.0739e-01 -8.1213e-01 -1.5071e-01 +6.7633e-01 -7.9123e-01 +1.3298e-01 +4.6194e-01 -1.8932e-01 -2.9391e+00
5817 0 +1.042077214e+02 +1.818677214e+02 +1.818677214e+02 -7.2961e-01 -6.4444e-01 -1.3063e-01 -1.2953e-01 +4.5910e-01 -4.7122e-01 +5.8956e-01 +5.1858e-01 -1.2598e-01 -2.7131e+00
6002 0 +9.180515932e+01 +1.694651593e+02 +1.694651593e+02 -7.0239e-01 -8.9451e-01 +1.9980e-01 +1.3058e+00 +1.2873e+00 -5.7483e-01 +7.1630e-01 +4.4788e-01 -7.7808e-02 -3.5845e+00
6412 0 +8.153483620e+01 +1.591948362e+02 +1.591948362e+02 -9.6044e-01 -7.1996e-01 -3.2198e-01 +1.2854e+00 +7.8744e-01 -5.4479e-01 +5.6558e-01 +5.3766e-02 -2.3414e-01 -3.2092e+00
8904 0 +8.016440654e+01 +1.578244065e+02 +1.578244065e+02 -7.3069e-01 -7.8094e-01 -1.7312e-01 +5.5366e-01 +7.1568e-01 -9.6779e-01 +2.0339e-01 +5.2192e-01 -2.2557e-01 -2.9484e+00
% f evaluations | g evaluations | best noise-free fitness - Fopt (1.156800000000e+02) + sum g_i+ | measured fitness | best measured fitness or single-digit g-values | x1 | x2...
1 0 +6.798323159e+02 +7.955123159e+02 +7.955123159e+02 +9.5427e-01 +2.7883e+00 -4.7968e+00 -5.4399e-01 +1.2051e-01 +3.8652e+00 +4.7417e-01 -1.5283e+00 +4.0918e-01 -2.0642e+00
5 0 +4.271639876e+02 +5.428439876e+02 +5.428439876e+02 -1.8828e+00 +1.5820e+00 -3.1872e+00 +4.2058e+00 -2.8731e+00 +8.1304e-01 +5.9850e-01 +2.1726e+00 +6.4936e-01 -2.4584e+00
11 0 +3.888250325e+02 +5.045050325e+02 +5.045050325e+02 -3.0791e+00 -2.9414e+00 -4.6583e-01 -3.1292e+00 +1.7502e+00 +2.4008e+00 +2.9034e+00 +1.3314e+00 +3.5993e+00 +1.2721e-01
24 0 +3.625299822e+02 +4.782099822e+02 +4.782099822e+02 +2.7468e+00 +1.5434e+00 -1.7430e+00 -1.2376e+00 +1.6402e+00 -4.8292e+00 +1.4421e+00 -1.1662e+00 +1.7323e+00 -7.9347e-01
81 0 +3.177562263e+02 +4.334362263e+02 +4.334362263e+02 -3.8558e+00 -3.9688e+00 -2.0243e+00 -1.7617e+00 +2.4841e+00 -2.1984e+00 +1.4748e+00 +2.4296e+00 +1.3953e+00 +8.2143e-01
408 0 +3.151431194e+02 +4.308231194e+02 +4.308231194e+02 -1.5380e+00 -8.7702e-01 -2.8709e+00 -1.8287e+00 -4.9347e-01 -8.2293e-01 +3.7033e-01 +1.5964e+00 +1.2206e+00 -1.6830e+00
705 0 +2.908322016e+02 +4.065122016e+02 +4.065122016e+02 -1.6631e+00 -1.0865e+00 -2.7603e+00 -1.8447e+00 +2.2838e-02 -8.2108e-01 +3.0398e-01 +1.4154e+00 +1.3742e+00 -1.8326e+00
906 0 +2.866174300e+02 +4.022974300e+02 +4.022974300e+02 -1.0840e+00 -9.7421e-01 -2.1447e+00 -1.2964e+00 -1.5571e-01 -6.9478e-01 +2.5561e-01 +8.9088e-01 +1.2992e+00 -1.3728e+00
1003 0 +2.790941200e+02 +3.947741200e+02 +3.947741200e+02 -8.4768e-01 -8.9526e-01 -2.8335e+00 -2.2053e+00 +1.0819e+00 -7.3635e-01 -1.9235e-01 +1.0212e+00 +2.7193e+00 -2.2662e+00
1336 0 +2.719227012e+02 +3.876027012e+02 +3.876027012e+02 -9.2152e-01 -8.3771e-01 -2.2095e+00 -1.7785e+00 +6.2092e-01 -5.5530e-01 +1.1137e-01 +9.0194e-01 +1.8514e+00 -1.6700e+00
1402 0 +2.681488072e+02 +3.838288072e+02 +3.838288072e+02 -1.0584e+00 -6.3143e-01 -2.3226e+00 -1.8305e+00 +5.1408e-01 -6.0792e-01 +4.6745e-01 +8.9306e-01 +2.2195e+00 -1.9708e+00
1440 0 +2.629869114e+02 +3.786669114e+02 +3.786669114e+02 -8.9810e-01 -8.1574e-01 -2.2237e+00 -1.8147e+00 +4.7445e-01 -5.4309e-01 -1.1787e-01 +8.8602e-01 +1.7145e+00 -1.6487e+00
1709 0 +2.307195491e+02 +3.463995491e+02 +3.463995491e+02 -6.9268e-01 -1.0399e+00 -2.8636e+00 -1.7624e+00 +1.7741e+00 -5.9743e-01 +1.1549e-01 +1.2320e+00 +3.2269e+00 -2.2074e+00
2404 0 +2.142993221e+02 +3.299793221e+02 +3.299793221e+02 -9.7581e-01 -9.9387e-01 -3.0225e+00 -1.8795e+00 +1.2289e+00 -5.7364e-01 +2.7361e-01 +1.4259e+00 +3.1489e+00 -2.2110e+00
2902 0 +2.049295016e+02 +3.206095016e+02 +3.206095016e+02 -9.9840e-01 -1.1751e+00 -2.9194e+00 -1.7172e+00 +1.5209e+00 -6.0119e-01 +6.2908e-01 +1.8878e+00 +3.1735e+00 -2.2433e+00
4114 0 +2.012824020e+02 +3.169624020e+02 +3.169624020e+02 -9.1229e-01 -7.4534e-01 -2.0507e+00 -9.1609e-01 +1.0501e+00 -7.3023e-01 +6.3956e-01 +1.2131e+00 +1.7962e+00 -1.9221e+00
4119 0 +1.938226916e+02 +3.095026916e+02 +3.095026916e+02 -7.4018e-01 -8.8561e-01 -1.6107e+00 -1.0280e+00 +1.1450e+00 -7.2774e-01 +6.2591e-01 +1.4625e+00 +2.2258e+00 -1.9380e+00
4808 0 +1.683696290e+02 +2.840496290e+02 +2.840496290e+02 +3.7838e-01 -9.4435e-01 -2.3626e+00 -1.0010e+00 +1.1495e+00 -1.4641e+00 +1.1848e+00 +1.4430e+00 +2.6618e+00 -2.1012e+00
4901 0 +1.653995594e+02 +2.810795594e+02 +2.810795594e+02 +3.9239e-01 -1.0233e+00 -2.3888e+00 -1.1447e+00 +1.1157e+00 -1.6181e+00 +1.2840e+00 +1.5511e+00 +2.9295e+00 -2.2256e+00
6710 0 +1.560466289e+02 +2.717266289e+02 +2.717266289e+02 +4.9385e-02 -1.2359e+00 -2.2066e+00 -8.7171e-01 +1.2372e+00 -1.5288e+00 +1.2082e+00 +1.2272e+00 +2.5562e+00 -1.9784e+00
7012 0 +1.487997015e+02 +2.644797015e+02 +2.644797015e+02 +1.0387e-01 -1.0228e+00 -2.0837e+00 -8.5833e-01 +1.9300e+00 -1.2081e+00 +1.2150e+00 +1.1798e+00 +2.3182e+00 -1.9183e+00
9109 0 +1.409968103e+02 +2.566768103e+02 +2.566768103e+02 +1.1743e-02 -3.4118e-01 -1.2568e+00 -4.2419e-01 +1.2869e+00 -1.6528e+00 +1.7982e+00 +8.4491e-01 +2.6200e+00 -1.9801e+00
% f evaluations | g evaluations | best noise-free fitness - Fopt (-3.710000000000e+00) + sum g_i+ | measured fitness | best measured fitness or single-digit g-values | x1 | x2...
1 0 +5.847805945e+03 +5.844095945e+03 +5.844095945e+03 +2.5727e+00 -3.0448e+00 +4.8601e+00 +4.8566e+00 -4.0975e-02 -1.1953e+00 +3.0638e+00 +2.3504e+00 -6.4336e-01 -2.1911e+00
2 0 +3.797477551e+02 +3.760377551e+02 +3.760377551e+02 -3.9895e+00 -4.8622e+00 -3.0529e+00 -3.2389e+00 -3.0003e-01 +4.2045e-01 -1.1754e+00 -9.0952e-01 +1.8404e+00 +2.2295e+00
7 0 +3.629717141e+02 +3.592617141e+02 +3.592617141e+02 +2.1752e+00 -2.5647e+00 +1.1616e+00 +4.9786e+00 +2.7317e+00 +1.8976e+00 -4.9295e+00 +4.5275e-01 -9.5687e-01 +1.2171e+00
129 0 +3.392284049e+02 +3.355184049e+02 +3.355184049e+02 -9.0823e-02 -4.0003e-01 +2.3480e-02 +4.1610e-02 -4.2354e-02 +1.7426e-01 -6.7074e-01 -3.5987e-02 -4.5982e-01 +1.7102e-01
130 0 +3.125694775e+02 +3.088594775e+02 +3.088594775e+02 -3.4362e-02 -6.3662e-01 -2.4953e-01 +2.5373e-01 -5.9761e-02 +3.4337e-01 -8.0025e-01 -5.0777e-02 -6.5624e-01 +2.4131e-01
131 0 +3.065498267e+02 +3.028398267e+02 +3.028398267e+02 +1.4069e-01 -2.1051e-01 -1.2162e-01 +1.0625e-01 -2.1900e-02 +1.0662e-01 -2.1312e-01 -4.4379e-02 -2.4048e-01 +8.8430e-02
137 0 +2.708662282e+02 +2.671562282e+02 +2.671562282e+02 +1.6794e-02 +1.6237e-01 -1.5487e-03 +3.9134e-04 +2.0247e-01 -1.4743e-01 -3.6250e-03 -2.4123e-04 +8.1233e-02 +1.1464e-03
202 0 +2.661128889e+02 +2.624028889e+02 +2.624028889e+02 +8.7734e-02 +1.2835e-01 +6.8753e-02 -5.7226e-02 +9.6393e-02 -5.8658e-02 -5.0152e-02 +1.5205e-01 +1.2430e-01 +1.6651e-02
211 0 +2.519804555e+02 +2.482704555e+02 +2.482704555e+02 +5.2843e-02 +1.8620e-01 -1.3510e-01 +2.0103e-01 -1.0864e-04 +5.8766e-02 -2.5697e-01 -1.6802e-03 +9.3700e-02 -3.5559e-02
407 0 +2.501828844e+02 +2.464728844e+02 +2.464728844e+02 -1.4093e-02 -3.5071e-01 -2.9640e-01 -2.5560e-01 +1.5794e-01 +3.8527e-01 -1.4286e-01 -2.3524e-01 -3.1154e-01 -9.9228e-02
416 0 +2.222181288e+02 +2.185081288e+02 +2.185081288e+02 +1.1090e-01 +1.3800e-01 +3.1296e-01 -8.7380e-02 +8.5751e-03 -3.7812e-02 -1.6053e-01 -1.9480e-01 +7.7870e-02 +1.8741e-02
613 0 +2.155615696e+02 +2.118515696e+02 +2.118515696e+02 +1.1139e-01 +1.3963e-01 +2.9231e-01 -8.8771e-02 +8.9041e-03 -5.1402e-02 -2.6126e-01 -2.0130e-01 +7.6571e-02 +5.6540e-02
1101 0 +2.130329357e+02 +2.093229357e+02 +2.093229357e+02 -1.0296e-01 -5.6650e-01 +2.6550e-01 -9.5768e-01 +5.2324e-02 -3.7144e-02 -3.1279e-01 -2.8002e-01 +7.3848e-01 -2.8560e-02
1903 0 +2.086581622e+02 +2.049481622e+02 +2.049481622e+02 -6.3937e-02 +3.0690e-02 +4.2649e-01 +2.9789e-01 +2.8306e-02 -2.1573e-02 +1.1939e-01 -2.3749e-01 +1.8675e-01 -3.9377e-04
4117 0 +2.037437271e+02 +2.000337271e+02 +2.000337271e+02 +1.6645e-01 +9.6320e-02 +3.7056e-01 +4.2776e-01 +4.1511e-03 +5.1208e-01 -3.3790e-01 +1.9571e-02 +6.4315e-02 +6.3477e-02
4209 0 +1.965260794e+02 +1.928160794e+02 +1.928160794e+02 +3.3836e-02 +1.2531e-01 +2.1546e-01 +3.3161e-01 +8.2742e-02 +5.2876e-01 -3.6172e-01 -4.5937e-01 +7.0190e-01 -1.0349e-03
4306 0 +1.915503999e+02 +1.878403999e+02 +1.878403999e+02 +2.8957e-01 +8.2363e-02 +3.8130e-01 +1.4997e+00 +5.1824e-01 -1.8585e-01 -3.4618e-01 -2.8478e-01 +1.5772e+00 +9.3791e-01
4492 0 +1.899031727e+02 +1.861931727e+02 +1.861931727e+02 +9.7661e-02 +3.5514e-02 +3.0462e-01 +4.9354e-01 +1.0971e-01 +3.8336e-02 -2.2623e-01 -1.6730e-01 +5.9613e-01 -1.6349e-02
4804 0 +1.861023543e+02 +1.823923543e+02 +1.823923543e+02 -1.6693e-01 +5.7423e-01 +4.8928e-01 +1.1341e+00 +1.1042e-01 +9.5207e-01 -1.0329e+00 -1.0520e+00 +1.4655e+00 -2.0974e-01
5115 0 +1.819643053e+02 +1.782543053e+02 +1.782543053e+02 -6.2098e-03 +3.1176e-01 +3.8708e-01 +6.7094e-01 +1.3086e-01 +4.8083e-01 -7.9638e-01 -5.1975e-01 +1.0133e+00 -6.0407e-02
5403 0 +1.752493609e+02 +1.715393609e+02 +1.715393609e+02 -1.7923e-01 +8.0768e-02 +3.5690e-01 +4.3229e-01 +6.5459e-02 +4.8577e-01 -3.1973e-01 -2.8252e-01 +6.6408e-01 +1.0030e-02
5502 0 +1.518003827e+02 +1.480903827e+02 +1.480903827e+02 +7.9646e-01 +5.1647e-01 +5.9633e-01 +8.0927e-01 +6.6136e-01 +2.6124e+00 -9.3950e-01 -2.3573e+00 +1.6122e+00 +6.4746e-01
5802 0 +1.460082920e+02 +1.422982920e+02 +1.422982920e+02 +1.0634e+00 +6.6728e-01 +7.3738e-01 +9.9488e-01 +7.7458e-01 +3.5208e+00 -1.1952e+00 -3.1176e+00 +2.0486e+00 +7.4538e-01
6111 0 +1.439492024e+02 +1.402392024e+02 +1.402392024e+02 +7.9698e-01 +1.2184e+00 +1.4376e+00 +1.8827e+00 +1.1188e+00 +3.1165e+00 -8.8933e-01 -2.8888e+00 +1.2995e+00 +1.4287e+00
6212 0 +1.404472646e+02 +1.367372646e+02 +1.367372646e+02 +7.9478e-01 +4.6081e-01 +4.6173e-01 +1.0752e+00 +1.2760e+00 +2.4819e+00 -9.6419e-01 -1.9629e+00 +1.6099e+00 +9.3043e-01
6403 0 +1.336732884e+02 +1.299632884e+02 +1.299632884e+02 +9.2267e-01 +3.8217e-01 +6.3593e-01 +1.2738e+00 +1.4760e+00 +2.9812e+00 -1.1389e+00 -2.2754e+00 +1.8936e+00 +1.0964e+00
6619 0 +1.152917205e+02 +1.115817205e+02 +1.115817205e+02 +7.7832e-01 +4.4364e-01 +3.5141e-01 +1.0567e+00 +9.7602e-01 +2.2326e+00 -7.8263e-01 -1.6055e+00 +1.5491e+00 +7.5395e-01
7301 0 +1.102292771e+02 +1.065192771e+02 +1.065192771e+02 +1.4383e+00 +2.4244e-01 +3.8639e-01 +1.1892e+00 +2.0411e+00 +4.0038e+00 -1.0736e+00 -1.8718e+00 +1.7026e+00 +1.0084e+00
7436 0 +1.080713694e+02 +1.043613694e+02 +1.043613694e+02 +9.5830e-01 +2.9764e-01 +2.7357e-01 +9.9388e-01 +1.2832e+00 +2.6945e+00 -6.3253e-01 -1.5418e+00 +1.5572e+00 +7.3297e-01
7496 0 +9.683550073e+01 +9.312550073e+01 +9.312550073e+01 +1.0442e+00 +3.1473e-01 +2.6013e-01 +1.0100e+00 +1.2015e+00 +2.6170e+00 -7.1396e-01 -1.6362e+00 +1.5289e+00 +6.9698e-01
7502 0 +9.187089472e+01 +8.816089472e+01 +8.816089472e+01 +9.8957e-01 +3.0612e-01 +2.8138e-01 +1.0275e+00 +1.3330e+00 +2.7448e+00 -8.0780e-01 -1.6041e+00 +1.6278e+00 +6.8671e-01
8801 0 +9.026087479e+01 +8.655087479e+01 +8.655087479e+01 +1.2594e+00 +4.5791e-01 +9.5925e-01 +1.0921e+00 +2.4726e+00 +3.6972e+00 -9.3820e-01 -2.0385e+00 +2.0138e+00 +5.3672e-01
9006 0 +7.999962372e+01 +7.628962372e+01 +7.628962372e+01 +1.1006e+00 +2.6291e-01 +5.2421e-01 +1.1934e+00 +1.5025e+00 +3.0418e+00 -7.6822e-01 -2.0509e+00 +1.6534e+00 +6.8592e-01
% f evaluations | g evaluations | best noise-free fitness - Fopt (1.321800000000e+02) + sum g_i+ | measured fitness | best measured fitness or single-digit g-values | x1 | x2...
1 0 +5.556981882e+02 +6.878781882e+02 +6.878781882e+02 +1.6245e+00 +2.1281e-01 +2.3025e+00 -3.1109e+00 +2.9789e+00 -3.3332e+00 +1.2214e+00 -1.8059e-01 -3.9848e+00 -3.6932e+00
3 0 +4.624476007e+02 +5.946276007e+02 +5.946276007e+02 -4.0670e+00 +5.3536e-01 -2.6690e+00 -1.6604e+00 +1.4495e+00 +6.1521e-01 -1.7060e+00 +4.4816e+00 +4.9132e-01 +2.3266e+00
9 0 +3.151547713e+02 +4.473347713e+02 +4.473347713e+02 +4.4839e-01 -2.6086e+00 +3.7917e+00 +1.2409e+00 +2.4991e+00 -4.8048e+00 +2.5995e+00 -1.4532e+00 -8.4948e-01 -7.5728e-01
126 0 +1.756968223e+02 +3.078768223e+02 +3.078768223e+02 -7.5638e-02 -1.3666e-02 +5.5472e-02 +5.0542e-02 -3.3145e-03 -2.2532e-01 +1.0277e-02 -1.8339e-03 -5.3445e-02 +4.7018e-02
138 0 +1.677795622e+02 +2.999595622e+02 +2.999595622e+02 -1.7309e-01 -2.9075e-01 +1.8112e-01 -3.0915e-02 +5.5257e-02 -7.8349e-02 +1.0650e-01 -5.9877e-03 -3.2286e-01 +1.5351e-01
141 0 +1.598019220e+02 +2.919819220e+02 +2.919819220e+02 -1.3992e-01 -2.2898e-01 +1.2228e-01 +9.3496e-02 -6.1313e-03 -1.1404e-01 +1.9011e-02 +7.8233e-03 -1.4550e-02 +8.6976e-02
144 0 +1.581269628e+02 +2.903069628e+02 +2.903069628e+02 -1.1656e-01 -1.7678e-01 +9.1226e-02 +1.2811e-01 -8.4010e-03 -1.2253e-01 +1.0315e-01 +1.2010e-02 -1.3546e-01 +1.1917e-01
182 0 +1.408334601e+02 +2.730134601e+02 +2.730134601e+02 -1.6983e-01 -1.4582e-01 +1.8209e-01 +1.9509e-01 -7.4421e-03 -5.3880e-02 +2.3075e-02 -4.1177e-03 -1.2000e-01 +1.0557e-01
230 0 +1.374515628e+02 +2.696315628e+02 +2.696315628e+02 -1.2824e-01 -1.3630e-01 +2.2586e-01 +8.6705e-02 -1.4461e-02 +4.3377e-02 +2.4239e-02 -1.6179e-02 -1.2174e-01 +1.2444e-01
239 0 +1.319317457e+02 +2.641117457e+02 +2.641117457e+02 -1.0562e-01 -1.1831e-01 +1.9705e-01 +3.1606e-02 -1.2552e-02 -3.4507e-02 +2.1039e-02 +7.9764e-02 -6.4293e-02 +4.5339e-02
327 0 +1.304173877e+02 +2.625973877e+02 +2.625973877e+02 -1.1344e-01 -1.0800e-01 +1.2204e-01 +5.8439e-02 -6.3081e-03 -2.2919e-02 +1.6252e-02 +3.6107e-02 -1.4516e-01 +1.3390e-01
365 0 +1.283760163e+02 +2.605560163e+02 +2.605560163e+02 -1.0673e-01 -1.0161e-01 +1.2181e-01 +1.2282e-02 -5.9347e-03 -4.8283e-02 -1.2624e-01 +3.3970e-02 -8.1943e-02 +9.7274e-02
602 0 +1.223627791e+02 +2.545427791e+02 +2.545427791e+02 -1.1560e-01 -9.8332e-02 +1.8197e-01 +4.1323e-02 -7.2021e-02 -3.4340e-02 +5.8294e-03 +7.5556e-02 -1.4352e-01 +1.1473e-01
851 0 +1.137162762e+02 +2.458962762e+02 +2.458962762e+02 -3.6282e-02 -1.2840e-01 +2.7259e-01 +2.9142e-02 -4.2241e-02 -4.3088e-02 -1.1645e-02 +7.1437e-02 +1.9148e-01 +7.4354e-02
1080 0 +1.106874669e+02 +2.428674669e+02 +2.428674669e+02 -6.3233e-02 -9.1064e-02 +1.7879e-01 +5.1965e-02 -5.0224e-02 -3.1306e-02 -9.4970e-02 +8.9844e-02 +1.3435e-01 +1.1271e-01
7807 0 +1.059821822e+02 +2.381621822e+02 +2.381621822e+02 -1.9230e-01 -8.2046e-02 +3.5986e-01 +4.4593e-02 +5.2767e-02 -4.1207e-02 -6.2898e-04 +5.6534e-02 +1.3236e-01 +1.2087e-01
% f evaluations | g evaluations | best noise-free fitness - Fopt (1.104800000000e+02) + sum g_i+ | measured fitness | best measured fitness or single-digit g-values | x1 | x2...
1 0 +7.997368756e+03 +8.107848756e+03 +8.107848756e+03 -1.5827e+00 +2.5875e-01 +3.9559e+00 -4.9812e+00 +9.6707e-01 -6.6000e-01 +4.3449e+00 +5.1463e-02 +2.6936e+00 -1.3125e+00
3 0 +5.957610841e+03 +6.068090841e+03 +6.068090841e+03 +1.8393e+00 -3.9307e+00 +2.1218e+00 -2.7063e+00 +4.1458e-01 -2.8830e+00 +3.9246e+00 -7.1796e-01 +2.3973e+00 -3.2381e+00
4 0 +6.391055589e+02 +7.495855589e+02 +7.495855589e+02 +6.7615e-01 +4.3405e+00 +8.7589e-01 -4.4385e+00 +2.9007e+00 +4.7017e+00 -2.9347e+00 +1.9934e+00 -1.7145e+00 -2.4044e+00
12 0 +5.942901787e+02 +7.047701787e+02 +7.047701787e+02 -3.5184e+00 +1.1125e+00 -2.6095e+00 -4.6632e+00 +1.8905e+00 +1.3977e+00 -2.9985e+00 +3.9949e+00 -3.9225e-01 -5.8571e-01
15 0 +5.333735082e+02 +6.438535082e+02 +6.438535082e+02 -1.8282e+00 +1.5736e+00 -1.9608e+00 -4.9877e+00 +2.5788e+00 +4.1636e+00 +1.8514e-01 -1.6955e-01 +4.1877e+00 +1.6857e+00
20 0 +4.916209156e+02 +6.021009156e+02 +6.021009156e+02 +2.2789e+00 +2.3925e+00 -2.1790e+00 +1.2966e+00 +1.7609e+00 +2.4971e+00 -4.6361e+00 -2.2526e+00 +1.3689e+00 -8.1928e-01
41 0 +4.110715118e+02 +5.215515118e+02 +5.215515118e+02 -2.6575e+00 +1.6090e+00 +2.3461e+00 +3.3030e+00 -1.4339e+00 -1.8888e-01 -3.0994e+00 +8.0612e-01 -2.6013e-01 -2.9978e+00
126 0 +3.328027812e+02 +4.432827812e+02 +4.432827812e+02 -7.0042e-01 +6.3071e-01 -4.2690e-01 -6.7699e-02 +1.0948e-01 +4.1396e-01 -8.0711e-01 -1.9502e-01 +1.8670e-01 +1.0709e-01
129 0 +3.284518492e+02 +4.389318492e+02 +4.389318492e+02 -8.2848e-01 +6.7812e-01 -3.0387e-01 -2.5366e-01 -6.9549e-02 +4.1097e-01 -6.0873e-01 -2.1166e-01 +7.0055e-02 +1.1514e-01
130 0 +3.066141653e+02 +4.170941653e+02 +4.170941653e+02 -4.7735e-01 +3.9071e-01 -2.3977e-01 -3.5475e-01 -2.7741e-03 +2.5656e-01 -4.7190e-01 +8.8425e-02 +7.2170e-02 -8.0543e-02
137 0 +2.843311598e+02 +3.948111598e+02 +3.948111598e+02 -1.4308e-01 +1.1711e-01 -7.1869e-02 -2.6535e-02 -8.3150e-04 +2.9635e-02 -2.8458e-01 -6.3849e-02 +2.1632e-02 +1.4747e-02
149 0 +2.765008980e+02 +3.869808980e+02 +3.869808980e+02 -2.7779e-01 +2.2738e-01 -8.2567e-02 -8.5056e-02 -1.6144e-03 +2.8933e-01 -2.0799e-01 -2.7717e-02 +9.2719e-02 +3.8608e-02
154 0 +2.660156023e+02 +3.764956023e+02 +3.764956023e+02 -1.3048e-01 +1.8088e-01 -9.7299e-02 -3.9950e-02 +3.5260e-02 +9.1931e-02 -1.1412e-01 +5.9582e-04 +1.9727e-02 +1.8134e-02
157 0 +2.564934179e+02 +3.669734179e+02 +3.669734179e+02 -1.8198e-01 +1.4896e-01 -9.1411e-02 -4.5903e-02 -1.0576e-03 -1.3168e-01 -1.5182e-01 +7.0063e-02 +8.3779e-02 +2.5292e-02
349 0 +2.491041881e+02 +3.595841881e+02 +3.595841881e+02 -1.4794e-01 +1.4193e-01 -1.2644e-01 +4.3129e-02 +7.0708e-02 -1.5561e-01 -4.7222e-02 +7.4444e-02 +6.2591e-02 +1.8251e-02
503 0 +2.414778955e+02 +3.519578955e+02 +3.519578955e+02 -2.3274e-01 +1.0546e-01 +5.0614e-02 +2.3272e-03 +8.8760e-02 -2.5543e-01 -1.6314e-01 +1.6282e-01 +8.9914e-02 +5.5402e-02
551 0 +2.382982035e+02 +3.487782035e+02 +3.487782035e+02 -1.4791e-01 +7.5436e-02 -7.2792e-02 -1.3734e-02 +1.2667e-01 -2.2990e-01 -7.5657e-02 +7.4487e-02 +1.6373e-01 -6.5375e-03
915 0 +2.269890038e+02 +3.374690038e+02 +3.374690038e+02 -1.9731e-01 -2.4777e-02 +1.5873e-02 +1.6091e-02 +8.8558e-02 -2.3504e-01 -4.8412e-02 +4.9475e-02 +3.2315e-01 -3.7903e-02
1791 0 +2.227059743e+02 +3.331859743e+02 +3.331859743e+02 -2.7970e-01 -2.8511e-02 +7.7567e-02 +5.4398e-02 +1.1334e-01 -2.5972e-01 -1.6716e-01 +8.3329e-02 +5.5895e-01 +6.1906e-03
1808 0 +2.150097827e+02 +3.254897827e+02 +3.254897827e+02 -9.5910e-02 +2.5198e-02 -5.0003e-02 +6.5752e-01 +2.2389e-03 -7.5609e-01 -2.3578e-01 +1.5648e-01 +8.5895e-01 -6.2310e-02
1901 0 +2.132167837e+02 +3.236967837e+02 +3.236967837e+02 -8.5421e-02 -4.3961e-02 -7.1352e-02 +8.6675e-01 +2.1560e-02 -9.7776e-01 -2.5679e-01 +1.0680e-01 +1.1369e+00 -9.3345e-02
1913 0 +1.934759933e+02 +3.039559933e+02 +3.039559933e+02 -3.4807e-01 +9.9568e-02 +1.0414e-02 +5.1296e-02 +1.7192e-01 -2.7426e-01 -2.1290e-01 +8.8601e-02 +7.3039e-01 +3.7268e-03
2402 0 +1.853252255e+02 +2.958052255e+02 +2.958052255e+02 -1.6617e-01 +7.6858e-02 -2.2890e-01 +7.0042e-01 -8.0753e-02 -1.1056e+00 -1.7520e-01 +1.7843e-01 +1.7356e+00 -8.4363e-02
2413 0 +1.378308868e+02 +2.483108868e+02 +2.483108868e+02 -2.3593e-01 -8.7181e-03 -9.3118e-02 +2.2931e+00 +6.5907e-04 -2.3351e+00 -5.1742e-01 +4.0425e-01 +2.9079e+00 -6.0783e-02
4119 0 +1.280632917e+02 +2.385432917e+02 +2.385432917e+02 -3.3287e-01 -3.6180e-01 -2.0098e-01 +6.4418e-01 +6.1184e-01 -1.3099e+00 -7.1482e-02 +8.6818e-02 +2.3117e+00 -4.0724e-02
4912 0 +1.252585181e+02 +2.357385181e+02 +2.357385181e+02 -6.3640e-01 -5.8933e-01 -1.2693e-01 +8.3186e-01 +9.2756e-01 -1.9327e+00 -7.9063e-02 +1.4795e-01 +3.2133e+00 -9.5702e-02
5902 0 +1.152447366e+02 +2.257247366e+02 +2.257247366e+02 -5.5327e-01 +8.9373e-03 -2.6550e-01 +8.5992e-01 +1.1363e+00 -1.8737e+00 -2.6829e-02 +4.6654e-01 +3.3197e+00 -3.1333e-01
6101 0 +1.052794529e+02 +2.157594529e+02 +2.157594529e+02 -4.3916e-01 -9.0902e-02 -1.4322e-01 +7.1832e-01 +6.2996e-01 -1.3435e+00 -4.3635e-02 +7.7587e-02 +2.3612e+00 -5.8233e-01
% f evaluations | g evaluations | best noise-free fitness - Fopt (-1.509000000000e+01) + sum g_i+ | measured fitness | best measured fitness or single-digit g-values | x1 | x2...
1 0 +6.536596134e+02 +6.385696134e+02 +6.385696134e+02 +1.1343e+00 -1.9381e-01 -3.7560e+00 +1.6601e+00 -4.6867e+00 +3.0205e+00 -1.6720e+00 +3.6593e+00 -1.6860e+00 -1.8544e+00
3 0 +6.374390196e+02 +6.223490196e+02 +6.223490196e+02 +2.1175e+00 +1.4636e+00 -1.2292e+00 +5.5015e-01 +2.2708e+00 +1.6165e+00 -1.8827e+00 -1.7849e+00 -1.7538e-01 +1.3676e+00
26 0 +5.167741732e+02 +5.016841732e+02 +5.016841732e+02 -2.3328e-02 -2.1998e+00 +2.3506e-01 -2.3219e+00 -2.2990e-01 +2.9290e+00 -3.5632e+00 -1.9566e+00 -8.8203e-01 +2.9048e-01
28 0 +3.765340446e+02 +3.614440446e+02 +3.614440446e+02 -2.4875e+00 -3.6760e+00 -8.4464e-01 +4.0400e+00 +2.4343e+00 -1.7941e+00 -2.7417e+00 +3.9593e-01 -5.8783e-01 -3.5236e+00
43 0 +2.890595157e+02 +2.739695157e+02 +2.739695157e+02 +5.6451e-01 +6.5234e-01 -4.6869e+00 -2.4056e+00 +1.7623e+00 -2.4836e+00 -3.6622e+00 -1.5874e+00 -7.3546e-01 -3.7345e-01
126 0 +2.724839194e+02 +2.573939194e+02 +2.573939194e+02 -2.6672e-01 -4.9132e-01 -1.0520e+00 +2.4719e-01 -6.5379e-01 -9.5049e-01 -5.6616e-01 -6.8294e-01 -4.9140e-01 -9.3338e-01
127 0 +2.368944616e+02 +2.218044616e+02 +2.218044616e+02 -1.7480e-02 -1.0123e-01 -2.7244e-01 +2.7452e-02 -1.5444e-01 -2.1008e-01 -1.3063e-01 -1.5758e-01 -1.4183e-01 -1.8796e-01
134 0 +2.064179350e+02 +1.913279350e+02 +1.913279350e+02 -2.4880e-01 -2.6838e-01 -4.8485e-01 +1.3061e-01 -3.0141e-01 -4.1960e-01 -3.1194e-01 -3.1474e-01 -2.3107e-01 -4.3016e-01
146 0 +2.020743686e+02 +1.869843686e+02 +1.869843686e+02 -3.0513e-01 -5.1252e-01 -1.2290e+00 +1.3900e-01 -7.2602e-01 -9.9144e-01 -6.3767e-01 -7.9784e-01 -5.8573e-01 -1.0904e+00
155 0 +1.994260013e+02 +1.843360013e+02 +1.843360013e+02 -3.0511e-01 -1.4287e-01 -3.4261e-01 +1.4989e-01 -1.7643e-01 -2.9651e-01 -1.8438e-01 -2.2241e-01 -1.6328e-01 -3.7385e-01
186 0 +1.884153529e+02 +1.733253529e+02 +1.733253529e+02 -1.3992e-01 -8.2439e-02 -6.4837e-01 +6.2417e-02 -2.6536e-01 -4.7764e-01 -1.4738e-01 -2.5172e-01 -2.6303e-01 -4.3244e-01
703 0 +1.587678350e+02 +1.436778350e+02 +1.436778350e+02 -5.4201e-01 -2.3041e-01 +6.7741e-02 +1.2194e-01 +1.4157e-01 -2.2858e-01 +2.0463e-01 -2.1649e-01 -1.8362e-01 -4.8655e-01
1501 0 +1.442440868e+02 +1.291540868e+02 +1.291540868e+02 +1.0380e-01 +3.3734e-02 +1.3375e-01 +5.9021e-02 +2.5818e-01 -2.7153e-01 +1.5304e-01 +2.7913e-02 -1.4548e-01 -4.6736e-01
2604 0 +1.366494544e+02 +1.215594544e+02 +1.215594544e+02 +2.3130e-01 -3.5438e-02 +1.1359e-01 +1.3366e-01 +4.0958e-01 -2.7477e-01 +5.1228e-02 +3.4742e-01 -2.3892e-01 -1.0155e-01
3201 0 +1.314565369e+02 +1.163665369e+02 +1.163665369e+02 +3.2955e-01 +1.7092e-01 +1.0280e-01 +3.9242e-02 +2.5842e-01 -4.2130e-01 +1.1545e-01 +6.9820e-02 -2.3388e-01 -1.0078e-01
% f evaluations | g evaluations | best noise-free fitness - Fopt (-1.583000000000e+02) + sum g_i+ | measured fitness | best measured fitness or single-digit g-values | x1 | x2...
1 0 +5.676252877e+03 +5.517952877e+03 +5.517952877e+03 +3.3260e+00 -1.9985e+00 +1.0733e+00 +2.3619e-02 -1.9702e+00 +2.6204e+00 +4.4096e+00 -4.7667e+00 -3.0440e+00 -2.2054e+00
2 0 +1.818288660e+03 +1.659988660e+03 +1.659988660e+03 -7.3175e-01 -3.6055e+00 +4.2305e+00 +6.6360e-01 +1.9744e+00 -2.6980e+00 +2.5787e+00 -3.3795e+00 -4.9094e-02 +4.9742e+00
3 0 +1.185937143e+03 +1.027637143e+03 +1.027637143e+03 +6.5729e-01 +2.6308e+00 -2.0599e+00 +3.2214e+00 -4.5387e+00 +8.9582e-01 -4.5119e+00 -4.6848e+00 -4.5000e+00 -4.0669e+00
4 0 +1.119465771e+03 +9.611657707e+02 +9.611657707e+02 +2.4139e+00 +3.1099e+00 +3.9627e+00 -4.2007e+00 -3.8110e+00 +4.3700e+00 +1.0682e+00 +2.7253e+00 -3.1270e+00 -3.6105e+00
6 0 +6.342086233e+02 +4.759086233e+02 +4.759086233e+02 -2.3094e+00 -3.5351e-01 -7.4756e-02 +7.7228e-01 +3.0529e+00 -3.6536e+00 +8.1293e-01 -1.3533e+00 -2.0501e+00 -3.7853e+00
7 0 +3.610622594e+02 +2.027622594e+02 +2.027622594e+02 +2.3593e+00 +1.3068e+00 +1.5338e+00 -2.5052e+00 +3.1844e+00 +1.2556e+00 +3.8901e-01 +1.2175e-01 -1.4779e+00 +2.2562e+00
30 0 +2.812452352e+02 +1.229452352e+02 +1.229452352e+02 +1.1554e+00 -4.9963e+00 +2.2626e+00 -3.4679e+00 +2.0266e-01 -4.1514e+00 +6.9416e-01 +3.8608e+00 -3.2084e-01 +3.2539e+00
126 0 +2.662819103e+02 +1.079819103e+02 +1.079819103e+02 -8.1235e-01 -6.8395e-01 -2.1763e-01 -2.0464e+00 -1.6740e-01 -2.3479e-02 -1.1824e+00 -1.4887e-01 -6.8683e-01 -2.4261e-01
127 0 +2.438905246e+02 +8.559052463e+01 +8.559052463e+01 -1.9700e-01 -2.5231e-01 -5.1798e-03 -4.9628e-01 -9.6590e-02 -5.6937e-03 -4.1517e-01 +1.2402e-02 -1.4495e-01 -4.0442e-02
128 0 +2.123321727e+02 +5.403217275e+01 +5.403217275e+01 -4.9526e-02 -2.0992e-02 +1.7386e-01 -1.6384e-01 -1.0206e-02 -1.4314e-03 -7.4955e-02 +3.1179e-03 -3.6441e-02 -1.9172e-02
141 0 +1.849902719e+02 +2.669027192e+01 +2.669027192e+01 -3.1255e-02 -2.6497e-02 -1.1955e-02 -1.1189e-01 -6.7472e-03 -4.3398e-02 -1.0771e-01 +2.0613e-03 +1.0894e-01 -1.2675e-02
202 0 +1.705891904e+02 +1.228919040e+01 +1.228919040e+01 -2.9405e-01 -6.6638e-02 -4.5371e-02 -1.8523e-01 +6.4024e-02 -2.0057e-01 -1.1128e-01 -2.9847e-02 -1.9557e-01 +1.0257e-01
590 0 +1.684154025e+02 +1.011540249e+01 +1.011540249e+01 -1.2016e-01 -3.9363e-02 -5.0112e-02 -1.4886e-01 +5.1416e-02 -9.1262e-02 -8.5412e-02 +7.2208e-03 +7.7763e-02 +1.0945e-01
604 0 +1.594389032e+02 +1.138903196e+00 +1.138903196e+00 -5.2075e-02 +1.8195e-02 -1.6243e-02 -1.4529e-01 +1.0058e-01 -1.0094e-01 -1.8466e-01 -2.3017e-02 +1.2187e-01 +1.1188e-01
1607 0 +1.522960576e+02 -6.003942409e+00 -6.003942409e+00 +3.1250e-02 -1.4372e-01 +2.0561e-01 -3.7349e-01 +7.9722e-01 -2.1996e-01 -1.7070e-01 +1.4849e-02 -1.7613e-01 +1.9184e-01
3729 0 +1.500403233e+02 -8.259676703e+00 -8.259676703e+00 +1.5834e-02 -1.1335e-02 +7.1631e-02 -1.5114e-01 +8.0024e-02 -2.0398e-01 +2.2191e-01 -1.6461e-02 +1.4884e-01 +1.3891e-01
4421 0 +1.455908848e+02 -1.270911523e+01 -1.270911523e+01 -5.4583e-04 +1.5882e-02 +1.0743e-01 -3.6660e-01 +3.2685e-02 -1.4402e-01 +1.2803e-01 +2.9569e-02 -1.3272e-01 +4.7166e-01
% f evaluations | g evaluations | best noise-free fitness - Fopt (-4.071000000000e+01) + sum g_i+ | measured fitness | best measured fitness or single-digit g-values | x1 | x2...
1 0 +8.926285588e+03 +8.885575588e+03 +8.885575588e+03 +4.9001e+00 +5.8087e-01 -3.5567e+00 +3.5458e+00 +4.1558e+00 +4.3531e+00 +2.5546e+00 -2.7303e+00 +3.3458e+00 +8.9138e-01
2 0 +6.535655893e+03 +6.494945893e+03 +6.494945893e+03 -4.0194e+00 +1.6210e-01 +6.7178e-01 +1.9188e+00 -1.3844e+00 +1.5973e+00 +2.8789e+00 +2.5448e+00 +3.1551e+00 +4.8148e+00
3 0 +8.303734797e+02 +7.896634797e+02 +7.896634797e+02 +6.4371e-01 -3.2153e+00 -1.4868e+00 +1.4927e+00 -3.0617e+00 +1.0051e-01 -3.6362e+00 -4.1659e+00 -1.5261e+00 -5.0217e-02
7 0 +7.510274586e+02 +7.103174586e+02 +7.103174586e+02 -1.5066e+00 -3.8351e+00 +2.4580e+00 -3.3789e+00 +3.8055e+00 -2.7207e+00 +3.7342e+00 +1.9063e+00 -2.9270e+00 +1.3637e+00
9 0 +6.758701803e+02 +6.351601803e+02 +6.351601803e+02 -2.6269e+00 +1.7968e-01 +1.9015e+00 +5.3411e-01 +1.7773e-02 -4.8225e+00 -1.9950e+00 -2.4360e+00 -1.2425e+00 +2.4385e+00
14 0 +6.243746285e+02 +5.836646285e+02 +5.836646285e+02 -4.9021e+00 -2.7925e+00 -1.7384e+00 +3.1274e+00 -2.6591e+00 -2.9283e+00 +3.1173e+00 +4.4740e+00 -4.6191e+00 -2.7645e+00
18 0 +5.422129516e+02 +5.015029516e+02 +5.015029516e+02 -2.2006e+00 -4.9494e+00 -2.5480e+00 +1.6739e+00 -4.3419e+00 +1.9634e+00 +3.6669e+00 -1.1816e+00 +2.0237e-01 -2.1111e+00
33 0 +5.316592174e+02 +4.909492174e+02 +4.909492174e+02 +1.8780e+00 +4.7431e+00 -1.9036e+00 -3.5377e+00 +2.6294e+00 -2.5513e+00 -2.6101e+00 +4.4855e-01 -6.5490e-01 +1.9980e+00
42 0 +4.745052891e+02 +4.337952891e+02 +4.337952891e+02 -3.0101e+00 +2.0514e+00 +3.6830e+00 +2.5718e+00 -3.7298e+00 -1.4757e+00 +2.2033e+00 +3.9266e+00 -2.1766e+00 +1.2528e+00
79 0 +4.647785899e+02 +4.240685899e+02 +4.240685899e+02 -3.8248e+00 +4.9268e+00 +5.7085e-02 +1.2086e+00 +3.6565e+00 +6.4096e-01 +2.2891e+00 +9.6308e-01 +1.5726e-01 -3.9598e+00
88 0 +3.666504120e+02 +3.259404120e+02 +3.259404120e+02 -2.8169e+00 -4.7879e+00 +1.6455e-01 -3.6827e-01 -4.3150e-01 +4.7728e-01 +2.9858e+00 -9.2079e-02 +1.0437e-01 -4.7783e+00
126 0 +3.243198844e+02 +2.836098844e+02 +2.836098844e+02 -2.7205e-01 -3.0109e-01 -2.7675e-01 +6.9785e-02 -3.0019e-01 +1.4602e-01 +2.0999e-01 -2.0990e-01 -3.7954e-01 -3.4117e-01
134 0 +3.038370107e+02 +2.631270107e+02 +2.631270107e+02 -1.8570e-01 -1.9304e-01 -8.3291e-02 +4.4742e-02 -2.2086e-01 +7.2384e-02 -3.4670e-03 -1.2784e-01 -2.3771e-01 -1.9149e-01
167 0 +2.848055783e+02 +2.440955783e+02 +2.440955783e+02 -5.3273e-02 -1.9239e-03 -8.3219e-02 -1.7202e-01 +1.4150e-01 +2.3736e-02 +7.5581e-02 -2.2175e-02 +7.8034e-02 -1.2193e-01
247 0 +2.796890424e+02 +2.389790424e+02 +2.389790424e+02 -1.3651e-01 -1.1596e-01 -1.3779e-01 -3.1936e-02 -1.5985e-01 +3.7734e-02 +2.2720e-01 -8.3433e-02 -1.7922e-01 -1.3670e-01
252 0 +2.750401788e+02 +2.343301788e+02 +2.343301788e+02 -2.5150e-01 -1.0250e-01 -2.7613e-01 -8.3681e-02 -2.8364e-01 -2.1588e-03 +2.7161e-01 -7.9702e-02 -3.1671e-01 -2.4629e-01
267 0 +2.563322345e+02 +2.156222345e+02 +2.156222345e+02 -2.1422e-01 -2.4917e-01 -2.2725e-01 +5.4289e-02 -2.6272e-01 -1.7435e-02 +2.9076e-01 -4.3014e-02 -2.9455e-01 -8.9796e-02
876 0 +2.495464702e+02 +2.088364702e+02 +2.088364702e+02 -7.7352e-02 -1.0798e-01 -1.2989e-01 -2.5209e-01 +2.8526e-01 -4.2187e-02 +2.5875e-01 -4.5935e-02 +3.5379e-02 -1.9519e-01
946 0 +2.449868415e+02 +2.042768415e+02 +2.042768415e+02 -5.7219e-02 -1.0596e-01 -2.0143e-01 -9.3474e-02 +1.5438e-01 -3.7295e-02 +2.8512e-01 -2.8301e-02 +6.9048e-02 -1.0815e-01
1027 0 +2.228860474e+02 +1.821760474e+02 +1.821760474e+02 +2.7858e-02 -2.1666e-01 -2.9556e-01 -6.5225e-02 +2.1471e-01 -4.0658e-02 +2.5945e-01 -2.8346e-02 +1.5036e-01 -7.1925e-02
1415 0 +2.152815026e+02 +1.745715026e+02 +1.745715026e+02 +1.4495e-01 -2.5022e-01 -1.6411e-01 -4.8958e-01 +2.2908e-01 -2.4835e-01 +7.1651e-01 -2.6094e-02 +1.0638e-01 -1.0018e-01
2188 0 +2.102517500e+02 +1.695417500e+02 +1.695417500e+02 +4.8987e-02 -2.4060e-01 -1.1932e-01 -4.9083e-01 +2.6420e-01 -1.0450e-01 +3.4314e-01 -1.4561e-02 +1.6951e-01 -1.1930e-01
2212 0 +2.049684222e+02 +1.642584222e+02 +1.642584222e+02 +8.7026e-02 -2.8443e-01 +4.0495e-01 -2.7737e-01 +2.7042e-01 -6.6565e-03 +3.3456e-01 -2.4342e-02 +1.2831e-01 -5.5259e-02
3402 0 +2.028279584e+02 +1.621179584e+02 +1.621179584e+02 +1.4170e-02 -3.1365e-01 -1.4579e-01 -2.1493e-01 +2.5156e-01 -5.8098e-01 +7.7877e-01 -1.7450e-02 +1.8674e-01 -1.5428e-01
4313 0 +1.909244122e+02 +1.502144122e+02 +1.502144122e+02 +7.0577e-02 -2.5165e-01 -1.3889e-01 -2.3402e-01 +4.8392e-01 -4.6450e-01 +7.5338e-01 +4.3817e-01 +1.5904e-01 -1.2000e-01
5002 0 +1.878216046e+02 +1.471116046e+02 +1.471116046e+02 +4.4959e-01 -1.6922e-01 +7.8741e-01 -1.0325e+00 +1.0535e+00 -1.3912e+00 +3.0608e+00 +1.9809e-01 -5.2095e-02 -1.5328e+00
5401 0 +1.745002325e+02 +1.337902325e+02 +1.337902325e+02 -3.0733e-02 -3.6155e-01 +2.7317e-01 -9.4879e-01 +4.6652e-01 -8.9252e-01 +2.2373e+00 -6.8225e-02 +3.6340e-02 -9.7979e-01
6002 0 +1.732436443e+02 +1.325336443e+02 +1.325336443e+02 -1.2607e-02 -3.4717e-01 +3.4093e-01 -9.0107e-01 +3.2442e-01 -9.8608e-01 +1.9551e+00 -1.7890e-01 +9.1172e-02 -9.0017e-01
6401 0 +1.604310652e+02 +1.197210652e+02 +1.197210652e+02 +9.2909e-01 -4.0595e-01 +2.9424e-01 -3.8328e-01 +1.0372e+00 -1.2305e+00 +2.8518e+00 +1.9819e+00 +7.4068e-01 -2.0715e+00
6805 0 +1.523640800e+02 +1.116540800e+02 +1.116540800e+02 -2.3637e-01 -4.9878e-01 +4.3431e-01 -1.0144e+00 +6.6972e-01 -1.0490e-01 +3.1666e+00 +1.6092e+00 +2.7339e-01 -1.4964e+00
7518 0 +1.462226686e+02 +1.055126686e+02 +1.055126686e+02 +1.6526e-02 -4.9676e-01 +3.1563e-01 -5.7583e-01 +1.2398e+00 -4.6942e-01 +2.3061e+00 +1.1313e+00 +8.1061e-02 -1.1784e+00
7831 0 +1.424139774e+02 +1.017039774e+02 +1.017039774e+02 +1.2964e-01 -3.1246e-01 +3.9924e-01 -5.6846e-01 +5.5567e-01 -9.0339e-01 +1.8666e+00 +4.5535e-01 +1.2483e-01 -1.2307e+00
8002 0 +1.321891490e+02 +9.147914895e+01 +9.147914895e+01 -2.7765e-01 -4.2257e-01 +5.5542e-01 -5.0172e-01 +1.1400e+00 -9.3674e-01 +2.9965e+00 +4.8437e-01 +5.2448e-01 -1.4730e+00
8523 0 +1.256192186e+02 +8.490921856e+01 +8.490921856e+01 +1.8386e-01 -3.6310e-01 +4.1444e-01 -3.4766e-01 +9.8650e-01 -8.2113e-01 +2.3676e+00 +4.9918e-01 +4.1314e-01 -1.2312e+00
% f evaluations | g evaluations | best noise-free fitness - Fopt (8.139000000000e+01) + sum g_i+ | measured fitness | best measured fitness or single-digit g-values | x1 | x2...
1 0 +5.986136568e+03 +6.067526568e+03 +6.067526568e+03 +4.4764e+00 +1.4954e+00 -1.5762e+00 -3.6581e+00 +1.3927e+00 +1.2995e+00 +2.8231e+00 +1.0382e+00 -4.1074e+00 +2.0970e+00
3 0 +3.089702025e+03 +3.171092025e+03 +3.171092025e+03 +2.6771e+00 +8.5987e-02 +1.8188e-02 +2.2557e+00 +3.5722e+00 -2.3423e+00 -1.6468e+00 -2.6609e+00 -1.2902e+00 +1.3373e+00
7 0 +1.449534644e+03 +1.530924644e+03 +1.530924644e+03 +2.9178e+00 +3.3500e+00 -4.2704e+00 +8.5476e-02 +1.9701e+00 -3.8912e+00 -2.8644e+00 -9.5077e-02 -2.9034e+00 -2.0702e+00
10 0 +3.619589715e+02 +4.433489715e+02 +4.433489715e+02 -2.6529e+00 +2.2884e+00 +2.6945e+00 -1.1125e+00 -4.2365e-01 +3.7499e+00 -2.6749e+00 -4.1354e+00 +2.3080e+00 -3.9371e+00
40 0 +2.474282856e+02 +3.288182856e+02 +3.288182856e+02 -2.2068e+00 -2.9880e+00 +1.1474e-01 +1.0456e+00 -1.3702e+00 -4.6344e+00 -2.9465e+00 -4.1757e+00 +7.4944e-01 -2.7614e+00
99 0 +2.399211139e+02 +3.213111139e+02 +3.213111139e+02 -1.8646e+00 +4.3734e-01 -1.6421e+00 -9.5105e-01 -8.8418e-02 -2.9130e-02 -1.9806e-01 -2.9668e+00 +4.7561e-01 -4.9061e+00
135 0 +2.329898716e+02 +3.143798716e+02 +3.143798716e+02 +2.0825e-03 +1.0906e+00 -1.7044e+00 -5.0507e-01 -8.5999e-01 -1.2434e+00 -3.5377e-01 -6.0039e-01 -2.9214e-01 -1.9754e+00
161 0 +2.267673145e+02 +3.081573145e+02 +3.081573145e+02 -5.9777e-02 +1.0327e+00 -1.7278e+00 -3.9681e-01 -9.4838e-01 -1.3792e+00 -3.5412e-01 -6.0654e-01 -2.9615e-01 -1.9843e+00
228 0 +2.152681306e+02 +2.966581306e+02 +2.966581306e+02 +2.8498e-02 +6.1029e-01 -9.0991e-01 -2.6395e-01 -5.2727e-01 -7.5554e-01 -3.3071e-02 -4.5077e-01 +6.8824e-04 -1.0551e+00
410 0 +2.124254202e+02 +2.938154202e+02 +2.938154202e+02 -2.3974e-01 +1.7217e+00 -2.4053e+00 -9.0121e-01 -8.9598e-01 -2.3345e+00 -5.7415e-01 -1.0074e+00 -5.1840e-01 -3.0544e+00
803 0 +1.941253391e+02 +2.755153391e+02 +2.755153391e+02 -7.0876e-02 +7.8540e-01 -9.1117e-01 -4.0222e-01 -5.6707e-01 -1.1964e+00 -4.8082e-02 -4.2067e-01 -3.3352e-01 -1.2176e+00
1201 0 +1.859046377e+02 +2.672946377e+02 +2.672946377e+02 -1.1794e-01 +6.3400e-01 -8.6804e-01 -3.6400e-01 -1.2453e-01 -1.1743e+00 -5.5693e-01 -4.8270e-01 -2.8564e-02 -1.0493e+00
1601 0 +1.696841814e+02 +2.510741814e+02 +2.510741814e+02 -3.0114e-02 +1.2941e+00 -9.1843e-01 -9.3733e-01 -1.1236e-01 -1.4390e+00 -4.7471e-01 -2.0404e+00 +1.0516e+00 -1.4082e+00
1805 0 +1.554322059e+02 +2.368222059e+02 +2.368222059e+02 +5.3791e-02 +1.3615e+00 -8.9082e-01 -9.6182e-01 -1.0912e-01 -1.5003e+00 -4.9250e-01 -2.1834e+00 +1.0429e+00 -1.3930e+00
1901 0 +1.462791859e+02 +2.276691859e+02 +2.276691859e+02 +7.7224e-02 +1.6272e+00 -9.0092e-01 -1.1140e+00 -8.0385e-02 -1.8210e+00 -5.6511e-01 -2.5954e+00 +1.0817e+00 -1.4819e+00
2563 0 +1.436378395e+02 +2.250278395e+02 +2.250278395e+02 -1.0901e-01 +9.9980e-01 -7.3249e-01 -6.0377e-01 -2.6632e-02 -1.1971e+00 -4.3693e-01 -1.5840e+00 +8.2688e-01 -1.0098e+00
3101 0 +1.086215733e+02 +1.900115733e+02 +1.900115733e+02 +6.4297e-01 +3.5918e+00 -9.9385e-01 -9.1607e-01 -1.6641e-01 -1.8399e+00 -1.7988e+00 -3.7737e+00 +1.6702e+00 -3.2700e+00
3503 0 +1.067263117e+02 +1.881163117e+02 +1.881163117e+02 +4.4949e-02 +1.6617e+00 -7.5659e-01 -3.9947e-01 +3.6868e-02 -1.1927e+00 -9.0519e-01 -2.2772e+00 +1.3845e+00 -2.1560e+00
3706 0 +1.019708057e+02 +1.833608057e+02 +1.833608057e+02 -1.8842e-01 +2.4199e+00 -7.9395e-01 -4.4956e-01 +1.0395e-01 -1.1486e+00 -1.1161e+00 -2.8593e+00 +1.1231e+00 -2.2702e+00
3901 0 +9.569961553e+01 +1.770896155e+02 +1.770896155e+02 +5.7691e-01 +1.9203e+00 -8.0338e-01 -5.1806e-01 +8.8981e-02 -1.4636e+00 -9.4298e-01 -2.9885e+00 +2.0815e+00 -2.8855e+00
6101 0 +9.339068803e+01 +1.747806880e+02 +1.747806880e+02 -7.5041e-02 +1.9208e+00 -1.0078e+00 -9.8059e-01 +1.7538e-01 -2.0670e+00 -5.0031e-01 -3.3878e+00 +1.7419e+00 -2.6523e+00
7301 0 +7.846197778e+01 +1.598519778e+02 +1.598519778e+02 +2.1827e-02 +2.4635e+00 -9.3719e-01 -1.0105e+00 +6.6694e-02 -2.3707e+00 -5.1840e-01 -3.4337e+00 +1.9029e+00 -3.2669e+00
9334 0 +6.781485546e+01 +1.492048555e+02 +1.492048555e+02 -1.5539e-01 +1.8512e+00 -1.6890e-01 -4.2096e-01 -1.8841e-01 -1.8639e+00 -4.1456e-01 -2.5897e+00 +1.4128e+00 -2.3358e+00
9701 0 +6.415991536e+01 +1.455499154e+02 +1.455499154e+02 -8.5131e-02 +1.9544e+00 -3.1746e-02 -4.8800e-01 +1.0267e-01 -1.8296e+00 -7.9988e-03 -2.4335e+00 +1.3887e+00 -1.9881e+00
9815 0 +5.342283797e+01 +1.348128380e+02 +1.348128380e+02 -1.8204e-01 +1.7246e+00 -4.8339e-02 -9.8215e-01 -8.9877e-02 -1.8850e+00 -4.1383e-01 -2.4522e+00 +1.3411e+00 -2.5880e+00
% f evaluations | g evaluations | best noise-free fitness - Fopt (4.144000000000e+01) + sum g_i+ | measured fitness | best measured fitness or single-digit g-values | x1 | x2...
1 0 +1.384584863e+03 +1.426024863e+03 +1.426024863e+03 +3.4176e+00 +2.6146e+00 -1.0141e+00 +2.7061e+00 -2.4492e-01 +2.1547e+00 +2.6187e+00 +2.7223e+00 -2.0796e+00 +2.6076e+00
3 0 +1.165332637e+03 +1.206772637e+03 +1.206772637e+03 -3.9429e+00 -1.2608e+00 +6.5386e-01 +2.3680e+00 +3.3314e+00 +2.7365e+00 +2.8653e+00 +3.2362e+00 -2.9504e+00 +2.8891e+00
5 0 +4.273858143e+02 +4.688258143e+02 +4.688258143e+02 -2.8879e+00 +2.4060e-02 +6.3491e-01 -4.7397e+00 -1.7139e+00 +4.5647e+00 +2.3863e-01 -3.3644e-01 +1.5098e-01 -3.2268e+00
33 0 +3.526421625e+02 +3.940821625e+02 +3.940821625e+02 +1.7170e+00 -5.5448e-01 -7.9950e-01 +2.6929e+00 -1.2331e+00 -2.3647e+00 -8.6353e-01 -1.1780e-01 -2.2629e-01 -4.2579e+00
126 0 +3.245368083e+02 +3.659768083e+02 +3.659768083e+02 +3.4171e-01 -6.3113e-01 -1.0501e+00 +1.2592e+00 -4.2906e-01 -1.6063e+00 +1.3803e-01 -2.4975e-01 +3.1604e-01 -6.1337e-01
127 0 +3.217467509e+02 +3.631867509e+02 +3.631867509e+02 +3.7235e-01 -8.3522e-01 -1.4084e+00 +1.6421e+00 -5.2842e-01 -1.8656e+00 +1.7000e-01 -3.0758e-01 +4.3446e-01 -8.4701e-01
134 0 +3.106767784e+02 +3.521167784e+02 +3.521167784e+02 +3.1746e-01 -9.2957e-01 -1.2425e+00 +1.4900e+00 -6.1147e-01 -1.7924e+00 +2.7835e-01 -2.9551e-01 +3.6047e-01 -7.7470e-01
135 0 +2.873226965e+02 +3.287626965e+02 +3.287626965e+02 +2.9469e-01 -1.3666e-01 -1.8267e-01 +1.9363e-01 -7.4637e-02 -2.6351e-01 -7.5783e-02 -3.3726e-02 +5.4977e-02 -1.7371e-01
302 0 +2.797652676e+02 +3.212052676e+02 +3.212052676e+02 +1.8485e-01 -7.0484e-01 -9.7350e-01 +1.1008e+00 -2.3265e-01 -1.5588e+00 -4.1229e-02 -2.1336e-01 +4.2019e-01 -6.1330e-01
304 0 +2.641242046e+02 +3.055642046e+02 +3.055642046e+02 +3.0838e-01 -7.7397e-01 -1.1608e+00 +1.0504e+00 -7.7952e-01 -1.2636e+00 +5.9474e-01 -4.4159e-01 +4.2632e-02 -4.8733e-01
616 0 +2.534223172e+02 +2.948623172e+02 +2.948623172e+02 +5.0625e-01 -7.3987e-01 -7.1621e-01 +1.2545e+00 -1.4526e-01 -1.2310e+00 +6.3674e-01 -1.3290e-02 +5.1908e-01 -5.7657e-01
1207 0 +2.196412597e+02 +2.610812597e+02 +2.610812597e+02 -2.1722e-01 -5.7286e-01 -1.1685e+00 +7.7887e-01 -3.5098e-01 -1.8414e+00 +4.1256e-01 -9.0242e-01 +5.8939e-01 -1.7394e+00
1406 0 +2.137852317e+02 +2.552252317e+02 +2.552252317e+02 -2.3037e-01 -5.8726e-01 -1.2230e+00 +7.8094e-01 -3.5414e-01 -1.8152e+00 +5.6291e-01 -9.1757e-01 +5.9438e-01 -1.7877e+00
1502 0 +2.076732490e+02 +2.491132490e+02 +2.491132490e+02 -8.3444e-01 -9.7778e-01 -4.6460e-01 -1.1127e-01 -1.4195e-01 -2.4875e-01 +4.6214e-01 -4.3652e-01 +5.2023e-01 -1.0715e+00
1710 0 +1.980059760e+02 +2.394459760e+02 +2.394459760e+02 -4.4554e-01 -7.7999e-01 -7.1382e-01 +2.4790e-01 -2.0048e-01 -1.1638e+00 +4.2977e-01 -9.6628e-01 +3.2491e-01 -1.4943e+00
1901 0 +1.709233806e+02 +2.123633806e+02 +2.123633806e+02 -1.0923e+00 -8.9955e-01 -1.4810e+00 -2.3175e-01 -3.1648e-01 -1.2796e+00 +1.3326e+00 -1.2071e+00 +9.4809e-01 -3.3755e+00
2101 0 +1.690986786e+02 +2.105386786e+02 +2.105386786e+02 -5.5862e-01 -4.1832e-01 -4.4294e-01 -8.1942e-02 -1.2655e-01 -1.3446e+00 +1.0338e+00 -7.4586e-01 +8.3619e-01 -2.4146e+00
2201 0 +1.636938337e+02 +2.051338337e+02 +2.051338337e+02 -4.4798e-01 -6.4506e-02 -2.4963e-01 -2.3288e-01 -2.0686e-01 -1.3350e+00 +1.2174e+00 -8.4263e-01 +1.4732e+00 -2.6041e+00
2401 0 +1.362945319e+02 +1.777345319e+02 +1.777345319e+02 -4.6899e-01 -2.7279e-02 -2.1475e-01 -1.5718e-01 -2.5272e-01 -1.4382e+00 +1.3210e+00 -9.0970e-01 +1.6229e+00 -2.8722e+00
3203 0 +1.327793767e+02 +1.742193767e+02 +1.742193767e+02 -7.6101e-01 -1.3894e-01 -5.5018e-01 -7.3693e-03 -2.8426e-01 -1.2628e+00 +1.1163e+00 -1.8318e+00 +1.1881e+00 -2.7314e+00
3449 0 +1.026419283e+02 +1.440819283e+02 +1.440819283e+02 -4.9647e-01 -1.2350e-01 -8.1679e-03 -1.6524e-01 -1.5098e-01 -1.3552e+00 +1.0568e+00 -9.1852e-01 +1.4917e+00 -2.8157e+00
6906 0 +9.790867329e+01 +1.393486733e+02 +1.393486733e+02 -6.2605e-01 -7.4479e-02 +2.4552e-01 -5.5598e-01 -8.4172e-02 -1.3310e+00 +1.3589e+00 -1.3152e+00 +1.7685e+00 -2.7482e+00
8101 0 +9.713007538e+01 +1.385700754e+02 +1.385700754e+02 +5.9790e-01 -1.8466e-01 +3.2588e-01 -8.0964e-01 +1.0143e+00 -2.2999e+00 +1.8682e+00 -9.6277e-01 +1.3972e+00 -3.3126e+00
8324 0 +9.063279942e+01 +1.320727994e+02 +1.320727994e+02 +2.5224e-01 -1.7546e-01 +2.8107e-01 -4.0361e-01 +7.9861e-01 -1.8362e+00 +1.6831e+00 -9.1737e-01 +1.4757e+00 -2.8283e+00
10064 0 +7.642717340e+01 +1.178671734e+02 +1.178671734e+02 +2.7679e-01 -1.5854e-01 +5.7151e-02 -7.6924e-01 +9.7649e-01 -1.6851e+00 +1.7721e+00 -9.3301e-01 +1.1816e+00 -2.7892e+00
% f evaluations | g evaluations | best noise-free fitness - Fopt (-2.709000000000e+01) + sum g_i+ | measured fitness | best measured fitness or single-digit g-values | x1 | x2...
1 0 +5.575368393e+03 +5.548278393e+03 +5.548278393e+03 -2.6506e+00 -4.4583e+00 +4.3289e+00 +3.0700e+00 -1.4126e+00 +3.2991e+00 +4.7072e+00 +7.6380e-01 -2.4758e+00 +2.9788e+00
2 0 +1.750727230e+03 +1.723637230e+03 +1.723637230e+03 +4.5423e+00 +1.0939e+00 -3.5794e+00 +3.4693e+00 -9.9941e-01 -3.4625e+00 -3.5428e+00 -1.5208e+00 -3.1065e+00 -3.1575e+00
4 0 +6.133110534e+02 +5.862210534e+02 +5.862210534e+02 +1.8001e-01 -3.7269e+00 +4.9811e-01 +1.3022e+00 -1.2634e+00 -1.2501e+00 +2.9640e+00 +3.1146e+00 -1.5518e+00 +3.3625e+00
10 0 +4.738291199e+02 +4.467391199e+02 +4.467391199e+02 -1.6185e-01 -2.6438e-01 -3.4857e+00 -4.3462e+00 +2.2985e-01 -2.6177e+00 -1.2448e+00 +4.0489e+00 +5.0952e-01 +4.9852e+00
26 0 +4.213971324e+02 +3.943071324e+02 +3.943071324e+02 -1.7313e-01 +1.8519e-01 -3.0024e+00 +1.7154e+00 -1.9823e+00 +1.6585e+00 -1.1498e+00 +4.7942e+00 -5.4273e-01 -5.5736e-01
45 0 +3.955916708e+02 +3.685016708e+02 +3.685016708e+02 -3.2971e+00 -7.3748e-01 -1.2475e+00 -7.8897e-02 +3.6749e+00 +1.0494e+00 -1.9538e+00 +1.5380e+00 -2.9667e+00 +2.8056e-01
70 0 +3.645820121e+02 +3.374920121e+02 +3.374920121e+02 -5.7441e-02 -4.3098e+00 +3.5659e-01 +4.2281e+00 +3.1849e+00 +3.3869e+00 +1.7403e+00 +2.8455e+00 -2.5027e+00 +2.2633e+00
126 0 +2.502693694e+02 +2.231793694e+02 +2.231793694e+02 -1.4022e-01 -1.5648e-01 -2.5479e-01 +6.5100e-02 +3.0838e-01 +2.6019e-01 -1.2653e-01 +7.7634e-01 -8.7595e-01 -1.1228e-01
128 0 +2.305445667e+02 +2.034545667e+02 +2.034545667e+02 +9.3025e-02 -6.5441e-02 -5.1654e-02 -1.2243e-02 +4.2532e-02 +3.6313e-02 +1.3406e-01 +5.6837e-02 -4.1910e-02 +9.8379e-02
141 0 +2.234518384e+02 +1.963618384e+02 +1.963618384e+02 +5.4928e-02 -1.7909e-02 +6.1794e-02 -7.2636e-02 +6.5123e-02 +1.3300e-02 -1.4776e-01 +3.7168e-02 +1.2281e-01 -9.2755e-03
161 0 +2.186797831e+02 +1.915897831e+02 +1.915897831e+02 -1.2122e-01 -3.4535e-01 -2.2025e-01 -1.8659e-01 +2.8696e-01 +2.2492e-01 -1.9719e-01 +6.7112e-01 -7.4667e-01 -1.5687e-01
201 0 +2.132183231e+02 +1.861283231e+02 +1.861283231e+02 -3.4832e-01 -8.2594e-01 -5.3710e-01 -1.4553e-01 +8.5612e-01 +5.5614e-01 -3.5394e-01 +1.9111e+00 -2.0649e+00 -3.8837e-01
225 0 +2.009650070e+02 +1.738750070e+02 +1.738750070e+02 +6.2343e-02 +1.7815e-01 +1.2955e-01 -8.1621e-04 -1.5342e-01 -1.7376e-01 +4.0137e-01 -2.3869e-01 +4.1627e-01 +5.3135e-02
301 0 +1.982881940e+02 +1.711981940e+02 +1.711981940e+02 +1.9981e-01 -1.6749e-01 -1.0019e-01 +5.2717e-02 +1.9070e-01 -1.8999e-01 +8.7272e-02 -9.5332e-02 +1.5647e-01 -4.2486e-03
421 0 +1.920914304e+02 +1.650014304e+02 +1.650014304e+02 +2.0715e-01 -6.8376e-01 -3.0858e-01 -9.4731e-02 +5.1822e-01 +5.6096e-01 -3.9695e-01 +1.7775e+00 -1.5129e+00 -2.6900e-01
502 0 +1.811251460e+02 +1.540351460e+02 +1.540351460e+02 +2.0867e-01 -1.3556e-01 -9.3187e-02 +7.6352e-02 +3.8068e-01 -3.2037e-01 -2.1429e-01 +2.3559e-01 -1.8837e-01 +3.8769e-01
608 0 +1.734361799e+02 +1.463461799e+02 +1.463461799e+02 -4.4098e-03 +1.3914e-01 -2.8157e-01 -3.4033e-01 +2.6970e-01 +5.3888e-01 -3.1756e-01 +2.6543e-01 -1.8627e-01 -4.3262e-03
617 0 +1.655379487e+02 +1.384479487e+02 +1.384479487e+02 +2.7629e-01 -2.4875e-01 +2.1850e-01 +1.0567e-01 +1.7274e-01 -9.5804e-02 +2.5782e-01 +3.0047e-01 -5.0839e-01 +1.1384e-01
801 0 +1.541964364e+02 +1.271064364e+02 +1.271064364e+02 +9.6750e-02 -1.2940e-01 +1.8479e-01 -1.0573e-01 +3.2818e-01 +2.1450e-02 +1.9833e-01 +3.3563e-01 -2.1560e-01 +3.0097e-02
1243 0 +1.506338451e+02 +1.235438451e+02 +1.235438451e+02 +1.0158e-01 -1.3020e-01 +3.0236e-01 -5.0194e-02 +2.2778e-01 -2.4894e-02 +1.7268e-01 +3.1408e-01 -2.1826e-01 +3.3190e-02
1322 0 +1.477818224e+02 +1.206918224e+02 +1.206918224e+02 +7.8222e-02 -6.3520e-02 +2.9526e-01 -9.6236e-02 +2.0111e-01 -1.1640e-01 +2.8449e-01 +2.7665e-01 -4.5078e-01 +3.4002e-02
1490 0 +1.405069665e+02 +1.134169665e+02 +1.134169665e+02 +1.4011e-01 -9.4373e-02 +1.8229e-01 -2.6073e-02 +2.1948e-01 -1.9473e-01 +1.6123e-01 +2.0694e-01 -2.4458e-01 +2.8842e-02
1702 0 +1.377657002e+02 +1.106757002e+02 +1.106757002e+02 +3.6049e-01 -1.1763e-01 +2.8190e-01 -2.5160e-01 +3.3326e-01 -8.6937e-01 +1.3447e-01 +1.3695e-01 -1.8844e-01 +2.4504e-02
1903 0 +1.319046364e+02 +1.048146364e+02 +1.048146364e+02 +1.6359e-01 -6.9493e-02 +2.4327e-01 -7.8999e-02 +3.4449e-01 -6.3802e-01 +1.9854e-01 +1.3671e-01 -2.0394e-01 -1.7735e-02
8483 0 +1.246373283e+02 +9.754732830e+01 +9.754732830e+01 +1.7080e-01 -1.2279e-01 +2.9066e-01 -9.2710e-02 +2.7699e-01 -2.5805e-01 +2.2350e-01 +1.6596e-01 +1.9499e-01 +3.6801e-02
% f evaluations | g evaluations | best noise-free fitness - Fopt (5.175000000000e+01) + sum g_i+ | measured fitness | best measured fitness or single-digit g-values | x1 | x2...
1 0 +5.469975947e+03 +5.521725947e+03 +5.521725947e+03 -1.0968e+00 -1.3251e+00 -2.2687e+00 +3.2892e+00 +1.8008e+00 -1.3023e+00 +4.8423e+00 +3.3173e+00 -3.5353e+00 +1.9563e+00
3 0 +1.598675561e+03 +1.650425561e+03 +1.650425561e+03 +3.3301e+00 -1.4134e+00 -1.1414e+00 -1.2137e+00 -1.6821e+00 -3.3785e+00 +1.5418e+00 -6.7788e-01 +3.6165e+00 +3.5698e+00
4 0 +6.109069009e+02 +6.626569009e+02 +6.626569009e+02 +1.1119e+00 -1.9044e+00 +6.7448e-01 +3.3610e-02 -2.2020e+00 -4.6239e+00 -5.2801e-01 +3.7528e+00 -1.9833e+00 -1.7042e+00
15 0 +5.815710941e+02 +6.333210941e+02 +6.333210941e+02 -3.9463e+00 -2.9096e+00 +1.7422e+00 +3.9539e+00 -3.8946e+00 +3.0013e+00 -1.7290e+00 -1.7020e+00 -1.7304e+00 +2.2605e+00
18 0 +4.022971879e+02 +4.540471879e+02 +4.540471879e+02 +1.9645e-01 -1.0913e+00 -1.4314e+00 -2.7108e+00 -1.9357e+00 -4.9071e+00 -4.4923e-01 +8.6358e-01 +7.9905e-01 +3.9296e+00
67 0 +3.397127986e+02 +3.914627986e+02 +3.914627986e+02 +9.9393e-01 -8.2905e-01 -5.5650e-01 +1.3478e+00 -8.4731e-01 -1.6190e+00 -1.5715e+00 +2.6883e+00 +2.3632e+00 -1.0250e+00
91 0 +2.579116201e+02 +3.096616201e+02 +3.096616201e+02 -3.2020e+00 -2.2915e-01 +1.3842e+00 +3.0209e+00 -3.9793e+00 -2.7869e+00 -1.0432e+00 +5.0402e-01 +1.0936e+00 +4.7227e-01
101 0 +2.526410457e+02 +3.043910457e+02 +3.043910457e+02 -3.7957e+00 -2.8088e-01 +1.1063e+00 +3.1432e+00 -4.0831e+00 -2.6604e+00 -7.1753e-01 +5.6595e-01 +9.4479e-01 +1.8451e-01
126 0 +2.277970614e+02 +2.795470614e+02 +2.795470614e+02 +8.9148e-02 +2.0982e-01 +3.3575e-01 +3.4839e-01 -5.8762e-01 +6.5239e-02 -4.2258e-01 -8.3769e-02 -6.2331e-02 -1.2839e-03
135 0 +2.228026093e+02 +2.745526093e+02 +2.745526093e+02 -8.4900e-02 +2.3644e-01 +3.5599e-01 +3.9258e-01 -7.0255e-01 -3.5089e-02 -4.7618e-01 -9.4395e-02 -7.5010e-02 +1.9711e-01
145 0 +2.144505651e+02 +2.662005651e+02 +2.662005651e+02 +9.2228e-02 +8.1455e-02 +2.0286e-01 +1.3525e-01 -2.7829e-03 -2.5233e-02 -1.6405e-01 -3.2520e-02 -6.5127e-02 +4.8368e-02
152 0 +1.972717823e+02 +2.490217823e+02 +2.490217823e+02 -2.2724e-02 -1.2975e-01 +5.1626e-02 +1.0508e-01 -1.8805e-01 -7.5616e-02 -8.3968e-02 +6.7581e-02 +9.8035e-02 +9.2664e-03
161 0 +1.928007029e+02 +2.445507029e+02 +2.445507029e+02 -1.3363e-02 +1.4377e-01 +1.2673e-01 +6.1792e-02 -2.8613e-03 +1.1571e-02 -6.4344e-02 -2.6795e-02 -1.1055e-02 +3.0475e-03
194 0 +1.827147704e+02 +2.344647704e+02 +2.344647704e+02 +3.6571e-02 +4.2350e-03 -6.9646e-03 -8.4219e-03 -1.2584e-02 +1.3168e-03 -8.5293e-03 -1.6908e-03 -1.2581e-03 +3.4680e-04
204 0 +1.752249130e+02 +2.269749130e+02 +2.269749130e+02 +1.3484e-01 +7.3921e-02 -1.4474e-01 +1.3064e-01 +1.5962e-01 -9.1972e-02 -1.4142e-01 +1.3762e-02 +3.0517e-02 -8.4125e-03
318 0 +1.592864388e+02 +2.110364388e+02 +2.110364388e+02 -1.0732e-01 -5.2055e-01 -8.2385e-02 +9.6877e-03 +7.1131e-02 -7.3536e-02 +9.2543e-02 +1.5505e-01 +8.3504e-02 +1.1852e-02
445 0 +1.538560722e+02 +2.056060722e+02 +2.056060722e+02 +7.0574e-02 -1.3249e-01 -1.0066e-01 +6.9982e-02 -2.7292e-02 -5.6060e-02 +2.8183e-02 +1.5985e-02 +2.4709e-02 -5.7423e-02
667 0 +1.509588786e+02 +2.027088786e+02 +2.027088786e+02 +5.0728e-02 -1.2241e-01 -9.6491e-02 +6.8269e-02 +5.6035e-02 -5.0660e-02 +2.9216e-03 +4.0283e-02 +1.4151e-02 -5.5814e-02
698 0 +1.397203276e+02 +1.914703276e+02 +1.914703276e+02 +5.8616e-02 +1.0276e-01 -7.1238e-02 +2.7051e-02 -5.4829e-03 -1.1723e-01 +6.5128e-02 -5.5615e-03 +3.3207e-01 -4.1207e-02
701 0 +1.371843731e+02 +1.889343731e+02 +1.889343731e+02 +2.7734e-02 +1.4284e-01 -8.1517e-02 +2.3747e-02 -2.1698e-02 -7.4750e-02 +7.1865e-02 +6.4935e-02 +3.8484e-01 -4.8603e-02
1016 0 +1.339201952e+02 +1.856701952e+02 +1.856701952e+02 +6.1587e-02 +3.6414e-01 +6.1851e-01 +4.6067e-02 +7.9145e-02 -4.1057e-01 -7.1103e-03 -7.4654e-02 +4.9806e-01 +2.3743e-01
1301 0 +1.184580306e+02 +1.702080306e+02 +1.702080306e+02 +8.0562e-02 +4.6714e-01 +6.8279e-01 +1.6156e-02 +7.1957e-02 -4.0399e-01 -9.4837e-03 -1.1502e-01 +3.5097e-01 +2.6198e-01
4206 0 +8.729283670e+01 +1.390428367e+02 +1.390428367e+02 +2.2867e-01 +1.2280e+00 +1.3180e+00 +6.3244e-01 -4.9146e-01 -7.7749e-02 +8.1792e-01 -7.2422e-01 +2.6580e+00 +1.5617e-01
5605 0 +8.017785347e+01 +1.319278535e+02 +1.319278535e+02 +3.6150e-02 +5.2714e-01 +6.3057e-01 +7.1908e-01 -1.2933e-01 -4.6801e-01 +4.4767e-01 -2.3116e-01 +1.6776e+00 -7.3862e-02
8101 0 +7.732442072e+01 +1.290744207e+02 +1.290744207e+02 +1.0474e-02 +4.7887e-01 +9.7715e-01 +8.3456e-02 -6.9932e-01 -5.9951e-01 +1.1523e+00 -6.8943e-01 +2.9313e+00 -5.2420e-01
8501 0 +6.404996069e+01 +1.157999607e+02 +1.157999607e+02 +1.2585e-01 +6.2265e-01 +9.6686e-01 +5.8198e-02 -5.2588e-01 -4.1504e-01 +8.6617e-01 -7.1224e-01 +2.6261e+00 -3.4636e-01
9116 0 +6.039062453e+01 +1.121406245e+02 +1.121406245e+02 +5.5471e-02 +4.3522e-01 +8.0424e-01 -3.0217e-01 -5.0094e-01 -4.9538e-01 +1.3160e+00 -3.4621e-01 +1.9355e+00 -3.3816e-02
9310 0 +5.963156355e+01 +1.113815635e+02 +1.113815635e+02 +1.2560e-01 +4.5722e-01 +6.0220e-01 +3.8545e-02 -4.5466e-01 -5.0977e-01 +9.0768e-01 -7.2065e-01 +2.1710e+00 +5.1946e-02
% f evaluations | g evaluations | best noise-free fitness - Fopt (-5.541400000000e+02) + sum g_i+ | measured fitness | best measured fitness or single-digit g-values | x1 | x2...
1 0 +1.985915272e+03 +1.431775272e+03 +1.431775272e+03 +5.1040e-01 +4.0200e+00 -2.9364e+00 +2.8264e+00 +1.4429e+00 -4.2577e+00 -8.0655e-01 -1.5284e-02 +3.2372e+00 -3.1214e-01
3 0 +1.933246612e+03 +1.379106612e+03 +1.379106612e+03 +3.6751e+00 -3.0854e+00 -4.0515e+00 +4.6072e+00 +1.8493e+00 -3.2004e-01 -3.2402e+00 -1.0855e-01 -2.0106e+00 +4.6626e+00
5 0 +8.030063628e+02 +2.488663628e+02 +2.488663628e+02 -3.6670e-01 -4.9606e+00 -4.5685e+00 -1.4462e+00 -4.3257e+00 +2.7351e-01 -4.1107e+00 +2.1573e-01 +1.8760e+00 +2.0802e+00
6 0 +6.710259022e+02 +1.168859022e+02 +1.168859022e+02 +2.4353e+00 +1.6613e+00 +1.8019e+00 -2.9300e+00 -4.2369e+00 +3.1110e+00 -3.0947e+00 -4.8038e+00 -1.3164e+00 -1.7668e+00
10 0 +3.280040203e+02 -2.261359797e+02 -2.261359797e+02 -4.5616e+00 +2.9135e+00 -6.8155e-01 +2.1243e-01 -2.3365e+00 -1.5845e+00 +9.5972e-01 -3.4728e-02 -5.0485e-01 +8.7832e-01
126 0 +3.100455073e+02 -2.440944927e+02 -2.440944927e+02 -1.5635e+00 +4.1212e-01 -4.3865e-01 +7.2779e-01 -9.4935e-01 +1.4718e-01 +9.0259e-01 +5.0276e-01 -8.2782e-01 +7.3815e-02
128 0 +2.825918020e+02 -2.715481980e+02 -2.715481980e+02 -7.2454e-02 +4.2860e-02 -4.5619e-02 +7.5689e-02 -1.0026e-01 +8.4379e-03 +9.3869e-02 +5.2286e-02 -9.8716e-02 +7.6766e-03
130 0 +2.694160962e+02 -2.847239038e+02 -2.847239038e+02 -4.9733e-01 +1.2919e-01 -2.2219e-02 +2.2815e-01 -2.9761e-01 +2.5435e-02 +1.0867e-01 +1.5761e-01 -2.9756e-01 -7.4677e-02
161 0 +2.602452258e+02 -2.938947742e+02 -2.938947742e+02 -6.3724e-01 +1.4878e-01 -1.5836e-01 +2.6274e-01 -3.4272e-01 +8.3537e-02 +3.2585e-01 +1.8150e-01 -3.9285e-01 -5.7448e-02
232 0 +2.497905096e+02 -3.043494904e+02 -3.043494904e+02 -8.7113e-01 +2.4134e-01 -1.8732e-01 +3.8130e-01 -4.8597e-01 +9.7060e-02 +5.3195e-01 +2.6475e-01 -4.7936e-01 -8.8831e-02
236 0 +2.350007677e+02 -3.191392323e+02 -3.191392323e+02 -3.5760e-01 +2.1892e-01 -2.4892e-01 +1.3741e-01 -2.7145e-01 +5.4215e-02 +2.5334e-01 +1.4788e-01 -1.8570e-01 -1.9657e-02
402 0 +2.244943885e+02 -3.296456115e+02 -3.296456115e+02 -3.0503e-01 +2.5981e-01 -3.0732e-01 +1.7921e-01 -2.6547e-01 +5.1207e-02 +1.4163e-01 +1.2659e-01 -1.4376e-01 -1.6866e-02
405 0 +2.077420115e+02 -3.463979885e+02 -3.463979885e+02 -2.3043e-01 +2.1389e-01 -2.5992e-01 +2.0887e-01 -4.0901e-01 -3.3801e-04 +5.7051e-01 -8.9129e-02 -1.1975e-01 -1.1197e-02
1050 0 +2.028268557e+02 -3.513131443e+02 -3.513131443e+02 -1.4153e-01 +1.4176e-01 -1.7848e-01 +1.7098e-01 -2.9653e-01 +7.9369e-02 +1.7247e-01 -2.0697e-01 -3.6733e-02 -3.1761e-01
1613 0 +1.975755317e+02 -3.565644683e+02 -3.565644683e+02 -6.9137e-02 +6.0134e-03 -2.7865e-01 +3.7935e-01 -3.1365e-01 +1.5322e-01 +1.7581e-01 -1.1971e-01 -9.1276e-02 -2.6429e-01
2401 0 +1.827885189e+02 -3.713514811e+02 -3.713514811e+02 +2.4294e-01 +2.4716e+00 -1.1978e-01 +2.3840e+00 -8.4313e-01 +2.6268e-01 +5.3426e-01 -1.5957e+00 +7.6146e-01 -9.6350e-01
2712 0 +1.713470820e+02 -3.827929180e+02 -3.827929180e+02 +2.5574e-01 +2.4552e+00 -1.2620e-01 +2.6139e+00 -7.8933e-01 +4.0015e-01 +5.5830e-01 -1.6696e+00 +7.6617e-01 -1.0177e+00
2713 0 +1.660686262e+02 -3.880713738e+02 -3.880713738e+02 +1.0354e-01 +1.3415e+00 -1.9650e-01 +1.0131e+00 -7.4565e-01 +5.0917e-02 +6.6174e-01 -9.3664e-01 +4.5754e-01 -9.2647e-01
2801 0 +1.604071118e+02 -3.937328882e+02 -3.937328882e+02 +1.4762e-01 +1.7423e+00 -2.8036e-01 +1.1337e+00 -9.6789e-01 +1.4827e-01 +9.4900e-01 -1.3776e+00 +6.3303e-01 -1.2813e+00
2901 0 +1.463381398e+02 -4.078018602e+02 -4.078018602e+02 +2.6392e-01 +2.4293e+00 -4.2242e-01 +1.5277e+00 -1.3663e+00 +2.0949e-01 +1.3906e+00 -1.9925e+00 +9.5810e-01 -1.9778e+00
3304 0 +1.370013013e+02 -4.171386987e+02 -4.171386987e+02 +1.8817e-01 +1.4325e+00 -3.2696e-01 +9.0085e-01 -1.8523e-01 +1.3107e-01 +6.8616e-01 -1.0271e+00 +7.2179e-01 -1.4152e+00
3804 0 +1.272299323e+02 -4.269100677e+02 -4.269100677e+02 +5.7100e-02 +1.6975e+00 -3.0629e-01 +9.7555e-01 -5.0453e-01 -8.1551e-03 +1.0157e+00 -9.0241e-01 +8.1793e-01 -1.2834e+00
3908 0 +1.235292648e+02 -4.306107352e+02 -4.306107352e+02 -4.5227e-02 +3.0293e+00 -7.8244e-01 +1.4895e+00 -1.5594e+00 +7.2278e-01 +2.2353e+00 -2.5255e+00 +1.4007e+00 -2.0272e+00
4201 0 +1.085527707e+02 -4.455872293e+02 -4.455872293e+02 -2.1521e-01 +2.8912e+00 -3.3051e-01 +1.3832e+00 -1.5376e+00 +1.2296e+00 +2.0898e+00 -1.2902e+00 +1.2304e+00 -1.9255e+00
4417 0 +1.047857629e+02 -4.493542371e+02 -4.493542371e+02 -4.1357e-02 +2.2047e+00 -3.4939e-01 +1.0331e+00 -8.0893e-01 +1.0996e+00 +1.6004e+00 -1.6985e+00 +9.9655e-01 -1.7292e+00
4612 0 +9.453265470e+01 -4.596073453e+02 -4.596073453e+02 -4.5864e-02 +2.2316e+00 -3.1320e-01 +1.0328e+00 -8.1150e-01 +1.1328e+00 +1.5696e+00 -1.7140e+00 +1.0047e+00 -1.7383e+00
5401 0 +8.311277527e+01 -4.710272247e+02 -4.710272247e+02 -1.3375e-01 +1.8537e+00 -5.9714e-02 +1.0696e+00 -7.8745e-01 +5.9098e-01 +1.5074e+00 -1.3633e+00 +1.3267e+00 -1.7047e+00
5405 0 +7.856270961e+01 -4.755772904e+02 -4.755772904e+02 -3.1041e-02 +1.6347e+00 -2.3367e-01 +9.6659e-01 -8.8027e-01 +6.3952e-01 +1.4246e+00 -1.2861e+00 +1.3154e+00 -1.5810e+00
5938 0 +7.701747862e+01 -4.771225214e+02 -4.771225214e+02 -8.1407e-02 +2.3144e+00 -1.4742e-01 +9.4633e-01 -9.4629e-01 +6.6168e-01 +1.9816e+00 -1.3580e+00 +1.0464e+00 -1.3832e+00
8017 0 +7.509500313e+01 -4.790449969e+02 -4.790449969e+02 -5.4336e-04 +2.5274e+00 -2.3346e-01 +1.0351e+00 -8.5668e-01 +6.3968e-01 +2.0293e+00 -1.4273e+00 +1.0371e+00 -1.4085e+00
8111 0 +6.981696781e+01 -4.843230322e+02 -4.843230322e+02 +7.8817e-01 +2.3499e+00 -3.9785e-02 +9.6512e-01 +2.9656e-01 +5.8050e-01 +1.6102e+00 -9.9535e-01 +1.2787e+00 -1.6543e+00
9504 0 +6.441947608e+01 -4.897205239e+02 -4.897205239e+02 -1.6418e-01 +3.0041e+00 -1.5933e-01 +8.9109e-01 -2.5258e-01 +1.1479e+00 +3.4436e+00 -1.4241e+00 +1.4478e+00 -2.0140e+00
% f evaluations | g evaluations | best noise-free fitness - Fopt (1.774000000000e+01) + sum g_i+ | measured fitness | best measured fitness or single-digit g-values | x1 | x2...
1 0 +3.615534460e+03 +3.633274460e+03 +3.633274460e+03 +1.6387e+00 +2.7574e+00 -1.5534e+00 -2.1393e+00 -3.0526e+00 -4.2634e+00 +3.2547e-01 -2.5250e+00 +4.2253e+00 -3.8593e+00
2 0 +1.524486555e+03 +1.542226555e+03 +1.542226555e+03 +3.9804e+00 +3.4573e+00 -2.9618e+00 +1.9589e+00 -6.5129e-01 -4.1127e+00 -1.9102e+00 +4.8409e+00 -4.6209e+00 +4.4424e+00
4 0 +1.003063478e+03 +1.020803478e+03 +1.020803478e+03 -1.2767e+00 +1.5681e-01 -3.7766e+00 +4.8275e+00 +5.1422e-01 -1.0458e+00 -3.3335e+00 -2.9980e+00 -4.6523e+00 +2.3011e+00
9 0 +7.150928240e+02 +7.328328240e+02 +7.328328240e+02 +3.1819e+00 +1.4181e+00 -4.7507e+00 +4.4518e+00 -5.5719e-02 +4.8710e+00 +1.9591e+00 +5.6122e-01 +2.1161e-01 -8.9634e-01
12 0 +3.040908671e+02 +3.218308671e+02 +3.218308671e+02 -1.3686e+00 -1.9137e+00 -2.5394e+00 +2.1695e+00 -4.6741e+00 -1.5066e+00 -1.6841e+00 +2.1528e+00 +2.0752e+00 -1.7167e+00
56 0 +2.456410330e+02 +2.633810330e+02 +2.633810330e+02 -4.7786e+00 +2.4132e+00 -1.6220e+00 +1.0804e-01 -1.9807e+00 +2.6230e+00 -8.9741e-01 +1.0100e+00 +1.9429e+00 -3.1960e+00
203 0 +2.442334914e+02 +2.619734914e+02 +2.619734914e+02 -8.0450e-01 +1.6124e-01 -3.5152e-01 -6.2073e-01 -5.4776e-01 +1.1180e+00 -1.6830e-01 +8.1235e-01 +5.8268e-02 +5.1516e-02
214 0 +2.396678433e+02 +2.574078433e+02 +2.574078433e+02 -8.7275e-01 +5.1723e-01 -3.7546e-01 -5.6422e-01 -7.1087e-01 +1.1363e+00 -2.1379e-01 +8.5068e-01 +1.8179e-01 +5.0913e-02
356 0 +2.257485775e+02 +2.434885775e+02 +2.434885775e+02 -3.0172e-01 -1.3664e-01 -3.4028e-01 +2.4927e-01 -6.7390e-01 -1.2432e-01 -2.2274e-01 +3.5824e-01 +4.5042e-01 -3.3279e-01
441 0 +2.194189161e+02 +2.371589161e+02 +2.371589161e+02 +2.5106e-01 -1.1213e-01 -1.2723e-01 +1.0054e-01 -1.5336e-01 -2.7949e-02 -1.3617e-01 +7.4540e-02 +7.7070e-02 -1.2981e-03
586 0 +2.098828045e+02 +2.276228045e+02 +2.276228045e+02 +7.2326e-02 -2.5409e-01 -1.9547e-01 +6.6745e-02 -1.0475e-01 -1.7335e-02 +1.8996e-01 +9.1882e-02 +5.2051e-02 +3.2650e-03
734 0 +2.073284889e+02 +2.250684889e+02 +2.250684889e+02 +2.2471e-01 -1.6529e-01 -7.1622e-02 +1.9349e-01 -1.2563e-01 -7.6281e-03 -9.9678e-02 +5.1191e-03 +7.1204e-02 -4.2958e-02
1005 0 +2.028346636e+02 +2.205746636e+02 +2.205746636e+02 +1.5211e-01 -1.5419e-01 -9.7894e-02 +2.9621e-01 -1.0433e-01 +2.1712e-02 +1.2973e-01 -1.2199e-02 +5.7595e-02 -3.0735e-02
1302 0 +1.885058535e+02 +2.062458535e+02 +2.062458535e+02 -7.6833e-02 -1.5955e-01 -2.9801e-01 +1.8139e-01 +4.4555e-01 +6.6409e-02 +1.3726e-01 -2.1229e-02 +2.6622e-01 -9.0622e-01
1901 0 +1.732652742e+02 +1.910052742e+02 +1.910052742e+02 -2.6399e-01 -2.9852e-01 -2.6302e-01 +1.8456e-01 +1.2076e+00 -3.2490e-01 +4.1956e-01 -4.8741e-02 +5.0603e-01 -1.9893e+00
1915 0 +1.446698171e+02 +1.624098171e+02 +1.624098171e+02 +2.7427e-01 -4.5820e-01 -3.0791e-01 +3.0595e-01 +3.0584e-01 +4.1025e-02 +1.4250e-01 -1.8300e-03 +4.7351e-01 -8.3644e-01
2604 0 +1.418523811e+02 +1.595923811e+02 +1.595923811e+02 +1.3850e-01 +3.8115e-01 -3.0546e-01 +1.3844e-01 +4.1130e-01 +1.6559e-02 +1.5418e-01 +1.5324e-01 -6.1253e-04 -1.4824e+00
2701 0 +1.369011192e+02 +1.546411192e+02 +1.546411192e+02 +2.7247e-01 +7.4544e-01 -4.1310e-01 -1.0746e-02 +3.9409e-01 +1.0196e-01 +2.6448e-01 +3.6817e-01 -3.6946e-02 -2.0317e+00
2905 0 +1.252342745e+02 +1.429742745e+02 +1.429742745e+02 +5.4001e-02 +6.2354e-01 -2.0916e-01 +2.8992e-01 +4.0013e-01 -8.0254e-03 +2.2237e-01 +4.0142e-01 +6.6880e-02 -1.3345e+00
4115 0 +1.195923776e+02 +1.373323776e+02 +1.373323776e+02 +1.3145e-01 +4.7902e-01 -8.4960e-02 +2.2921e-01 +3.5118e-01 +5.2979e-02 +1.8367e-01 +9.7510e-03 -2.0429e-02 -1.5045e+00
4274 0 +1.155344996e+02 +1.332744996e+02 +1.332744996e+02 +1.7619e-01 +4.5503e-01 -2.4678e-01 +2.1862e-01 +3.9490e-01 +6.2778e-04 +1.4320e-01 +3.7985e-01 +2.3915e-02 -1.5750e+00
5206 0 +1.135469278e+02 +1.312869278e+02 +1.312869278e+02 +4.6461e-01 +1.4420e+00 -1.0878e+00 +4.3775e-01 +5.4182e-01 +1.7034e-02 +1.2269e+00 +3.3064e-01 +4.0332e-01 -4.1721e+00
5607 0 +9.974645796e+01 +1.174864580e+02 +1.174864580e+02 +2.7736e-01 +7.7018e-01 -4.9180e-01 +3.5155e-01 +4.0724e-01 -1.5687e-02 +7.1412e-01 +6.3457e-02 +3.1693e-02 -2.9135e+00
8502 0 +7.207936821e+01 +8.981936821e+01 +8.981936821e+01 +2.1612e+00 +6.7758e-01 -8.5741e-02 +2.1110e-01 +3.3371e-01 +2.8157e-02 +2.7993e-01 +1.2389e+00 +9.1429e-01 -3.9045e+00
