% f evaluations | g evaluations | best noise-free fitness - Fopt (3.590000000000e+01) + sum g_i+ | measured fitness | best measured fitness or single-digit g-values | x1 | x2...
1 0 +1.352074276e+05 +1.352433276e+05 +1.352433276e+05 -4.7626e+00 +3.9057e+00 -7.5594e-01
5 0 +9.342720493e+01 +1.293272049e+02 +1.293272049e+02 +4.0364e+00 -2.0374e+00 -7.4867e-01
8 0 +8.291336563e+01 +1.188133656e+02 +1.188133656e+02 +4.6202e+00 +1.4873e+00 -5.9910e-01
41 0 +6.960434558e+01 +1.055043456e+02 +1.055043456e+02 +3.9960e+00 -4.8464e+00 +9.2611e-01
44 0 +4.054437535e+01 +7.644437535e+01 +7.644437535e+01 +3.5594e-01 +1.3379e+00 -8.4681e-01
55 0 +3.115470557e+01 +6.705470557e+01 +6.705470557e+01 +1.1418e+00 -5.9728e-01 +1.6365e-01
74 0 +2.369764739e+01 +5.959764739e+01 +5.959764739e+01 +4.2175e+00 +2.1944e+00 +1.4396e+00
401 0 +2.285698901e+01 +5.875698901e+01 +5.875698901e+01 +1.2319e+00 -4.0968e-01 +7.1415e-01
501 0 +1.899895906e+01 +5.489895906e+01 +5.489895906e+01 +1.5009e+00 -4.3830e-01 +9.5438e-01
601 0 +1.312488142e+01 +4.902488142e+01 +4.902488142e+01 +2.1093e+00 -5.6733e-01 +1.3188e+00
701 0 +1.248213419e+01 +4.838213419e+01 +4.838213419e+01 +2.2415e+00 -5.9780e-01 +1.5206e+00
801 0 +7.842712415e+00 +4.374271241e+01 +4.374271241e+01 +2.9422e+00 -7.7098e-01 +2.1012e+00
901 0 +6.709188499e+00 +4.260918850e+01 +4.260918850e+01 +3.3186e+00 -7.8987e-01 +2.3918e+00
1304 0 +5.981013395e+00 +4.188101339e+01 +4.188101339e+01 +2.8541e+00 -3.4674e-01 +2.1288e+00
1705 0 +5.539307699e+00 +4.143930770e+01 +4.143930770e+01 +3.2481e+00 -4.5488e-01 +2.3336e+00
1708 0 +4.352966858e+00 +4.025296686e+01 +4.025296686e+01 +2.9809e+00 -1.8493e-01 +2.2389e+00
1801 0 +3.780484960e+00 +3.968048496e+01 +3.968048496e+01 +3.1305e+00 -1.6310e-01 +2.3616e+00
2101 0 +2.857911058e+00 +3.875791106e+01 +3.875791106e+01 +3.1397e+00 +2.7524e-01 +2.2714e+00
2201 0 +2.489718373e+00 +3.838971837e+01 +3.838971837e+01 +3.2244e+00 +3.6814e-01 +2.3548e+00
2202 0 +2.168829028e+00 +3.806882903e+01 +3.806882903e+01 +2.6833e+00 +8.6527e-01 +2.0574e+00
2302 0 +2.010190398e+00 +3.791019040e+01 +3.791019040e+01 +3.5305e+00 +4.5488e-01 +2.6120e+00
2402 0 +8.855311002e-01 +3.678553110e+01 +3.678553110e+01 +3.0931e+00 +1.0310e+00 +2.4255e+00
2703 0 +4.272629234e-01 +3.632726292e+01 +3.632726292e+01 +2.7502e+00 +9.1814e-01 +2.3881e+00
2801 0 +4.478103044e-02 +3.594478103e+01 +3.594478103e+01 +2.8217e+00 +1.0811e+00 +2.5441e+00
% f evaluations | g evaluations | best noise-free fitness - Fopt (3.137000000000e+01) + sum g_i+ | measured fitness | best measured fitness or single-digit g-values | x1 | x2...
1 0 +1.807465527e+05 +1.807779227e+05 +1.807779227e+05 -4.8604e+00 +2.2869e+00 -1.1739e+00
2 0 +9.017205736e+04 +9.020342736e+04 +9.020342736e+04 -3.5423e+00 +9.1769e-01 -2.0589e+00
3 0 +4.108090260e+01 +7.245090260e+01 +7.245090260e+01 +1.0068e-02 -2.7187e-01 -1.0708e+00
30 0 +3.278122515e+01 +6.415122515e+01 +6.415122515e+01 +1.6297e+00 +3.9669e+00 -2.6557e+00
65 0 +5.363836255e+00 +3.673383626e+01 +3.673383626e+01 +9.8727e-01 +2.8253e+00 -4.1804e+00
1001 0 +4.097223250e+00 +3.546722325e+01 +3.546722325e+01 +4.5426e-01 +1.8673e+00 -3.6892e+00
1301 0 +2.385941712e+00 +3.375594171e+01 +3.375594171e+01 +1.5983e-01 +2.7507e+00 -3.7324e+00
1902 0 +1.874390682e+00 +3.324439068e+01 +3.324439068e+01 -9.4403e-02 +2.4113e+00 -3.4764e+00
2301 0 +3.217513140e-01 +3.169175131e+01 +3.169175131e+01 -2.5379e-01 +2.1685e+00 -3.7543e+00
% f evaluations | g evaluations | best noise-free fitness - Fopt (-1.000000000000e+03) + sum g_i+ | measured fitness | best measured fitness or single-digit g-values | x1 | x2...
1 0 +1.296871569e+05 +1.286871569e+05 +1.286871569e+05 -3.1251e+00 +2.4269e+00 -4.6403e+00
8 0 +1.187030292e+05 +1.177030292e+05 +1.177030292e+05 +3.0755e+00 -4.3686e+00 +4.1840e+00
10 0 +1.383469747e+04 +1.283469747e+04 +1.283469747e+04 -4.2120e+00 -1.8599e+00 +2.8539e+00
12 0 +1.354184776e+04 +1.254184776e+04 +1.254184776e+04 -3.2925e+00 -4.4102e+00 +1.6321e+00
28 0 +5.032778124e+02 -4.967221876e+02 -4.967221876e+02 -4.5164e+00 -2.5125e+00 +1.3043e+00
44 0 +1.476756325e+01 -9.852324367e+02 -9.852324367e+02 -3.4685e+00 -4.6422e+00 +4.0522e+00
73 0 +4.831127826e+00 -9.951688722e+02 -9.951688722e+02 -2.2213e-01 -3.4177e+00 +2.8522e+00
501 0 +4.236360992e+00 -9.957636390e+02 -9.957636390e+02 -1.5387e+00 -3.3772e+00 +2.7055e+00
801 0 +3.636216025e+00 -9.963637840e+02 -9.963637840e+02 -1.3693e+00 -3.1124e+00 +2.6947e+00
802 0 +2.849654826e+00 -9.971503452e+02 -9.971503452e+02 -1.1121e+00 -3.0547e+00 +2.4890e+00
1102 0 +2.312367363e+00 -9.976876326e+02 -9.976876326e+02 -1.1229e+00 -3.2109e+00 +2.8228e+00
1201 0 +2.215323174e+00 -9.977846768e+02 -9.977846768e+02 -1.0917e+00 -3.1971e+00 +2.8076e+00
1301 0 +1.255241364e+00 -9.987447586e+02 -9.987447586e+02 -8.5196e-01 -3.2807e+00 +2.8135e+00
1401 0 +6.762987188e-01 -9.993237013e+02 -9.993237013e+02 -6.6515e-01 -3.3459e+00 +2.8068e+00
2309 0 +4.845630945e-01 -9.995154369e+02 -9.995154369e+02 -5.5345e-01 -3.5618e+00 +2.8868e+00
2506 0 +3.205440003e-01 -9.996794560e+02 -9.996794560e+02 -4.9411e-01 -3.4119e+00 +2.8127e+00
2623 0 +1.258729908e-01 -9.998741270e+02 -9.998741270e+02 -3.6545e-01 -3.3017e+00 +2.8050e+00
% f evaluations | g evaluations | best noise-free fitness - Fopt (1.319200000000e+02) + sum g_i+ | measured fitness | best measured fitness or single-digit g-values | x1 | x2...
1 0 +1.122768289e+05 +1.124087489e+05 +1.124087489e+05 +4.7171e+00 -1.1345e+00 +1.8465e+00
2 0 +5.687272903e+04 +5.700464903e+04 +5.700464903e+04 -4.9131e+00 -3.2980e+00 -2.9328e+00
5 0 +1.025419273e+04 +1.038611273e+04 +1.038611273e+04 -2.9734e+00 -4.4770e+00 -4.8222e+00
7 0 +2.505140800e+02 +3.824340800e+02 +3.824340800e+02 +3.4746e+00 -3.1540e-01 -2.6118e+00
8 0 +2.148215690e+02 +3.467415690e+02 +3.467415690e+02 +2.6717e+00 -3.4695e-02 -2.9236e+00
39 0 +2.375346583e+00 +1.342953466e+02 +1.342953466e+02 -4.0078e+00 +1.1865e+00 -4.2096e+00
502 0 +2.340693545e+00 +1.342606935e+02 +1.342606935e+02 -3.5074e+00 +1.6135e+00 -3.9827e+00
% f evaluations | g evaluations | best noise-free fitness - Fopt (5.908400000000e+02) + sum g_i+ | measured fitness | best measured fitness or single-digit g-values | x1 | x2...
1 0 +1.074829360e+05 +1.080737760e+05 +1.080737760e+05 +1.0291e+00 +2.8781e+00 +4.2953e+00
2 0 +3.539184516e+04 +3.598268516e+04 +3.598268516e+04 +1.8933e+00 +1.8548e+00 +8.3822e-01
3 0 +1.729535901e+04 +1.788619901e+04 +1.788619901e+04 +7.0121e-01 -2.0755e+00 -1.7303e+00
8 0 +1.739369228e+02 +7.647769228e+02 +7.647769228e+02 +4.6219e+00 -4.8573e+00 +4.1268e+00
19 0 +1.187082907e+02 +7.095482907e+02 +7.095482907e+02 +4.3410e+00 -2.3853e+00 +3.8556e+00
23 0 +1.706944230e+01 +6.079094423e+02 +6.079094423e+02 +2.3561e+00 -2.5482e+00 -9.3764e-01
54 0 +3.561061065e-01 +5.911961061e+02 +5.911961061e+02 +1.4913e+00 -3.5265e+00 -3.3331e+00
% f evaluations | g evaluations | best noise-free fitness - Fopt (2.156100000000e+02) + sum g_i+ | measured fitness | best measured fitness or single-digit g-values | x1 | x2...
1 0 +5.474718959e+01 +2.703571896e+02 +2.703571896e+02 +2.3623e+00 +2.8698e+00 -4.9267e+00
9 0 +5.106400310e+01 +2.666740031e+02 +2.666740031e+02 +1.0536e+00 +3.2366e+00 -2.4135e+00
11 0 +2.984190612e+00 +2.185941906e+02 +2.185941906e+02 -1.7280e+00 +3.4731e+00 -2.7250e+00
2901 0 +1.953476120e+00 +2.175634761e+02 +2.175634761e+02 -1.6231e+00 +2.9012e+00 -3.0237e+00
% f evaluations | g evaluations | best noise-free fitness - Fopt (1.936900000000e+02) + sum g_i+ | measured fitness | best measured fitness or single-digit g-values | x1 | x2...
1 0 +4.859375702e+05 +4.861312602e+05 +4.861312602e+05 -1.3707e+00 +4.0224e+00 +3.3859e+00
2 0 +1.891772590e+04 +1.911141590e+04 +1.911141590e+04 +6.6105e-01 +1.9098e-01 -2.7808e+00
3 0 +1.221372428e+01 +2.059037243e+02 +2.059037243e+02 +2.1436e+00 +3.0581e+00 -1.9040e+00
501 0 +8.415200130e+00 +2.021052001e+02 +2.021052001e+02 +1.3342e+00 +2.9227e+00 -2.9837e+00
602 0 +6.998114434e+00 +2.006881144e+02 +2.006881144e+02 +1.3971e+00 +3.2086e+00 -3.0559e+00
1001 0 +6.391139359e+00 +2.000811394e+02 +2.000811394e+02 +1.4630e+00 +3.4643e+00 -2.9318e+00
1101 0 +5.439892187e+00 +1.991298922e+02 +1.991298922e+02 +1.2829e+00 +3.4099e+00 -2.5107e+00
1402 0 +4.266054437e+00 +1.979560544e+02 +1.979560544e+02 +9.2526e-01 +3.5565e+00 -3.0521e+00
1501 0 +3.674881908e+00 +1.973648819e+02 +1.973648819e+02 +6.3069e-01 +3.7001e+00 -3.1681e+00
1604 0 +3.472056721e+00 +1.971620567e+02 +1.971620567e+02 +7.4790e-01 +3.4268e+00 -2.8526e+00
1701 0 +2.444065731e+00 +1.961340657e+02 +1.961340657e+02 +2.1650e-01 +3.2773e+00 -2.8781e+00
1801 0 +1.414939909e+00 +1.951049399e+02 +1.951049399e+02 -1.3792e-01 +3.4789e+00 -2.9814e+00
2301 0 +1.407017949e+00 +1.950970179e+02 +1.950970179e+02 +4.4062e-02 +3.4882e+00 -2.7850e+00
2316 0 +1.372155498e+00 +1.950621555e+02 +1.950621555e+02 -1.9284e-01 +3.6124e+00 -2.9440e+00
2603 0 +8.147259900e-01 +1.945047260e+02 +1.945047260e+02 -2.9199e-01 +3.2622e+00 -2.4717e+00
% f evaluations | g evaluations | best noise-free fitness - Fopt (3.513000000000e+01) + sum g_i+ | measured fitness | best measured fitness or single-digit g-values | x1 | x2...
1 0 +3.107616527e+05 +3.107967827e+05 +3.107967827e+05 -3.1563e+00 +2.0867e+00 +2.1768e+00
2 0 +6.246690684e+04 +6.250203684e+04 +6.250203684e+04 -9.7052e-01 +4.5084e+00 -1.4910e-01
3 0 +1.131121396e+04 +1.134634396e+04 +1.134634396e+04 +1.0886e+00 -1.2241e+00 -8.5765e-01
6 0 +1.079786749e+04 +1.083299749e+04 +1.083299749e+04 -1.6292e+00 -6.9955e-01 -2.0000e+00
11 0 +7.400693961e+01 +1.091369396e+02 +1.091369396e+02 -2.5652e-01 +2.2721e-01 -4.7713e+00
13 0 +3.443376737e+01 +6.956376737e+01 +6.956376737e+01 -9.1902e-01 -2.5049e-02 -3.2061e+00
18 0 +5.351353230e+00 +4.048135323e+01 +4.048135323e+01 +2.0038e+00 +2.0657e+00 +4.5530e-01
231 0 +4.905894107e+00 +4.003589411e+01 +4.003589411e+01 +9.6491e-01 +1.0156e+00 -1.8310e-01
238 0 +4.720172162e+00 +3.985017216e+01 +3.985017216e+01 +8.1038e-01 +8.4180e-01 -1.5377e-01
244 0 +4.439100036e+00 +3.956910004e+01 +3.956910004e+01 +7.4633e-01 +8.6741e-01 -3.5351e-02
266 0 +4.184812558e+00 +3.931481256e+01 +3.931481256e+01 +8.5724e-01 +8.6970e-01 -2.9894e-02
301 0 +3.979798342e+00 +3.910979834e+01 +3.910979834e+01 +1.1207e+00 +8.6835e-01 -2.6172e-02
302 0 +3.844134190e+00 +3.897413419e+01 +3.897413419e+01 +1.0233e+00 +8.7196e-01 +1.3412e-02
390 0 +3.744257440e+00 +3.887425744e+01 +3.887425744e+01 +9.3033e-01 +8.8297e-01 +8.4907e-02
434 0 +3.662273367e+00 +3.879227337e+01 +3.879227337e+01 +9.5138e-01 +9.3163e-01 +1.1104e-01
455 0 +3.575283445e+00 +3.870528345e+01 +3.870528345e+01 +9.3615e-01 +9.0880e-01 +1.5263e-01
501 0 +3.099119226e+00 +3.822911923e+01 +3.822911923e+01 +1.1056e+00 +9.6616e-01 +1.9505e-01
601 0 +2.941028693e+00 +3.807102869e+01 +3.807102869e+01 +1.1742e+00 +9.2199e-01 +2.0313e-01
603 0 +2.507228199e+00 +3.763722820e+01 +3.763722820e+01 +1.2452e+00 +1.0060e+00 +3.8373e-01
701 0 +2.422162031e+00 +3.755216203e+01 +3.755216203e+01 +1.2774e+00 +1.0033e+00 +4.1701e-01
703 0 +2.015358019e+00 +3.714535802e+01 +3.714535802e+01 +1.5546e+00 +9.6702e-01 +4.5822e-01
801 0 +1.426049781e+00 +3.655604978e+01 +3.655604978e+01 +1.6733e+00 +9.9460e-01 +5.8952e-01
802 0 +1.014831622e+00 +3.614483162e+01 +3.614483162e+01 +1.6904e+00 +1.0988e+00 +8.3020e-01
901 0 +6.987136591e-01 +3.582871366e+01 +3.582871366e+01 +2.0637e+00 +1.1548e+00 +9.5287e-01
1001 0 +3.360688496e-01 +3.546606885e+01 +3.546606885e+01 +2.0981e+00 +1.1756e+00 +1.1127e+00
1302 0 +1.796470660e-01 +3.530964707e+01 +3.530964707e+01 +2.1461e+00 +1.1532e+00 +1.2129e+00
% f evaluations | g evaluations | best noise-free fitness - Fopt (-2.279900000000e+02) + sum g_i+ | measured fitness | best measured fitness or single-digit g-values | x1 | x2...
1 0 +4.308939857e+05 +4.306659957e+05 +4.306659957e+05 +6.9412e-01 -4.8586e+00 +1.1606e+00
2 0 +1.593668449e+05 +1.591388549e+05 +1.591388549e+05 +3.1544e+00 +1.1484e+00 -2.0249e+00
3 0 +1.126703643e+05 +1.124423743e+05 +1.124423743e+05 +8.6420e-01 -1.8240e+00 -1.5745e+00
4 0 +2.326399709e+03 +2.098409709e+03 +2.098409709e+03 -3.9799e+00 +3.9992e+00 +1.5414e+00
24 0 +4.932215940e+02 +2.652315940e+02 +2.652315940e+02 -1.5451e+00 +3.0310e+00 +4.4604e+00
28 0 +6.868727573e+01 -1.593027243e+02 -1.593027243e+02 -4.2763e+00 +2.8991e+00 +2.9515e+00
43 0 +5.442383908e+01 -1.735661609e+02 -1.735661609e+02 -4.8154e+00 +1.7068e+00 +3.2034e+00
61 0 +3.382591247e+01 -1.941640875e+02 -1.941640875e+02 -3.7901e+00 +1.1886e+00 +3.7702e+00
232 0 +2.898603102e+01 -1.990039690e+02 -1.990039690e+02 -2.2516e+00 +1.5382e+00 +2.6229e+00
243 0 +2.364225964e+01 -2.043477404e+02 -2.043477404e+02 -1.6948e+00 +8.5021e-01 +1.8155e+00
408 0 +2.339097991e+01 -2.045990201e+02 -2.045990201e+02 -1.6960e+00 +8.0307e-01 +1.8856e+00
502 0 +2.240054789e+01 -2.055894521e+02 -2.055894521e+02 -1.5467e+00 +8.5572e-01 +2.0910e+00
720 0 +2.220722572e+01 -2.057827743e+02 -2.057827743e+02 -1.5437e+00 +8.5399e-01 +2.1171e+00
921 0 +2.079854508e+01 -2.071914549e+02 -2.071914549e+02 -1.8348e+00 +9.6607e-01 +2.7437e+00
1001 0 +1.932904825e+01 -2.086609517e+02 -2.086609517e+02 -1.8437e+00 +1.0039e+00 +2.9626e+00
1101 0 +1.472874534e+01 -2.132612547e+02 -2.132612547e+02 -2.1009e+00 +9.8100e-01 +3.7806e+00
1404 0 +1.358795430e+01 -2.144020457e+02 -2.144020457e+02 -1.3769e+00 +6.2392e-01 +2.4911e+00
1408 0 +1.274064749e+01 -2.152493525e+02 -2.152493525e+02 -1.2790e+00 +5.1481e-01 +2.4716e+00
1504 0 +1.252685625e+01 -2.154631437e+02 -2.154631437e+02 -1.3159e+00 +6.8920e-01 +2.8986e+00
1601 0 +1.073950916e+01 -2.172504908e+02 -2.172504908e+02 -1.0954e+00 +7.0774e-01 +3.1997e+00
1701 0 +9.078559312e+00 -2.189114407e+02 -2.189114407e+02 -1.0939e+00 +7.7064e-01 +3.5694e+00
1801 0 +6.653529718e+00 -2.213364703e+02 -2.213364703e+02 -9.6751e-01 +7.7864e-01 +4.4144e+00
2201 0 +4.950237677e+00 -2.230397623e+02 -2.230397623e+02 -6.9963e-01 +4.2400e-01 +3.5942e+00
2205 0 +4.626954569e+00 -2.233630454e+02 -2.233630454e+02 -4.4412e-01 +4.5001e-01 +3.4463e+00
2301 0 +4.099236256e+00 -2.238907637e+02 -2.238907637e+02 -3.6014e-01 +4.7207e-01 +3.6257e+00
2601 0 +4.027259830e+00 -2.239627402e+02 -2.239627402e+02 -2.6072e-01 +5.2934e-01 +3.7882e+00
2602 0 +2.985259040e+00 -2.250047410e+02 -2.250047410e+02 -7.2717e-01 +1.3623e-01 +4.2882e+00
2606 0 +2.914419575e+00 -2.250755804e+02 -2.250755804e+02 -2.5226e-01 +2.1165e-01 +3.3557e+00
2701 0 +1.391748725e+00 -2.265982513e+02 -2.265982513e+02 -1.0939e-01 +2.2323e-02 +3.5904e+00
2801 0 +1.274192698e+00 -2.267158073e+02 -2.267158073e+02 -3.4026e-02 -2.2419e-02 +3.5950e+00
3001 0 +9.740303169e-01 -2.270159697e+02 -2.270159697e+02 -5.6984e-03 +7.8339e-02 +3.9161e+00
% f evaluations | g evaluations | best noise-free fitness - Fopt (-2.186000000000e+01) + sum g_i+ | measured fitness | best measured fitness or single-digit g-values | x1 | x2...
1 0 +1.977758492e+05 +1.977539892e+05 +1.977539892e+05 +9.5916e-01 +3.3609e+00 +6.7525e-01
2 0 +3.361488815e+04 +3.359302815e+04 +3.359302815e+04 -3.9264e+00 +2.9224e+00 -1.8305e+00
4 0 +1.166137179e+02 +9.475371793e+01 +9.475371793e+01 +3.6209e+00 -1.8020e+00 -3.5028e+00
11 0 +1.062492957e+02 +8.438929572e+01 +8.438929572e+01 -7.7522e-01 -2.3086e+00 -2.9631e+00
12 0 +5.444370791e+01 +3.258370791e+01 +3.258370791e+01 +1.9607e+00 -1.7060e+00 -1.3281e+00
26 0 +2.707940053e+00 -1.915205995e+01 -1.915205995e+01 -5.8464e-01 +1.1814e+00 -1.3538e+00
601 0 +2.639423023e+00 -1.922057698e+01 -1.922057698e+01 -2.6511e+00 +1.5136e+00 -1.9364e+00
703 0 +2.442135272e+00 -1.941786473e+01 -1.941786473e+01 -9.7211e-01 +1.1913e+00 -1.4643e+00
704 0 +2.326961619e+00 -1.953303838e+01 -1.953303838e+01 -1.5479e+00 +1.3736e+00 -1.7769e+00
801 0 +1.503223733e+00 -2.035677627e+01 -2.035677627e+01 -1.9117e+00 +1.9486e+00 -2.0987e+00
802 0 +1.393286852e+00 -2.046671315e+01 -2.046671315e+01 -1.1326e+00 +1.3276e+00 -1.4630e+00
905 0 +8.245473285e-01 -2.103545267e+01 -2.103545267e+01 -2.0829e+00 +1.8852e+00 -1.9316e+00
1320 0 +7.928493517e-01 -2.106715065e+01 -2.106715065e+01 -1.8188e+00 +1.5704e+00 -1.7143e+00
1402 0 +6.594100522e-01 -2.120058995e+01 -2.120058995e+01 -1.5413e+00 +1.5377e+00 -1.5682e+00
1501 0 +4.274518090e-01 -2.143254819e+01 -2.143254819e+01 -1.6246e+00 +1.6110e+00 -1.5964e+00
1902 0 +3.223162679e-01 -2.153768373e+01 -2.153768373e+01 -1.7960e+00 +1.6902e+00 -1.6377e+00
2102 0 +2.972247020e-01 -2.156277530e+01 -2.156277530e+01 -1.4722e+00 +1.5311e+00 -1.4003e+00
2201 0 +6.582659440e-02 -2.179417341e+01 -2.179417341e+01 -1.8175e+00 +1.7464e+00 -1.5296e+00
% f evaluations | g evaluations | best noise-free fitness - Fopt (-5.762300000000e+02) + sum g_i+ | measured fitness | best measured fitness or single-digit g-values | x1 | x2...
1 0 +1.268076083e+05 +1.262313783e+05 +1.262313783e+05 +1.7001e+00 +2.9826e+00 +1.8599e+00
2 0 +8.187357343e+04 +8.129734343e+04 +8.129734343e+04 +4.7632e-01 -1.6885e+00 -1.6370e+00
3 0 +1.186879532e+02 -4.575420468e+02 -4.575420468e+02 +1.4428e+00 -2.2502e+00 +4.8272e+00
8 0 +5.251222821e+01 -5.237177718e+02 -5.237177718e+02 -3.3121e+00 -3.1277e+00 +2.0379e+00
43 0 +1.112964474e+01 -5.651003553e+02 -5.651003553e+02 -2.1779e+00 -4.9347e+00 +8.7752e-01
99 0 +3.840650438e+00 -5.723893496e+02 -5.723893496e+02 -1.5812e+00 -4.4692e+00 +3.5391e-02
1801 0 +2.381657117e+00 -5.738483429e+02 -5.738483429e+02 -2.2762e+00 -4.0539e+00 -4.6456e-01
1902 0 +1.617247094e+00 -5.746127529e+02 -5.746127529e+02 -2.2742e+00 -3.9216e+00 -6.5353e-01
2401 0 +4.121682001e-01 -5.758178318e+02 -5.758178318e+02 -2.5154e+00 -3.9073e+00 -1.0854e+00
% f evaluations | g evaluations | best noise-free fitness - Fopt (7.936000000000e+01) + sum g_i+ | measured fitness | best measured fitness or single-digit g-values | x1 | x2...
1 0 +2.850764863e+05 +2.851558463e+05 +2.851558463e+05 -2.5597e+00 -2.2195e+00 +2.6321e+00
2 0 +1.234616641e+05 +1.235410241e+05 +1.235410241e+05 +1.6661e+00 +3.4274e+00 +4.7837e+00
8 0 +6.901738474e+03 +6.981098474e+03 +6.981098474e+03 -3.5570e+00 +2.5376e+00 -2.0165e+00
18 0 +4.072384541e+01 +1.200838454e+02 +1.200838454e+02 -4.3315e+00 +4.9689e+00 +3.7222e+00
46 0 +1.322150610e+01 +9.258150610e+01 +9.258150610e+01 -2.1005e+00 +2.8592e+00 +3.2685e+00
329 0 +1.260277452e+01 +9.196277452e+01 +9.196277452e+01 -1.8473e+00 +3.0028e+00 +1.8833e+00
335 0 +1.035628649e+01 +8.971628649e+01 +8.971628649e+01 -2.0546e+00 +2.8527e+00 +1.7827e+00
379 0 +9.183623757e+00 +8.854362376e+01 +8.854362376e+01 -1.8835e+00 +2.6676e+00 +1.8708e+00
401 0 +7.462053014e+00 +8.682205301e+01 +8.682205301e+01 -2.0130e+00 +2.6034e+00 +1.8946e+00
501 0 +6.884815533e+00 +8.624481553e+01 +8.624481553e+01 -2.5767e+00 +2.2920e+00 +2.4388e+00
502 0 +3.027793588e+00 +8.238779359e+01 +8.238779359e+01 -2.0480e+00 +2.0169e+00 +1.3985e+00
1109 0 +2.677423615e+00 +8.203742361e+01 +8.203742361e+01 -2.0377e+00 +1.7589e+00 +1.5088e+00
1222 0 +2.614987700e+00 +8.197498770e+01 +8.197498770e+01 -2.1019e+00 +1.8403e+00 +1.4167e+00
1403 0 +2.497361221e+00 +8.185736122e+01 +8.185736122e+01 -2.0557e+00 +1.6586e+00 +1.4205e+00
1405 0 +1.471275824e+00 +8.083127582e+01 +8.083127582e+01 -2.0492e+00 +1.6537e+00 +1.0429e+00
1503 0 +1.231065245e+00 +8.059106524e+01 +8.059106524e+01 -1.9549e+00 +1.5678e+00 +8.6632e-01
2105 0 +1.225156162e+00 +8.058515616e+01 +8.058515616e+01 -1.9046e+00 +1.6288e+00 +8.4918e-01
2106 0 +8.467766355e-01 +8.020677664e+01 +8.020677664e+01 -1.8647e+00 +1.5347e+00 +7.0462e-01
2505 0 +7.777522608e-01 +8.013775226e+01 +8.013775226e+01 -1.8136e+00 +1.6540e+00 +5.9027e-01
2507 0 +6.562587871e-01 +8.001625879e+01 +8.001625879e+01 -1.8357e+00 +1.6916e+00 +2.3102e-01
2803 0 +6.097142919e-01 +7.996971429e+01 +7.996971429e+01 -1.8739e+00 +1.6841e+00 +2.6349e-01
3006 0 +4.200399854e-01 +7.978003999e+01 +7.978003999e+01 -1.9244e+00 +1.5841e+00 +3.2681e-01
% f evaluations | g evaluations | best noise-free fitness - Fopt (-2.234600000000e+02) + sum g_i+ | measured fitness | best measured fitness or single-digit g-values | x1 | x2...
1 0 +5.716319922e+05 +5.714085322e+05 +5.714085322e+05 -3.5889e+00 -2.6012e-01 -5.5854e-02
2 0 +3.085856272e+05 +3.083621672e+05 +3.083621672e+05 -1.4015e+00 +2.8090e-01 -2.0899e+00
3 0 +2.093323328e+04 +2.070977328e+04 +2.070977328e+04 +2.9270e-02 +3.6898e+00 -2.2183e+00
25 0 +3.419690021e+02 +1.185090021e+02 +1.185090021e+02 +1.5134e+00 +3.8388e+00 -3.2533e+00
301 0 +1.639262003e+02 -5.953379970e+01 -5.953379970e+01 +5.8490e-01 +5.0000e+00 -5.0000e+00
401 0 +2.904552084e+01 -1.944144792e+02 -1.944144792e+02 +9.2533e-01 +5.0000e+00 -5.0000e+00
501 0 +2.464244541e+01 -1.988175546e+02 -1.988175546e+02 +1.2594e+00 +5.0000e+00 -5.0000e+00
601 0 +2.347704249e+01 -1.999829575e+02 -1.999829575e+02 +1.4871e+00 +5.0000e+00 -4.9171e+00
701 0 +2.187126572e+01 -2.015887343e+02 -2.015887343e+02 +2.3808e+00 +4.9371e+00 -5.0000e+00
844 0 +1.424811368e+01 -2.092118863e+02 -2.092118863e+02 +1.2761e+00 +4.3637e+00 -4.0999e+00
901 0 +1.340927399e+01 -2.100507260e+02 -2.100507260e+02 +1.4560e+00 +4.4225e+00 -4.2174e+00
1013 0 +1.249220079e+01 -2.109677992e+02 -2.109677992e+02 +1.4215e+00 +4.3214e+00 -3.9032e+00
1021 0 +6.595805885e+00 -2.168641941e+02 -2.168641941e+02 +2.2486e+00 +3.5056e+00 -4.2384e+00
1102 0 +6.263200204e+00 -2.171967998e+02 -2.171967998e+02 +1.8170e+00 +3.9754e+00 -3.5231e+00
1201 0 +4.598997880e+00 -2.188610021e+02 -2.188610021e+02 +1.9553e+00 +3.9121e+00 -3.4209e+00
1301 0 +2.583521938e+00 -2.208764781e+02 -2.208764781e+02 +2.2502e+00 +3.8996e+00 -3.0394e+00
1801 0 +1.559850378e+00 -2.219001496e+02 -2.219001496e+02 +2.0715e+00 +3.6712e+00 -2.8505e+00
1903 0 +1.189137985e+00 -2.222708620e+02 -2.222708620e+02 +2.1482e+00 +3.5339e+00 -2.8032e+00
2001 0 +8.625825925e-01 -2.225974174e+02 -2.225974174e+02 +2.2604e+00 +3.5185e+00 -2.8393e+00
2202 0 +1.986187503e-01 -2.232613812e+02 -2.232613812e+02 +2.4618e+00 +3.2548e+00 -2.6483e+00
% f evaluations | g evaluations | best noise-free fitness - Fopt (-6.793500000000e+02) + sum g_i+ | measured fitness | best measured fitness or single-digit g-values | x1 | x2...
1 0 +1.105389793e+05 +1.098596293e+05 +1.098596293e+05 +4.9737e+00 -3.4894e+00 +1.2579e+00
4 0 +2.325518174e+04 +2.257583174e+04 +2.257583174e+04 +3.9455e+00 -2.3639e+00 +4.2333e+00
21 0 +5.301557635e+03 +4.622207635e+03 +4.622207635e+03 +8.5659e-01 -3.3964e+00 +3.5028e+00
78 0 +1.163694527e+03 +4.843445275e+02 +4.843445275e+02 +1.9223e+00 -3.5321e+00 +4.4450e+00
201 0 +7.769040199e+01 -6.016595980e+02 -6.016595980e+02 +3.2298e+00 -4.9300e+00 +4.9987e+00
203 0 +2.530497423e+01 -6.540450258e+02 -6.540450258e+02 +1.0753e+00 -4.1127e+00 +4.3658e+00
501 0 +2.456081102e+01 -6.547891890e+02 -6.547891890e+02 +3.4727e-01 -4.2554e+00 +4.7460e+00
604 0 +6.780163934e+00 -6.725698361e+02 -6.725698361e+02 -2.8472e-01 -3.4781e+00 +4.0011e+00
701 0 +6.524067495e+00 -6.728259325e+02 -6.728259325e+02 -6.1509e-01 -3.5259e+00 +4.2008e+00
805 0 +2.601244015e+00 -6.767487560e+02 -6.767487560e+02 -9.0841e-01 -3.1023e+00 +3.7947e+00
1001 0 +2.452114900e+00 -6.768978851e+02 -6.768978851e+02 -1.0817e+00 -3.0407e+00 +4.2030e+00
2416 0 +6.871779629e-01 -6.786628220e+02 -6.786628220e+02 -1.3753e+00 -3.1440e+00 +3.7995e+00
% f evaluations | g evaluations | best noise-free fitness - Fopt (-1.293700000000e+02) + sum g_i+ | measured fitness | best measured fitness or single-digit g-values | x1 | x2...
1 0 +2.979595594e+01 -9.957404406e+01 -9.957404406e+01 -8.8028e-02 +4.5327e-02 +4.7490e+00
2 0 +1.693665566e+01 -1.124333443e+02 -1.124333443e+02 +6.7400e-01 +1.1506e+00 +3.8750e+00
74 0 +1.309070888e+01 -1.162792911e+02 -1.162792911e+02 -9.3451e-01 +8.0455e-01 +4.4007e+00
1901 0 +6.868858847e+00 -1.225011412e+02 -1.225011412e+02 -1.1854e+00 +1.3794e+00 +3.7851e+00
2001 0 +5.933144949e+00 -1.234368551e+02 -1.234368551e+02 -8.8851e-01 +1.5097e+00 +3.9209e+00
2602 0 +5.537481579e+00 -1.238325184e+02 -1.238325184e+02 -2.0069e+00 +1.5667e+00 +3.4094e+00
2603 0 +5.349823255e+00 -1.240201767e+02 -1.240201767e+02 -9.2540e-01 +1.5443e+00 +4.7922e+00
2702 0 +4.711290128e+00 -1.246587099e+02 -1.246587099e+02 -2.1118e+00 +1.6281e+00 +3.4129e+00
2801 0 +4.196644069e+00 -1.251733559e+02 -1.251733559e+02 -1.9808e+00 +1.6928e+00 +3.3685e+00
2802 0 +3.397519491e+00 -1.259724805e+02 -1.259724805e+02 -1.4291e+00 +1.7055e+00 +3.7364e+00
2901 0 +2.467331411e+00 -1.269026686e+02 -1.269026686e+02 -1.3004e+00 +1.8897e+00 +3.5709e+00
3001 0 +2.213686847e+00 -1.271563132e+02 -1.271563132e+02 -1.3725e+00 +2.0182e+00 +3.3363e+00
