% f evaluations | g evaluations | best noise-free fitness - Fopt (3.590000000000e+01) + sum g_i+ | measured fitness | best measured fitness or single-digit g-values | x1 | x2...
1 0 +5.740831396e+05 +5.741190396e+05 +5.741190396e+05 +9.8656e-01 +1.0511e+00 -3.2401e+00 -4.5234e+00 +4.4698e+00
2 0 +2.433682422e+04 +2.437272422e+04 +2.437272422e+04 -7.9637e-01 -5.9719e-01 +5.7592e-01 +3.9229e+00 -1.1506e+00
11 0 +3.694289663e+03 +3.730189663e+03 +3.730189663e+03 +2.0784e+00 +2.0935e+00 +2.1125e+00 +2.6531e+00 -3.0490e+00
59 0 +6.376202526e+02 +6.735202526e+02 +6.735202526e+02 -3.9422e+00 +3.2257e+00 +2.8231e+00 +2.9943e+00 -3.2538e+00
82 0 +2.981983494e+02 +3.340983494e+02 +3.340983494e+02 -3.4280e+00 +3.3486e+00 -4.8126e+00 +9.8068e-01 -4.0572e+00
102 0 +1.251808754e+02 +1.610808754e+02 +1.610808754e+02 -3.5413e+00 +5.0000e+00 +3.7552e+00 +3.8927e+00 -3.8784e+00
228 0 +1.114947054e+02 +1.473947054e+02 +1.473947054e+02 -2.6071e+00 +2.3226e+00 +7.2750e-02 +2.0408e+00 -2.4782e+00
241 0 +1.089315163e+02 +1.448315163e+02 +1.448315163e+02 -2.2172e+00 +2.2627e+00 +6.7830e-02 +2.0172e+00 -2.3566e+00
248 0 +1.064206953e+02 +1.423206953e+02 +1.423206953e+02 -2.7061e+00 +2.5685e+00 +9.6533e-02 +2.2421e+00 -2.6173e+00
261 0 +1.044193173e+02 +1.403193173e+02 +1.403193173e+02 -2.6803e+00 +2.5390e+00 +2.4058e-01 +2.2656e+00 -2.7027e+00
301 0 +1.014151097e+02 +1.373151097e+02 +1.373151097e+02 -2.5635e+00 +2.4957e+00 +1.7096e-03 +1.9669e+00 -2.7309e+00
307 0 +9.179884883e+01 +1.276988488e+02 +1.276988488e+02 -2.2826e+00 +2.3975e+00 +7.1175e-02 +2.1683e+00 -2.5361e+00
401 0 +8.250332806e+01 +1.184033281e+02 +1.184033281e+02 -2.1927e+00 +2.6157e+00 +6.1889e-01 +2.5056e+00 -2.7658e+00
601 0 +7.436028350e+01 +1.102602835e+02 +1.102602835e+02 -1.9734e+00 +2.5567e+00 +6.6857e-01 +2.4834e+00 -2.7190e+00
701 0 +6.290760137e+01 +9.880760137e+01 +9.880760137e+01 -1.5626e+00 +2.8137e+00 +1.2462e+00 +2.8283e+00 -2.9052e+00
801 0 +5.927025645e+01 +9.517025645e+01 +9.517025645e+01 -1.4503e+00 +2.9187e+00 +1.5063e+00 +2.9189e+00 -2.9304e+00
901 0 +5.130641697e+01 +8.720641697e+01 +8.720641697e+01 -8.8963e-01 +3.0727e+00 +2.5468e+00 +3.7801e+00 -3.2643e+00
902 0 +4.180757930e+01 +7.770757930e+01 +7.770757930e+01 -2.0240e-01 +2.2076e+00 +1.6001e+00 +3.7892e+00 -2.7864e+00
1001 0 +3.018378508e+01 +6.608378508e+01 +6.608378508e+01 +9.5013e-01 +2.2140e+00 +3.5929e+00 +5.0000e+00 -3.2904e+00
1302 0 +2.602378528e+01 +6.192378528e+01 +6.192378528e+01 +8.9177e-02 +3.2622e+00 +1.5381e+00 +2.8496e+00 -2.4785e+00
1401 0 +2.373909815e+01 +5.963909815e+01 +5.963909815e+01 +6.0545e-01 +3.9995e+00 +1.6458e+00 +3.2194e+00 -2.3815e+00
1605 0 +2.335937937e+01 +5.925937937e+01 +5.925937937e+01 +4.2003e-01 +1.9419e+00 +1.3621e+00 +2.7250e+00 -2.2350e+00
1609 0 +2.267678592e+01 +5.857678592e+01 +5.857678592e+01 +6.0345e-01 +2.6145e+00 +1.4492e+00 +2.9480e+00 -2.4566e+00
1701 0 +1.873063990e+01 +5.463063990e+01 +5.463063990e+01 +1.1032e+00 +2.8051e+00 +1.4905e+00 +3.2306e+00 -2.6714e+00
1801 0 +1.742322024e+01 +5.332322024e+01 +5.332322024e+01 +1.3046e+00 +2.6565e+00 +1.3019e+00 +3.1453e+00 -2.6577e+00
1902 0 +1.287818050e+01 +4.877818050e+01 +4.877818050e+01 +8.7771e-01 +2.3348e+00 +1.5521e+00 +2.5597e+00 -1.8026e+00
2101 0 +1.208172335e+01 +4.798172335e+01 +4.798172335e+01 +1.0576e+00 +2.1518e+00 +1.7303e+00 +2.6516e+00 -1.7774e+00
2901 0 +1.102417683e+01 +4.692417683e+01 +4.692417683e+01 +1.3859e+00 +2.0611e+00 +2.3416e+00 +2.2029e+00 -2.3197e+00
3204 0 +9.819053556e+00 +4.571905356e+01 +4.571905356e+01 +1.3683e+00 +2.3467e+00 +1.9935e+00 +2.7944e+00 -2.1275e+00
3301 0 +7.419688299e+00 +4.331968830e+01 +4.331968830e+01 +1.8227e+00 +2.5011e+00 +2.2075e+00 +3.0613e+00 -2.2567e+00
3803 0 +7.082100763e+00 +4.298210076e+01 +4.298210076e+01 +1.7422e+00 +1.8679e+00 +2.4142e+00 +2.5877e+00 -2.3994e+00
4102 0 +6.690681121e+00 +4.259068112e+01 +4.259068112e+01 +1.4725e+00 +1.7472e+00 +2.5704e+00 +2.4900e+00 -2.0558e+00
4202 0 +6.482481594e+00 +4.238248159e+01 +4.238248159e+01 +1.6174e+00 +1.8609e+00 +2.6049e+00 +2.6705e+00 -2.1225e+00
4602 0 +6.424270811e+00 +4.232427081e+01 +4.232427081e+01 +1.5658e+00 +1.7371e+00 +2.4294e+00 +2.4589e+00 -2.0237e+00
4901 0 +4.532721877e+00 +4.043272188e+01 +4.043272188e+01 +2.0154e+00 +1.2765e+00 +2.9355e+00 +2.7281e+00 -2.3274e+00
5002 0 +3.593555215e+00 +3.949355521e+01 +3.949355521e+01 +2.0345e+00 +1.8517e+00 +2.0716e+00 +3.1433e+00 -1.7920e+00
% f evaluations | g evaluations | best noise-free fitness - Fopt (3.137000000000e+01) + sum g_i+ | measured fitness | best measured fitness or single-digit g-values | x1 | x2...
1 0 +3.213950068e+05 +3.214263768e+05 +3.214263768e+05 +2.2112e+00 +3.5412e+00 +1.3751e+00 -3.1444e+00 +2.6842e+00
2 0 +3.467775818e+04 +3.470912818e+04 +3.470912818e+04 -4.7451e+00 +2.1502e+00 +1.7975e+00 -3.3740e+00 +3.2518e+00
7 0 +2.210651959e+03 +2.242021959e+03 +2.242021959e+03 -3.6443e+00 -2.9041e+00 +3.1934e+00 -3.9176e+00 +2.6390e+00
11 0 +2.276322433e+02 +2.590022433e+02 +2.590022433e+02 -3.9018e+00 -4.1571e+00 +1.2509e+00 -4.0083e+00 +1.0737e+00
20 0 +1.275701080e+02 +1.589401080e+02 +1.589401080e+02 -3.1601e+00 -2.8592e+00 -2.5314e+00 -2.1548e+00 -2.1986e+00
60 0 +1.156578230e+02 +1.470278230e+02 +1.470278230e+02 +1.4291e+00 +5.2722e-01 -3.4373e+00 -3.0382e+00 +1.1097e+00
130 0 +5.645103903e+01 +8.782103903e+01 +8.782103903e+01 -8.2382e-01 +1.3460e+00 -2.7372e+00 -8.9964e-01 -1.7145e-01
136 0 +5.463099580e+01 +8.600099580e+01 +8.600099580e+01 -6.6460e-01 +1.1492e+00 -2.5266e+00 -7.9577e-01 -2.6839e-01
141 0 +5.314751607e+01 +8.451751607e+01 +8.451751607e+01 -7.7902e-01 +1.2775e+00 -2.7933e+00 -7.9200e-01 -3.1751e-01
204 0 +3.606737444e+01 +6.743737444e+01 +6.743737444e+01 -7.4852e-01 +2.1082e+00 -3.0424e+00 +6.9339e-01 -6.0960e-01
205 0 +3.512088123e+01 +6.649088123e+01 +6.649088123e+01 -8.1055e-01 +1.8783e+00 -2.9547e+00 +1.6596e-01 -5.5799e-01
209 0 +3.267548142e+01 +6.404548142e+01 +6.404548142e+01 -5.7362e-01 +1.6334e+00 -2.7824e+00 +3.3988e-01 -5.5031e-01
1301 0 +3.142663097e+01 +6.279663097e+01 +6.279663097e+01 -1.0115e+00 +9.8948e-01 -2.1012e+00 +9.6602e-01 -4.9347e-01
1302 0 +2.880183189e+01 +6.017183189e+01 +6.017183189e+01 -8.9407e-01 +1.3495e+00 -2.7966e+00 +9.1846e-01 -2.8639e-01
1402 0 +2.738822138e+01 +5.875822138e+01 +5.875822138e+01 -1.0631e+00 +9.0788e-01 -2.1075e+00 +1.2488e+00 -5.3596e-01
1501 0 +2.497482579e+01 +5.634482579e+01 +5.634482579e+01 -1.1322e+00 +8.4967e-01 -2.0658e+00 +1.5053e+00 -5.9218e-01
2002 0 +2.322584439e+01 +5.459584439e+01 +5.459584439e+01 -9.2596e-01 +1.4587e+00 -2.5653e+00 +1.2879e+00 -7.1532e-01
2201 0 +2.161351247e+01 +5.298351247e+01 +5.298351247e+01 -5.0178e-01 +9.6654e-02 -2.6577e+00 +1.5284e+00 -1.7498e+00
2301 0 +1.261498908e+01 +4.398498908e+01 +4.398498908e+01 -2.6729e-01 -2.9859e-01 -3.3796e+00 +2.3177e+00 -2.9522e+00
2908 0 +1.253809969e+01 +4.390809969e+01 +4.390809969e+01 -1.8032e-01 +7.4113e-01 -3.9398e+00 +1.8574e+00 -2.6850e+00
3201 0 +1.225878144e+01 +4.362878144e+01 +4.362878144e+01 -8.2043e-01 +4.1796e-01 -3.2574e+00 +2.1361e+00 -2.5856e+00
3301 0 +1.151013736e+01 +4.288013736e+01 +4.288013736e+01 -8.2475e-01 +4.2020e-01 -3.2591e+00 +2.2522e+00 -2.5937e+00
3501 0 +1.115394958e+01 +4.252394958e+01 +4.252394958e+01 -9.7665e-01 +5.2706e-01 -3.4409e+00 +2.5132e+00 -2.9081e+00
3901 0 +9.964782458e+00 +4.133478246e+01 +4.133478246e+01 -1.4967e-02 +6.2007e-01 -3.5270e+00 +2.1361e+00 -2.2998e+00
4001 0 +6.923710334e+00 +3.829371033e+01 +3.829371033e+01 +3.9837e-01 +7.9047e-01 -3.8766e+00 +2.4914e+00 -2.2784e+00
4401 0 +6.623839190e+00 +3.799383919e+01 +3.799383919e+01 -1.2724e-01 +6.2209e-01 -3.6806e+00 +2.5620e+00 -2.2935e+00
4501 0 +5.776827558e+00 +3.714682756e+01 +3.714682756e+01 -3.2394e-02 +6.6224e-01 -3.9220e+00 +2.7707e+00 -2.4695e+00
4802 0 +4.202120867e+00 +3.557212087e+01 +3.557212087e+01 -3.8146e-01 +1.2204e+00 -3.6812e+00 +2.8783e+00 -2.6556e+00
% f evaluations | g evaluations | best noise-free fitness - Fopt (-1.000000000000e+03) + sum g_i+ | measured fitness | best measured fitness or single-digit g-values | x1 | x2...
1 0 +6.682770897e+04 +6.582770897e+04 +6.582770897e+04 -3.4134e+00 -3.6401e+00 +3.8262e+00 +1.0127e+00 -3.4973e+00
17 0 +1.993620183e+03 +9.936201827e+02 +9.936201827e+02 -2.9838e+00 -2.6124e+00 +3.9663e+00 +1.2840e+00 +4.0138e+00
202 0 +3.939621501e+02 -6.060378499e+02 -6.060378499e+02 -3.4285e+00 -2.1717e+00 +3.2024e+00 +3.7911e-01 +9.7838e-01
301 0 +4.378063629e+01 -9.562193637e+02 -9.562193637e+02 -3.8816e+00 -2.5025e+00 +3.5532e+00 +5.0195e-01 +1.0827e+00
305 0 +4.211235572e+01 -9.578876443e+02 -9.578876443e+02 -3.6570e+00 -2.4048e+00 +4.0730e+00 +4.3076e-01 +1.1442e+00
511 0 +3.108290899e+01 -9.689170910e+02 -9.689170910e+02 -2.8801e+00 -3.0528e+00 +3.8025e+00 +9.7748e-03 +1.2483e+00
702 0 +3.002582164e+01 -9.699741784e+02 -9.699741784e+02 -3.1558e+00 -2.5990e+00 +3.8965e+00 +6.1125e-01 +8.6338e-01
901 0 +2.593741081e+01 -9.740625892e+02 -9.740625892e+02 -3.2527e+00 -2.8897e+00 +4.1510e+00 +6.7562e-01 +6.9137e-01
903 0 +2.375812812e+01 -9.762418719e+02 -9.762418719e+02 -3.1003e+00 -2.9673e+00 +3.8121e+00 +1.1000e+00 +5.6216e-01
1003 0 +2.332594634e+01 -9.766740537e+02 -9.766740537e+02 -2.7836e+00 -3.3587e+00 +4.5311e+00 +9.3982e-01 +6.4032e-01
1201 0 +2.283768373e+01 -9.771623163e+02 -9.771623163e+02 -3.2799e+00 -3.2757e+00 +4.3644e+00 +1.7961e+00 +1.6363e-01
1302 0 +1.543215183e+01 -9.845678482e+02 -9.845678482e+02 -2.5646e+00 -3.0115e+00 +3.8815e+00 +1.4031e+00 +2.1830e-01
1305 0 +1.245936658e+01 -9.875406334e+02 -9.875406334e+02 -2.1425e+00 -2.8509e+00 +3.8799e+00 +1.7489e+00 -4.7928e-02
1401 0 +7.071993160e+00 -9.929280068e+02 -9.929280068e+02 -1.8076e+00 -2.9708e+00 +3.8975e+00 +2.1786e+00 -4.8822e-01
3102 0 +6.810696159e+00 -9.931893038e+02 -9.931893038e+02 -1.1959e+00 -2.3306e+00 +3.8458e+00 +4.6151e+00 -1.3749e+00
3301 0 +6.214208272e+00 -9.937857917e+02 -9.937857917e+02 -1.2430e+00 -2.1600e+00 +3.3148e+00 +3.4907e+00 -9.0219e-01
3313 0 +5.317243794e+00 -9.946827562e+02 -9.946827562e+02 -7.2651e-01 -2.2708e+00 +3.6735e+00 +3.6683e+00 -9.5806e-01
3517 0 +3.934330310e+00 -9.960656697e+02 -9.960656697e+02 -8.0537e-01 -2.3919e+00 +3.4205e+00 +3.5839e+00 -8.3950e-01
4601 0 +2.940470890e+00 -9.970595291e+02 -9.970595291e+02 -1.1014e+00 -2.6538e+00 +3.4374e+00 +3.4147e+00 -1.0588e+00
% f evaluations | g evaluations | best noise-free fitness - Fopt (1.319200000000e+02) + sum g_i+ | measured fitness | best measured fitness or single-digit g-values | x1 | x2...
1 0 +1.066589096e+06 +1.066721016e+06 +1.066721016e+06 -5.4282e-01 -2.5154e+00 +3.6007e+00 -1.9916e+00 +4.1775e+00
3 0 +1.010194252e+06 +1.010326172e+06 +1.010326172e+06 +1.7929e+00 -8.3364e-01 +1.9647e-01 -1.1530e+00 -7.5609e-01
4 0 +8.464129638e+05 +8.465448838e+05 +8.465448838e+05 -2.4351e+00 -6.2701e-01 +2.6440e+00 +7.9604e-01 -2.6303e+00
6 0 +2.896250860e+05 +2.897570060e+05 +2.897570060e+05 +6.1886e-02 +4.4126e+00 -3.5298e+00 +2.2263e+00 +9.9894e-01
10 0 +1.474302527e+05 +1.475621727e+05 +1.475621727e+05 -4.0296e+00 +4.1326e+00 -1.1698e+00 +4.0785e+00 -6.1755e-01
59 0 +1.426238741e+05 +1.427557941e+05 +1.427557941e+05 -3.9855e+00 -2.4195e+00 -1.8299e+00 -2.8062e+00 +1.3485e+00
104 0 +1.375913455e+05 +1.377232655e+05 +1.377232655e+05 -5.0000e+00 +5.0000e+00 -4.0067e+00 -4.5288e+00 +1.6612e+00
105 0 +1.200774203e+05 +1.202093403e+05 +1.202093403e+05 -4.5852e+00 +1.8928e+00 +9.3830e-01 -1.1250e+00 +2.9427e+00
205 0 +1.126479778e+05 +1.127798978e+05 +1.127798978e+05 -1.7007e+00 +2.5637e-01 -3.5614e+00 -9.6382e-01 +8.8877e-02
301 0 +1.066628412e+05 +1.067947612e+05 +1.067947612e+05 -1.7606e+00 +1.2229e-01 -3.8760e+00 -1.0200e+00 +1.1373e-01
401 0 +9.758504584e+04 +9.771696584e+04 +9.771696584e+04 -1.7548e+00 +1.3385e-01 -4.3451e+00 -1.1484e+00 +5.3272e-02
430 0 +8.595000630e+04 +8.608192630e+04 +8.608192630e+04 -2.9805e+00 -3.0909e-01 -2.7824e+00 -1.0662e+00 -1.4271e+00
468 0 +8.391689453e+04 +8.404881453e+04 +8.404881453e+04 -2.9925e+00 -3.0745e-01 -2.8074e+00 -1.0300e+00 -1.4677e+00
473 0 +8.290881581e+04 +8.304073581e+04 +8.304073581e+04 -2.9549e+00 -3.0643e-01 -2.8374e+00 -1.0570e+00 -1.4148e+00
501 0 +6.490278695e+04 +6.503470695e+04 +6.503470695e+04 -3.1983e+00 -2.5001e-01 -2.9614e+00 -1.1613e+00 -1.5426e+00
503 0 +6.331511525e+04 +6.344703525e+04 +6.344703525e+04 -3.4038e+00 -3.6586e-01 -3.0508e+00 -1.2521e+00 -1.6892e+00
601 0 +6.299574155e+04 +6.312766155e+04 +6.312766155e+04 -3.4736e+00 -3.8836e-01 -3.0623e+00 -1.2781e+00 -1.7148e+00
602 0 +4.028850034e+04 +4.042042034e+04 +4.042042034e+04 -3.9022e+00 -4.9539e-01 -3.5048e+00 -1.3638e+00 -1.7359e+00
701 0 +3.549375145e+04 +3.562567145e+04 +3.562567145e+04 -4.9510e+00 -6.8887e-01 -4.1596e+00 -1.6533e+00 -2.1822e+00
703 0 +3.535029764e+04 +3.548221764e+04 +3.548221764e+04 -4.1772e+00 -3.3736e-01 -3.4515e+00 -1.4958e+00 -2.1033e+00
801 0 +3.382167910e+04 +3.395359910e+04 +3.395359910e+04 -4.2120e+00 -2.0914e-01 -3.4763e+00 -1.5077e+00 -2.1324e+00
901 0 +3.223940800e+04 +3.237132800e+04 +3.237132800e+04 -4.7267e+00 -1.3557e-01 -3.7374e+00 -1.8542e+00 -2.5778e+00
1104 0 +3.060827028e+04 +3.074019028e+04 +3.074019028e+04 -4.0118e+00 -2.9338e-03 -3.4797e+00 -1.7463e+00 -1.2138e+00
1201 0 +2.145873542e+04 +2.159065542e+04 +2.159065542e+04 -4.2205e+00 +3.7751e-02 -3.6146e+00 -1.6444e+00 -1.1121e+00
1301 0 +7.130433810e+03 +7.262353810e+03 +7.262353810e+03 -4.9375e+00 +5.0167e-01 -3.6408e+00 -1.1577e+00 -7.6857e-01
1401 0 +5.002053595e+03 +5.133973595e+03 +5.133973595e+03 -5.0000e+00 +6.1242e-01 -3.7410e+00 -1.1097e+00 -6.8175e-01
1601 0 +4.436661276e+03 +4.568581276e+03 +4.568581276e+03 -4.9545e+00 +6.7416e-01 -3.8457e+00 -1.0201e+00 -5.6095e-01
2001 0 +1.364646244e+03 +1.496566244e+03 +1.496566244e+03 -4.7193e+00 +1.1500e+00 -3.7858e+00 -1.2500e+00 -1.0746e+00
2101 0 +1.079092702e+03 +1.211012702e+03 +1.211012702e+03 -5.0000e+00 +1.4533e+00 -4.0924e+00 -1.4370e+00 -1.3256e+00
2103 0 +9.734598689e+02 +1.105379869e+03 +1.105379869e+03 -5.0000e+00 +9.7034e-01 -4.1323e+00 -1.4479e+00 -8.3494e-01
3001 0 +6.827491994e+01 +2.001949199e+02 +2.001949199e+02 -4.6822e+00 +1.5329e+00 -3.5520e+00 -8.8905e-01 -8.8646e-01
3202 0 +1.877058575e+00 +1.337970586e+02 +1.337970586e+02 -4.7014e+00 +1.7033e+00 -3.4814e+00 -7.3255e-01 -9.2305e-01
3401 0 +1.405025379e+00 +1.333250254e+02 +1.333250254e+02 -4.6665e+00 +1.7936e+00 -3.3956e+00 -6.4839e-01 -9.2571e-01
3501 0 +1.379216530e+00 +1.332992165e+02 +1.332992165e+02 -4.6449e+00 +2.1181e+00 -3.3916e+00 -3.4871e-01 -1.1497e+00
4682 0 +7.658426672e-01 +1.326858427e+02 +1.326858427e+02 -4.5255e+00 +1.9087e+00 -3.4196e+00 -3.9711e-01 -1.2108e+00
4701 0 +7.492374750e-01 +1.326692375e+02 +1.326692375e+02 -4.4498e+00 +2.0810e+00 -3.2820e+00 -3.1446e-01 -1.2570e+00
4807 0 +6.403524368e-01 +1.325603524e+02 +1.325603524e+02 -4.4104e+00 +1.9726e+00 -3.3430e+00 -4.6262e-01 -1.1428e+00
4812 0 +5.305048113e-01 +1.324505048e+02 +1.324505048e+02 -4.1963e+00 +1.9334e+00 -3.5838e+00 -5.1132e-01 -1.2244e+00
4939 0 +4.300642552e-01 +1.323500643e+02 +1.323500643e+02 -4.2958e+00 +1.9620e+00 -3.3787e+00 -4.0378e-01 -1.1285e+00
4977 0 +4.230458483e-01 +1.323430458e+02 +1.323430458e+02 -4.2897e+00 +2.0089e+00 -3.3864e+00 -4.0321e-01 -1.1561e+00
% f evaluations | g evaluations | best noise-free fitness - Fopt (5.908400000000e+02) + sum g_i+ | measured fitness | best measured fitness or single-digit g-values | x1 | x2...
1 0 +6.745408962e+05 +6.751317362e+05 +6.751317362e+05 -3.8326e+00 +1.3895e+00 -1.4652e+00 +3.6690e+00 +3.6197e-01
5 0 +5.029682003e+05 +5.035590403e+05 +5.035590403e+05 +3.6418e+00 -2.6700e+00 +2.7275e+00 -1.1796e-01 -1.9273e+00
7 0 +3.368660029e+05 +3.374568429e+05 +3.374568429e+05 +4.2215e+00 +4.7432e-01 -5.4196e-01 -1.7721e+00 -3.7837e+00
16 0 +3.361615790e+04 +3.420699790e+04 +3.420699790e+04 +4.1611e+00 -2.9897e+00 -2.1746e+00 -4.1473e+00 -8.4798e-01
51 0 +2.568013289e+04 +2.627097289e+04 +2.627097289e+04 -3.7520e+00 -4.2347e+00 -3.3124e+00 -3.4609e+00 +1.3501e-01
74 0 +1.769669963e+04 +1.828753963e+04 +1.828753963e+04 +4.3259e+00 -4.8671e+00 -4.8846e+00 -2.9443e+00 +1.2696e+00
337 0 +1.564457144e+04 +1.623541144e+04 +1.623541144e+04 +3.4420e-01 -3.2220e+00 -2.8501e+00 -1.3515e+00 +4.6475e-01
353 0 +1.244412479e+04 +1.303496479e+04 +1.303496479e+04 +3.6773e-01 -3.3776e+00 -3.0439e+00 -1.4109e+00 +7.3405e-01
364 0 +1.183891662e+04 +1.242975662e+04 +1.242975662e+04 +3.1088e-01 -3.3591e+00 -3.0962e+00 -1.3429e+00 +6.5782e-01
406 0 +1.896334110e+03 +2.487174110e+03 +2.487174110e+03 -4.9926e+00 -5.0000e+00 -4.3525e+00 -4.9088e+00 -2.1712e+00
501 0 +2.129308311e+02 +8.037708311e+02 +8.037708311e+02 -4.8281e+00 -5.0000e+00 -4.9571e+00 -5.0000e+00 -3.3833e+00
703 0 +6.168691393e+01 +6.525269139e+02 +6.525269139e+02 -2.0640e+00 -4.1077e+00 -4.4002e+00 -3.0879e+00 -1.3435e+00
906 0 +2.738221047e+01 +6.182222105e+02 +6.182222105e+02 -7.6664e-01 -3.7532e+00 -4.0197e+00 -2.8493e+00 -2.6125e-01
2201 0 +1.927954057e+01 +6.101195406e+02 +6.101195406e+02 -8.0121e-01 -3.0416e+00 -3.4329e+00 -2.3625e+00 -1.6885e+00
2501 0 +1.519850647e+01 +6.060385065e+02 +6.060385065e+02 -4.9951e-01 -3.0437e+00 -3.3826e+00 -2.6710e+00 -1.0706e+00
2801 0 +1.305695030e+01 +6.038969503e+02 +6.038969503e+02 -1.6635e-01 -3.1748e+00 -3.1556e+00 -2.8607e+00 -1.1442e+00
3221 0 +1.260414482e+01 +6.034441448e+02 +6.034441448e+02 -7.3895e-02 -3.2111e+00 -3.3924e+00 -2.5590e+00 -3.6785e-01
3301 0 +1.007476990e+01 +6.009147699e+02 +6.009147699e+02 +5.7668e-01 -3.3836e+00 -3.6170e+00 -2.6002e+00 -3.2335e-01
3602 0 +9.101067128e+00 +5.999410671e+02 +5.999410671e+02 +5.3901e-01 -3.1626e+00 -3.5171e+00 -2.6474e+00 -4.4604e-01
3609 0 +7.336167137e+00 +5.981761671e+02 +5.981761671e+02 +2.4965e-01 -3.1739e+00 -3.2817e+00 -2.3577e+00 -5.6540e-01
3724 0 +6.812274825e+00 +5.976522748e+02 +5.976522748e+02 +3.7918e-01 -3.2202e+00 -3.3709e+00 -2.2721e+00 -3.9968e-01
3801 0 +6.623580524e+00 +5.974635805e+02 +5.974635805e+02 +5.2171e-01 -3.2029e+00 -3.3763e+00 -2.3368e+00 -3.9068e-01
3802 0 +5.608870644e+00 +5.964488706e+02 +5.964488706e+02 +5.5258e-01 -3.3016e+00 -3.3816e+00 -2.1486e+00 -5.2354e-01
4401 0 +4.803151851e+00 +5.956431519e+02 +5.956431519e+02 +1.0943e+00 -3.6079e+00 -3.1939e+00 -2.3569e+00 -4.6062e-01
4404 0 +4.282153077e+00 +5.951221531e+02 +5.951221531e+02 +1.0448e+00 -3.3624e+00 -3.5942e+00 -2.1006e+00 -8.1006e-01
4501 0 +4.177000401e+00 +5.950170004e+02 +5.950170004e+02 +1.1572e+00 -3.4030e+00 -3.6316e+00 -2.0784e+00 -8.1591e-01
5001 0 +3.597927695e+00 +5.944379277e+02 +5.944379277e+02 +6.9917e-01 -3.1751e+00 -3.3886e+00 -1.9545e+00 -7.6203e-01
5004 0 +1.660414372e+00 +5.925004144e+02 +5.925004144e+02 +1.0999e+00 -3.3071e+00 -3.3877e+00 -1.7094e+00 -8.0548e-01
% f evaluations | g evaluations | best noise-free fitness - Fopt (2.156100000000e+02) + sum g_i+ | measured fitness | best measured fitness or single-digit g-values | x1 | x2...
1 0 +3.913378965e+02 +6.069478965e+02 +6.069478965e+02 +3.1706e+00 -1.3175e+00 +3.1052e+00 -3.1126e+00 +3.4076e+00
4 0 +2.219013047e+02 +4.375113047e+02 +4.375113047e+02 +3.6808e+00 +2.2356e+00 -4.0793e+00 -3.1968e+00 -2.4929e+00
7 0 +1.092908651e+02 +3.249008651e+02 +3.249008651e+02 +1.3306e+00 -2.2948e+00 +2.3661e-01 -4.0518e-01 -4.7961e+00
12 0 +1.055626192e+02 +3.211726192e+02 +3.211726192e+02 +2.2239e+00 -2.7050e+00 -2.8718e+00 +1.5325e+00 -2.7501e+00
26 0 +7.851580132e+01 +2.941258013e+02 +2.941258013e+02 +1.8331e+00 -2.7959e+00 -1.3704e+00 +1.5355e+00 -1.6733e+00
76 0 +5.607194355e+01 +2.716819436e+02 +2.716819436e+02 -1.4115e+00 +1.9710e+00 -4.1123e-01 +3.7176e-01 -3.5074e+00
701 0 +5.105804922e+01 +2.666680492e+02 +2.666680492e+02 -1.2474e-01 -2.6846e-01 -4.5366e-01 +1.0427e+00 -3.4228e-01
801 0 +4.207825522e+01 +2.576882552e+02 +2.576882552e+02 -2.3938e-01 -3.8825e-01 -8.1161e-01 +1.5668e+00 -5.5712e-01
901 0 +3.951232645e+01 +2.551223264e+02 +2.551223264e+02 -2.9264e-01 -5.1383e-01 -1.0217e+00 +1.8333e+00 -5.8329e-01
1001 0 +3.028050063e+01 +2.458905006e+02 +2.458905006e+02 -3.4419e-01 -6.7813e-01 -1.5553e+00 +2.6350e+00 -8.2886e-01
1101 0 +2.947666959e+01 +2.450866696e+02 +2.450866696e+02 -3.7462e-01 -8.1055e-01 -1.7555e+00 +2.9625e+00 -8.5645e-01
1301 0 +2.633265244e+01 +2.419426524e+02 +2.419426524e+02 -9.0675e-01 +1.2216e-01 -6.6411e-01 +2.3259e+00 +6.1962e-01
1501 0 +2.581347884e+01 +2.414234788e+02 +2.414234788e+02 -2.7169e-01 +3.3228e-01 -9.3909e-01 +2.1785e+00 -1.0179e+00
1601 0 +2.553169883e+01 +2.411416988e+02 +2.411416988e+02 +9.9791e-02 +5.1695e-01 -1.1413e+00 +2.4222e+00 -1.4358e+00
1603 0 +2.436593385e+01 +2.399759338e+02 +2.399759338e+02 -9.3195e-01 +4.1746e-01 -8.1527e-01 +2.1389e+00 -1.5322e-01
2001 0 +2.394959065e+01 +2.395595906e+02 +2.395595906e+02 -1.9651e+00 +1.7637e+00 -5.4673e-01 +1.9726e+00 +1.3200e+00
2201 0 +2.327354712e+01 +2.388835471e+02 +2.388835471e+02 -9.0799e-01 +1.2055e+00 -1.1086e+00 +2.0959e+00 +6.5321e-01
2301 0 +2.056265959e+01 +2.361726596e+02 +2.361726596e+02 -9.1863e-01 +1.6017e+00 -1.2429e+00 +2.2917e+00 +1.0721e+00
2401 0 +1.921656793e+01 +2.348265679e+02 +2.348265679e+02 -9.1937e-01 +1.7731e+00 -1.2800e+00 +2.4333e+00 +1.4454e+00
2402 0 +1.786111724e+01 +2.334711172e+02 +2.334711172e+02 -1.4147e+00 +1.1849e+00 -9.5850e-01 +2.4730e+00 +7.3811e-01
2503 0 +1.361652234e+01 +2.292265223e+02 +2.292265223e+02 -1.1118e+00 +2.0403e+00 -1.5166e+00 +2.7332e+00 +1.9325e+00
2601 0 +1.279204372e+01 +2.284020437e+02 +2.284020437e+02 -1.2375e+00 +2.2544e+00 -1.5033e+00 +2.8900e+00 +2.2498e+00
2802 0 +1.240559986e+01 +2.280155999e+02 +2.280155999e+02 -1.5214e+00 +1.9826e+00 -1.3178e+00 +2.6757e+00 +1.3817e+00
2901 0 +1.151180699e+01 +2.271218070e+02 +2.271218070e+02 -1.5995e+00 +2.0288e+00 -1.3520e+00 +2.8127e+00 +1.5283e+00
3001 0 +8.521093698e+00 +2.241310937e+02 +2.241310937e+02 -1.6253e+00 +2.2826e+00 -1.4401e+00 +2.9240e+00 +1.6608e+00
3002 0 +6.743769328e+00 +2.223537693e+02 +2.223537693e+02 -2.0958e+00 +2.6998e+00 -1.6966e+00 +3.0416e+00 +2.1982e+00
3101 0 +5.284562472e+00 +2.208945625e+02 +2.208945625e+02 -2.3587e+00 +2.9410e+00 -1.9004e+00 +3.2626e+00 +2.5210e+00
3701 0 +5.076966034e+00 +2.206869660e+02 +2.206869660e+02 -1.7630e+00 +2.2558e+00 -2.1975e+00 +3.4458e+00 +1.1323e+00
3904 0 +4.470847637e+00 +2.200808476e+02 +2.200808476e+02 -1.9418e+00 +2.6916e+00 -2.1662e+00 +3.2202e+00 +2.0469e+00
4601 0 +3.928189957e+00 +2.195381900e+02 +2.195381900e+02 -1.9846e+00 +2.9739e+00 -1.9120e+00 +3.2093e+00 +2.0560e+00
4603 0 +3.798941402e+00 +2.194089414e+02 +2.194089414e+02 -1.7558e+00 +2.3246e+00 -1.8953e+00 +3.4150e+00 +1.4109e+00
4702 0 +3.593810644e+00 +2.192038106e+02 +2.192038106e+02 -2.1221e+00 +3.2790e+00 -1.8370e+00 +3.3059e+00 +2.2965e+00
4822 0 +2.636601703e+00 +2.182466017e+02 +2.182466017e+02 -1.9446e+00 +2.4688e+00 -2.0142e+00 +3.5992e+00 +1.4469e+00
% f evaluations | g evaluations | best noise-free fitness - Fopt (1.936900000000e+02) + sum g_i+ | measured fitness | best measured fitness or single-digit g-values | x1 | x2...
1 0 +4.064581848e+04 +4.083950848e+04 +4.083950848e+04 +1.9908e+00 +4.1331e+00 +2.9764e+00 -3.8973e+00 -9.6071e-01
2 0 +3.158821147e+04 +3.178190147e+04 +3.178190147e+04 -2.0229e+00 +3.3711e+00 -1.7720e+00 +3.1590e+00 -2.7298e+00
40 0 +2.152901208e+03 +2.346591208e+03 +2.346591208e+03 -1.5512e+00 +3.1280e+00 -2.0776e+00 +2.6184e+00 +2.9441e+00
84 0 +2.009633738e+03 +2.203323738e+03 +2.203323738e+03 -4.3728e-01 +3.9284e+00 +1.3511e+00 -2.6610e+00 +1.2449e+00
91 0 +6.392819237e+01 +2.576181924e+02 +2.576181924e+02 -3.1458e+00 +3.8035e+00 +1.6748e-01 -1.4131e+00 +3.7673e+00
103 0 +3.509312286e+01 +2.287831229e+02 +2.287831229e+02 -2.1934e+00 +5.0000e+00 -1.3525e+00 +1.8800e+00 +1.9856e+00
226 0 +2.456797279e+01 +2.182579728e+02 +2.182579728e+02 -1.1211e+00 +2.0563e+00 -6.1848e-01 +4.1356e-01 +1.5459e+00
230 0 +2.344918544e+01 +2.171391854e+02 +2.171391854e+02 -1.2059e+00 +2.3173e+00 -6.9140e-01 +5.0840e-01 +1.4274e+00
301 0 +2.300510686e+01 +2.166951069e+02 +2.166951069e+02 -1.2946e+00 +2.4383e+00 -8.4517e-01 +6.1030e-01 +1.4707e+00
901 0 +2.212715846e+01 +2.158171585e+02 +2.158171585e+02 -9.8686e-01 +2.5044e+00 -5.7319e-01 +7.6567e-01 +1.1681e+00
1001 0 +1.607511151e+01 +2.097651115e+02 +2.097651115e+02 -1.0428e+00 +2.9938e+00 -7.4535e-01 +1.1189e+00 +9.8304e-01
1101 0 +1.466890519e+01 +2.083589052e+02 +2.083589052e+02 -1.2442e+00 +3.3430e+00 -8.6989e-01 +1.2748e+00 +9.4085e-01
1320 0 +1.426491077e+01 +2.079549108e+02 +2.079549108e+02 -1.4648e+00 +3.6176e+00 -9.7845e-01 +1.5091e+00 +8.4721e-01
1402 0 +1.325901660e+01 +2.069490166e+02 +2.069490166e+02 -1.4966e+00 +3.6162e+00 -1.1211e+00 +8.6158e-01 +7.3911e-01
1501 0 +1.261273189e+01 +2.063027319e+02 +2.063027319e+02 -1.7987e+00 +4.1270e+00 -1.1013e+00 +9.5883e-01 +1.3131e-01
1706 0 +1.256610523e+01 +2.062561052e+02 +2.062561052e+02 -1.1388e+00 +2.9775e+00 -9.6303e-01 +8.2096e-01 +4.0544e-01
2005 0 +1.210440720e+01 +2.057944072e+02 +2.057944072e+02 -1.1184e+00 +2.9189e+00 -1.3287e+00 +7.9780e-01 +3.6298e-01
2201 0 +7.782907617e+00 +2.014729076e+02 +2.014729076e+02 -1.1161e+00 +2.8934e+00 -1.4775e+00 +1.4728e+00 +1.8570e-01
2801 0 +7.267342743e+00 +2.009573427e+02 +2.009573427e+02 -1.4193e+00 +3.6204e+00 -1.1889e+00 +1.5651e+00 -5.3004e-01
2803 0 +6.963737612e+00 +2.006537376e+02 +2.006537376e+02 -8.2529e-01 +2.6212e+00 -1.4827e+00 +1.2645e+00 -3.2170e-01
3201 0 +6.849329488e+00 +2.005393295e+02 +2.005393295e+02 -1.1873e+00 +3.2162e+00 -1.1678e+00 +1.1992e+00 -5.7239e-01
3206 0 +6.573918902e+00 +2.002639189e+02 +2.002639189e+02 -1.2164e+00 +3.6532e+00 -1.1348e+00 +1.3010e+00 -9.8752e-01
3402 0 +6.189439692e+00 +1.998794397e+02 +1.998794397e+02 -1.2037e+00 +3.3923e+00 -1.3463e+00 +1.4540e+00 -6.1047e-01
3601 0 +6.019920572e+00 +1.997099206e+02 +1.997099206e+02 -1.2780e+00 +3.6747e+00 -1.5307e+00 +1.7779e+00 -6.6184e-01
3701 0 +4.540041100e+00 +1.982300411e+02 +1.982300411e+02 -1.2702e+00 +3.6085e+00 -1.7216e+00 +2.0264e+00 -8.5524e-01
3802 0 +3.798494457e+00 +1.974884945e+02 +1.974884945e+02 -9.5972e-01 +2.9812e+00 -1.7268e+00 +1.3805e+00 -8.7394e-01
4001 0 +3.170149233e+00 +1.968601492e+02 +1.968601492e+02 -1.2259e+00 +3.4178e+00 -1.6948e+00 +1.6957e+00 -1.0603e+00
4101 0 +2.703896440e+00 +1.963938964e+02 +1.963938964e+02 -1.2509e+00 +3.3263e+00 -1.7690e+00 +1.7554e+00 -1.1250e+00
4321 0 +2.454309693e+00 +1.961443097e+02 +1.961443097e+02 -1.1438e+00 +3.2361e+00 -1.8392e+00 +1.8024e+00 -1.1506e+00
% f evaluations | g evaluations | best noise-free fitness - Fopt (3.513000000000e+01) + sum g_i+ | measured fitness | best measured fitness or single-digit g-values | x1 | x2...
1 0 +3.450998923e+05 +3.451350223e+05 +3.451350223e+05 -6.3519e-01 +3.4574e+00 -3.7130e+00 -1.7001e+00 -4.0647e+00
2 0 +1.186346401e+05 +1.186697701e+05 +1.186697701e+05 +3.9483e+00 +9.5965e-01 -3.3509e+00 -1.1369e-01 -9.6509e-01
4 0 +1.042578145e+02 +1.393878145e+02 +1.393878145e+02 +4.9421e+00 +3.5049e+00 -2.0278e+00 +3.3268e+00 -2.8894e+00
88 0 +4.278376365e+01 +7.791376365e+01 +7.791376365e+01 +3.7803e+00 -2.1851e-01 +1.6435e+00 +3.2342e+00 -1.1422e+00
257 0 +4.172080610e+01 +7.685080610e+01 +7.685080610e+01 +2.0709e+00 +1.0170e+00 +7.4876e-01 +3.3350e+00 -1.7694e+00
404 0 +3.957473790e+01 +7.470473790e+01 +7.470473790e+01 +2.3870e+00 +6.6814e-01 +6.4676e-01 +3.5166e+00 -1.4226e+00
514 0 +3.404531539e+01 +6.917531539e+01 +6.917531539e+01 +2.0694e+00 +9.9965e-01 +8.7838e-01 +3.2369e+00 -1.3616e+00
601 0 +3.163872704e+01 +6.676872704e+01 +6.676872704e+01 +1.7358e+00 +1.6130e+00 +1.6154e+00 +3.4618e+00 -1.7802e+00
616 0 +2.350699833e+01 +5.863699833e+01 +5.863699833e+01 +2.0370e+00 +7.6063e-01 +1.0816e+00 +3.3736e+00 -7.3150e-01
701 0 +2.330510412e+01 +5.843510412e+01 +5.843510412e+01 +2.1432e+00 +6.0449e-01 +1.1527e+00 +3.4100e+00 -6.2150e-01
801 0 +2.285587317e+01 +5.798587317e+01 +5.798587317e+01 +2.5740e+00 -1.3858e-02 +9.0604e-01 +3.4931e+00 +5.1626e-02
901 0 +2.150952797e+01 +5.663952797e+01 +5.663952797e+01 +2.8087e+00 -3.5389e-01 +9.4020e-01 +3.7089e+00 +4.8983e-01
1202 0 +2.029143607e+01 +5.542143607e+01 +5.542143607e+01 +3.1141e+00 +9.4660e-01 +4.6525e-01 +3.2879e+00 +9.6831e-02
1204 0 +1.249693286e+01 +4.762693286e+01 +4.762693286e+01 +2.5789e+00 +1.8684e+00 +1.9973e+00 +3.4643e+00 -1.5096e-01
1501 0 +1.191571222e+01 +4.704571222e+01 +4.704571222e+01 +2.6769e+00 +1.6787e+00 +1.1701e+00 +3.1726e+00 +3.6202e-02
1601 0 +6.587898823e+00 +4.171789882e+01 +4.171789882e+01 +2.7573e+00 +1.6881e+00 +1.4036e+00 +3.0528e+00 +5.6707e-01
1701 0 +4.909189770e+00 +4.003918977e+01 +4.003918977e+01 +2.8714e+00 +1.8394e+00 +1.6063e+00 +3.0810e+00 +9.6797e-01
2003 0 +4.766647128e+00 +3.989664713e+01 +3.989664713e+01 +2.8228e+00 +2.1286e+00 +8.0052e-01 +2.3594e+00 +1.2482e+00
2004 0 +4.361780774e+00 +3.949178077e+01 +3.949178077e+01 +2.1925e+00 +1.6773e+00 +1.5832e+00 +2.7838e+00 +8.5932e-01
2101 0 +3.760134292e+00 +3.889013429e+01 +3.889013429e+01 +2.2315e+00 +1.7652e+00 +1.5818e+00 +2.6428e+00 +1.0728e+00
2324 0 +3.605297768e+00 +3.873529777e+01 +3.873529777e+01 +2.2517e+00 +1.7878e+00 +1.4935e+00 +2.6569e+00 +1.0640e+00
4003 0 +2.668625807e+00 +3.779862581e+01 +3.779862581e+01 +2.2882e+00 +1.0982e+00 +1.3234e+00 +3.0626e+00 +1.1618e+00
4004 0 +1.727927317e+00 +3.685792732e+01 +3.685792732e+01 +2.1818e+00 +1.1251e+00 +1.4349e+00 +2.9866e+00 +1.3249e+00
% f evaluations | g evaluations | best noise-free fitness - Fopt (-2.279900000000e+02) + sum g_i+ | measured fitness | best measured fitness or single-digit g-values | x1 | x2...
1 0 +2.142121404e+05 +2.139841504e+05 +2.139841504e+05 -2.9895e+00 +2.7411e+00 +6.4299e-01 +2.0481e+00 -1.5716e+00
2 0 +1.209199298e+05 +1.206919398e+05 +1.206919398e+05 +8.4964e-01 +2.7565e+00 +3.8266e+00 -3.2890e+00 +3.0889e+00
5 0 +6.417503690e+04 +6.394704690e+04 +6.394704690e+04 +1.1349e+00 +4.9191e-01 -5.7391e-01 +2.1283e+00 -3.3089e+00
13 0 +6.022744164e+04 +5.999945164e+04 +5.999945164e+04 +2.8607e+00 -8.6772e-01 -1.5104e+00 -4.7704e+00 -9.6086e-01
18 0 +4.989495334e+01 -1.780950467e+02 -1.780950467e+02 +4.0131e+00 -3.9382e+00 +2.9220e+00 -1.4796e+00 +1.5360e+00
20 0 +4.144594354e+01 -1.865440565e+02 -1.865440565e+02 +4.0932e+00 -3.5550e+00 +2.1395e+00 -5.4167e-01 -5.5334e-01
315 0 +2.485689000e+01 -2.031331100e+02 -2.031331100e+02 +3.3518e-01 -2.7428e+00 +1.8639e+00 +1.5541e+00 +9.8776e-01
401 0 +2.440411722e+01 -2.035858828e+02 -2.035858828e+02 +3.0100e-01 -2.7455e+00 +1.8612e+00 +1.7119e+00 +1.0586e+00
1201 0 +2.374910251e+01 -2.042408975e+02 -2.042408975e+02 +1.5187e+00 -2.6419e+00 +1.6498e+00 +1.2620e+00 +3.3105e-01
1601 0 +2.067468670e+01 -2.073153133e+02 -2.073153133e+02 +1.2999e+00 -3.0695e+00 +1.9400e+00 +1.8413e+00 +1.4702e-01
2118 0 +1.932779681e+01 -2.086622032e+02 -2.086622032e+02 +1.2511e+00 -2.1380e+00 +2.6839e+00 +1.0713e+00 +3.1757e-01
2201 0 +1.556039529e+01 -2.124296047e+02 -2.124296047e+02 +1.2314e+00 -2.0679e+00 +3.2188e+00 +1.1379e+00 +3.5777e-01
2301 0 +1.257717257e+01 -2.154128274e+02 -2.154128274e+02 +1.9664e+00 -1.9889e+00 +2.2052e+00 +1.7672e+00 -9.3973e-01
3003 0 +1.214968804e+01 -2.158403120e+02 -2.158403120e+02 +1.7670e+00 -1.9822e+00 +2.6489e+00 +1.6883e+00 -2.5621e-01
3101 0 +1.124102726e+01 -2.167489727e+02 -2.167489727e+02 +1.7252e+00 -1.9692e+00 +2.7908e+00 +1.7296e+00 -2.6103e-01
3207 0 +1.082760091e+01 -2.171623991e+02 -2.171623991e+02 +1.8005e+00 -1.6316e+00 +2.8732e+00 +1.5423e+00 -8.4000e-01
3301 0 +6.922426467e+00 -2.210675735e+02 -2.210675735e+02 +2.0350e+00 -1.4064e+00 +2.7426e+00 +2.1847e+00 -1.7326e+00
3501 0 +6.766366369e+00 -2.212236336e+02 -2.212236336e+02 +2.1755e+00 -1.5355e+00 +2.8967e+00 +2.4121e+00 -1.9696e+00
3603 0 +6.169811454e+00 -2.218201885e+02 -2.218201885e+02 +9.5516e-01 -9.1267e-01 +3.3531e+00 +2.1122e+00 -1.6131e+00
3701 0 +5.496325379e+00 -2.224936746e+02 -2.224936746e+02 +9.0900e-01 -7.1911e-01 +3.5008e+00 +2.2707e+00 -1.9575e+00
3801 0 +3.796537355e+00 -2.241934626e+02 -2.241934626e+02 +1.4792e+00 -1.3023e+00 +3.3450e+00 +2.3682e+00 -1.2655e+00
3901 0 +2.572514978e+00 -2.254174850e+02 -2.254174850e+02 +1.3770e+00 -1.2092e+00 +3.6736e+00 +2.8495e+00 -1.5381e+00
4301 0 +1.979798374e+00 -2.260102016e+02 -2.260102016e+02 +1.3837e+00 -1.0577e+00 +3.4273e+00 +2.7950e+00 -1.5198e+00
4801 0 +1.363807139e+00 -2.266261929e+02 -2.266261929e+02 +1.2110e+00 -8.6448e-01 +3.6874e+00 +2.9519e+00 -1.4454e+00
% f evaluations | g evaluations | best noise-free fitness - Fopt (-2.186000000000e+01) + sum g_i+ | measured fitness | best measured fitness or single-digit g-values | x1 | x2...
1 0 +3.102748134e+05 +3.102529534e+05 +3.102529534e+05 +2.4652e-01 -4.8740e+00 +3.4698e+00 -3.2862e+00 +3.5191e+00
2 0 +2.579931574e+05 +2.579712974e+05 +2.579712974e+05 +2.4163e+00 +4.7100e+00 -9.7548e-02 +3.0849e+00 -2.7218e+00
3 0 +1.910882755e+05 +1.910664155e+05 +1.910664155e+05 -3.0776e+00 -3.7134e+00 -3.6382e+00 -7.6328e-01 -4.9965e+00
7 0 +1.448022698e+05 +1.447804098e+05 +1.447804098e+05 +4.0963e+00 +1.5062e+00 +1.1395e+00 +4.8520e+00 -2.7644e+00
8 0 +7.364741662e+04 +7.362555662e+04 +7.362555662e+04 -4.1359e+00 +2.1608e+00 -3.4598e-01 -1.4558e+00 -2.8507e+00
12 0 +4.492018172e+04 +4.489832172e+04 +4.489832172e+04 +4.1226e+00 +8.2222e-01 -1.4673e+00 +2.1110e+00 -2.7298e+00
16 0 +2.130328573e+04 +2.128142573e+04 +2.128142573e+04 +4.0300e+00 +4.0350e-01 -1.4585e+00 -2.4388e+00 +3.7693e+00
29 0 +1.803205902e+04 +1.801019902e+04 +1.801019902e+04 +4.1985e+00 +1.3459e+00 -2.1572e+00 +3.1510e+00 -2.8640e+00
31 0 +1.640066018e+04 +1.637880018e+04 +1.637880018e+04 -5.6563e-02 -2.1883e+00 -3.1222e+00 +1.8431e+00 -3.6495e+00
46 0 +3.639121697e+03 +3.617261697e+03 +3.617261697e+03 -1.6900e+00 +1.3022e+00 -4.2922e+00 -1.0274e+00 +4.4404e+00
82 0 +3.289701848e+01 +1.103701848e+01 +1.103701848e+01 -4.0737e-01 +1.6401e-02 -4.5212e+00 +4.0885e-03 +1.8929e+00
126 0 +1.248021359e+01 -9.379786409e+00 -9.379786409e+00 -5.4617e-02 +1.4748e+00 -3.2226e+00 -8.6803e-01 +1.0823e+00
160 0 +1.227286934e+01 -9.587130664e+00 -9.587130664e+00 -4.7914e-02 +1.3742e+00 -2.7878e+00 -7.6150e-01 +9.4946e-01
169 0 +1.197996716e+01 -9.880032840e+00 -9.880032840e+00 -4.4735e-02 +1.2395e+00 -2.5150e+00 -7.4428e-01 +9.0435e-01
201 0 +1.156539582e+01 -1.029460418e+01 -1.029460418e+01 -4.1624e-02 +9.6107e-01 -2.1047e+00 -8.4738e-01 +8.4926e-01
401 0 +7.702232311e+00 -1.415776769e+01 -1.415776769e+01 -4.7754e-01 +1.1551e+00 -2.5746e+00 -8.9495e-01 +1.1941e+00
501 0 +7.274184991e+00 -1.458581501e+01 -1.458581501e+01 -5.6414e-01 +1.1747e+00 -2.6253e+00 -9.2680e-01 +1.2673e+00
601 0 +7.140797355e+00 -1.471920265e+01 -1.471920265e+01 -5.8596e-01 +1.3024e+00 -2.5831e+00 -9.2695e-01 +1.7127e+00
701 0 +6.922846029e+00 -1.493715397e+01 -1.493715397e+01 -6.2316e-01 +1.3108e+00 -2.5716e+00 -9.6998e-01 +1.7670e+00
838 0 +6.883720867e+00 -1.497627913e+01 -1.497627913e+01 -2.9096e-01 +1.2069e+00 -2.2683e+00 -1.0095e+00 +1.2675e+00
1001 0 +6.545861533e+00 -1.531413847e+01 -1.531413847e+01 -4.7963e-02 +1.2308e+00 -2.1188e+00 -1.2916e+00 +1.4303e+00
1013 0 +6.060348269e+00 -1.579965173e+01 -1.579965173e+01 -6.7000e-01 +1.4210e+00 -2.7875e+00 -1.3305e+00 +1.1637e+00
1101 0 +5.568748884e+00 -1.629125112e+01 -1.629125112e+01 -9.0838e-01 +1.5400e+00 -3.0133e+00 -1.4900e+00 +1.2688e+00
1401 0 +5.422242410e+00 -1.643775759e+01 -1.643775759e+01 -5.4961e-01 +1.7701e+00 -2.5654e+00 -1.4460e+00 +1.4748e+00
1402 0 +4.978003026e+00 -1.688199697e+01 -1.688199697e+01 -7.0678e-01 +1.5312e+00 -2.7935e+00 -1.6163e+00 +1.3828e+00
1403 0 +4.754611759e+00 -1.710538824e+01 -1.710538824e+01 -8.4820e-01 +1.3130e+00 -2.3001e+00 -1.1652e+00 +1.0786e+00
1501 0 +3.624154291e+00 -1.823584571e+01 -1.823584571e+01 -1.1248e+00 +1.4230e+00 -2.2773e+00 -1.2111e+00 +1.2008e+00
1601 0 +3.460428678e+00 -1.839957132e+01 -1.839957132e+01 -1.2032e+00 +1.5339e+00 -2.2908e+00 -1.2208e+00 +1.1400e+00
1701 0 +2.405587268e+00 -1.945441273e+01 -1.945441273e+01 -1.4593e+00 +1.5725e+00 -2.3379e+00 -1.4267e+00 +1.1732e+00
1801 0 +2.240623530e+00 -1.961937647e+01 -1.961937647e+01 -1.9302e+00 +1.6822e+00 -2.5358e+00 -1.5826e+00 +1.0773e+00
1903 0 +1.434280193e+00 -2.042571981e+01 -2.042571981e+01 -1.4962e+00 +1.5061e+00 -2.0730e+00 -1.5005e+00 +1.4673e+00
2601 0 +1.392245910e+00 -2.046775409e+01 -2.046775409e+01 -1.5571e+00 +1.3377e+00 -1.7487e+00 -1.4673e+00 +1.1839e+00
2703 0 +8.450505113e-01 -2.101494949e+01 -2.101494949e+01 -1.5414e+00 +1.7270e+00 -1.8991e+00 -1.6339e+00 +1.0902e+00
3501 0 +7.693174611e-01 -2.109068254e+01 -2.109068254e+01 -1.4443e+00 +1.5180e+00 -1.8737e+00 -1.6400e+00 +1.3712e+00
3901 0 +7.300000432e-01 -2.112999996e+01 -2.112999996e+01 -1.4858e+00 +1.5873e+00 -1.7524e+00 -1.5739e+00 +1.3599e+00
% f evaluations | g evaluations | best noise-free fitness - Fopt (-5.762300000000e+02) + sum g_i+ | measured fitness | best measured fitness or single-digit g-values | x1 | x2...
1 0 +5.043000842e+04 +4.985377842e+04 +4.985377842e+04 -4.1273e+00 +6.8625e-01 -2.3627e+00 +2.8081e+00 -9.8146e-01
5 0 +1.238624901e+02 -4.523675099e+02 -4.523675099e+02 +3.8619e+00 -4.5499e+00 +2.7159e+00 +4.2000e+00 -3.0516e+00
6 0 +1.133458042e+02 -4.628841958e+02 -4.628841958e+02 +2.9943e+00 -4.6109e+00 -1.2038e+00 +1.4341e-01 +1.0142e+00
15 0 +4.344607196e+01 -5.327839280e+02 -5.327839280e+02 -4.5541e-01 -6.4259e-01 -1.1997e+00 +1.9295e+00 +2.9790e-01
401 0 +4.241019555e+01 -5.338198044e+02 -5.338198044e+02 +7.8360e-01 -3.1051e+00 -9.0801e-02 +3.7999e+00 +1.4015e+00
601 0 +4.103319565e+01 -5.351968044e+02 -5.351968044e+02 +7.4582e-01 -3.2238e+00 -1.4742e-01 +4.0797e+00 +1.4901e+00
802 0 +3.633225868e+01 -5.398977413e+02 -5.398977413e+02 +7.6122e-01 -2.7993e+00 -9.6248e-01 +3.4122e+00 +1.0860e+00
901 0 +3.477192694e+01 -5.414580731e+02 -5.414580731e+02 +8.5320e-01 -2.9377e+00 -1.0598e+00 +3.6637e+00 +1.1367e+00
1001 0 +3.223962486e+01 -5.439903751e+02 -5.439903751e+02 +1.1180e+00 -3.1331e+00 -1.3639e+00 +3.9424e+00 +1.0360e+00
1102 0 +3.019845450e+01 -5.460315455e+02 -5.460315455e+02 +1.4323e-01 -2.6790e+00 -6.8654e-01 +2.9193e+00 +8.5841e-01
1201 0 +2.331668591e+01 -5.529133141e+02 -5.529133141e+02 +4.5023e-04 -3.4192e+00 -7.8185e-01 +3.2367e+00 +9.4619e-01
1401 0 +1.962053426e+01 -5.566094657e+02 -5.566094657e+02 -1.2458e-01 -3.7198e+00 -9.7466e-01 +3.4484e+00 +9.7732e-01
1601 0 +1.667528335e+01 -5.595547167e+02 -5.595547167e+02 -2.0686e-01 -2.7384e+00 -5.9653e-01 +3.3262e+00 -2.8965e-02
1803 0 +1.370726126e+01 -5.625227387e+02 -5.625227387e+02 -4.5904e-01 -2.8174e+00 -7.8986e-01 +3.2731e+00 +2.9007e-01
1901 0 +1.260324861e+01 -5.636267514e+02 -5.636267514e+02 -5.7475e-01 -2.8394e+00 -7.6701e-01 +3.3631e+00 +1.8416e-01
2001 0 +1.249491677e+01 -5.637350832e+02 -5.637350832e+02 -5.5614e-01 -2.8665e+00 -7.9616e-01 +3.4587e+00 +1.2184e-01
2402 0 +1.055770905e+01 -5.656722910e+02 -5.656722910e+02 -7.8283e-01 -2.7855e+00 -1.0245e+00 +3.0969e+00 -6.3604e-02
2501 0 +8.277721186e+00 -5.679522788e+02 -5.679522788e+02 -8.9212e-01 -2.7527e+00 -1.0987e+00 +3.1571e+00 -1.1844e-01
3103 0 +6.968417555e+00 -5.692615824e+02 -5.692615824e+02 -1.1310e+00 -3.8521e+00 -6.4548e-01 +2.6942e+00 -1.4047e-01
3201 0 +6.706556440e+00 -5.695234436e+02 -5.695234436e+02 -1.1698e+00 -3.9989e+00 -6.2646e-01 +2.7445e+00 -6.9357e-02
3301 0 +5.095175487e+00 -5.711348245e+02 -5.711348245e+02 -1.2950e+00 -4.3391e+00 -6.9255e-01 +2.8341e+00 -3.6866e-02
3802 0 +2.916648743e+00 -5.733133513e+02 -5.733133513e+02 -1.6145e+00 -3.9038e+00 -1.0064e+00 +2.8785e+00 +1.2276e-01
4602 0 +2.724446757e+00 -5.735055532e+02 -5.735055532e+02 -2.0170e+00 -3.6102e+00 -1.0287e+00 +2.4453e+00 +4.5254e-02
4801 0 +1.268892624e+00 -5.749611074e+02 -5.749611074e+02 -2.3383e+00 -3.7328e+00 -1.1327e+00 +2.5346e+00 +1.1643e-01
4901 0 +6.138126228e-01 -5.756161874e+02 -5.756161874e+02 -2.4937e+00 -3.9960e+00 -1.2175e+00 +2.4494e+00 +1.3254e-01
% f evaluations | g evaluations | best noise-free fitness - Fopt (7.936000000000e+01) + sum g_i+ | measured fitness | best measured fitness or single-digit g-values | x1 | x2...
1 0 +3.189324550e+05 +3.190118150e+05 +3.190118150e+05 +1.0635e+00 +2.9029e+00 +1.9137e+00 -3.4249e+00 -4.3564e+00
5 0 +2.420240217e+05 +2.421033817e+05 +2.421033817e+05 +1.2008e+00 +1.9739e+00 -4.5438e+00 -1.9742e+00 -4.4804e-01
6 0 +4.912331114e+04 +4.920267114e+04 +4.920267114e+04 -1.8703e-01 +4.6933e+00 +5.0655e-01 +5.8787e-01 +1.2204e+00
12 0 +3.568804696e+04 +3.576740696e+04 +3.576740696e+04 -4.0347e+00 +2.6190e+00 -4.1420e+00 +4.2791e+00 +3.4983e+00
14 0 +1.938893689e+03 +2.018253689e+03 +2.018253689e+03 -2.8614e+00 +4.9867e-01 -4.0269e+00 +4.4839e+00 -3.9509e-01
37 0 +7.913216594e+01 +1.584921659e+02 +1.584921659e+02 -1.5413e+00 +4.1980e+00 -2.6989e+00 +7.7906e-01 -4.1317e+00
61 0 +6.594692600e+01 +1.453069260e+02 +1.453069260e+02 -2.4945e+00 +2.2871e+00 -3.4288e+00 +3.6882e+00 -3.5714e+00
237 0 +3.795934271e+01 +1.173193427e+02 +1.173193427e+02 -2.3288e+00 +2.4534e+00 -2.4227e+00 +1.4421e+00 -1.4929e+00
412 0 +3.593199760e+01 +1.152919976e+02 +1.152919976e+02 -2.3897e+00 +2.1347e+00 -2.4856e+00 +1.9193e+00 -1.5797e+00
417 0 +2.943488707e+01 +1.087948871e+02 +1.087948871e+02 -2.0177e+00 +2.4004e+00 -1.9638e+00 +1.3212e+00 -1.5533e+00
502 0 +2.797995011e+01 +1.073399501e+02 +1.073399501e+02 -1.8971e+00 +2.5399e+00 -2.0438e+00 +1.8970e+00 -1.5976e+00
622 0 +2.514425333e+01 +1.045042533e+02 +1.045042533e+02 -1.8409e+00 +2.6169e+00 -1.6080e+00 +1.1264e+00 -1.1528e+00
1306 0 +2.474295127e+01 +1.041029513e+02 +1.041029513e+02 -1.9715e+00 +2.2937e+00 -2.1086e+00 +1.9722e+00 -1.1534e+00
1401 0 +2.221836481e+01 +1.015783648e+02 +1.015783648e+02 -1.7090e+00 +2.0567e+00 -1.9176e+00 +2.2619e+00 -9.4271e-01
1501 0 +1.449839923e+01 +9.385839923e+01 +9.385839923e+01 -1.6501e+00 +1.9086e+00 -1.7582e+00 +2.7030e+00 -5.8581e-01
1601 0 +1.194550072e+01 +9.130550072e+01 +9.130550072e+01 -1.4964e+00 +1.6871e+00 -1.5904e+00 +3.2783e+00 -2.4792e-01
2715 0 +1.097469883e+01 +9.033469883e+01 +9.033469883e+01 -1.0079e+00 +2.1727e+00 -1.2793e+00 +2.6571e+00 +9.9957e-03
2801 0 +6.710649055e+00 +8.607064906e+01 +8.607064906e+01 -1.3410e+00 +2.1345e+00 -8.5585e-01 +2.5973e+00 +5.5499e-01
3909 0 +5.074504061e+00 +8.443450406e+01 +8.443450406e+01 -1.4004e+00 +1.8800e+00 -8.8890e-01 +3.0102e+00 +5.0816e-01
4001 0 +4.225636482e+00 +8.358563648e+01 +8.358563648e+01 -1.1436e+00 +1.8603e+00 -8.5763e-01 +3.1779e+00 +6.6399e-01
4701 0 +3.860047297e+00 +8.322004730e+01 +8.322004730e+01 -2.0438e+00 +1.8410e+00 -7.0997e-01 +3.3706e+00 +9.0751e-01
4809 0 +3.691312626e+00 +8.305131263e+01 +8.305131263e+01 -1.6430e+00 +1.8128e+00 -8.5876e-01 +3.1462e+00 +1.0885e+00
4811 0 +1.381887614e+00 +8.074188761e+01 +8.074188761e+01 -1.5326e+00 +1.6766e+00 -4.2404e-01 +3.2890e+00 +1.1716e+00
% f evaluations | g evaluations | best noise-free fitness - Fopt (-2.234600000000e+02) + sum g_i+ | measured fitness | best measured fitness or single-digit g-values | x1 | x2...
1 0 +1.163373712e+05 +1.161139112e+05 +1.161139112e+05 +9.8443e-01 +1.8310e+00 +2.0293e+00 +4.4175e-01 +6.4299e-01
6 0 +3.629944163e+04 +3.607598163e+04 +3.607598163e+04 +3.8087e+00 +1.8385e+00 -3.8040e+00 +2.0522e+00 -7.2921e-01
17 0 +1.575154342e+04 +1.552808342e+04 +1.552808342e+04 -1.3232e-01 +3.7492e-01 -4.5647e+00 +2.8395e+00 +2.1413e+00
26 0 +3.953300367e+03 +3.729840367e+03 +3.729840367e+03 -3.7625e+00 +4.9176e+00 -1.0970e+00 -8.1439e-01 +4.4659e+00
51 0 +3.341916613e+03 +3.118456613e+03 +3.118456613e+03 -1.8070e+00 +4.9073e+00 +1.9038e+00 -1.0208e+00 +4.4534e+00
64 0 +2.297374577e+03 +2.073914577e+03 +2.073914577e+03 -3.6248e+00 +2.0038e+00 -1.5010e+00 +4.5144e+00 -4.3331e-01
105 0 +2.227125512e+03 +2.003665512e+03 +2.003665512e+03 +1.6036e-01 +7.2240e-01 -4.6535e+00 +1.8787e+00 +5.7478e-01
107 0 +2.200897827e+02 -3.370217316e+00 -3.370217316e+00 -9.5175e-02 +4.4351e+00 -5.0591e-01 -2.2732e-02 +2.8149e+00
501 0 +1.180990596e+02 -1.053609404e+02 -1.053609404e+02 -5.0000e+00 +3.8947e+00 -1.9053e+00 -8.2695e-01 +4.0800e+00
605 0 +9.503443859e+01 -1.284255614e+02 -1.284255614e+02 -1.4274e+00 +2.4911e+00 -3.0869e+00 +1.1879e+00 +1.8275e+00
701 0 +4.815651116e+01 -1.753034888e+02 -1.753034888e+02 -1.4049e+00 +2.3969e+00 -3.5682e+00 +1.4786e+00 +1.6669e+00
805 0 +4.458947143e+01 -1.788705286e+02 -1.788705286e+02 -7.3676e-01 +2.2744e+00 -4.0754e+00 +2.5541e+00 +7.7800e-01
902 0 +4.074486106e+01 -1.827151389e+02 -1.827151389e+02 -3.7887e-01 +2.1759e+00 -4.7480e+00 +2.5111e+00 +9.7345e-01
1001 0 +3.621398811e+01 -1.872460119e+02 -1.872460119e+02 +3.5413e-01 +1.9876e+00 -5.0000e+00 +3.7061e+00 +4.9432e-01
1602 0 +3.273870820e+01 -1.907212918e+02 -1.907212918e+02 -6.7654e-01 +2.8704e+00 -3.4291e+00 +1.5519e+00 +1.2983e+00
1701 0 +2.569457069e+01 -1.977654293e+02 -1.977654293e+02 -3.1582e-01 +3.0075e+00 -3.5495e+00 +1.3893e+00 +1.1144e+00
1801 0 +2.104166248e+01 -2.024183375e+02 -2.024183375e+02 +2.2775e-01 +3.5036e+00 -3.6790e+00 +1.1145e+00 +9.9799e-01
2022 0 +1.811351406e+01 -2.053464859e+02 -2.053464859e+02 +5.8087e-01 +4.0452e+00 -3.8408e+00 +8.6557e-01 +9.3340e-01
2501 0 +1.271649120e+01 -2.107435088e+02 -2.107435088e+02 +8.0439e-01 +3.4925e+00 -3.9509e+00 +1.1817e+00 +9.9026e-01
2603 0 +1.235897839e+01 -2.111010216e+02 -2.111010216e+02 +9.4988e-01 +3.3661e+00 -3.5601e+00 +2.3277e+00 +7.7853e-01
2809 0 +1.178106435e+01 -2.116789357e+02 -2.116789357e+02 +8.0162e-01 +3.2646e+00 -3.0939e+00 +1.8378e+00 +1.0015e+00
2901 0 +1.170533897e+01 -2.117546610e+02 -2.117546610e+02 +1.2153e+00 +3.2650e+00 -2.9779e+00 +2.5620e+00 +5.2947e-01
3001 0 +9.299694878e+00 -2.141603051e+02 -2.141603051e+02 +1.8045e+00 +3.5934e+00 -2.8174e+00 +3.0821e+00 +3.4187e-01
3301 0 +9.030296958e+00 -2.144297030e+02 -2.144297030e+02 +1.0304e+00 +4.0370e+00 -2.9956e+00 +2.2269e+00 +1.6574e+00
3402 0 +8.005667305e+00 -2.154543327e+02 -2.154543327e+02 +1.1762e+00 +3.0743e+00 -2.7542e+00 +2.7108e+00 +1.5194e+00
3601 0 +7.241071369e+00 -2.162189286e+02 -2.162189286e+02 +1.2185e+00 +3.4460e+00 -2.4453e+00 +1.9353e+00 +8.2246e-01
3701 0 +6.967953044e+00 -2.164920470e+02 -2.164920470e+02 +1.2454e+00 +3.4548e+00 -2.4350e+00 +1.8260e+00 +8.3759e-01
3901 0 +6.670107977e+00 -2.167898920e+02 -2.167898920e+02 +1.2812e+00 +3.4193e+00 -3.0072e+00 +1.7615e+00 +8.9254e-01
4101 0 +6.021618115e+00 -2.174383819e+02 -2.174383819e+02 +1.5064e+00 +3.5004e+00 -2.4089e+00 +2.4077e+00 +8.9763e-01
4201 0 +5.536101125e+00 -2.179238989e+02 -2.179238989e+02 +1.5232e+00 +3.5050e+00 -2.5324e+00 +2.3061e+00 +8.9892e-01
4202 0 +5.240171133e+00 -2.182198289e+02 -2.182198289e+02 +1.5737e+00 +3.7148e+00 -3.2732e+00 +1.5247e+00 +1.0093e+00
4204 0 +3.561760404e+00 -2.198982396e+02 -2.198982396e+02 +1.8160e+00 +3.0323e+00 -2.8311e+00 +2.3590e+00 +9.8020e-01
4503 0 +2.540102513e+00 -2.209198975e+02 -2.209198975e+02 +1.9608e+00 +3.2616e+00 -2.5784e+00 +2.1665e+00 +9.4306e-01
% f evaluations | g evaluations | best noise-free fitness - Fopt (-6.793500000000e+02) + sum g_i+ | measured fitness | best measured fitness or single-digit g-values | x1 | x2...
1 0 +5.764815791e+05 +5.758022291e+05 +5.758022291e+05 +2.9102e+00 -3.2408e-01 -2.9803e+00 +4.6140e+00 +3.0036e+00
2 0 +1.355487958e+05 +1.348694458e+05 +1.348694458e+05 -1.7735e+00 -1.3450e+00 +1.2326e+00 -1.6988e+00 +1.8261e+00
3 0 +1.361499912e+02 -5.432000088e+02 -5.432000088e+02 -1.5482e+00 -2.4302e+00 +4.1798e+00 +3.7360e+00 -3.3353e+00
102 0 +1.037706282e+02 -5.755793718e+02 -5.755793718e+02 -3.1158e+00 -3.3443e+00 +5.0000e+00 +8.2444e-01 -2.5584e+00
330 0 +5.884693194e+01 -6.205030681e+02 -6.205030681e+02 -1.6652e+00 -3.0693e+00 +4.0609e+00 +1.5722e+00 -1.0811e+00
335 0 +5.551618519e+01 -6.238338148e+02 -6.238338148e+02 -1.6271e+00 -2.9413e+00 +3.7563e+00 +1.3517e+00 -1.0564e+00
401 0 +4.981006029e+01 -6.295399397e+02 -6.295399397e+02 -1.4953e+00 -3.0369e+00 +3.9218e+00 +1.4598e+00 -7.7516e-01
501 0 +4.786080618e+01 -6.314891938e+02 -6.314891938e+02 -1.4371e+00 -3.0329e+00 +4.1631e+00 +1.4642e+00 -6.8471e-01
701 0 +4.137105357e+01 -6.379789464e+02 -6.379789464e+02 -1.5435e+00 -3.0487e+00 +4.3600e+00 +1.3000e+00 -1.7108e-01
801 0 +3.791627469e+01 -6.414337253e+02 -6.414337253e+02 -1.5511e+00 -3.0034e+00 +4.4123e+00 +1.2887e+00 +1.1855e-01
902 0 +3.667897576e+01 -6.426710242e+02 -6.426710242e+02 -1.2332e+00 -3.4723e+00 +3.8019e+00 +1.5207e+00 +2.0837e-01
1002 0 +3.494776606e+01 -6.444022339e+02 -6.444022339e+02 -1.6926e+00 -2.9960e+00 +3.6718e+00 +1.2806e+00 +3.2700e-01
1023 0 +3.338948743e+01 -6.459605126e+02 -6.459605126e+02 -1.5161e+00 -3.0380e+00 +4.5678e+00 +1.2082e+00 +3.7264e-01
1101 0 +2.399764617e+01 -6.553523538e+02 -6.553523538e+02 -1.5117e+00 -2.7519e+00 +4.6767e+00 +9.3212e-01 +8.7292e-01
1321 0 +2.348008536e+01 -6.558699146e+02 -6.558699146e+02 -1.9855e+00 -2.7672e+00 +4.8264e+00 +5.7733e-01 +1.0365e+00
1401 0 +1.658351542e+01 -6.627664846e+02 -6.627664846e+02 -2.6041e+00 -2.8770e+00 +4.8940e+00 +1.0627e-01 +1.8799e+00
1501 0 +1.250004137e+01 -6.668499586e+02 -6.668499586e+02 -3.1273e+00 -2.9594e+00 +4.8082e+00 -3.7080e-01 +2.5937e+00
1701 0 +8.770330333e+00 -6.705796697e+02 -6.705796697e+02 -1.8977e+00 -2.7423e+00 +4.2901e+00 -3.0619e-01 +1.6886e+00
1923 0 +4.847156673e+00 -6.745028433e+02 -6.745028433e+02 -2.1482e+00 -2.6434e+00 +4.6080e+00 -1.0039e+00 +2.4975e+00
4204 0 +2.453034293e+00 -6.768969657e+02 -6.768969657e+02 -2.1279e+00 -2.8697e+00 +4.2840e+00 -1.4994e+00 +2.4236e+00
% f evaluations | g evaluations | best noise-free fitness - Fopt (-1.293700000000e+02) + sum g_i+ | measured fitness | best measured fitness or single-digit g-values | x1 | x2...
1 0 +3.564604336e+05 +3.563310636e+05 +3.563310636e+05 +2.6036e+00 +3.6136e+00 -2.4381e+00 +1.1536e+00 +3.1894e+00
2 0 +2.766876092e+05 +2.765582392e+05 +2.765582392e+05 -2.5107e+00 +2.1059e+00 -2.3127e+00 -7.0942e-01 +8.9429e-01
3 0 +1.265166256e+05 +1.263872556e+05 +1.263872556e+05 +2.0667e+00 -2.8672e+00 +3.2733e+00 -1.9990e-01 -3.2260e+00
4 0 +9.222059787e+01 -3.714940213e+01 -3.714940213e+01 -1.7526e+00 +2.5327e+00 -1.7968e+00 +4.9952e+00 -1.4303e+00
402 0 +6.093453377e+01 -6.843546623e+01 -6.843546623e+01 -1.4752e+00 +1.9617e+00 -1.0587e+00 +3.5014e+00 -2.0957e+00
407 0 +4.521880982e+01 -8.415119018e+01 -8.415119018e+01 +3.7448e-02 +1.3573e+00 -2.4528e-01 +3.4082e+00 -2.9296e+00
905 0 +4.002754370e+01 -8.934245630e+01 -8.934245630e+01 +6.2039e-02 +1.3232e+00 -3.0496e-02 +3.1494e+00 -2.8283e+00
1001 0 +3.912168443e+01 -9.024831557e+01 -9.024831557e+01 +1.1648e-01 +1.3453e+00 +6.1701e-02 +3.1526e+00 -2.9119e+00
1106 0 +3.624886078e+01 -9.312113922e+01 -9.312113922e+01 -4.4059e-02 +6.6434e-01 +1.1018e-01 +2.9161e+00 -2.9470e+00
1112 0 +2.941347386e+01 -9.995652614e+01 -9.995652614e+01 -9.5532e-01 +1.1211e+00 +4.1463e-01 +2.7536e+00 -2.6583e+00
1201 0 +2.335885013e+01 -1.060111499e+02 -1.060111499e+02 -1.2236e+00 +9.4769e-01 +1.0133e+00 +2.4197e+00 -2.8497e+00
1301 0 +2.032346204e+01 -1.090465380e+02 -1.090465380e+02 -1.3690e+00 +9.3573e-01 +1.3977e+00 +2.1139e+00 -3.1312e+00
1401 0 +1.547297495e+01 -1.138970250e+02 -1.138970250e+02 -1.5016e+00 +9.7290e-01 +1.7877e+00 +2.0169e+00 -3.2664e+00
1617 0 +1.344514384e+01 -1.159248562e+02 -1.159248562e+02 -1.6499e+00 +9.4538e-01 +2.1787e+00 +1.8838e+00 -3.4513e+00
2404 0 +1.259813412e+01 -1.167718659e+02 -1.167718659e+02 -2.7417e+00 +1.1976e+00 +2.3791e+00 +1.6965e+00 -2.4426e+00
2501 0 +1.258862660e+01 -1.167813734e+02 -1.167813734e+02 -3.1683e+00 +1.1827e+00 +2.7925e+00 +1.4820e+00 -2.3959e+00
3221 0 +1.154934812e+01 -1.178206519e+02 -1.178206519e+02 -2.6738e+00 +1.4779e+00 +2.6801e+00 +1.5414e+00 -2.2514e+00
3301 0 +1.147487786e+01 -1.178951221e+02 -1.178951221e+02 -2.8451e+00 +1.4673e+00 +2.9115e+00 +1.4617e+00 -2.3305e+00
3317 0 +9.686185297e+00 -1.196838147e+02 -1.196838147e+02 -2.5324e+00 +1.5431e+00 +2.8350e+00 +1.5271e+00 -2.7133e+00
3614 0 +7.447987987e+00 -1.219220120e+02 -1.219220120e+02 -1.9436e+00 +1.4119e+00 +2.8128e+00 +1.2989e+00 -3.3860e+00
3809 0 +7.309975730e+00 -1.220600243e+02 -1.220600243e+02 -2.1792e+00 +1.3664e+00 +2.8211e+00 +1.3541e+00 -2.8830e+00
4115 0 +6.643928682e+00 -1.227260713e+02 -1.227260713e+02 -2.5004e+00 +1.6828e+00 +3.4122e+00 +1.0639e+00 -2.7340e+00
4505 0 +6.152821214e+00 -1.232171788e+02 -1.232171788e+02 -2.3222e+00 +2.2121e+00 +2.9908e+00 +1.2508e+00 -2.7118e+00
4802 0 +5.928667413e+00 -1.234413326e+02 -1.234413326e+02 -2.8127e+00 +2.6810e+00 +3.3448e+00 +8.5888e-01 -2.4053e+00
4808 0 +5.860348403e+00 -1.235096516e+02 -1.235096516e+02 -2.1578e+00 +2.0226e+00 +2.7062e+00 +1.1481e+00 -2.6962e+00
4901 0 +5.473818676e+00 -1.238961813e+02 -1.238961813e+02 -2.1483e+00 +2.0331e+00 +2.7943e+00 +1.1209e+00 -2.6228e+00
5001 0 +5.054017615e+00 -1.243159824e+02 -1.243159824e+02 -2.1871e+00 +2.1673e+00 +2.9873e+00 +1.1142e+00 -2.6367e+00
