% f evaluations | g evaluations | best noise-free fitness - Fopt (-6.211100000000e+02) + sum g_i+ | measured fitness | best measured fitness or single-digit g-values | x1 | x2...
1 0 +1.014815418e+08 +1.014809207e+08 +1.014809207e+08 -1.7836e+00 -2.6510e-01 -4.9146e-01 +2.4206e+00 +3.6910e+00
3 0 +1.265198630e+07 +1.265136519e+07 +1.265136519e+07 -3.5191e+00 +3.0350e+00 -3.9241e+00 -2.3268e+00 -2.8425e+00
4 0 +5.600294527e+06 +5.599673417e+06 +5.599673417e+06 +2.4826e-01 +2.6238e+00 -1.6098e+00 -4.5570e+00 -1.3379e+00
101 0 +2.474047076e+06 +2.473425966e+06 +2.473425966e+06 -5.8919e-01 +4.2099e+00 -2.3137e+00 -4.5907e+00 -2.0663e+00
502 0 +2.258132515e+06 +2.257511405e+06 +2.257511405e+06 -1.8640e-01 +3.1892e+00 -1.7193e+00 -3.9056e+00 -1.2043e+00
701 0 +2.001678548e+06 +2.001057438e+06 +2.001057438e+06 -1.2717e-01 +3.5334e+00 -1.8432e+00 -4.0426e+00 -1.3274e+00
702 0 +1.926544915e+06 +1.925923805e+06 +1.925923805e+06 +1.5088e-01 +3.6613e+00 -1.8253e+00 -3.4239e+00 -1.6645e+00
1002 0 +1.179649232e+06 +1.179028122e+06 +1.179028122e+06 -6.9075e-01 +3.6752e+00 -2.6847e+00 -3.4683e+00 -2.3900e+00
1101 0 +1.134613124e+06 +1.133992014e+06 +1.133992014e+06 -7.4023e-01 +3.7409e+00 -2.8946e+00 -3.4959e+00 -2.4253e+00
1102 0 +1.061476439e+06 +1.060855329e+06 +1.060855329e+06 -2.5030e-01 +3.8087e+00 -2.1178e+00 -3.4018e+00 -1.4512e+00
1318 0 +1.023490706e+06 +1.022869596e+06 +1.022869596e+06 -2.5687e-01 +3.8488e+00 -2.0490e+00 -3.5179e+00 -1.4440e+00
1603 0 +8.953412689e+05 +8.947201589e+05 +8.947201589e+05 -7.2025e-01 +3.5937e+00 -1.5341e+00 -2.7819e+00 -1.2707e+00
1701 0 +6.721586857e+05 +6.715375757e+05 +6.715375757e+05 -1.1392e+00 +3.9686e+00 -1.4564e+00 -2.5336e+00 -1.2937e+00
1803 0 +6.377967789e+05 +6.371756689e+05 +6.371756689e+05 -7.4048e-01 +3.7324e+00 -1.7184e+00 -3.2009e+00 -9.8167e-01
1905 0 +5.123274561e+05 +5.117063461e+05 +5.117063461e+05 -8.6661e-01 +3.8226e+00 -2.0751e+00 -2.8200e+00 -1.8917e+00
2001 0 +4.888673511e+05 +4.882462411e+05 +4.882462411e+05 -1.4629e+00 +4.1204e+00 -2.2115e+00 -2.5403e+00 -2.1722e+00
2201 0 +4.242199435e+05 +4.235988335e+05 +4.235988335e+05 -7.9241e-01 +4.1114e+00 -1.6894e+00 -3.0120e+00 -2.1721e+00
2303 0 +2.080097605e+05 +2.073886505e+05 +2.073886505e+05 -1.2067e+00 +4.1163e+00 -2.1530e+00 -2.7653e+00 -1.9741e+00
2406 0 +1.978397603e+05 +1.972186503e+05 +1.972186503e+05 -9.3651e-01 +4.1282e+00 -1.8255e+00 -2.8902e+00 -1.5122e+00
2501 0 +1.489444493e+05 +1.483233393e+05 +1.483233393e+05 -9.8333e-01 +4.2015e+00 -1.8807e+00 -2.8872e+00 -1.5464e+00
2601 0 +1.098290442e+05 +1.092079342e+05 +1.092079342e+05 -1.0287e+00 +4.2768e+00 -2.0060e+00 -2.8853e+00 -1.5823e+00
2805 0 +8.464164049e+04 +8.402053049e+04 +8.402053049e+04 -1.0308e+00 +4.4441e+00 -1.8346e+00 -2.9390e+00 -1.5291e+00
3103 0 +2.950916592e+04 +2.888805592e+04 +2.888805592e+04 -1.0029e+00 +4.3794e+00 -2.1852e+00 -3.1809e+00 -1.7754e+00
3701 0 +2.086039337e+04 +2.023928337e+04 +2.023928337e+04 -1.0898e+00 +4.2777e+00 -1.7429e+00 -3.1139e+00 -1.5127e+00
4016 0 +6.490531215e+03 +5.869421215e+03 +5.869421215e+03 -1.1526e+00 +4.3873e+00 -1.6067e+00 -3.2804e+00 -1.4982e+00
% f evaluations | g evaluations | best noise-free fitness - Fopt (-2.548200000000e+02) + sum g_i+ | measured fitness | best measured fitness or single-digit g-values | x1 | x2...
1 0 +2.049150954e+07 +2.049125472e+07 +2.049125472e+07 +5.5943e-01 +2.2117e+00 -3.0772e+00 +2.9752e+00 -4.8463e+00
11 0 +7.279412202e+06 +7.279157382e+06 +7.279157382e+06 +2.0098e+00 +2.1572e+00 +2.4116e+00 -1.2617e+00 -3.7491e+00
226 0 +7.019970501e+06 +7.019715681e+06 +7.019715681e+06 +1.1925e+00 +1.8215e+00 +2.3193e-01 +3.9887e-01 -2.9834e+00
246 0 +6.225808136e+06 +6.225553316e+06 +6.225553316e+06 +1.0170e+00 +1.9425e+00 +2.4849e-01 +4.3049e-01 -3.1817e+00
258 0 +5.605218702e+06 +5.604963882e+06 +5.604963882e+06 +1.0388e+00 +1.9842e+00 +9.7729e-02 +4.3450e-01 -3.2525e+00
301 0 +2.549272038e+06 +2.549017218e+06 +2.549017218e+06 +1.2060e+00 +2.3036e+00 +1.3043e-01 +4.1053e-01 -3.7776e+00
401 0 +2.211461273e+06 +2.211206453e+06 +2.211206453e+06 +1.2229e+00 +2.3957e+00 -2.1445e-02 +5.8670e-01 -3.9510e+00
501 0 +1.608537527e+06 +1.608282707e+06 +1.608282707e+06 +1.3142e+00 +2.5591e+00 -1.1971e-01 +6.5040e-01 -4.2228e+00
602 0 +1.388750963e+06 +1.388496143e+06 +1.388496143e+06 +1.5651e+00 +2.3448e+00 +4.9517e-01 +1.2975e+00 -4.3918e+00
701 0 +1.305188743e+06 +1.304933923e+06 +1.304933923e+06 +1.5769e+00 +2.3770e+00 +7.3777e-01 +1.3092e+00 -4.4372e+00
703 0 +5.035253421e+05 +5.032705221e+05 +5.032705221e+05 +1.6095e+00 +2.7929e+00 +2.4063e-01 +4.5876e-01 -4.4847e+00
801 0 +2.047207387e+05 +2.044659187e+05 +2.044659187e+05 +1.8386e+00 +3.2343e+00 +3.9114e-01 +4.8196e-01 -4.9739e+00
1702 0 +1.416058166e+05 +1.413509966e+05 +1.413509966e+05 +2.4358e+00 +2.7883e+00 +2.5738e-01 +4.6592e-01 -4.5301e+00
2106 0 +1.205459044e+05 +1.202910844e+05 +1.202910844e+05 +2.1958e+00 +2.7439e+00 +3.0382e-01 +2.6232e-01 -4.4980e+00
2320 0 +8.327593031e+04 +8.302111031e+04 +8.302111031e+04 +2.2825e+00 +2.6852e+00 +4.3862e-01 +4.0803e-01 -4.9451e+00
2402 0 +7.726324897e+04 +7.700842897e+04 +7.700842897e+04 +1.9249e+00 +2.8912e+00 +3.4273e-01 +3.6871e-01 -5.0000e+00
2412 0 +3.410194591e+04 +3.384712591e+04 +3.384712591e+04 +2.0970e+00 +2.9261e+00 +3.9634e-01 +4.8030e-01 -4.7316e+00
2415 0 +2.980220917e+04 +2.954738917e+04 +2.954738917e+04 +2.1906e+00 +2.8296e+00 +5.6394e-01 +4.9225e-01 -4.7496e+00
3405 0 +2.284859852e+04 +2.259377852e+04 +2.259377852e+04 +2.0495e+00 +2.9820e+00 +4.3480e-01 +4.8219e-01 -5.0000e+00
3526 0 +1.414208967e+04 +1.388726967e+04 +1.388726967e+04 +2.1579e+00 +2.9343e+00 +5.2936e-01 +5.3038e-01 -4.8271e+00
4503 0 +1.319908498e+04 +1.294426498e+04 +1.294426498e+04 +2.1549e+00 +2.8176e+00 +4.9260e-01 +4.1563e-01 -4.8191e+00
% f evaluations | g evaluations | best noise-free fitness - Fopt (5.661000000000e+01) + sum g_i+ | measured fitness | best measured fitness or single-digit g-values | x1 | x2...
1 0 +3.118927535e+08 +3.118928101e+08 +3.118928101e+08 +4.6826e+00 +2.4961e+00 +3.5275e+00 +2.6322e+00 -4.4300e+00
3 0 +6.394769757e+07 +6.394775418e+07 +6.394775418e+07 +1.4672e+00 -1.3356e+00 +1.2494e-01 -2.0380e+00 -4.5147e+00
5 0 +6.242476579e+07 +6.242482240e+07 +6.242482240e+07 +1.7562e+00 -1.7340e+00 -2.6641e+00 -2.4576e+00 -4.8670e+00
12 0 +1.811454059e+07 +1.811459720e+07 +1.811459720e+07 -1.2029e+00 -4.9203e+00 -1.1611e+00 -1.5030e+00 -2.4249e+00
59 0 +1.184418602e+07 +1.184424263e+07 +1.184424263e+07 -3.3510e+00 -2.6279e+00 -1.3675e+00 +1.3330e+00 +2.5610e-01
101 0 +1.091540955e+07 +1.091546616e+07 +1.091546616e+07 -3.6366e+00 -2.6225e+00 -1.7817e+00 +1.4684e+00 +3.6814e-01
401 0 +9.910683805e+06 +9.910740415e+06 +9.910740415e+06 -2.7218e+00 -2.6716e+00 -1.2117e+00 +6.4518e-01 -5.3886e-01
402 0 +8.816116203e+06 +8.816172813e+06 +8.816172813e+06 -2.4022e+00 -2.5763e+00 -1.5962e+00 +3.1628e-01 -7.0941e-01
501 0 +6.592418826e+06 +6.592475436e+06 +6.592475436e+06 -3.2554e+00 -2.5730e+00 -2.1578e+00 +1.3202e+00 -3.0327e-01
902 0 +5.738879191e+06 +5.738935801e+06 +5.738935801e+06 -3.0397e+00 -2.8062e+00 -2.1662e+00 +5.5014e-01 -5.2193e-01
1001 0 +4.347170277e+06 +4.347226887e+06 +4.347226887e+06 -3.5594e+00 -3.0215e+00 -2.6440e+00 +7.4842e-01 -4.7888e-01
1101 0 +3.548105257e+06 +3.548161867e+06 +3.548161867e+06 -4.2369e+00 -3.3437e+00 -3.2261e+00 +1.4691e+00 -7.4879e-01
1301 0 +2.366437693e+06 +2.366494303e+06 +2.366494303e+06 -2.8991e+00 -3.0723e+00 -2.8693e+00 +1.6848e-01 -1.3777e+00
1401 0 +2.244565609e+06 +2.244622219e+06 +2.244622219e+06 -3.0247e+00 -3.5382e+00 -3.5485e+00 -4.0006e-01 -2.0660e+00
1701 0 +1.778822186e+06 +1.778878796e+06 +1.778878796e+06 -3.0123e+00 -3.3826e+00 -2.7893e+00 +5.6290e-01 -1.4133e+00
1702 0 +1.639682552e+06 +1.639739162e+06 +1.639739162e+06 -2.9906e+00 -3.3296e+00 -3.0966e+00 +2.4879e-01 -1.4759e+00
1801 0 +1.222549018e+06 +1.222605628e+06 +1.222605628e+06 -3.2298e+00 -3.8568e+00 -3.3358e+00 +2.3683e-01 -1.7007e+00
2103 0 +6.516028798e+05 +6.516594898e+05 +6.516594898e+05 -3.4981e+00 -3.9998e+00 -3.6355e+00 +7.7198e-01 -1.6020e+00
2601 0 +4.448409986e+05 +4.448976086e+05 +4.448976086e+05 -3.2566e+00 -3.9188e+00 -3.3593e+00 +8.4309e-01 -1.7677e+00
2701 0 +3.692414654e+05 +3.692980754e+05 +3.692980754e+05 -3.2652e+00 -3.8393e+00 -3.4958e+00 +7.8695e-01 -1.7525e+00
2902 0 +3.312117600e+05 +3.312683700e+05 +3.312683700e+05 -3.6018e+00 -3.4430e+00 -3.8713e+00 +1.0957e+00 -1.7946e+00
2905 0 +2.181412615e+05 +2.181978715e+05 +2.181978715e+05 -3.1484e+00 -3.7876e+00 -3.6101e+00 +8.3604e-01 -1.7980e+00
3301 0 +9.751447691e+04 +9.757108691e+04 +9.757108691e+04 -3.1484e+00 -3.4678e+00 -3.8359e+00 +8.2429e-01 -2.0438e+00
3505 0 +7.543045101e+04 +7.548706101e+04 +7.548706101e+04 -3.1977e+00 -3.4800e+00 -3.8984e+00 +8.5924e-01 -2.0934e+00
3901 0 +3.304988449e+04 +3.310649449e+04 +3.310649449e+04 -2.8126e+00 -3.6289e+00 -3.8553e+00 +1.1701e+00 -1.9082e+00
4801 0 +2.389842542e+04 +2.395503542e+04 +2.395503542e+04 -2.9229e+00 -3.9152e+00 -3.8223e+00 +1.1755e+00 -1.9329e+00
% f evaluations | g evaluations | best noise-free fitness - Fopt (-1.810000000000e+01) + sum g_i+ | measured fitness | best measured fitness or single-digit g-values | x1 | x2...
1 0 +3.784405431e+08 +3.784405250e+08 +3.784405250e+08 +4.9818e+00 +4.2797e-01 -1.6110e+00 -1.8440e-01 -6.1992e-01
2 0 +6.578902588e+07 +6.578900778e+07 +6.578900778e+07 -4.6296e+00 -3.7876e+00 +3.0063e+00 -1.7850e+00 -2.0880e+00
3 0 +3.361870522e+07 +3.361868712e+07 +3.361868712e+07 +8.4754e-01 +1.5549e+00 +4.5239e+00 +5.8339e-01 -3.5294e+00
7 0 +1.962529956e+07 +1.962528146e+07 +1.962528146e+07 +3.2211e+00 +9.2938e-01 +1.5032e+00 +2.9584e+00 +3.9516e+00
17 0 +1.697443176e+07 +1.697441366e+07 +1.697441366e+07 -3.4648e+00 -1.1566e+00 +2.8143e+00 +1.6103e-01 +7.8492e-01
48 0 +1.060394288e+07 +1.060392478e+07 +1.060392478e+07 -9.5976e-02 -3.4733e-01 +1.0225e+00 +2.4448e+00 +2.2116e+00
93 0 +9.595863064e+06 +9.595844964e+06 +9.595844964e+06 +2.4088e+00 -1.2112e+00 +2.3280e+00 +4.8676e+00 +3.2409e+00
552 0 +9.137183653e+06 +9.137165553e+06 +9.137165553e+06 +1.1721e+00 +6.0990e-01 +2.2021e+00 +1.5129e+00 +9.9705e-01
601 0 +6.390612348e+06 +6.390594248e+06 +6.390594248e+06 +9.1285e-01 +6.3694e-01 +2.2270e+00 +1.8407e+00 +1.1988e+00
701 0 +5.933600911e+06 +5.933582811e+06 +5.933582811e+06 +8.0313e-01 +6.4616e-01 +2.0141e+00 +1.9674e+00 +1.3185e+00
801 0 +5.156228294e+06 +5.156210194e+06 +5.156210194e+06 +6.7730e-01 +6.4646e-01 +1.9776e+00 +2.0700e+00 +1.4270e+00
901 0 +4.486590280e+06 +4.486572180e+06 +4.486572180e+06 +7.2261e-01 +5.8057e-01 +2.0242e+00 +2.2790e+00 +1.4092e+00
1001 0 +3.495737797e+06 +3.495719697e+06 +3.495719697e+06 +6.7133e-01 +6.0003e-01 +2.0704e+00 +2.4382e+00 +1.6582e+00
1101 0 +8.554425268e+05 +8.554244268e+05 +8.554244268e+05 +2.9804e-01 +5.0707e-01 +2.2373e+00 +3.1539e+00 +2.2022e+00
1201 0 +2.762449528e+05 +2.762268528e+05 +2.762268528e+05 +9.0190e-02 +4.8119e-01 +2.3667e+00 +3.7187e+00 +2.6270e+00
1301 0 +2.428845794e+05 +2.428664794e+05 +2.428664794e+05 +6.3031e-02 +4.7276e-01 +2.3903e+00 +3.7538e+00 +2.5893e+00
1701 0 +1.384418898e+05 +1.384237898e+05 +1.384237898e+05 -6.2076e-01 +3.4078e-01 +2.5124e+00 +3.9960e+00 +2.1328e+00
2001 0 +1.302386974e+05 +1.302205974e+05 +1.302205974e+05 -4.7723e-01 +2.4827e-01 +1.9779e+00 +4.1237e+00 +2.4551e+00
2104 0 +7.903177325e+04 +7.901367325e+04 +7.901367325e+04 -1.4941e-01 +4.7388e-01 +2.2887e+00 +3.8207e+00 +2.0201e+00
2601 0 +5.815994749e+04 +5.814184749e+04 +5.814184749e+04 -3.6371e-01 +5.4018e-01 +2.0558e+00 +4.0434e+00 +2.0940e+00
2605 0 +5.024954857e+04 +5.023144857e+04 +5.023144857e+04 -1.2383e+00 +8.5230e-01 +3.8474e+00 +2.7378e+00 +1.9620e+00
2911 0 +5.011033724e+04 +5.009223724e+04 +5.009223724e+04 -4.4869e-01 +6.6305e-01 +2.5167e+00 +3.3918e+00 +2.1415e+00
3001 0 +3.279962790e+04 +3.278152790e+04 +3.278152790e+04 -4.0575e-01 +7.0430e-01 +2.4862e+00 +3.4946e+00 +2.2181e+00
3212 0 +2.844881142e+04 +2.843071142e+04 +2.843071142e+04 -3.2973e-01 +4.3874e-01 +2.4652e+00 +3.6783e+00 +2.2469e+00
3302 0 +2.191293934e+04 +2.189483934e+04 +2.189483934e+04 -5.0408e-01 +6.4494e-01 +2.5485e+00 +3.6278e+00 +1.9913e+00
4474 0 +1.981939451e+04 +1.980129451e+04 +1.980129451e+04 -4.7391e-01 +6.3504e-01 +2.6408e+00 +3.4298e+00 +2.1248e+00
4628 0 +9.873231043e+03 +9.855131043e+03 +9.855131043e+03 -4.7136e-01 +6.1513e-01 +2.5391e+00 +3.5475e+00 +2.1137e+00
5023 0 +3.602876876e+03 +3.584776876e+03 +3.584776876e+03 -3.5486e-01 +5.8045e-01 +2.2913e+00 +3.7767e+00 +2.2660e+00
% f evaluations | g evaluations | best noise-free fitness - Fopt (3.777000000000e+01) + sum g_i+ | measured fitness | best measured fitness or single-digit g-values | x1 | x2...
1 0 +2.475739948e+08 +2.475740325e+08 +2.475740325e+08 -8.8823e-01 +3.2447e+00 -4.8823e+00 +4.3792e+00 -6.4740e-01
2 0 +1.358413448e+08 +1.358413826e+08 +1.358413826e+08 -4.7311e+00 +4.5187e+00 -4.4970e-01 -2.5671e-01 -4.0261e+00
3 0 +1.191361983e+07 +1.191365760e+07 +1.191365760e+07 +1.8879e+00 +1.5076e+00 +6.4868e-01 -3.9646e+00 +1.6344e+00
24 0 +1.017353331e+07 +1.017357108e+07 +1.017357108e+07 +1.0592e+00 +5.2053e-01 +4.6165e+00 -2.8176e+00 -3.8887e+00
57 0 +8.414669836e+06 +8.414707606e+06 +8.414707606e+06 -1.6222e+00 +8.6698e-01 +3.6989e+00 -4.0039e-01 -6.1321e-01
78 0 +4.830719029e+06 +4.830756799e+06 +4.830756799e+06 +4.5807e-01 +2.1668e+00 +2.2159e+00 -3.6122e+00 +1.3044e+00
84 0 +4.662587210e+06 +4.662624980e+06 +4.662624980e+06 +3.3027e+00 +1.2250e+00 +4.8288e+00 -4.4005e+00 -3.6964e+00
87 0 +3.475145499e+05 +3.475523199e+05 +3.475523199e+05 +1.0689e+00 +1.2889e+00 +2.8191e+00 -2.5210e+00 -7.8089e-01
201 0 +2.972369706e+05 +2.972747406e+05 +2.972747406e+05 +1.3408e+00 +1.4957e+00 +3.4516e+00 -3.2775e+00 -1.0943e+00
401 0 +1.942009519e+05 +1.942387219e+05 +1.942387219e+05 +7.8427e-01 +1.8588e+00 +2.3813e+00 -1.4430e+00 +9.3540e-02
701 0 +7.283899054e+04 +7.287676054e+04 +7.287676054e+04 +1.1090e+00 +1.7372e+00 +3.0715e+00 -2.3008e+00 -2.2284e-01
803 0 +5.855235262e+04 +5.859012262e+04 +5.859012262e+04 +4.5536e-01 +1.5635e+00 +2.5848e+00 -1.9972e+00 -9.0116e-02
807 0 +5.318200209e+04 +5.321977209e+04 +5.321977209e+04 +1.1402e+00 +1.4752e+00 +2.8818e+00 -2.4225e+00 -1.3770e-01
1101 0 +2.815998648e+04 +2.819775648e+04 +2.819775648e+04 +6.4658e-01 +1.6468e+00 +2.6738e+00 -1.8358e+00 -6.1928e-02
1315 0 +1.272747522e+04 +1.276524522e+04 +1.276524522e+04 +6.5759e-01 +1.6973e+00 +2.6192e+00 -2.0087e+00 +1.5263e-03
1403 0 +1.154299926e+04 +1.158076926e+04 +1.158076926e+04 +7.0236e-01 +1.6752e+00 +2.6857e+00 -2.0279e+00 +7.8101e-02
2203 0 +8.435301053e+03 +8.473071053e+03 +8.473071053e+03 +5.3852e-01 +1.6127e+00 +2.3585e+00 -1.6546e+00 +1.4093e-01
2404 0 +2.263211426e+03 +2.300981426e+03 +2.300981426e+03 +3.8624e-01 +1.7108e+00 +2.1933e+00 -1.5175e+00 +2.6080e-01
% f evaluations | g evaluations | best noise-free fitness - Fopt (5.951800000000e+02) + sum g_i+ | measured fitness | best measured fitness or single-digit g-values | x1 | x2...
1 0 +1.141208986e+08 +1.141214937e+08 +1.141214937e+08 +4.7196e+00 -1.3536e+00 -1.1506e+00 +4.1505e+00 +1.8922e+00
2 0 +7.229877616e+07 +7.229937134e+07 +7.229937134e+07 -2.6551e-01 -2.7118e+00 -3.8016e+00 +1.2276e+00 -8.0734e-01
12 0 +5.067831881e+07 +5.067891399e+07 +5.067891399e+07 +2.0016e+00 -1.0757e+00 +3.5921e+00 +4.0456e+00 -3.9766e+00
15 0 +4.734718987e+07 +4.734778505e+07 +4.734778505e+07 +2.6625e+00 -3.3323e+00 +2.5622e+00 +2.5666e+00 -4.5105e+00
17 0 +9.499406137e+06 +9.500001317e+06 +9.500001317e+06 -7.6837e-01 +4.3478e+00 +1.3098e+00 +1.3081e+00 -4.6091e+00
30 0 +8.091822193e+06 +8.092417373e+06 +8.092417373e+06 +3.7195e+00 -2.5474e-01 +4.6169e+00 -2.0414e+00 -4.9311e+00
42 0 +3.745172068e+06 +3.745767248e+06 +3.745767248e+06 -1.7068e+00 +4.9028e+00 -1.6590e+00 -9.9165e-01 -2.6774e+00
201 0 +3.594198036e+06 +3.594793216e+06 +3.594793216e+06 -1.9630e+00 +1.8303e+00 -1.5170e+00 -5.6952e-01 -2.8954e+00
301 0 +2.854938775e+06 +2.855533955e+06 +2.855533955e+06 -2.2849e+00 +2.2308e+00 -1.7725e+00 -6.1744e-01 -3.4643e+00
403 0 +2.776107156e+06 +2.776702336e+06 +2.776702336e+06 -1.8119e+00 +2.0836e+00 -1.2429e+00 -5.0838e-01 -2.5734e+00
501 0 +2.330750941e+06 +2.331346121e+06 +2.331346121e+06 -1.8854e+00 +2.2914e+00 -1.1402e+00 -4.4783e-01 -2.4026e+00
601 0 +2.066877718e+06 +2.067472898e+06 +2.067472898e+06 -1.9021e+00 +2.4775e+00 -1.1284e+00 -4.4521e-01 -2.3366e+00
702 0 +1.101393982e+06 +1.101989162e+06 +1.101989162e+06 -1.9973e+00 +2.5113e+00 -1.1516e+00 -3.1772e-01 -2.8588e+00
801 0 +5.360082905e+05 +5.366034705e+05 +5.366034705e+05 -2.4584e+00 +3.1330e+00 -1.3417e+00 -3.8569e-01 -3.5091e+00
1003 0 +1.710175402e+05 +1.716127202e+05 +1.716127202e+05 -2.5512e+00 +3.2758e+00 -7.8627e-01 -2.2741e-01 -2.7631e+00
1701 0 +7.446199272e+04 +7.505717272e+04 +7.505717272e+04 -1.9813e+00 +2.8192e+00 -2.2441e-01 -2.2351e-01 -3.1249e+00
2007 0 +5.507251859e+04 +5.566769859e+04 +5.566769859e+04 -1.8391e+00 +3.0994e+00 -1.4796e-01 -2.1156e-01 -3.2575e+00
2501 0 +4.124321230e+04 +4.183839230e+04 +4.183839230e+04 -2.0322e+00 +2.9135e+00 -2.7014e-01 -2.5946e-01 -3.0691e+00
2701 0 +3.932221375e+03 +4.527401375e+03 +4.527401375e+03 -2.1332e+00 +3.0909e+00 -2.3180e-01 -2.6878e-01 -3.1833e+00
% f evaluations | g evaluations | best noise-free fitness - Fopt (-1.547100000000e+02) + sum g_i+ | measured fitness | best measured fitness or single-digit g-values | x1 | x2...
1 0 +3.725040225e+07 +3.725024754e+07 +3.725024754e+07 +2.3125e+00 +4.8984e+00 -1.5934e+00 -4.8217e+00 -1.8288e+00
7 0 +3.350767927e+07 +3.350752456e+07 +3.350752456e+07 +3.7819e+00 +3.4058e+00 +4.4066e+00 -3.2104e+00 +2.1784e+00
8 0 +2.023346294e+07 +2.023330823e+07 +2.023330823e+07 -2.5501e+00 +1.7451e+00 +1.0664e+00 +3.7066e+00 -4.5578e+00
39 0 +4.437232402e+06 +4.437077692e+06 +4.437077692e+06 +2.8576e+00 -2.9096e-01 +1.9044e+00 +2.0331e+00 -4.7113e+00
405 0 +3.994144814e+06 +3.993990104e+06 +3.993990104e+06 +2.3887e+00 +1.8487e+00 -5.5697e-02 -2.2464e-01 -2.3021e+00
502 0 +3.966169158e+06 +3.966014448e+06 +3.966014448e+06 +2.5379e+00 +1.9500e+00 -1.5668e-01 +5.9219e-01 -2.0426e+00
601 0 +3.046080477e+06 +3.045925767e+06 +3.045925767e+06 +2.8571e+00 +2.1884e+00 -9.5914e-02 +9.8241e-01 -2.4596e+00
624 0 +2.952042444e+06 +2.951887734e+06 +2.951887734e+06 +2.7193e+00 +1.9674e+00 +1.5425e-01 -4.6772e-01 -2.9710e+00
702 0 +2.597337254e+06 +2.597182544e+06 +2.597182544e+06 +2.8713e+00 +1.8405e+00 +1.6032e-01 +1.6899e+00 -2.5646e+00
901 0 +2.527113888e+06 +2.526959178e+06 +2.526959178e+06 +2.5085e+00 +1.3703e+00 +2.8797e-01 +1.1014e+00 -2.1569e+00
1002 0 +2.479460930e+06 +2.479306220e+06 +2.479306220e+06 +3.0006e+00 +1.9343e+00 +1.8541e-01 -3.2746e-01 -3.4932e+00
1003 0 +2.420565415e+06 +2.420410705e+06 +2.420410705e+06 +2.7963e+00 +1.4159e+00 +6.2159e-02 +1.5414e+00 -2.4502e+00
1008 0 +2.301938791e+06 +2.301784081e+06 +2.301784081e+06 +2.6078e+00 +1.6034e+00 +4.4629e-01 +1.4109e-02 -2.1846e+00
1101 0 +2.205565870e+06 +2.205411160e+06 +2.205411160e+06 +2.6460e+00 +1.6202e+00 +1.0598e+00 -1.1998e-01 -2.0007e+00
1201 0 +2.006180440e+06 +2.006025730e+06 +2.006025730e+06 +2.8222e+00 +1.7114e+00 +1.3113e+00 -2.1723e-01 -2.0287e+00
1403 0 +1.843269792e+06 +1.843115082e+06 +1.843115082e+06 +2.7814e+00 +1.3262e+00 +1.2125e+00 +4.2367e-01 -1.8957e+00
1602 0 +1.784256019e+06 +1.784101309e+06 +1.784101309e+06 +3.3759e+00 +1.7724e+00 +1.8639e+00 -6.2782e-01 -2.1571e+00
1603 0 +1.489690789e+06 +1.489536079e+06 +1.489536079e+06 +3.1712e+00 +1.1231e+00 +1.4349e+00 +6.9107e-01 -1.9265e+00
1802 0 +9.518414522e+05 +9.516867422e+05 +9.516867422e+05 +2.9502e+00 +1.4659e+00 +7.5929e-01 +5.8022e-01 -2.3701e+00
1901 0 +5.447780384e+05 +5.446233284e+05 +5.446233284e+05 +3.2613e+00 +1.3818e+00 +7.9323e-01 +5.0659e-01 -2.4408e+00
2102 0 +3.367474022e+05 +3.365926922e+05 +3.365926922e+05 +3.4756e+00 +1.4030e+00 +7.4175e-01 +4.1876e-01 -2.5851e+00
2301 0 +2.823715335e+05 +2.822168235e+05 +2.822168235e+05 +4.1670e+00 +1.5046e+00 +7.7009e-01 +3.4272e-01 -2.9358e+00
2502 0 +1.664266682e+05 +1.662719582e+05 +1.662719582e+05 +3.4573e+00 +1.3923e+00 +1.3390e+00 +5.5365e-01 -2.7128e+00
2602 0 +1.565438641e+05 +1.563891541e+05 +1.563891541e+05 +3.9721e+00 +1.4853e+00 +1.0620e+00 +2.1326e-01 -3.1980e+00
2604 0 +1.085650478e+05 +1.084103378e+05 +1.084103378e+05 +3.3674e+00 +1.3527e+00 +9.5279e-01 +5.1460e-01 -2.8727e+00
2701 0 +9.518276318e+04 +9.502805318e+04 +9.502805318e+04 +3.8086e+00 +1.3166e+00 +9.2753e-01 +5.0559e-01 -3.1448e+00
2705 0 +6.464047194e+04 +6.448576194e+04 +6.448576194e+04 +3.4146e+00 +1.5246e+00 +1.2437e+00 +4.7179e-01 -3.0864e+00
2903 0 +5.346954529e+04 +5.331483529e+04 +5.331483529e+04 +3.1473e+00 +1.3609e+00 +1.1700e+00 +8.8025e-01 -3.0852e+00
3001 0 +2.542467030e+04 +2.526996030e+04 +2.526996030e+04 +3.1617e+00 +1.3623e+00 +1.2988e+00 +9.0329e-01 -3.2251e+00
3803 0 +1.136016084e+04 +1.120545084e+04 +1.120545084e+04 +3.2794e+00 +1.3405e+00 +1.2724e+00 +1.0088e+00 -3.3292e+00
3822 0 +1.116875152e+04 +1.101404152e+04 +1.101404152e+04 +3.2586e+00 +1.3593e+00 +1.2504e+00 +8.9241e-01 -3.1993e+00
4024 0 +4.082122667e+03 +3.927412667e+03 +3.927412667e+03 +3.2884e+00 +1.3514e+00 +1.2181e+00 +9.5823e-01 -3.3327e+00
4507 0 +2.001032344e+03 +1.846322344e+03 +1.846322344e+03 +3.2111e+00 +1.3139e+00 +1.2245e+00 +9.4757e-01 -3.3575e+00
% f evaluations | g evaluations | best noise-free fitness - Fopt (1.060400000000e+02) + sum g_i+ | measured fitness | best measured fitness or single-digit g-values | x1 | x2...
1 0 +1.718177582e+08 +1.718178642e+08 +1.718178642e+08 +1.0890e+00 +6.9147e-01 -2.0712e+00 -1.9699e-01 +2.7828e+00
3 0 +1.125634698e+08 +1.125635758e+08 +1.125635758e+08 +3.9629e+00 -1.4657e+00 -7.8935e-01 +4.8209e+00 -2.4922e+00
5 0 +8.635382648e+07 +8.635393252e+07 +8.635393252e+07 +4.0410e+00 -1.3721e+00 -4.8437e-01 +1.2190e+00 -2.3262e+00
6 0 +2.891890525e+07 +2.891901129e+07 +2.891901129e+07 -5.7673e-01 -4.2026e+00 +1.5506e+00 +4.9070e+00 +1.4073e+00
8 0 +2.422279599e+07 +2.422290203e+07 +2.422290203e+07 +1.6403e+00 -3.0426e+00 +3.8579e+00 -2.9297e+00 +3.4361e+00
11 0 +1.665002578e+07 +1.665013182e+07 +1.665013182e+07 +2.7142e-01 -3.3913e+00 +1.3396e+00 -5.5382e-01 +1.4656e+00
30 0 +1.011889434e+07 +1.011900038e+07 +1.011900038e+07 -2.7136e+00 -4.9771e+00 +3.6725e+00 +2.9628e+00 +2.0681e+00
62 0 +9.299262578e+06 +9.299368618e+06 +9.299368618e+06 -1.8891e+00 -3.9617e+00 +2.3834e+00 +2.0847e+00 +2.4564e+00
126 0 +9.095482228e+06 +9.095588268e+06 +9.095588268e+06 -9.3856e-01 -1.4786e+00 +2.3342e+00 +3.0330e-01 +8.7433e-01
135 0 +7.919556961e+06 +7.919663001e+06 +7.919663001e+06 -1.0339e+00 -1.6287e+00 +2.4815e+00 +4.2786e-01 +9.6312e-01
139 0 +7.582006506e+06 +7.582112546e+06 +7.582112546e+06 -1.1070e+00 -1.7256e+00 +2.5500e+00 +6.3041e-01 +1.0204e+00
171 0 +7.236852862e+06 +7.236958902e+06 +7.236958902e+06 -1.1093e+00 -1.7476e+00 +2.6508e+00 +6.2398e-01 +1.0334e+00
197 0 +6.959753855e+06 +6.959859895e+06 +6.959859895e+06 -1.0798e+00 -1.8085e+00 +2.5917e+00 +4.2998e-01 +1.0544e+00
201 0 +5.947067512e+06 +5.947173552e+06 +5.947173552e+06 -1.2926e+00 -1.9016e+00 +2.7026e+00 +4.5240e-01 +1.1103e+00
202 0 +5.209130481e+06 +5.209236521e+06 +5.209236521e+06 -1.5632e+00 -2.3220e+00 +3.4357e+00 +1.0219e+00 +1.4562e+00
302 0 +4.598229253e+06 +4.598335293e+06 +4.598335293e+06 -1.5040e+00 -2.5763e+00 +3.4666e+00 +9.6412e-01 +1.3043e+00
303 0 +3.835426010e+06 +3.835532050e+06 +3.835532050e+06 -1.5941e+00 -2.6705e+00 +3.8447e+00 +6.8475e-01 +1.5035e+00
404 0 +3.121418442e+06 +3.121524482e+06 +3.121524482e+06 -1.7890e+00 -2.2165e+00 +4.2959e+00 +3.0498e-01 +1.5034e+00
503 0 +2.598470106e+06 +2.598576146e+06 +2.598576146e+06 -1.1318e+00 -2.3777e+00 +3.5940e+00 -4.1628e-01 +9.9760e-01
601 0 +1.466405533e+06 +1.466511573e+06 +1.466511573e+06 -1.1308e+00 -2.9565e+00 +4.2703e+00 -9.8331e-01 +9.9551e-01
901 0 +1.057924973e+06 +1.058031013e+06 +1.058031013e+06 -2.2030e+00 -2.4674e+00 +3.9371e+00 -1.2925e+00 +1.1511e+00
1101 0 +7.009449178e+05 +7.010509578e+05 +7.010509578e+05 -1.6979e+00 -2.4302e+00 +3.7166e+00 -1.1178e+00 +6.4440e-01
1203 0 +5.452829537e+05 +5.453889937e+05 +5.453889937e+05 -1.7429e+00 -2.4464e+00 +4.1323e+00 -9.3274e-01 +9.3824e-01
1301 0 +4.727209056e+05 +4.728269456e+05 +4.728269456e+05 -1.9094e+00 -2.4502e+00 +4.2062e+00 -1.0596e+00 +8.8882e-01
1806 0 +3.361697500e+05 +3.362757900e+05 +3.362757900e+05 -1.7327e+00 -2.6775e+00 +4.2164e+00 -6.9037e-01 +7.1898e-01
2001 0 +8.850895608e+04 +8.861499608e+04 +8.861499608e+04 -1.5736e+00 -2.4951e+00 +4.2863e+00 -1.1086e+00 +4.7374e-01
2101 0 +5.326528334e+04 +5.337132334e+04 +5.337132334e+04 -1.5883e+00 -2.4010e+00 +4.2598e+00 -1.1516e+00 +3.5961e-01
3302 0 +3.325665566e+04 +3.336269566e+04 +3.336269566e+04 -1.7762e+00 -2.7483e+00 +4.2519e+00 -1.0982e+00 +2.4361e-01
3886 0 +1.664209197e+04 +1.674813197e+04 +1.674813197e+04 -2.5087e+00 -2.8424e+00 +3.8787e+00 -6.3788e-01 +3.5495e-01
4209 0 +4.659047659e+03 +4.765087659e+03 +4.765087659e+03 -2.9395e+00 -3.2138e+00 +3.6721e+00 -1.4108e-01 +3.7499e-01
% f evaluations | g evaluations | best noise-free fitness - Fopt (1.374500000000e+02) + sum g_i+ | measured fitness | best measured fitness or single-digit g-values | x1 | x2...
1 0 +4.571995998e+07 +4.572009743e+07 +4.572009743e+07 +2.6176e+00 +5.1598e-01 -3.0665e+00 +2.6272e+00 -1.0615e+00
2 0 +1.130607581e+07 +1.130621326e+07 +1.130621326e+07 +2.7574e+00 -4.9522e+00 -1.6346e+00 -3.5824e+00 -2.3436e+00
69 0 +5.994103346e+06 +5.994240796e+06 +5.994240796e+06 +1.9045e+00 -2.0480e+00 +1.5234e+00 -5.7230e-01 -4.2558e-01
88 0 +2.801212650e+06 +2.801350100e+06 +2.801350100e+06 +2.3741e+00 +2.4384e+00 +3.9050e+00 +4.6726e+00 +3.8683e+00
201 0 +1.587959277e+06 +1.588096727e+06 +1.588096727e+06 +2.0452e+00 +4.0887e+00 +4.8023e+00 +4.8371e+00 +5.0000e+00
329 0 +1.520969756e+06 +1.521107206e+06 +1.521107206e+06 +9.5413e-01 +1.2654e+00 +1.9712e+00 +2.0691e+00 +1.8473e+00
337 0 +7.325363968e+05 +7.326738468e+05 +7.326738468e+05 +1.2999e+00 +1.8141e+00 +2.9664e+00 +3.0312e+00 +2.6483e+00
344 0 +6.961697056e+05 +6.963071556e+05 +6.963071556e+05 +1.4121e+00 +1.8728e+00 +2.9865e+00 +3.0623e+00 +2.7340e+00
354 0 +6.286703187e+05 +6.288077687e+05 +6.288077687e+05 +1.3618e+00 +1.9067e+00 +2.9393e+00 +3.0853e+00 +2.8215e+00
403 0 +2.553620795e+05 +2.554995295e+05 +2.554995295e+05 +1.0924e+00 +1.6295e+00 +2.7254e+00 +2.1781e+00 +2.4850e+00
501 0 +1.770204399e+05 +1.771578899e+05 +1.771578899e+05 +1.1386e+00 +1.6735e+00 +2.7957e+00 +2.1500e+00 +2.5551e+00
601 0 +7.581539742e+04 +7.595284742e+04 +7.595284742e+04 +1.1030e+00 +1.7669e+00 +3.0772e+00 +1.8091e+00 +2.6655e+00
901 0 +5.798482809e+04 +5.812227809e+04 +5.812227809e+04 +1.3064e+00 +2.2413e+00 +3.0576e+00 +2.3306e+00 +2.9313e+00
903 0 +3.753858737e+04 +3.767603737e+04 +3.767603737e+04 +1.0814e+00 +1.7321e+00 +2.5646e+00 +1.6821e+00 +2.6716e+00
1302 0 +2.338418618e+04 +2.352163618e+04 +2.352163618e+04 +1.0103e+00 +1.9608e+00 +2.7753e+00 +1.7628e+00 +2.6484e+00
2005 0 +1.107508632e+04 +1.121253632e+04 +1.121253632e+04 +1.1334e+00 +1.8936e+00 +2.8972e+00 +2.0243e+00 +2.8122e+00
2902 0 +9.827263988e+03 +9.964713988e+03 +9.964713988e+03 +1.0171e+00 +1.6846e+00 +2.6124e+00 +1.3746e+00 +2.6159e+00
2904 0 +7.056697017e+03 +7.194147017e+03 +7.194147017e+03 +1.0147e+00 +1.4376e+00 +2.5773e+00 +1.1742e+00 +2.5739e+00
4105 0 +3.527700153e+03 +3.665150153e+03 +3.665150153e+03 +9.9779e-01 +1.6696e+00 +2.7064e+00 +1.4549e+00 +2.5870e+00
4702 0 +3.434403654e+03 +3.571853654e+03 +3.571853654e+03 +1.0586e+00 +1.9056e+00 +2.8867e+00 +1.9728e+00 +2.8484e+00
% f evaluations | g evaluations | best noise-free fitness - Fopt (1.588000000000e+02) + sum g_i+ | measured fitness | best measured fitness or single-digit g-values | x1 | x2...
1 0 +5.942182855e+07 +5.942198735e+07 +5.942198735e+07 +3.0347e+00 +2.3653e+00 -4.3579e-01 +2.0699e+00 +1.3253e-01
20 0 +1.421402103e+07 +1.421417983e+07 +1.421417983e+07 +5.5785e-01 -4.0929e+00 -1.7046e-01 +3.9368e+00 +1.0297e+00
52 0 +1.038113629e+07 +1.038129509e+07 +1.038129509e+07 +3.4154e+00 -2.4502e-01 +4.0935e+00 +2.1211e+00 +4.0537e+00
104 0 +6.246238981e+06 +6.246397781e+06 +6.246397781e+06 +3.1920e+00 -3.1188e+00 -4.5508e-03 +1.8003e+00 +3.2356e+00
201 0 +5.867430047e+06 +5.867588847e+06 +5.867588847e+06 +3.4182e+00 -4.0347e+00 -2.3259e-02 +1.8278e+00 +3.2164e+00
402 0 +5.557333924e+06 +5.557492724e+06 +5.557492724e+06 +3.0421e+00 -2.0266e+00 +1.0823e+00 +1.1854e+00 +2.6105e+00
403 0 +4.997635022e+06 +4.997793822e+06 +4.997793822e+06 +3.1861e+00 -1.4131e+00 +1.7694e+00 +1.2335e+00 +2.5832e+00
601 0 +3.643619199e+06 +3.643777999e+06 +3.643777999e+06 +3.5124e+00 -2.2136e+00 +1.5614e+00 +1.2867e+00 +2.8844e+00
702 0 +3.250165909e+06 +3.250324709e+06 +3.250324709e+06 +3.3731e+00 -1.3966e+00 +2.4095e+00 +1.7022e+00 +2.6002e+00
801 0 +2.907011510e+06 +2.907170310e+06 +2.907170310e+06 +3.6220e+00 -1.3083e+00 +3.0045e+00 +1.9187e+00 +2.6315e+00
903 0 +2.575574523e+06 +2.575733323e+06 +2.575733323e+06 +3.6725e+00 -2.2036e+00 +2.2600e+00 +1.2548e+00 +3.5018e+00
1002 0 +1.949089694e+06 +1.949248494e+06 +1.949248494e+06 +2.5226e+00 -2.5282e+00 +1.6143e+00 +2.0459e+00 +3.2223e+00
1101 0 +1.010105256e+06 +1.010264056e+06 +1.010264056e+06 +2.2013e+00 -3.1322e+00 +1.5780e+00 +2.4880e+00 +3.5751e+00
1201 0 +4.952156137e+05 +4.953744137e+05 +4.953744137e+05 +1.6831e+00 -4.0019e+00 +1.4352e+00 +3.2558e+00 +4.1261e+00
1503 0 +4.761427919e+05 +4.763015919e+05 +4.763015919e+05 +1.6550e+00 -4.0744e+00 +1.4625e+00 +3.3238e+00 +4.1823e+00
2402 0 +3.701598837e+05 +3.703186837e+05 +3.703186837e+05 +2.1725e+00 -3.6362e+00 +2.0110e+00 +2.5537e+00 +3.9720e+00
2501 0 +2.024548034e+05 +2.026136034e+05 +2.026136034e+05 +2.2172e+00 -3.7223e+00 +2.1263e+00 +2.5105e+00 +3.8042e+00
2706 0 +1.892398129e+05 +1.893986129e+05 +1.893986129e+05 +2.2966e+00 -3.6132e+00 +2.1483e+00 +2.3554e+00 +3.7100e+00
2901 0 +1.678261427e+05 +1.679849427e+05 +1.679849427e+05 +2.2020e+00 -3.8984e+00 +2.0454e+00 +2.2453e+00 +3.4696e+00
2910 0 +1.285633242e+05 +1.287221242e+05 +1.287221242e+05 +1.7848e+00 -4.5016e+00 +1.6586e+00 +3.1470e+00 +3.9736e+00
3002 0 +7.967778080e+04 +7.983658080e+04 +7.983658080e+04 +2.3200e+00 -4.0519e+00 +2.1564e+00 +2.3824e+00 +3.6075e+00
3220 0 +7.740686508e+04 +7.756566508e+04 +7.756566508e+04 +2.3214e+00 -3.9776e+00 +2.1577e+00 +2.3838e+00 +3.6462e+00
3405 0 +4.243939917e+04 +4.259819917e+04 +4.259819917e+04 +2.2775e+00 -4.0653e+00 +1.9349e+00 +2.5767e+00 +3.4739e+00
3501 0 +3.818371111e+04 +3.834251111e+04 +3.834251111e+04 +2.3152e+00 -4.1005e+00 +1.9355e+00 +2.6343e+00 +3.4287e+00
4305 0 +3.163384316e+04 +3.179264316e+04 +3.179264316e+04 +2.5077e+00 -3.8684e+00 +2.3952e+00 +2.4956e+00 +3.4351e+00
5001 0 +1.957895999e+04 +1.973775999e+04 +1.973775999e+04 +2.4519e+00 -3.8410e+00 +2.2993e+00 +2.4592e+00 +3.4163e+00
% f evaluations | g evaluations | best noise-free fitness - Fopt (-1.000000000000e+03) + sum g_i+ | measured fitness | best measured fitness or single-digit g-values | x1 | x2...
1 0 +1.519423710e+08 +1.519413710e+08 +1.519413710e+08 -6.0904e-01 -7.8059e-01 +3.8536e+00 -7.6650e-01 -4.4688e+00
2 0 +1.451713757e+08 +1.451703757e+08 +1.451703757e+08 +1.9394e+00 -6.0764e-01 +3.7222e+00 -4.5237e+00 -2.2022e-02
3 0 +7.786273678e+07 +7.786173678e+07 +7.786173678e+07 +2.6528e+00 +1.8430e+00 +6.5586e-01 -4.4089e+00 +9.7548e-01
10 0 +3.700560187e+07 +3.700460187e+07 +3.700460187e+07 -2.0560e-01 +1.9155e+00 +2.1058e-02 +2.0868e+00 -2.7853e+00
15 0 +8.601123721e+06 +8.600123721e+06 +8.600123721e+06 -3.3304e+00 +6.5693e-01 +1.4447e+00 -3.5907e+00 +4.1330e+00
47 0 +6.807121386e+06 +6.806121386e+06 +6.806121386e+06 -3.3778e-01 +4.9594e+00 -3.3154e+00 +5.7498e-01 -4.1346e+00
228 0 +4.649709324e+06 +4.648709324e+06 +4.648709324e+06 -7.7962e-01 +2.3760e+00 -1.0019e+00 -2.2596e+00 -1.1411e+00
247 0 +3.822497131e+06 +3.821497131e+06 +3.821497131e+06 -8.4646e-01 +2.5385e+00 -1.1102e+00 -2.4091e+00 -1.2646e+00
250 0 +3.627474912e+06 +3.626474912e+06 +3.626474912e+06 -8.7758e-01 +2.3964e+00 -1.2495e+00 -2.3696e+00 -1.2611e+00
295 0 +3.393581190e+06 +3.392581190e+06 +3.392581190e+06 -9.1721e-01 +2.7238e+00 -1.0981e+00 -2.5560e+00 -1.2507e+00
301 0 +2.423016026e+06 +2.422016026e+06 +2.422016026e+06 -2.0473e+00 +2.3302e+00 -1.5232e+00 -3.2659e+00 -1.1513e+00
505 0 +2.296236584e+06 +2.295236584e+06 +2.295236584e+06 -1.5438e+00 +2.1771e+00 -1.5531e+00 -2.5147e+00 -1.0452e+00
601 0 +1.806767181e+06 +1.805767181e+06 +1.805767181e+06 -1.6704e+00 +2.2462e+00 -1.7053e+00 -2.5998e+00 -1.0897e+00
701 0 +1.540827169e+06 +1.539827169e+06 +1.539827169e+06 -1.8122e+00 +2.5283e+00 -1.7650e+00 -2.8089e+00 -1.3875e+00
702 0 +1.403770720e+06 +1.402770720e+06 +1.402770720e+06 -6.0388e-01 +3.1789e+00 -2.2092e+00 -2.6922e+00 -2.1719e+00
802 0 +9.942804955e+05 +9.932804955e+05 +9.932804955e+05 -1.9965e+00 +2.8197e+00 -2.0626e+00 -3.1340e+00 -1.5338e+00
903 0 +9.558428576e+05 +9.548428576e+05 +9.548428576e+05 -1.3033e+00 +2.6930e+00 -2.0127e+00 -2.9005e+00 -1.5051e+00
1001 0 +6.750289820e+05 +6.740289820e+05 +6.740289820e+05 -9.0242e-01 +3.0947e+00 -2.3254e+00 -2.7761e+00 -1.7250e+00
1303 0 +5.262713116e+05 +5.252713116e+05 +5.252713116e+05 -7.6159e-01 +3.6524e+00 -2.8662e+00 -2.9738e+00 -2.1697e+00
1509 0 +5.137531327e+05 +5.127531327e+05 +5.127531327e+05 -1.1975e+00 +2.8491e+00 -2.3889e+00 -2.6332e+00 -1.5730e+00
1601 0 +3.842157491e+05 +3.832157491e+05 +3.832157491e+05 -1.2968e+00 +2.8614e+00 -2.5869e+00 -2.7445e+00 -1.8114e+00
1701 0 +3.386979096e+05 +3.376979096e+05 +3.376979096e+05 -1.5337e+00 +2.8841e+00 -2.7003e+00 -2.9444e+00 -1.8738e+00
1702 0 +8.047610797e+04 +7.947610797e+04 +7.947610797e+04 -1.3776e+00 +3.4297e+00 -2.6060e+00 -2.8578e+00 -1.6121e+00
2303 0 +4.906773738e+04 +4.806773738e+04 +4.806773738e+04 -1.5009e+00 +3.7006e+00 -2.8262e+00 -2.7325e+00 -2.0250e+00
2706 0 +4.273365558e+04 +4.173365558e+04 +4.173365558e+04 -1.2300e+00 +3.3893e+00 -2.9513e+00 -2.6708e+00 -1.9059e+00
2708 0 +2.547165730e+04 +2.447165730e+04 +2.447165730e+04 -1.3322e+00 +3.3753e+00 -2.9767e+00 -2.6636e+00 -2.0182e+00
2902 0 +2.347003205e+04 +2.247003205e+04 +2.247003205e+04 -1.3068e+00 +3.5181e+00 -3.1467e+00 -2.5798e+00 -2.1867e+00
3006 0 +9.879754202e+03 +8.879754202e+03 +8.879754202e+03 -1.5870e+00 +3.2102e+00 -2.7312e+00 -2.8816e+00 -1.3328e+00
3101 0 +5.672633436e+03 +4.672633436e+03 +4.672633436e+03 -1.5745e+00 +3.2065e+00 -2.7736e+00 -2.8791e+00 -1.3203e+00
5001 0 +5.236138398e+03 +4.236138398e+03 +4.236138398e+03 -1.5083e+00 +3.2201e+00 -2.8850e+00 -2.8458e+00 -1.4900e+00
% f evaluations | g evaluations | best noise-free fitness - Fopt (-1.000000000000e+03) + sum g_i+ | measured fitness | best measured fitness or single-digit g-values | x1 | x2...
1 0 +3.301309174e+08 +3.301299174e+08 +3.301299174e+08 +4.2002e+00 +3.5756e+00 -4.4350e+00 +8.2417e-01 +3.2435e-01
2 0 +1.376520547e+08 +1.376510547e+08 +1.376510547e+08 +4.2105e+00 -7.6077e-02 -4.2809e-01 -4.9081e+00 +2.8987e+00
5 0 +9.106246495e+07 +9.106146495e+07 +9.106146495e+07 -3.4051e+00 -5.0378e-01 -2.3066e-01 -3.0785e+00 -7.8073e-01
6 0 +2.306255134e+07 +2.306155134e+07 +2.306155134e+07 -4.3775e+00 +2.5277e+00 -2.5410e+00 +2.0008e-01 -3.6923e+00
19 0 +1.994604800e+07 +1.994504800e+07 +1.994504800e+07 -1.0236e+00 +3.5855e+00 +3.6674e+00 +7.8971e-01 -4.0452e-01
37 0 +6.863061969e+06 +6.862061969e+06 +6.862061969e+06 +1.0114e+00 +1.4000e+00 +1.9732e+00 -1.6326e+00 -3.8197e+00
901 0 +6.293578200e+06 +6.292578200e+06 +6.292578200e+06 +2.8448e+00 +4.2434e+00 +3.0381e+00 -2.7431e+00 -1.0747e+00
1001 0 +5.812008372e+06 +5.811008372e+06 +5.811008372e+06 +3.1661e+00 +4.9403e+00 +3.4135e+00 -3.1159e+00 -1.4120e+00
1101 0 +5.363336938e+06 +5.362336938e+06 +5.362336938e+06 +3.3327e+00 +4.9432e+00 +3.6064e+00 -3.1160e+00 -1.3119e+00
1201 0 +4.802676877e+06 +4.801676877e+06 +4.801676877e+06 +3.4494e+00 +4.8126e+00 +3.7515e+00 -3.1973e+00 -1.2991e+00
1301 0 +4.420470078e+06 +4.419470078e+06 +4.419470078e+06 +3.5106e+00 +4.9179e+00 +3.8816e+00 -3.2654e+00 -1.4196e+00
1401 0 +1.448219336e+06 +1.447219336e+06 +1.447219336e+06 +4.3993e+00 +5.0000e+00 +4.8157e+00 -4.0104e+00 -1.9184e+00
2203 0 +1.417456741e+06 +1.416456741e+06 +1.416456741e+06 +3.8367e+00 +4.6389e+00 +4.2166e+00 -3.2284e+00 -1.9129e+00
2403 0 +1.038555019e+06 +1.037555019e+06 +1.037555019e+06 +4.0258e+00 +4.9908e+00 +4.3304e+00 -3.3346e+00 -2.1127e+00
2418 0 +9.730680238e+05 +9.720680238e+05 +9.720680238e+05 +4.1602e+00 +5.0000e+00 +4.4604e+00 -3.3161e+00 -1.9870e+00
2502 0 +8.723594241e+05 +8.713594241e+05 +8.713594241e+05 +4.1772e+00 +5.0000e+00 +4.4462e+00 -3.4167e+00 -2.2121e+00
2503 0 +7.512851501e+05 +7.502851501e+05 +7.502851501e+05 +3.8873e+00 +4.6070e+00 +4.3124e+00 -3.1982e+00 -2.5558e+00
3101 0 +6.086883705e+05 +6.076883705e+05 +6.076883705e+05 +3.4465e+00 +4.1835e+00 +4.2521e+00 -2.3432e+00 -2.4071e+00
3401 0 +5.793575060e+05 +5.783575060e+05 +5.783575060e+05 +3.4504e+00 +4.2741e+00 +4.2347e+00 -2.8725e+00 -2.8629e+00
3604 0 +5.694327043e+05 +5.684327043e+05 +5.684327043e+05 +3.5363e+00 +4.4740e+00 +4.3900e+00 -2.9939e+00 -3.0572e+00
3802 0 +1.940931066e+05 +1.930931066e+05 +1.930931066e+05 +3.5530e+00 +4.8083e+00 +4.4043e+00 -2.6875e+00 -2.5742e+00
4513 0 +1.578844700e+05 +1.568844700e+05 +1.568844700e+05 +3.1854e+00 +4.3411e+00 +4.0991e+00 -2.2834e+00 -2.6453e+00
4601 0 +7.520145809e+04 +7.420145809e+04 +7.420145809e+04 +3.1622e+00 +4.6443e+00 +4.3017e+00 -2.1528e+00 -2.8284e+00
4704 0 +7.166801716e+04 +7.066801716e+04 +7.066801716e+04 +3.5396e+00 +4.5947e+00 +4.5908e+00 -2.3876e+00 -2.6512e+00
% f evaluations | g evaluations | best noise-free fitness - Fopt (2.959000000000e+01) + sum g_i+ | measured fitness | best measured fitness or single-digit g-values | x1 | x2...
1 0 +7.561864962e+07 +7.561867921e+07 +7.561867921e+07 -5.4071e-01 -3.0058e+00 -2.6214e+00 -1.6111e+00 -7.7431e-01
4 0 +2.083295691e+07 +2.083298650e+07 +2.083298650e+07 +4.7834e+00 +2.5176e-01 -7.4644e-01 +1.2191e+00 +4.5066e+00
8 0 +1.513160125e+07 +1.513163084e+07 +1.513163084e+07 -8.6606e-01 +4.7230e+00 -2.0115e-01 +3.6814e-01 +3.3808e+00
12 0 +1.061462766e+07 +1.061465725e+07 +1.061465725e+07 +9.0967e-01 +4.6388e-01 -2.7919e+00 -1.0199e+00 -3.4627e-01
20 0 +7.807489552e+06 +7.807519142e+06 +7.807519142e+06 -4.6441e+00 +1.6816e+00 +2.2080e+00 +1.4064e+00 +6.9187e-01
48 0 +7.686121759e+06 +7.686151349e+06 +7.686151349e+06 +3.9954e+00 +2.8035e-01 -2.2975e+00 -8.4605e-02 -1.9430e-01
49 0 +1.075075465e+06 +1.075105055e+06 +1.075105055e+06 -3.9869e+00 +2.0365e+00 +1.2730e+00 -7.2120e-01 +5.9908e-02
1005 0 +9.628966152e+05 +9.629262052e+05 +9.629262052e+05 -3.1482e-01 +1.8786e+00 -5.4355e-01 +3.1484e-01 +4.4454e-01
1102 0 +8.647024040e+05 +8.647319940e+05 +8.647319940e+05 -1.0756e+00 +1.1614e+00 -2.0664e-01 -1.5327e-01 +5.2299e-01
1201 0 +4.251635005e+05 +4.251930905e+05 +4.251930905e+05 -1.8218e+00 +1.1270e+00 -1.9330e-01 -4.1024e-01 +7.4838e-01
1501 0 +2.861868350e+05 +2.862164250e+05 +2.862164250e+05 -2.0714e+00 +1.2105e+00 -5.1906e-01 -4.9559e-01 +8.2461e-01
1503 0 +2.582857408e+05 +2.583153308e+05 +2.583153308e+05 -1.6855e+00 +1.3350e+00 -3.1201e-01 -4.9992e-01 +5.9252e-01
1601 0 +7.009031203e+04 +7.011990203e+04 +7.011990203e+04 -2.0548e+00 +1.5322e+00 -5.0778e-01 -5.4756e-01 +6.7610e-01
1801 0 +6.460648524e+04 +6.463607524e+04 +6.463607524e+04 -2.3522e+00 +1.6633e+00 -4.9703e-01 -6.2372e-01 +7.9901e-01
2501 0 +5.907900868e+04 +5.910859868e+04 +5.910859868e+04 -1.2980e+00 +1.8161e+00 -3.8362e-01 -6.7193e-01 +7.7034e-01
2608 0 +5.664578952e+04 +5.667537952e+04 +5.667537952e+04 -2.1991e+00 +1.4917e+00 -2.1598e-01 -5.7138e-01 +7.6516e-01
2701 0 +3.729482526e+04 +3.732441526e+04 +3.732441526e+04 -2.5495e+00 +1.6292e+00 -2.3718e-01 -7.0436e-01 +8.0838e-01
2802 0 +2.941792251e+04 +2.944751251e+04 +2.944751251e+04 -1.8141e+00 +1.7271e+00 -2.3319e-01 -5.6845e-01 +7.0343e-01
3136 0 +2.866644055e+04 +2.869603055e+04 +2.869603055e+04 -2.1490e+00 +1.6176e+00 -1.6192e-01 -5.9054e-01 +6.6231e-01
3169 0 +7.671373263e+03 +7.700963263e+03 +7.700963263e+03 -2.2276e+00 +1.7913e+00 -1.6737e-01 -6.2678e-01 +6.8462e-01
3817 0 +3.679028393e+03 +3.708618393e+03 +3.708618393e+03 -2.1506e+00 +1.6945e+00 -2.6431e-01 -6.2183e-01 +7.3032e-01
4208 0 +1.714193407e+03 +1.743783407e+03 +1.743783407e+03 -2.1729e+00 +1.7143e+00 -2.4875e-01 -6.1922e-01 +7.4839e-01
% f evaluations | g evaluations | best noise-free fitness - Fopt (7.100000000000e+01) + sum g_i+ | measured fitness | best measured fitness or single-digit g-values | x1 | x2...
1 0 +5.351556454e+07 +5.351563554e+07 +5.351563554e+07 -4.1046e-01 -1.9712e+00 +1.9678e+00 +2.2315e+00 +3.2529e+00
7 0 +2.739903257e+07 +2.739910357e+07 +2.739910357e+07 +4.0955e+00 -4.5229e+00 -4.5502e+00 -3.3859e+00 +1.9224e+00
15 0 +2.113246864e+07 +2.113253964e+07 +2.113253964e+07 +2.2946e+00 +5.4406e-01 -2.8388e+00 +2.5696e+00 +1.3803e+00
30 0 +4.894245244e+06 +4.894316244e+06 +4.894316244e+06 -3.2314e-02 -4.7539e+00 -1.4276e+00 +2.3527e+00 +1.6116e+00
128 0 +3.975948236e+06 +3.976019236e+06 +3.976019236e+06 +1.4376e+00 -7.6185e-01 -1.7357e+00 +1.0397e+00 +1.5227e+00
130 0 +3.845986116e+06 +3.846057116e+06 +3.846057116e+06 +1.7268e+00 -1.1637e+00 -2.1769e+00 +1.2467e+00 +1.8981e+00
132 0 +3.139857110e+06 +3.139928110e+06 +3.139928110e+06 +1.3687e+00 -1.0720e+00 -1.7051e+00 +9.9032e-01 +1.5111e+00
201 0 +2.955007019e+06 +2.955078019e+06 +2.955078019e+06 +1.5206e+00 -1.1526e+00 -1.6531e+00 +9.7746e-01 +1.5081e+00
301 0 +2.830254880e+06 +2.830325880e+06 +2.830325880e+06 +1.6685e+00 -1.2024e+00 -1.6374e+00 +9.5010e-01 +1.5210e+00
302 0 +2.773571477e+06 +2.773642477e+06 +2.773642477e+06 +1.0724e+00 -1.2810e+00 -2.1185e+00 +9.0412e-01 +1.6693e+00
303 0 +2.741852484e+06 +2.741923484e+06 +2.741923484e+06 +1.5000e+00 -1.4044e+00 -1.9581e+00 +1.0394e+00 +1.8055e+00
403 0 +2.537136263e+06 +2.537207263e+06 +2.537207263e+06 +1.8778e+00 -1.4620e+00 -1.8806e+00 +1.0294e+00 +1.7658e+00
626 0 +2.354415551e+06 +2.354486551e+06 +2.354486551e+06 +1.2569e+00 -1.2850e+00 -1.6552e+00 +8.2806e-01 +1.3803e+00
701 0 +1.964513852e+06 +1.964584852e+06 +1.964584852e+06 +1.3262e+00 -1.5016e+00 -1.8511e+00 +8.4879e-01 +1.4742e+00
801 0 +1.548617567e+06 +1.548688567e+06 +1.548688567e+06 +1.6091e+00 -1.9972e+00 -2.2967e+00 +1.0513e+00 +1.7194e+00
901 0 +1.237249735e+06 +1.237320735e+06 +1.237320735e+06 +1.8818e+00 -2.5850e+00 -2.7203e+00 +1.2865e+00 +1.6848e+00
1201 0 +1.139826814e+06 +1.139897814e+06 +1.139897814e+06 +1.2731e+00 -1.6274e+00 -2.2245e+00 +3.7271e-01 +1.5554e+00
1302 0 +1.012664365e+06 +1.012735365e+06 +1.012735365e+06 +1.8000e+00 -1.7011e+00 -1.6531e+00 +5.1275e-01 +1.2319e+00
1401 0 +7.290883686e+05 +7.291593686e+05 +7.291593686e+05 +1.9714e+00 -1.9634e+00 -1.6582e+00 +4.7086e-01 +1.0959e+00
1504 0 +4.781390879e+05 +4.782100879e+05 +4.782100879e+05 +1.3964e+00 -1.9388e+00 -1.7412e+00 +1.4278e-01 +1.2097e+00
1803 0 +2.615465853e+05 +2.616175853e+05 +2.616175853e+05 +1.5268e+00 -2.0365e+00 -1.8395e+00 +1.1432e-01 +1.1515e+00
1901 0 +1.064788435e+05 +1.065498435e+05 +1.065498435e+05 +1.6242e+00 -2.0047e+00 -1.8986e+00 -1.2814e-01 +9.7225e-01
2001 0 +6.452972422e+04 +6.460072422e+04 +6.460072422e+04 +1.8644e+00 -2.2389e+00 -1.8969e+00 -2.1654e-01 +9.8827e-01
2501 0 +4.930998577e+04 +4.938098577e+04 +4.938098577e+04 +1.7070e+00 -2.5137e+00 -2.0261e+00 -1.3251e-01 +1.2335e+00
3002 0 +2.883942556e+04 +2.891042556e+04 +2.891042556e+04 +1.7739e+00 -2.1234e+00 -1.9266e+00 -3.0732e-01 +1.0715e+00
3106 0 +2.251881787e+04 +2.258981787e+04 +2.258981787e+04 +1.8620e+00 -2.3555e+00 -2.1378e+00 +5.3497e-02 +1.2167e+00
3403 0 +1.980737424e+04 +1.987837424e+04 +1.987837424e+04 +1.7010e+00 -2.1678e+00 -1.9953e+00 -1.9352e-01 +1.1402e+00
3707 0 +1.566182535e+04 +1.573282535e+04 +1.573282535e+04 +1.6225e+00 -1.8364e+00 -2.0568e+00 -5.1434e-01 +1.0997e+00
3801 0 +1.257576296e+04 +1.264676296e+04 +1.264676296e+04 +1.6902e+00 -1.6606e+00 -2.1083e+00 -7.4996e-01 +9.5892e-01
4105 0 +1.066863961e+04 +1.073963961e+04 +1.073963961e+04 +1.7005e+00 -1.9768e+00 -2.0890e+00 -2.9570e-01 +1.1020e+00
4239 0 +8.475192669e+03 +8.546192669e+03 +8.546192669e+03 +1.6895e+00 -1.8218e+00 -2.0664e+00 -6.4899e-01 +1.0225e+00
4506 0 +3.019696178e+03 +3.090696178e+03 +3.090696178e+03 +1.7137e+00 -1.9910e+00 -2.0682e+00 -4.0797e-01 +1.1071e+00
% f evaluations | g evaluations | best noise-free fitness - Fopt (-6.702000000000e+01) + sum g_i+ | measured fitness | best measured fitness or single-digit g-values | x1 | x2...
1 0 +1.296506564e+08 +1.296505894e+08 +1.296505894e+08 +2.3342e+00 +4.5113e+00 -2.8428e+00 -2.0639e+00 -5.4875e-02
2 0 +4.424786329e+07 +4.424779627e+07 +4.424779627e+07 -5.0561e-01 -4.4900e+00 -2.1260e+00 +1.9813e+00 -2.2757e+00
9 0 +2.036415417e+07 +2.036408715e+07 +2.036408715e+07 +3.4405e+00 +2.9798e+00 -4.5126e+00 +3.7442e-01 -4.3973e+00
23 0 +1.053133605e+07 +1.053126903e+07 +1.053126903e+07 +4.1419e+00 -1.7665e+00 -2.4773e+00 -4.3017e+00 -2.0768e+00
35 0 +9.829072574e+06 +9.829005554e+06 +9.829005554e+06 -6.9882e-02 -4.9300e-01 -2.9849e+00 -1.2799e+00 -4.3979e+00
84 0 +2.624470727e+06 +2.624403707e+06 +2.624403707e+06 -2.2932e+00 +4.1613e-02 -9.9077e-01 -3.5539e-01 -3.0119e+00
501 0 +2.443568317e+06 +2.443501297e+06 +2.443501297e+06 -1.0340e+00 -2.8294e-01 -1.0392e+00 -5.4617e-01 -2.1374e+00
601 0 +2.194368600e+06 +2.194301580e+06 +2.194301580e+06 -1.2699e+00 -1.3858e-01 -8.5111e-01 -5.3491e-01 -2.1717e+00
602 0 +2.023764258e+06 +2.023697238e+06 +2.023697238e+06 -1.6004e+00 -4.6639e-01 -2.6404e-01 +2.8628e-01 -2.3542e+00
701 0 +1.798031345e+06 +1.797964325e+06 +1.797964325e+06 -2.1427e+00 -5.8333e-01 +3.8640e-02 +6.4989e-01 -2.7328e+00
1022 0 +1.777068227e+06 +1.777001207e+06 +1.777001207e+06 -1.2820e+00 +6.9648e-02 -1.2052e+00 -7.8207e-01 -2.6164e+00
1038 0 +1.579237518e+06 +1.579170498e+06 +1.579170498e+06 -1.1902e+00 -1.1781e-01 -2.0916e-01 -4.3525e-01 -2.1070e+00
1402 0 +1.239793631e+06 +1.239726611e+06 +1.239726611e+06 -8.9257e-01 +9.9985e-02 -4.2118e-01 -9.2748e-01 -2.2271e+00
1501 0 +6.135363825e+05 +6.134693625e+05 +6.134693625e+05 -6.8613e-01 +2.4625e-01 -5.4921e-01 -1.0763e+00 -2.6211e+00
1701 0 +2.002569215e+05 +2.001899015e+05 +2.001899015e+05 -5.9391e-01 +5.4498e-01 -6.7400e-01 -1.0108e+00 -2.7669e+00
1901 0 +1.754683870e+05 +1.754013670e+05 +1.754013670e+05 -4.1631e-01 +5.6129e-01 -6.7839e-01 -9.3304e-01 -2.7953e+00
2301 0 +1.736715445e+05 +1.736045245e+05 +1.736045245e+05 -6.3975e-01 +5.5707e-01 -5.0225e-01 -9.6550e-01 -2.8026e+00
2602 0 +6.477396144e+04 +6.470694144e+04 +6.470694144e+04 -6.1396e-01 +6.8757e-01 -4.8439e-01 -5.7220e-01 -2.7869e+00
3202 0 +6.049060827e+04 +6.042358827e+04 +6.042358827e+04 -2.8265e-01 +7.5386e-01 -8.1249e-01 -9.9578e-01 -2.8168e+00
3406 0 +3.955692204e+04 +3.948990204e+04 +3.948990204e+04 +5.3675e-01 +1.2321e+00 -1.1091e+00 -1.2543e+00 -2.8058e+00
3569 0 +3.582958821e+04 +3.576256821e+04 +3.576256821e+04 -1.7219e-01 +8.2412e-01 -7.5188e-01 -8.7883e-01 -2.8011e+00
4201 0 +1.353652076e+04 +1.346950076e+04 +1.346950076e+04 -1.9105e-02 +9.3751e-01 -8.6261e-01 -1.1516e+00 -2.8355e+00
